100	7	20

1	1.3	1.55	1.75	2.1
4	6.76	9.61	12.25	17.64

45	26	20	92	69	22	39	87	19	56	86	13	75	73	12	52	60	64	8	91
27	70	85	4	29	55	88	51	71	92	6	8	6	72	5	72	12	63	40	93
84	17	71	99	30	59	44	78	16	45	46	20	53	12	93	89	55	40	39	14
60	55	77	7	18	68	41	54	5	23	52	27	71	31	35	96	68	24	69	86
3	85	24	77	93	62	80	30	30	22	17	15	65	83	49	55	61	54	49	99
6	1	40	83	94	17	83	47	47	90	70	17	34	9	88	33	44	74	40	45
93	46	86	88	89	84	81	88	89	57	23	17	25	61	64	21	89	13	97	78
98	22	10	10	38	30	40	76	66	22	21	10	14	4	58	54	46	95	26	1
7	26	99	19	47	89	12	40	60	3	98	13	29	83	15	41	49	53	48	5
72	93	94	11	54	14	45	43	47	3	15	39	58	96	57	12	23	21	46	89
37	57	76	98	56	2	13	99	37	98	51	79	63	96	32	68	98	14	26	25
40	51	44	25	16	46	15	41	21	63	84	98	92	89	61	87	77	56	57	7
6	27	73	54	60	70	66	5	17	13	43	8	11	27	24	5	7	24	58	45
96	95	96	38	91	14	93	3	88	80	11	73	69	70	54	19	21	43	68	90
70	25	45	48	26	22	77	52	63	27	51	71	10	68	16	16	11	93	98	33
52	84	59	17	10	16	33	36	45	44	69	69	57	11	9	18	71	83	35	75
48	32	90	78	8	90	55	59	5	12	91	28	70	76	96	53	24	33	42	97
88	5	43	73	52	19	79	10	9	6	57	37	86	88	26	12	82	76	72	23
55	26	35	56	44	49	90	43	13	31	36	37	96	92	25	25	65	71	54	59
77	59	11	37	31	76	74	9	65	43	88	92	44	7	65	1	33	5	50	42
28	28	37	27	39	91	85	38	27	64	15	68	83	51	3	4	66	79	70	68
9	58	2	6	91	17	36	60	25	63	96	48	38	16	13	57	30	18	4	71
90	38	90	52	71	96	67	60	17	91	94	33	85	44	23	10	55	26	33	86
51	90	18	89	87	17	79	54	78	14	52	39	37	23	3	82	29	68	9	74
74	93	72	33	2	1	96	73	24	41	61	59	74	63	76	71	77	84	99	27
2	98	13	11	87	71	45	52	57	8	94	89	95	74	73	93	19	5	14	46
91	86	48	92	75	63	88	71	8	59	85	56	80	32	25	14	6	18	94	27
18	81	61	9	10	86	3	81	74	73	83	95	34	8	99	51	70	73	78	99
53	17	53	67	70	23	78	54	77	62	51	53	37	91	99	38	47	26	4	16
35	70	30	56	28	69	27	73	79	81	92	58	35	73	12	22	28	41	73	32
97	21	23	92	22	38	1	8	66	11	97	68	11	59	82	76	12	45	82	65
98	56	69	22	16	49	13	16	59	24	16	14	42	76	57	28	4	15	15	31
22	18	95	96	33	56	8	78	73	14	28	13	99	53	27	74	2	38	60	14
37	13	85	88	81	3	3	81	43	39	36	97	8	16	91	17	25	88	54	92
93	74	54	65	36	34	59	73	73	14	86	68	60	28	76	60	6	26	35	68
36	26	69	16	56	76	55	75	17	54	84	48	99	91	27	84	49	69	99	3
26	1	17	72	66	7	80	92	59	53	29	75	30	4	97	64	27	49	26	45
38	7	21	32	4	89	6	78	94	19	12	22	99	99	78	85	27	15	66	18
61	12	2	72	4	22	20	8	65	11	90	15	72	56	28	69	54	50	73	17
67	76	80	6	9	96	60	79	58	1	75	54	32	54	1	31	49	62	80	77
46	51	41	69	71	60	69	12	35	85	44	49	35	88	46	78	54	27	8	28
68	16	84	34	98	87	4	90	52	18	34	34	90	95	8	3	88	22	92	98
77	19	91	24	56	24	3	23	97	25	57	34	23	5	15	14	88	74	56	60
90	51	31	64	85	22	28	18	95	14	80	49	41	46	85	39	47	74	45	42
81	55	84	39	47	54	97	15	48	12	47	17	96	51	31	26	72	28	35	74
3	31	80	49	54	75	93	73	81	86	16	68	55	87	48	65	13	72	86	28
48	38	87	35	71	92	10	13	72	81	74	41	35	9	58	60	62	72	43	36
86	88	31	58	6	11	1	66	77	83	99	45	47	64	32	65	66	34	32	92
16	39	63	96	54	17	67	92	73	92	66	92	55	96	87	90	92	72	9	50
62	90	5	46	79	44	17	54	42	38	75	15	2	10	38	12	16	26	44	19
83	56	23	30	56	41	26	23	91	58	17	16	88	23	69	35	51	35	11	20
87	42	20	62	17	31	62	86	3	38	65	33	96	7	58	83	87	64	40	76
39	43	91	1	88	7	50	15	39	9	33	93	83	73	59	71	71	90	28	58
26	34	86	38	64	77	52	95	19	84	64	28	69	38	25	70	38	45	66	7
63	26	15	97	73	36	33	63	21	46	48	37	23	91	92	17	4	3	26	37
44	39	56	21	68	8	81	56	69	67	2	43	12	19	60	85	72	32	96	90
44	94	21	72	55	91	61	31	41	73	59	80	49	51	1	16	99	89	6	70
17	38	95	83	13	67	36	56	84	44	34	86	18	74	79	57	95	30	31	57
23	35	63	55	91	76	21	91	40	65	56	78	79	60	86	34	62	81	49	45
57	71	10	57	84	5	8	74	74	72	17	8	90	56	54	14	91	22	30	96
45	63	49	23	99	79	10	91	91	38	19	33	13	87	35	80	92	38	69	14
90	44	60	36	87	24	59	55	7	75	84	9	64	53	57	67	53	5	98	41
53	55	29	75	39	6	70	18	61	34	78	23	89	43	53	43	20	26	38	58
29	22	73	47	27	50	97	55	87	98	75	18	69	21	44	42	2	29	53	68
59	34	77	96	16	89	2	90	68	22	5	64	18	31	83	88	54	69	1	59
97	16	38	18	31	46	7	98	41	13	56	20	95	2	42	4	59	33	39	97
12	19	34	37	14	61	31	37	32	90	33	58	20	96	65	64	30	50	70	62
55	61	40	50	16	37	69	44	53	29	39	56	38	65	32	13	83	72	78	29
29	86	7	67	40	99	21	51	95	17	87	67	69	99	54	75	95	41	85	83
96	84	93	41	30	25	44	2	14	43	56	7	1	40	11	69	28	86	49	74
92	76	59	86	43	82	4	87	57	77	1	20	21	76	8	48	82	37	29	21
48	38	35	25	34	87	30	41	28	13	39	88	1	50	39	29	61	35	69	81
85	68	78	36	8	18	80	56	87	72	3	83	9	75	37	90	33	17	42	70
42	47	43	26	91	65	56	16	15	64	50	14	72	78	32	55	57	33	73	18
80	81	20	14	5	93	42	75	72	26	19	54	96	4	52	16	60	35	79	90
1	33	87	22	78	3	13	44	53	69	16	38	56	56	62	11	6	30	41	57
81	39	80	71	51	91	77	45	74	14	29	88	9	92	18	58	88	10	42	35
99	46	30	59	25	96	73	49	48	82	61	64	49	80	75	15	65	64	88	99
61	15	21	96	2	95	91	77	79	25	62	96	15	33	5	39	22	8	21	37
29	31	84	87	58	28	20	29	36	44	47	63	61	9	21	36	54	64	85	37
84	5	98	49	49	41	42	64	18	75	17	89	49	71	88	73	36	11	78	65
35	43	31	93	5	45	74	71	98	81	31	17	69	79	56	64	70	98	99	69
84	95	87	33	63	74	86	94	62	71	2	39	36	29	35	98	6	54	34	64
32	67	49	40	10	18	21	98	62	31	90	66	66	49	53	39	53	48	15	74
53	27	37	3	40	6	64	55	86	4	84	32	87	60	57	23	28	11	67	30
46	97	67	72	15	7	10	20	34	28	8	40	52	6	37	58	41	42	42	66
48	78	94	77	59	41	49	33	11	68	42	49	68	65	44	38	34	80	94	48
13	16	23	5	94	43	20	60	18	45	96	37	64	47	88	62	60	51	4	49
50	90	9	68	12	44	14	7	13	74	47	18	74	6	4	70	86	32	5	92
17	23	60	94	81	38	66	37	80	70	75	26	58	74	39	65	31	47	17	58
75	19	58	3	81	22	62	96	82	45	66	67	37	22	80	93	89	57	51	5
65	62	78	77	57	44	99	1	48	68	27	77	10	2	96	31	45	66	65	66
1	72	74	43	52	52	59	51	75	24	70	6	9	61	40	71	27	46	76	97
95	9	33	82	10	59	11	83	85	95	35	10	60	59	23	18	64	80	20	65
19	29	92	9	49	25	77	31	63	28	40	89	97	20	13	56	64	27	30	65
50	32	91	3	74	34	66	3	87	13	76	86	67	41	61	79	14	25	8	68
74	77	41	98	19	86	32	81	54	56	17	84	74	83	13	56	74	95	79	5
52	58	86	31	11	86	29	64	97	95	30	73	43	48	6	17	23	22	67	45
77	58	12	4	23	27	63	60	73	72	76	68	8	41	59	28	56	71	85	40
31	89	68	11	14	94	7	34	28	68	11	89	86	80	61	85	68	69	87	21

12	9	14	9	16	16	2	10	6	18	9	10	4	3	6	17	2	1	1	1
3	10	3	3	14	15	5	10	16	20	8	17	7	17	7	1	10	10	12	13
1	17	11	3	3	4	20	4	5	20	8	17	3	2	4	2	7	8	1	14
11	18	18	4	2	20	4	16	3	8	6	3	1	7	18	13	8	17	19	2
8	11	7	20	8	15	19	17	20	6	5	19	6	11	3	2	18	16	1	9
12	8	6	17	12	9	11	13	5	17	15	7	16	18	1	20	11	5	20	3
20	3	5	1	10	11	17	7	15	9	19	19	13	6	4	15	5	12	11	7
3	1	7	17	18	11	6	14	20	15	10	12	15	11	9	17	8	15	4	2
6	4	1	18	1	6	1	16	17	11	17	20	14	19	19	12	10	14	8	15
15	16	2	14	2	12	7	14	15	15	17	16	7	2	3	19	1	14	15	13
8	18	8	6	9	9	18	12	15	1	8	4	1	15	12	13	18	6	1	19
14	13	4	2	16	20	5	18	8	1	14	16	2	1	12	2	8	14	7	2
12	13	11	15	7	9	5	3	6	3	17	7	18	3	19	14	5	3	6	9
15	18	2	1	1	18	16	14	12	10	2	4	13	19	12	2	18	11	3	16
6	19	7	7	1	15	3	8	9	5	13	16	6	11	19	16	14	12	7	3
17	12	19	15	17	3	18	9	14	16	12	2	6	14	11	2	20	11	15	11
12	16	19	9	7	3	6	1	8	4	13	9	20	8	18	6	12	14	18	16
4	7	17	5	12	1	8	5	3	19	15	5	19	6	20	19	16	6	11	9
1	1	17	16	17	20	5	9	19	17	18	4	4	14	8	1	2	12	12	13
17	18	18	7	18	3	9	19	14	3	15	20	13	17	3	20	13	13	6	9
8	14	5	15	17	17	6	19	11	14	12	17	2	12	8	20	10	4	20	19
12	19	1	6	4	8	8	14	18	3	1	8	14	11	7	18	19	14	7	16
10	5	11	12	11	12	12	17	7	18	8	15	8	12	12	8	14	15	5	3
2	9	11	1	11	5	5	14	10	8	11	1	5	16	8	19	6	20	12	13
14	15	1	8	13	5	4	5	4	10	1	18	15	6	19	4	9	9	15	14
16	4	19	5	13	6	13	20	17	15	5	17	18	14	20	14	12	12	14	12
6	11	3	11	10	17	1	3	9	20	16	4	4	19	19	10	19	14	4	6
15	19	6	16	12	18	12	12	12	3	14	9	13	16	18	16	1	18	13	15
9	2	13	8	13	1	11	8	19	7	4	13	6	17	13	15	15	16	10	8
17	10	17	20	12	13	3	4	9	14	10	5	4	10	4	10	3	7	16	20
5	16	14	11	5	10	4	8	14	9	2	6	1	16	9	18	5	2	19	19
9	4	10	9	20	16	14	20	15	13	1	14	10	5	10	10	5	9	3	16
10	19	2	6	17	4	9	12	15	14	8	14	7	16	18	13	10	2	20	10
19	5	1	3	10	14	11	2	1	5	7	7	20	9	11	1	19	1	11	9
15	2	11	3	11	20	20	1	14	9	18	3	13	15	14	17	8	9	14	7
3	20	12	17	15	11	1	13	18	11	16	18	13	3	15	19	4	20	13	20
9	9	4	5	7	16	1	6	18	3	11	6	16	14	19	12	20	4	3	18
4	2	17	19	6	2	14	13	6	2	20	17	3	12	15	9	20	3	6	11
14	3	12	18	9	8	3	7	17	8	6	1	16	10	5	10	3	1	12	8
14	5	12	17	8	9	14	12	19	2	10	7	17	4	2	18	16	16	19	13
4	20	3	1	3	17	20	15	5	2	1	9	4	1	4	9	13	11	17	15
19	6	9	4	7	5	6	17	17	14	4	2	20	18	8	16	10	15	14	14
4	6	9	9	17	16	12	17	19	6	2	8	16	8	14	7	11	16	9	20
1	2	13	4	16	7	15	2	5	1	16	9	12	3	12	12	4	5	20	12
15	15	17	8	12	6	3	1	1	6	13	18	9	17	9	14	17	16	13	12
8	2	15	14	19	3	16	1	13	14	5	12	6	5	18	16	12	2	7	16
9	17	7	9	5	7	9	16	16	5	10	8	11	9	20	3	10	9	16	11
1	9	16	8	6	6	17	1	2	8	19	5	17	5	5	19	14	1	11	3
1	13	4	1	18	3	19	12	20	3	20	16	12	19	4	6	7	12	17	5
8	15	8	9	3	18	20	5	15	11	4	6	19	16	2	2	14	13	4	2
4	10	7	7	19	16	6	1	19	9	18	1	16	14	13	17	16	13	7	17
6	16	3	13	20	17	12	9	7	18	3	20	9	19	18	5	19	9	17	12
13	4	20	5	13	7	10	7	7	5	1	16	7	9	5	1	7	11	1	20
2	12	9	8	19	8	17	14	4	20	17	19	7	5	14	9	20	8	9	19
15	11	1	18	9	19	11	10	16	9	1	11	9	2	13	11	19	12	14	12
7	8	3	19	14	11	18	2	2	18	20	12	7	10	15	11	12	15	18	15
10	18	20	15	3	3	10	19	1	15	8	9	14	9	20	5	11	7	1	4
2	16	20	19	8	9	15	19	18	19	19	3	2	13	7	9	18	6	13	12
2	1	2	10	6	6	18	3	18	9	15	9	14	12	12	12	8	8	11	15
8	11	1	16	8	10	10	9	12	11	3	17	1	3	19	15	9	15	12	15
17	3	19	9	15	2	9	13	20	12	9	2	9	2	8	13	18	14	10	15
6	5	17	10	6	13	3	14	18	18	13	20	19	6	19	4	13	12	8	6
16	19	6	16	14	19	15	1	4	1	13	13	5	12	6	4	18	9	13	10
15	3	13	6	14	13	17	19	18	19	14	3	7	15	3	2	11	19	2	5
8	20	20	15	17	11	10	7	14	1	19	11	5	19	10	9	5	3	18	7
12	3	13	13	1	6	6	8	5	14	2	4	10	8	2	1	19	17	9	16
13	14	1	5	13	8	20	16	17	6	10	10	9	16	1	6	12	4	4	18
9	9	3	14	12	8	15	20	14	9	17	6	7	8	3	15	4	8	9	1
1	9	16	13	9	14	15	1	6	12	2	12	6	20	15	18	14	4	6	7
1	19	4	20	13	1	10	7	11	3	18	7	13	3	18	11	15	16	4	7
5	6	17	1	10	11	9	13	6	16	7	11	15	10	6	16	1	16	9	11
5	10	9	13	6	16	14	11	16	1	12	9	16	6	10	5	15	19	16	20
17	5	9	13	9	17	11	16	15	8	12	2	3	18	16	19	11	10	20	7
7	14	20	8	11	10	2	10	8	5	7	7	8	1	15	8	13	1	6	19
2	3	8	19	16	18	7	6	16	10	12	17	6	1	13	1	15	6	4	12
17	17	9	10	16	17	7	20	14	13	19	15	17	15	14	15	14	7	3	14
18	5	5	5	14	16	15	7	5	17	17	18	3	6	17	12	20	6	1	20
3	12	7	5	14	11	2	17	4	12	2	5	8	6	5	10	20	15	5	5
12	18	4	14	5	4	17	7	6	3	20	14	8	12	20	11	6	2	15	13
20	3	15	7	20	5	7	12	11	1	13	15	16	5	15	19	20	13	3	3
11	2	13	20	11	19	12	14	14	20	13	16	8	16	20	3	8	11	10	17
17	13	20	8	12	20	7	5	2	15	13	2	9	11	11	1	8	7	16	18
2	15	9	9	9	13	6	18	1	11	11	3	10	11	18	8	19	7	14	7
1	12	5	6	6	8	7	9	3	16	14	2	7	11	1	8	19	1	8	16
20	18	2	15	15	4	5	1	18	9	3	10	19	12	3	17	9	4	9	19
11	14	5	14	15	4	1	13	15	18	8	18	8	15	14	5	5	3	3	16
11	11	6	3	11	17	15	3	8	9	16	7	1	9	4	1	10	14	5	20
13	18	1	3	5	11	13	15	17	8	13	14	1	4	19	14	1	4	20	8
6	5	4	15	17	9	14	1	12	1	6	2	5	5	8	20	14	6	11	9
14	2	15	1	19	16	11	7	17	12	15	5	18	1	20	18	1	13	19	18
17	20	17	3	11	2	1	1	11	4	18	8	1	6	17	7	17	8	3	4
8	7	7	2	10	9	6	3	15	3	13	10	4	3	19	13	1	17	20	16
20	12	11	8	16	13	1	6	18	20	7	3	8	12	8	20	8	20	8	14
17	6	13	20	2	2	18	17	20	10	19	16	8	18	3	7	9	7	8	11
5	19	3	14	7	10	8	10	16	3	16	9	12	7	3	4	12	18	6	12
14	10	1	9	10	18	7	5	12	4	18	17	3	20	20	9	13	6	6	4
4	3	15	15	10	20	17	15	18	11	13	19	1	5	15	9	12	16	4	13
15	17	18	8	3	9	11	17	1	9	1	8	11	5	15	4	13	8	11	11
12	20	7	2	13	16	5	10	17	20	5	8	17	8	11	15	17	3	3	8
9	3	2	8	3	4	6	1	19	17	10	9	3	5	7	13	20	6	6	11


2	1	1	1	1	2	1	2	1	1	1	1	1	2	2	2	1	1	1	1
2	4	2	2	2	1	3	1	1	1	1	3	1	1	1	5	3	1	3	4