100	5	20

1	1.3	1.55	1.75	2.1
4	6.76	9.61	12.25	17.64

33	18	11	10	11	38	29	84	71	20	38	1	24	94	9	60	39	12	98	7
21	96	34	66	30	46	68	80	97	41	51	69	92	49	9	78	95	87	14	37
46	36	46	65	36	59	42	79	63	15	62	13	25	22	32	43	41	98	38	24
8	82	87	22	32	14	52	28	35	61	57	11	96	97	34	67	47	19	38	86
10	96	68	22	7	13	2	69	11	40	1	37	62	31	59	41	51	92	43	98
46	6	45	78	13	78	32	53	79	54	35	6	55	29	73	94	76	36	26	58
18	49	92	61	6	4	49	37	31	88	21	82	95	59	52	82	36	37	43	13
13	17	73	74	35	97	92	34	13	32	14	37	88	6	41	13	22	18	1	16
72	63	63	26	39	65	38	60	49	21	33	62	68	53	20	95	78	37	69	30
32	8	95	83	25	68	47	19	3	25	20	68	61	95	55	64	85	8	32	32
53	78	24	17	11	32	66	19	97	27	36	11	27	62	76	50	78	2	64	92
54	6	90	44	44	38	86	61	81	55	44	82	32	58	92	86	36	41	43	72
62	5	33	85	65	44	10	15	6	1	47	32	84	87	94	41	44	88	66	55
44	68	76	51	62	89	2	16	26	51	64	92	1	91	76	41	79	23	50	67
16	55	73	54	41	25	52	99	95	42	46	6	96	42	30	10	74	20	17	88
65	91	90	90	66	11	16	77	11	68	19	55	53	26	88	41	79	29	35	96
50	60	41	73	21	47	9	65	81	58	10	52	81	51	45	72	89	24	42	69
33	7	27	19	28	5	80	26	15	93	21	78	15	17	71	67	51	34	42	85
16	39	19	41	26	39	88	11	63	57	1	71	77	75	36	29	19	29	91	10
45	47	2	13	77	44	91	34	58	79	23	9	45	66	38	62	51	58	60	26
10	77	79	87	19	31	50	44	85	49	49	98	62	44	35	28	14	87	80	14
60	77	15	88	11	15	7	50	28	39	81	57	54	17	80	1	52	98	11	65
79	93	95	51	95	81	68	25	76	47	1	85	52	3	99	15	91	85	68	40
43	97	72	28	54	40	58	26	59	9	47	63	29	96	22	93	93	98	68	23
35	7	36	27	11	88	75	64	31	97	8	40	71	88	32	38	4	39	87	75
16	38	3	8	93	19	28	83	54	80	21	63	66	49	6	56	19	18	49	49
56	63	71	61	82	95	71	72	53	7	59	80	57	36	69	84	71	60	99	20
30	7	70	58	34	37	81	64	8	41	42	22	75	49	76	67	55	32	76	61
29	60	55	94	28	54	82	46	67	81	26	63	57	47	24	93	14	78	57	7
66	17	33	39	62	20	16	59	15	21	61	12	56	35	8	50	83	22	14	9
41	68	78	10	21	52	69	62	51	82	40	91	87	33	50	89	78	84	5	49
77	68	87	47	42	17	72	70	18	98	51	63	53	62	87	68	16	1	45	58
9	47	41	99	62	27	80	26	59	2	55	70	60	75	67	25	41	54	62	22
73	29	25	66	42	15	32	74	61	72	5	52	12	31	52	92	56	9	46	44
86	1	56	13	65	90	55	13	57	78	19	84	90	47	41	48	98	54	96	46
87	96	81	72	14	5	53	90	59	19	87	43	37	90	99	22	35	56	14	1
1	20	57	50	89	6	70	99	67	11	15	66	54	26	92	91	37	97	97	44
71	73	69	90	44	54	59	74	86	30	27	78	57	88	17	8	53	80	95	59
95	7	34	99	17	78	62	20	36	60	24	29	94	3	89	58	82	77	32	85
28	15	97	71	96	66	23	38	15	78	11	66	6	99	22	12	63	28	25	28
46	26	72	57	44	19	85	19	45	31	3	19	63	66	28	51	50	79	92	58
90	82	48	89	73	63	30	47	89	66	89	11	66	21	68	10	33	81	82	79
73	77	6	65	52	58	31	80	22	75	62	17	15	65	89	14	63	98	75	9
90	7	67	51	20	76	19	95	60	84	38	25	19	23	47	85	87	48	20	3
33	23	76	28	80	33	68	30	48	85	3	47	2	29	89	60	18	19	3	8
75	97	77	47	50	28	89	37	98	10	44	44	21	77	92	14	97	54	36	61
46	78	46	12	9	38	9	41	34	60	74	17	11	91	85	72	13	92	91	17
30	94	37	4	57	10	73	78	59	29	73	33	75	2	58	17	34	9	22	10
81	62	39	98	89	58	64	24	93	70	94	61	10	97	7	16	69	9	74	96
37	53	81	76	79	48	46	63	53	20	39	52	31	24	19	70	96	89	64	81
82	26	30	18	79	85	20	66	33	88	49	23	33	46	10	49	96	27	6	15
30	55	68	2	31	42	22	93	95	4	17	60	12	72	75	10	34	1	23	63
74	29	34	21	21	25	34	51	15	5	64	35	68	82	81	43	96	24	24	99
30	2	6	25	49	57	44	33	23	90	38	68	95	69	34	11	57	37	24	93
13	39	24	15	33	23	62	3	91	39	49	91	80	28	59	80	17	40	25	12
78	39	75	64	76	4	27	58	54	51	94	67	58	46	1	67	50	58	82	70
53	96	45	31	89	11	26	13	18	3	16	98	59	15	68	81	85	98	21	63
96	81	50	16	28	19	38	33	67	93	23	20	86	70	57	3	6	33	1	94
99	18	30	27	97	26	54	96	31	74	22	74	31	64	43	39	23	92	72	48
1	2	89	85	86	85	30	5	44	25	95	24	74	69	31	70	48	16	82	90
77	37	55	72	87	65	65	93	89	11	80	23	98	25	85	29	50	32	93	10
7	94	88	67	6	10	65	31	32	52	11	39	52	50	48	70	84	75	64	56
35	12	76	42	35	46	56	98	54	65	41	54	7	73	22	91	86	15	31	39
57	6	2	19	89	8	7	76	63	81	5	47	73	50	88	73	28	96	97	50
96	83	92	76	50	59	65	53	85	15	76	89	30	82	90	31	79	16	87	69
28	79	27	82	14	39	47	29	77	43	89	80	22	43	32	13	95	42	34	58
62	86	60	31	36	10	45	34	82	85	85	80	75	64	10	82	25	34	10	98
18	73	98	98	58	95	15	75	6	31	23	17	12	16	60	58	55	49	98	91
6	57	85	74	45	56	35	32	59	31	98	74	21	77	34	80	49	70	26	59
32	37	94	23	36	3	35	89	45	69	91	27	83	4	79	94	73	79	92	21
49	8	82	57	87	79	56	96	21	28	95	75	74	10	39	26	34	93	54	1
87	1	60	21	18	6	8	59	97	22	61	31	16	42	58	80	81	96	76	91
33	60	83	84	53	69	39	88	28	39	78	54	82	17	22	90	99	10	64	46
24	94	89	24	58	1	24	77	60	22	22	45	56	7	9	15	48	78	26	55
44	25	59	97	81	80	36	85	10	78	42	93	96	62	2	49	70	79	14	17
13	41	25	40	93	79	35	97	2	42	2	22	33	9	14	9	14	10	84	65
50	75	71	28	17	21	63	88	19	76	6	27	97	70	34	5	77	89	81	99
87	71	54	12	17	71	28	51	34	12	89	25	59	26	72	52	47	63	49	95
44	19	46	47	30	45	77	89	1	63	4	30	59	72	47	91	54	7	64	67
54	12	61	70	27	62	73	67	27	11	13	16	79	85	25	12	98	15	48	6
10	72	98	84	60	6	8	54	43	84	21	90	28	39	65	43	69	76	70	24
81	82	44	90	82	43	41	24	91	13	76	60	70	64	39	29	23	45	47	55
71	8	24	93	59	12	16	93	37	81	13	86	86	2	86	49	49	29	64	28
81	12	52	48	26	6	51	89	31	19	77	8	76	38	83	94	70	77	93	22
54	11	66	29	84	48	12	52	88	15	65	37	44	85	31	43	13	21	42	26
35	96	1	86	11	53	29	50	69	64	7	59	96	25	20	52	45	39	77	77
60	23	39	31	43	99	80	20	15	13	30	29	24	15	30	15	58	47	28	39
59	76	77	18	51	90	55	73	55	21	15	69	44	52	39	48	17	25	43	27
62	71	31	38	15	17	3	3	20	89	50	56	2	53	55	36	26	66	40	52
30	22	75	48	42	47	92	80	89	14	43	95	93	20	15	19	84	14	16	73
57	52	28	98	77	24	53	74	17	62	10	17	88	46	63	89	44	14	85	42
57	13	2	22	61	59	39	35	72	63	41	56	91	32	92	83	75	42	88	85
65	77	28	17	39	1	50	76	9	60	5	50	92	67	33	43	37	46	95	47
74	53	33	33	58	3	52	28	52	92	93	89	40	73	37	71	13	77	34	82
48	34	51	74	7	13	31	70	13	9	8	82	13	82	97	57	93	59	93	3
19	86	56	32	2	66	61	95	81	67	32	84	15	91	19	30	79	28	1	98
60	69	84	50	3	28	15	73	13	86	50	97	25	55	69	63	39	70	61	51
76	27	23	37	25	43	85	53	19	2	87	16	67	59	76	83	60	74	2	14
41	33	25	8	19	48	84	30	93	61	62	23	52	35	69	21	25	23	81	1
57	74	37	18	54	87	91	22	12	63	62	22	54	62	33	6	26	62	8	73

2	12	3	18	5	8	9	16	16	16	6	16	16	13	2	3	13	18	12	14
17	2	13	8	1	18	15	14	17	18	18	12	5	4	5	3	10	4	5	14
7	10	13	4	17	10	7	6	11	6	4	5	17	19	2	13	15	16	17	14
19	1	3	2	2	5	16	9	4	19	9	19	6	3	20	9	8	7	10	2
13	6	4	9	5	5	14	11	9	15	17	2	9	9	2	8	16	3	2	15
15	2	8	17	10	15	12	18	2	9	18	2	1	15	12	6	7	18	4	16
13	20	8	9	12	13	2	9	6	16	14	5	2	17	16	4	17	6	11	8
18	7	5	6	9	15	18	17	3	9	5	18	16	15	7	6	12	16	16	18
17	14	14	1	9	10	17	4	1	2	3	14	18	13	9	8	11	17	2	12
9	3	1	4	13	12	17	8	7	15	15	3	20	15	11	5	2	15	16	11
4	9	6	16	18	3	15	11	7	8	10	3	10	16	1	8	3	15	13	5
6	18	12	13	16	13	3	6	15	7	9	20	8	16	17	19	12	5	14	17
6	13	4	5	1	18	10	5	14	10	19	6	1	7	15	18	7	10	10	2
1	14	14	19	5	16	2	19	2	20	6	11	9	8	13	1	18	5	17	14
20	10	7	19	5	13	20	20	3	7	19	1	15	12	1	9	11	4	11	8
19	10	11	13	1	4	4	1	6	17	3	18	3	10	5	20	2	2	14	16
12	6	12	5	17	5	1	14	12	12	2	11	2	3	1	12	19	8	15	6
6	19	2	18	2	14	1	14	7	16	13	5	2	14	3	8	9	19	3	8
17	3	7	2	10	20	1	10	16	10	10	14	19	17	17	15	11	10	1	20
8	5	18	10	10	19	2	7	18	10	8	2	3	5	1	18	4	1	5	19
15	9	19	17	1	20	14	9	18	12	18	7	13	6	18	9	16	4	1	1
4	6	18	1	12	12	7	6	3	2	19	7	17	2	4	13	17	12	13	14
11	5	6	2	9	18	3	16	9	8	15	2	12	3	7	10	8	4	7	6
18	20	3	8	19	18	15	14	2	9	4	4	8	3	2	8	1	14	1	7
8	13	17	12	3	18	18	14	11	6	8	16	19	18	19	12	11	12	2	15
18	13	7	1	20	11	20	11	19	18	11	5	4	5	1	16	18	16	10	19
8	11	11	5	3	11	3	4	11	6	10	5	13	10	18	18	5	12	13	1
5	1	12	3	14	6	7	18	20	17	9	5	9	18	1	9	7	7	7	16
14	20	10	9	13	17	10	13	14	8	15	19	18	2	7	7	16	20	1	13
18	3	20	2	3	3	2	6	12	17	13	11	5	17	16	3	3	2	18	2
4	3	16	17	12	8	9	7	3	17	17	20	19	13	7	11	4	2	5	17
17	16	10	10	16	8	20	15	8	7	20	16	16	2	20	17	20	3	11	2
19	13	12	13	11	13	10	1	17	1	9	15	16	7	15	20	6	3	19	11
6	19	9	19	15	15	7	2	13	1	17	19	20	3	12	19	4	8	13	20
15	19	13	20	10	20	12	16	15	6	14	15	17	4	12	8	16	10	16	11
10	7	19	6	5	9	10	6	7	14	14	13	19	14	4	18	9	16	11	5
13	14	6	8	16	13	8	15	16	6	9	17	16	8	2	14	1	12	8	17
4	13	8	5	13	20	20	3	4	6	3	13	3	2	3	1	1	14	17	5
14	7	19	16	14	8	3	15	15	14	10	2	17	9	1	19	1	16	5	5
20	4	12	7	11	1	16	16	11	12	12	3	15	17	15	16	20	4	1	7
20	20	12	18	1	17	8	6	6	6	12	18	13	7	17	1	16	6	7	16
7	18	16	9	15	4	4	20	18	5	15	15	2	5	17	19	2	16	16	17
15	18	7	3	7	11	2	3	13	5	2	5	9	18	17	3	7	9	11	4
8	12	4	17	14	13	4	20	16	12	15	3	15	14	6	9	6	9	15	20
14	9	17	18	13	14	14	2	18	1	1	16	12	10	7	16	9	13	9	6
15	10	7	11	2	8	15	20	12	11	9	17	20	12	16	2	6	15	18	17
18	18	10	10	19	18	9	1	16	17	6	4	15	2	9	14	19	12	12	8
10	15	15	9	19	20	19	5	8	2	16	6	6	4	5	20	18	17	2	2
14	6	16	4	7	6	16	17	4	9	4	16	17	3	8	9	3	17	19	19
20	15	17	15	14	1	3	16	1	13	14	2	16	5	7	6	7	3	5	5
15	3	14	17	5	1	17	15	10	11	18	20	20	11	18	7	10	6	9	17
4	16	14	18	9	12	6	20	19	6	9	5	5	12	4	9	1	16	3	17
13	18	3	1	10	1	3	1	5	11	3	8	6	19	10	5	4	14	17	8
18	20	16	16	7	11	3	1	7	1	4	6	14	9	16	14	12	3	2	19
8	17	14	7	5	18	18	14	10	12	11	16	11	4	4	17	13	17	17	11
16	7	3	20	13	1	7	4	14	11	17	17	3	19	19	5	10	13	4	17
16	15	2	11	12	5	7	6	8	3	3	11	18	13	9	16	14	7	10	6
2	6	12	18	5	14	20	7	3	9	12	7	20	17	12	6	9	11	3	10
13	10	5	17	10	18	10	8	4	5	5	17	13	13	17	6	16	10	20	6
4	2	3	14	14	14	16	1	16	11	7	12	19	6	17	18	11	19	10	4
19	2	4	18	13	13	19	3	10	7	20	10	19	17	20	1	9	20	7	2
16	16	19	7	9	12	12	9	11	4	19	8	13	18	8	10	20	10	4	7
1	4	1	11	11	19	6	13	8	4	9	17	7	20	19	11	11	10	15	2
15	2	8	20	19	17	10	14	7	11	20	2	15	16	14	8	4	2	12	17
1	2	1	2	6	8	8	3	8	15	8	3	1	8	7	10	20	20	16	10
13	9	17	16	8	15	18	16	2	16	4	3	1	2	17	16	13	19	4	20
11	11	5	14	15	1	4	4	7	11	4	1	4	3	16	5	11	12	6	17
8	12	14	14	17	11	4	13	9	19	16	12	19	20	11	10	13	4	10	7
5	15	18	14	3	17	7	20	7	5	8	11	4	18	14	3	9	1	10	20
17	2	2	4	19	5	9	1	6	20	9	6	15	14	12	4	20	2	10	6
12	8	16	20	10	6	16	6	10	8	2	13	2	10	20	17	14	10	16	20
17	16	14	18	8	7	19	16	5	2	2	2	10	9	19	19	3	20	3	13
12	3	14	11	8	9	10	20	10	6	8	17	12	4	7	19	16	11	11	6
16	18	6	4	5	17	13	14	12	2	5	13	20	15	4	2	2	3	15	17
6	3	6	15	8	17	9	20	3	8	16	14	18	16	4	14	8	15	12	6
14	8	3	10	2	13	3	15	20	13	7	5	13	9	11	14	3	7	18	19
12	12	15	15	8	7	17	1	19	7	15	1	9	4	7	11	7	4	15	7
12	5	3	8	6	18	19	5	5	19	20	14	20	12	20	11	9	11	13	12
11	14	13	5	19	7	19	16	6	8	19	9	17	14	5	2	9	9	20	15
15	11	8	17	6	3	18	16	13	12	4	9	17	12	9	1	5	5	6	5
3	5	11	14	9	18	7	7	2	1	13	1	14	12	10	18	18	5	14	18
17	17	4	11	14	3	8	7	14	14	5	15	18	11	1	1	5	10	20	15
19	9	11	2	12	9	9	8	3	5	16	5	9	11	10	4	2	12	9	18
3	12	3	19	7	14	5	1	10	9	7	17	15	19	13	12	12	19	8	7
19	14	14	20	18	16	19	10	15	7	11	14	1	4	1	4	13	20	13	15
19	11	11	15	8	5	14	5	17	7	8	15	10	12	18	3	4	9	7	13
8	6	5	9	19	4	10	6	6	9	20	12	17	13	5	1	7	6	3	4
17	10	12	14	3	6	20	15	8	15	12	5	2	6	15	11	8	19	10	11
19	5	13	11	18	15	16	13	5	1	12	19	11	3	1	4	18	14	9	19
17	20	18	7	9	7	9	19	11	1	11	11	14	7	3	19	7	12	4	4
20	2	3	13	10	4	5	15	6	18	7	20	8	13	10	9	12	10	10	8
5	8	16	18	18	14	3	20	2	3	1	1	6	10	19	19	2	3	14	3
12	7	9	19	1	5	6	12	19	10	20	8	6	15	19	20	12	13	9	20
4	12	12	1	11	4	15	15	13	16	8	6	16	2	14	15	2	15	9	9
7	12	9	8	15	2	11	7	9	9	6	2	13	2	3	8	12	18	6	9
10	15	8	9	15	11	7	17	3	14	18	14	8	13	19	12	5	12	12	6
7	18	11	2	13	13	6	6	12	9	18	5	4	19	1	18	3	19	9	10
5	10	6	3	1	3	11	16	11	11	14	20	5	18	20	15	20	7	3	9
10	4	10	7	7	9	2	15	3	13	12	12	12	6	11	19	16	9	13	8
8	4	1	3	4	17	16	16	14	8	10	14	11	5	13	19	9	16	15	15


2	1	2	2	2	2	2	1	1	2	1	2	2	2	1	2	1	1	1	1
1	3	1	4	2	5	5	3	1	3	4	3	5	4	4	2	1	2	2	2