100	7	10

1	1.3	1.55	1.75	2.1
4	6.76	9.61	12.25	17.64

34	77	41	86	97	83	7	96	34	52
54	99	28	7	22	85	90	72	93	3
86	66	49	32	78	49	72	93	9	94
55	50	34	61	97	84	93	99	36	82
96	61	36	56	2	92	29	12	77	34
99	32	80	76	35	94	72	98	23	73
39	67	4	9	66	97	31	80	65	57
85	4	5	33	47	26	68	70	10	52
87	26	99	66	35	36	37	53	17	42
52	26	99	88	34	17	53	54	15	52
15	86	84	87	51	88	50	2	16	41
71	72	56	59	53	22	66	69	2	41
34	52	7	89	48	86	71	91	16	30
5	5	32	69	19	47	53	64	27	23
62	46	23	92	22	65	7	61	67	60
80	32	48	97	59	1	61	51	96	25
81	71	74	43	76	67	80	1	75	54
79	36	24	21	49	14	56	73	50	25
76	69	65	87	86	39	59	87	84	6
19	6	85	23	97	60	15	68	37	91
36	28	73	25	72	62	34	61	73	87
33	94	91	12	20	34	58	40	44	23
51	10	1	21	30	4	54	22	98	47
53	23	88	60	56	79	26	30	76	49
76	63	93	95	23	23	57	2	43	51
54	70	58	55	22	10	37	32	9	75
6	73	22	40	53	64	86	70	16	27
83	24	30	10	27	97	68	95	47	75
14	92	45	68	27	4	31	93	74	42
88	97	67	7	40	42	64	96	82	27
3	26	91	9	95	30	90	35	75	50
54	66	56	1	33	45	96	55	54	97
75	84	76	9	6	78	11	98	34	82
15	67	96	73	2	67	47	69	65	9
66	35	77	9	37	44	95	46	2	61
51	20	42	5	78	49	3	7	64	83
40	15	3	27	77	99	39	31	98	6
41	56	33	33	22	58	92	30	56	81
33	36	81	20	17	47	26	75	33	7
41	52	27	79	95	40	12	29	25	47
19	33	18	64	39	47	50	55	20	21
86	63	63	76	18	91	30	94	93	7
40	33	23	19	84	71	2	32	96	50
3	25	11	1	25	95	26	72	25	12
8	25	71	11	32	15	90	8	20	21
12	70	61	2	93	54	31	50	93	15
37	52	35	30	73	38	29	37	71	46
58	32	26	88	52	23	29	20	31	73
63	79	17	10	27	78	24	71	3	57
56	78	32	38	73	47	90	55	62	73
16	84	94	97	68	65	27	7	59	59
23	98	96	90	57	83	26	53	42	79
28	42	44	1	93	29	67	27	22	63
64	65	85	97	66	46	52	24	53	59
70	58	28	79	13	94	49	3	98	85
49	11	51	64	27	10	42	41	17	11
16	18	68	29	86	95	30	52	41	77
51	78	33	63	27	42	62	11	60	64
52	1	71	38	67	21	99	32	59	5
24	17	62	96	98	88	14	9	24	62
64	7	40	37	40	47	17	59	27	79
62	29	76	78	42	34	75	63	63	53
12	16	64	11	17	2	20	14	46	19
31	51	79	63	18	11	31	32	76	79
70	8	19	96	20	58	49	83	73	59
27	5	48	42	84	41	36	37	78	93
59	6	75	9	44	10	22	52	45	43
75	74	90	76	70	23	89	48	59	71
93	78	51	24	11	73	64	53	36	22
26	14	38	89	80	20	51	18	11	13
11	24	83	67	48	46	99	94	92	67
37	35	45	63	22	43	16	86	19	69
13	13	63	2	14	26	90	27	56	69
48	48	6	83	79	49	40	50	11	80
8	82	96	45	11	86	12	27	39	54
49	26	2	23	93	79	21	97	82	34
51	19	6	77	85	84	69	65	24	1
61	20	19	5	11	68	87	52	17	74
17	6	60	58	93	36	21	92	82	51
86	75	67	65	47	96	35	33	43	93
16	27	69	39	51	36	35	76	34	26
48	86	64	6	54	67	48	39	49	30
79	10	60	21	28	70	32	46	2	52
44	95	65	62	99	30	35	78	70	84
58	84	95	81	14	62	61	12	86	4
86	15	1	83	56	48	48	58	41	88
54	13	70	56	50	48	53	46	25	4
83	41	15	93	25	87	6	57	45	74
51	62	99	20	37	87	97	87	14	94
61	66	79	36	90	25	24	84	45	37
19	39	67	85	4	50	26	81	64	48
90	33	12	7	25	47	20	97	47	60
83	81	7	5	98	46	36	2	56	63
15	79	40	99	2	13	73	20	31	80
25	95	19	62	5	30	90	40	26	40
56	18	95	26	86	76	90	9	79	72
64	49	84	87	56	91	79	30	62	62
49	41	78	35	88	57	4	6	49	45
70	13	78	78	97	47	99	59	46	31
21	81	22	97	54	45	26	6	27	75

20	12	19	20	8	14	10	11	13	18
7	5	1	7	17	5	18	7	20	17
7	20	3	6	6	19	20	3	2	20
11	1	1	2	15	1	3	13	11	10
3	17	7	9	12	2	16	10	3	2
8	15	3	10	19	1	18	7	4	19
9	13	6	20	9	20	3	10	19	1
1	20	6	12	12	13	15	17	18	2
19	4	3	13	9	4	10	14	19	17
7	8	3	12	15	18	15	11	1	15
10	12	7	12	19	7	1	2	8	5
7	1	5	16	8	8	12	15	11	18
16	1	13	2	15	17	3	19	10	1
4	1	15	7	10	13	9	19	5	8
17	9	6	11	17	3	8	18	9	14
6	7	6	10	10	9	10	5	17	12
17	9	1	5	6	20	6	16	16	20
5	6	17	16	16	4	1	5	19	15
2	15	16	14	4	15	14	3	5	18
13	20	15	3	14	18	15	17	4	1
6	9	4	12	20	17	16	3	2	15
11	17	6	17	18	17	7	19	5	5
7	7	17	18	7	11	12	6	6	4
4	3	4	15	8	17	1	3	3	8
14	3	17	12	11	15	12	14	11	14
3	19	11	10	17	17	6	18	13	9
1	1	11	16	10	15	17	18	17	4
3	6	19	18	18	4	8	11	19	16
8	16	7	5	3	10	9	10	5	7
16	4	3	4	10	2	4	3	12	11
10	2	20	15	10	18	8	14	13	11
1	10	15	4	1	12	12	15	3	7
4	9	18	4	15	19	2	10	17	6
5	2	10	11	2	1	9	10	7	17
8	13	2	3	9	6	10	7	16	4
12	8	10	6	9	11	14	9	13	14
14	4	13	12	11	14	1	6	19	14
6	15	2	5	9	10	6	9	7	17
8	3	17	2	13	11	16	11	4	4
10	10	12	3	6	19	15	6	10	8
7	16	6	10	19	9	17	13	9	20
7	18	18	3	13	2	2	19	20	1
18	5	12	14	1	2	1	7	2	7
8	4	6	7	3	20	13	3	16	5
13	11	5	6	2	4	10	17	4	5
4	12	16	11	3	6	1	11	14	11
18	8	18	18	20	18	13	8	18	15
18	2	7	20	17	5	20	13	8	12
13	1	2	10	11	13	4	2	4	5
15	12	12	9	20	5	11	4	20	14
9	12	2	5	15	11	10	10	15	17
14	16	11	1	17	15	10	14	16	10
3	20	7	10	10	3	8	6	12	11
10	15	13	12	18	14	13	20	14	3
12	11	8	5	1	9	16	7	9	9
4	8	19	3	7	13	2	9	15	2
17	20	12	10	5	5	12	17	13	19
10	15	7	11	16	17	6	2	3	7
15	5	1	7	10	2	14	20	20	10
2	20	12	15	1	4	8	10	14	9
15	4	8	1	5	15	11	9	1	19
20	1	11	4	7	13	17	2	6	19
4	16	1	5	20	6	12	8	17	17
7	19	5	11	16	8	5	19	5	6
16	19	19	17	14	5	10	6	12	8
15	4	11	1	15	12	12	8	4	5
20	20	15	2	18	5	17	13	6	9
19	12	3	12	20	5	14	16	1	20
15	2	5	5	8	6	2	20	17	14
9	7	13	1	20	14	7	9	9	19
2	3	12	13	20	20	5	11	2	1
6	7	6	9	18	1	16	11	11	16
1	18	16	10	15	16	12	14	3	6
15	12	19	8	2	6	5	8	8	14
18	9	3	14	5	14	12	2	13	11
11	7	5	15	3	15	5	13	6	20
13	17	1	13	5	17	14	1	15	11
7	9	17	7	13	6	9	17	8	6
8	8	14	1	12	3	8	10	14	17
15	6	10	9	6	18	16	10	20	9
17	3	14	5	1	5	9	15	6	11
20	6	4	10	17	13	8	7	4	14
14	20	8	17	10	19	7	10	13	9
4	20	19	1	20	20	20	3	12	1
12	14	4	15	10	13	20	13	11	5
11	11	16	1	14	18	3	12	18	17
8	3	4	15	16	16	7	12	14	6
15	10	9	18	8	7	11	9	14	3
9	4	19	4	5	17	2	8	9	16
2	1	20	8	5	8	15	10	15	13
10	19	8	12	2	5	6	8	15	19
8	2	6	19	2	13	5	5	5	14
15	16	9	14	12	20	18	20	8	15
13	14	4	6	3	6	6	20	5	3
8	16	2	10	10	3	7	15	14	4
3	3	5	12	6	13	18	3	12	14
15	19	20	5	12	3	2	4	15	5
4	11	2	20	5	1	7	5	3	17
13	7	3	15	13	3	2	3	16	3
6	9	4	8	19	17	15	2	11	20


2	1	1	1	1	1	1	1	1	1
3	1	4	5	3	4	1	4	5	1