100	6	20

1	1.3	1.55	1.75	2.1
4	6.76	9.61	12.25	17.64

37	53	40	42	24	45	55	4	42	33	69	24	81	18	30	23	56	97	81	27
41	6	31	28	34	89	49	35	4	39	18	7	2	90	30	74	80	19	84	44
44	22	70	3	39	52	17	41	19	95	27	84	87	27	44	33	35	31	9	50
18	90	12	6	20	67	46	48	39	26	53	92	72	6	97	47	9	92	80	24
43	15	84	64	35	73	91	41	41	47	46	46	3	98	24	63	12	62	76	76
65	92	50	4	40	19	7	83	9	87	84	75	14	83	5	19	48	80	18	11
78	88	89	55	52	65	68	10	74	66	48	36	54	20	84	97	76	41	73	55
11	24	20	75	9	96	70	80	76	83	12	17	28	78	73	22	82	21	60	16
53	5	32	48	30	24	67	76	26	15	49	54	71	36	84	1	92	70	72	20
26	20	69	50	11	72	60	92	26	86	13	56	35	37	40	90	74	61	14	39
29	94	93	18	10	8	28	7	54	7	12	93	8	27	97	61	1	18	66	24
12	28	81	1	39	45	79	1	57	31	69	49	43	68	28	66	12	79	52	73
29	97	17	74	91	1	17	34	47	48	16	21	28	39	64	44	71	5	15	54
15	71	12	19	45	42	69	50	34	96	48	5	38	40	81	48	17	40	22	65
13	2	3	43	40	15	70	63	97	86	55	57	77	16	33	41	79	67	21	58
94	3	7	10	40	57	47	23	94	8	15	54	7	88	90	30	37	63	26	23
31	43	44	17	3	55	21	75	22	62	30	26	58	87	15	88	38	80	6	11
3	40	53	72	40	35	42	34	63	98	21	44	84	15	94	5	32	64	58	93
67	32	18	58	36	18	42	28	14	36	92	86	34	49	91	84	57	15	94	61
8	91	84	92	54	55	73	46	94	90	92	75	67	84	38	34	45	11	41	39
15	40	1	25	91	24	39	70	18	8	13	87	70	83	74	11	90	48	70	13
34	65	65	28	45	47	7	80	72	36	84	40	41	46	56	5	72	90	44	12
34	87	99	56	55	85	2	14	98	43	13	50	95	44	16	21	66	80	66	82
35	66	80	48	99	65	26	73	67	13	99	55	31	22	15	40	78	15	17	18
58	30	45	35	44	22	86	43	19	52	95	68	46	4	27	37	55	92	74	70
75	17	52	68	95	84	11	19	69	47	19	86	73	74	71	98	7	78	39	42
69	11	5	86	32	75	68	7	8	61	20	76	53	32	41	21	72	29	60	73
92	96	24	43	36	20	70	61	66	17	19	22	25	93	1	31	89	47	24	7
65	27	7	41	95	3	47	70	27	95	10	79	47	14	38	81	24	2	11	8
40	55	77	54	16	48	56	26	31	80	34	41	94	2	86	63	89	32	5	39
94	23	15	80	14	97	25	79	25	92	87	35	94	15	35	62	72	55	81	80
36	2	40	98	77	36	76	96	57	30	68	53	66	94	77	77	48	40	22	16
70	76	47	99	43	49	68	67	45	15	24	49	70	80	22	6	2	55	76	93
6	67	99	71	54	96	31	80	82	97	80	10	80	29	90	25	64	62	15	93
5	26	88	80	45	36	40	86	10	20	22	76	63	76	55	87	72	72	63	35
72	43	85	26	35	64	58	28	59	99	3	3	66	52	32	79	41	32	52	27
52	46	74	9	76	67	25	62	70	5	26	6	66	2	89	57	75	45	75	29
96	57	44	40	63	12	37	77	47	25	80	91	9	3	32	14	64	29	57	50
97	19	9	34	12	39	78	35	32	60	63	99	14	1	47	46	23	12	93	79
65	61	28	24	73	94	44	80	8	16	65	16	94	44	16	59	25	43	32	25
60	18	12	34	40	62	54	50	48	77	92	79	45	45	15	22	26	32	34	87
67	62	35	67	59	61	57	2	55	63	73	18	56	20	90	46	31	5	32	51
21	7	5	67	59	17	48	74	61	11	40	90	5	41	45	5	31	18	75	52
66	57	54	44	84	87	11	91	88	29	4	15	66	41	92	32	43	84	45	89
59	88	13	27	38	29	68	52	37	47	3	18	86	17	69	41	1	99	36	84
95	70	78	34	41	18	58	26	50	1	40	59	90	40	99	61	66	40	89	92
14	29	34	73	18	96	99	49	72	36	85	47	81	12	49	94	15	56	1	2
19	79	17	16	11	59	87	31	7	67	20	86	24	21	7	42	30	69	60	86
75	76	10	92	13	93	60	15	21	52	18	33	52	45	54	58	30	73	15	15
43	30	58	31	70	42	87	64	29	19	54	25	56	17	93	11	1	8	55	56
20	79	69	77	79	68	32	35	16	87	15	96	15	91	91	47	47	61	42	90
20	84	63	66	26	33	76	93	54	42	20	97	29	97	27	87	91	39	65	78
22	20	30	61	68	27	60	76	18	80	60	10	45	96	13	31	65	95	61	6
88	80	44	38	21	68	52	9	47	40	64	33	23	34	97	86	25	19	54	4
97	54	15	60	93	74	90	58	81	41	39	90	32	47	88	63	57	44	36	48
68	95	88	96	57	24	43	71	27	61	61	70	79	63	33	57	18	95	52	87
22	16	39	60	60	87	78	8	19	29	68	61	70	8	71	47	8	41	87	4
94	2	90	89	28	48	2	86	76	77	83	51	44	53	40	99	28	6	57	1
60	46	94	76	72	97	69	16	47	46	18	64	99	67	13	38	18	72	15	75
58	19	54	53	16	31	44	57	86	6	87	45	62	77	23	32	15	26	50	14
36	28	64	55	57	56	12	27	87	49	21	8	17	56	23	45	65	72	69	63
73	97	46	35	26	11	24	43	40	41	10	97	56	22	95	29	54	78	22	33
17	82	50	63	30	62	66	89	47	63	82	91	25	23	25	35	87	74	14	29
38	35	97	96	99	81	17	46	34	89	27	68	64	15	76	97	13	66	16	29
96	41	69	29	46	25	68	88	80	63	8	31	67	88	19	45	30	5	93	26
76	67	53	52	11	8	68	37	73	46	20	59	11	69	72	63	59	83	43	86
40	45	45	19	79	83	37	16	8	15	20	34	70	45	49	48	92	73	37	11
47	12	77	6	30	19	73	15	85	52	95	19	68	87	79	97	17	98	24	15
73	19	36	6	62	48	32	72	97	88	90	75	63	62	95	93	24	73	70	76
39	25	47	85	86	11	99	99	27	69	62	73	62	64	11	41	30	67	16	4
4	2	97	74	80	46	56	12	7	41	94	19	43	57	84	81	76	34	47	69
32	32	34	80	77	70	83	16	84	71	64	76	12	84	63	56	93	29	77	82
45	94	98	53	24	57	79	34	23	66	83	38	68	7	79	38	24	64	9	45
38	70	70	52	15	20	57	47	38	57	92	57	90	66	36	90	34	28	49	73
27	94	25	68	44	78	50	98	43	77	90	60	23	98	92	1	38	94	46	57
73	35	28	11	63	67	21	19	22	58	77	91	57	55	26	73	64	44	90	84
5	62	87	95	27	47	45	28	2	60	52	9	71	97	61	61	46	96	95	83
82	33	64	10	86	95	7	78	16	17	31	56	91	38	67	15	37	97	34	8
26	53	68	55	84	42	24	31	2	51	74	9	38	34	17	29	44	51	54	60
50	5	23	65	28	95	16	1	38	96	7	49	26	5	89	3	9	51	19	77
84	91	6	37	81	96	67	75	56	91	8	61	51	75	75	68	91	33	45	95
79	23	19	84	17	94	12	77	69	99	17	21	16	92	34	63	69	72	74	70
78	61	2	97	3	25	72	56	57	53	36	49	70	2	76	83	17	6	46	26
62	99	91	78	23	77	51	58	76	78	64	34	52	58	1	87	8	66	17	13
3	10	83	89	83	49	15	11	98	3	69	18	64	2	2	81	38	37	27	41
22	3	60	88	76	72	18	54	13	72	78	20	87	97	71	64	38	47	24	57
82	61	57	16	42	39	55	78	6	71	2	1	60	91	17	89	13	7	46	33
67	64	93	46	92	5	46	40	23	63	7	80	76	60	17	1	2	53	27	95
25	35	56	51	7	34	65	90	12	78	51	68	32	19	17	89	81	90	72	77
81	33	68	52	69	95	72	66	62	53	86	70	37	98	74	30	8	66	35	10
57	79	9	13	1	37	86	61	20	61	58	84	7	73	53	97	61	99	55	30
38	90	39	45	71	46	32	93	37	47	31	94	79	35	97	11	85	52	65	59
59	78	4	74	85	26	45	40	52	94	77	92	13	98	30	41	65	87	51	4
86	92	72	85	24	7	2	1	75	3	60	61	44	23	11	45	43	73	76	10
70	44	38	68	24	81	67	96	79	89	10	83	84	89	22	99	81	25	84	93
11	23	13	92	87	46	2	15	86	57	54	79	74	75	47	44	27	96	96	57
95	74	31	19	24	72	16	50	70	15	26	70	57	89	57	96	38	96	6	42
54	58	78	25	59	5	93	97	21	16	95	69	13	48	73	40	90	67	28	70
39	21	86	94	65	74	82	40	47	91	14	17	91	45	44	39	64	69	67	55
88	70	44	55	91	84	97	70	21	14	6	45	64	59	5	31	82	63	2	91

10	13	12	6	16	10	7	8	6	11	4	12	8	15	1	15	2	11	7	4
2	18	13	8	9	4	17	16	16	10	4	14	13	18	9	14	1	13	18	6
9	12	9	17	2	12	15	16	11	13	20	14	20	4	20	15	2	16	11	7
18	10	3	11	5	18	17	7	5	9	16	5	6	7	19	13	11	9	16	15
5	3	19	14	16	13	19	7	13	14	19	14	5	11	18	12	10	7	18	1
10	6	13	3	11	12	18	19	5	9	18	10	14	20	6	17	1	18	12	11
4	13	15	8	18	2	14	6	9	20	4	20	6	13	5	15	4	13	17	12
5	1	8	5	1	8	5	3	2	10	9	8	11	20	8	8	3	8	16	14
15	9	14	16	14	2	3	6	12	16	7	9	20	12	4	20	5	8	8	5
11	4	11	9	11	20	13	2	2	10	4	1	15	12	12	12	1	19	5	2
9	15	3	2	12	9	9	17	1	17	3	13	16	5	19	8	6	12	1	3
11	2	13	4	7	16	3	1	3	7	9	14	15	12	14	6	7	2	4	8
11	1	14	6	14	12	17	14	6	5	5	3	15	2	12	9	11	16	9	7
20	16	19	16	16	4	2	9	10	6	8	8	15	2	16	13	14	17	10	4
12	5	3	16	16	15	20	4	12	12	16	5	8	18	3	7	11	6	1	17
2	1	20	20	9	3	4	13	4	10	10	16	11	7	5	8	19	13	12	18
1	7	13	18	5	3	1	17	19	9	2	18	10	18	2	9	19	12	5	4
12	1	15	8	18	15	8	15	16	12	12	5	15	2	16	4	8	15	20	20
9	4	16	7	5	5	12	17	14	19	14	12	7	11	9	9	10	14	12	4
11	4	1	3	10	6	4	3	19	15	11	3	13	12	5	5	15	11	3	7
8	5	6	6	12	8	13	10	9	17	5	12	2	2	4	8	18	9	1	2
4	11	7	1	17	8	7	16	2	19	3	3	10	7	16	19	15	5	7	17
12	9	13	16	8	11	15	9	5	1	19	19	1	14	10	13	3	19	7	13
12	11	8	2	2	16	12	20	5	9	3	12	8	1	11	7	4	1	3	19
8	20	3	3	20	2	8	16	4	13	16	10	3	4	3	19	1	14	17	19
17	10	11	15	15	6	13	12	17	11	13	6	9	14	1	17	20	7	2	17
19	9	5	9	1	15	11	13	8	2	7	15	7	20	2	2	3	12	14	15
13	15	14	9	2	11	16	7	4	9	12	13	15	18	10	1	9	11	4	19
17	12	18	19	3	8	13	8	14	5	15	16	15	15	15	18	17	16	15	17
4	7	7	9	19	11	14	14	10	11	2	18	14	10	3	1	4	20	3	18
20	5	3	18	5	7	3	6	6	3	3	2	11	10	11	6	20	8	17	7
1	19	9	3	7	13	3	20	15	17	7	20	10	20	20	3	8	15	17	13
15	4	5	18	16	20	10	15	7	6	17	4	5	12	13	15	8	5	12	13
11	1	3	9	7	16	4	5	2	16	14	1	1	16	19	9	4	6	10	18
17	18	20	9	20	3	18	16	4	12	16	14	15	19	19	16	11	17	1	5
14	6	5	16	19	7	9	4	20	14	11	17	17	10	19	3	12	15	10	20
13	20	5	4	17	6	20	12	19	18	10	9	8	14	2	19	13	12	3	2
1	9	6	18	14	14	2	18	12	12	16	15	9	2	7	15	4	19	9	14
17	14	11	3	11	4	20	10	19	18	11	8	11	12	19	7	13	12	7	9
17	11	14	2	15	20	6	17	16	14	18	8	3	12	1	10	20	19	1	1
4	6	13	6	2	5	1	11	12	6	1	17	6	18	10	6	12	5	9	16
10	5	20	4	17	18	11	10	7	20	6	6	8	14	2	17	7	19	10	5
12	19	6	14	17	1	14	15	13	16	17	4	4	15	6	11	7	20	20	17
1	14	3	19	5	14	18	1	19	8	12	1	10	16	8	1	19	12	20	12
17	15	18	8	8	11	1	7	6	6	3	5	20	6	15	8	3	2	19	19
4	13	2	7	6	4	13	13	2	11	5	17	16	16	18	4	1	10	18	11
1	15	5	1	10	6	15	4	15	9	13	2	4	8	18	18	13	17	1	9
13	13	3	9	16	14	3	16	6	10	14	2	13	6	7	2	1	13	12	8
15	8	12	17	9	8	20	9	11	5	4	5	15	12	8	17	13	7	8	17
9	18	5	10	19	2	7	16	13	3	15	6	14	11	18	4	20	14	19	16
4	15	17	4	1	9	18	14	1	12	8	15	16	11	10	17	2	9	4	14
4	2	6	11	15	16	16	12	1	5	10	10	12	11	5	3	11	8	8	5
15	7	1	18	10	3	3	13	10	5	15	14	11	3	16	6	6	3	11	9
12	18	19	20	4	11	7	9	8	6	12	7	13	12	14	14	3	16	10	13
3	9	19	15	4	16	10	19	20	18	19	13	3	11	10	3	15	12	19	16
8	13	10	13	10	1	7	17	2	11	16	13	7	17	17	16	2	16	5	12
14	4	10	20	15	15	13	3	6	11	17	15	15	2	4	3	16	16	2	4
2	16	9	20	1	17	5	17	20	8	8	1	2	6	5	4	16	7	4	12
11	11	18	9	12	1	18	14	19	1	20	9	4	16	10	14	2	3	8	1
3	11	11	7	17	4	11	7	9	4	13	5	12	13	16	14	14	17	18	2
7	6	18	2	20	11	10	5	18	3	11	11	2	17	1	10	12	5	1	17
11	14	9	3	18	11	2	13	3	11	16	13	6	4	4	17	8	15	2	15
2	13	3	20	8	12	6	3	8	19	7	17	5	9	5	19	2	9	3	1
14	7	7	4	11	16	20	16	6	10	9	6	20	11	15	14	1	7	15	17
13	8	11	15	17	18	13	14	16	15	13	5	8	15	11	2	14	5	5	19
7	9	8	17	6	5	16	2	1	9	16	7	13	7	6	20	18	8	2	7
12	1	9	3	17	13	1	2	7	20	2	10	13	13	6	13	14	12	10	3
7	6	5	4	12	2	14	4	19	20	13	10	4	5	1	20	2	19	8	1
19	3	4	1	5	5	4	10	2	12	11	15	20	5	1	19	9	3	14	9
15	14	17	2	1	2	10	13	13	15	18	7	10	14	18	8	6	15	9	19
4	16	3	6	20	16	1	18	10	4	13	17	19	2	14	3	7	9	6	17
4	7	18	2	8	2	15	4	3	10	3	14	7	14	18	9	13	16	20	13
3	2	1	18	10	6	5	6	13	13	9	15	17	11	1	12	20	18	20	16
7	6	14	15	4	13	11	20	10	16	14	3	6	11	6	5	7	17	13	19
4	5	17	5	13	13	3	7	4	18	11	18	17	9	1	16	6	7	18	3
13	4	3	16	16	13	3	4	13	15	14	10	10	6	10	6	6	10	11	20
1	12	13	9	2	17	9	18	8	14	1	7	20	19	8	9	13	4	11	6
13	10	10	5	10	19	2	5	15	7	6	6	16	2	6	1	7	14	9	16
20	1	11	2	1	9	17	16	7	16	8	15	20	5	17	19	6	18	9	3
16	14	13	15	10	8	9	13	14	1	14	12	1	16	9	16	20	18	4	4
15	10	14	6	5	6	2	8	14	7	16	20	2	14	12	8	9	9	11	12
11	5	2	13	4	5	20	4	15	6	11	12	20	15	15	6	9	8	5	6
17	13	20	5	7	3	12	5	4	11	5	4	7	15	11	14	10	5	3	1
8	15	1	3	13	2	19	14	15	4	9	4	1	2	3	15	19	8	1	13
10	10	8	2	3	18	15	11	15	2	15	7	2	17	7	17	20	7	17	5
12	1	8	14	5	1	7	10	15	11	5	17	9	5	13	9	12	18	12	6
7	20	4	6	10	8	4	10	12	7	20	6	1	14	6	7	18	3	6	15
4	18	5	2	1	5	16	10	14	18	1	8	11	19	5	19	8	7	6	11
14	7	18	5	12	7	11	9	11	16	1	14	2	12	20	15	11	16	3	12
17	16	15	7	3	19	9	2	4	16	3	6	17	13	15	15	14	7	10	13
17	10	7	18	3	19	20	4	17	4	11	4	9	19	4	1	8	20	6	12
2	6	17	9	2	19	18	7	15	16	18	17	20	15	4	13	15	18	11	18
7	12	11	13	11	17	5	9	6	4	2	12	3	5	9	10	9	6	2	13
15	14	9	9	14	10	5	1	18	3	17	14	12	15	11	20	5	2	10	10
13	3	11	5	8	6	8	5	4	19	20	17	17	1	18	12	12	20	6	16
3	13	3	18	12	1	11	9	11	16	7	9	8	19	3	4	12	17	16	4
7	19	3	18	14	6	5	3	19	10	1	13	15	2	20	20	15	10	1	5
13	8	13	4	13	4	1	3	13	12	1	16	13	6	17	10	2	7	15	3
11	19	6	5	20	11	5	7	2	11	5	17	20	8	2	6	4	15	20	11
6	19	6	1	2	6	5	4	20	10	7	9	20	17	14	20	14	4	5	15


1	1	1	1	1	1	2	2	2	2	1	2	2	1	2	1	2	1	2	1
3	2	5	3	3	4	1	5	1	5	1	1	3	2	1	4	5	3	3	3