100	3	20

1	1.3	1.55	1.75	2.1
4	6.76	9.61	12.25	17.64

9	77	29	75	39	12	23	45	15	45	69	28	47	82	69	26	91	78	48	14
20	66	56	32	72	83	46	36	40	25	67	11	66	65	71	79	85	74	23	34
39	72	69	15	96	88	17	58	67	73	48	99	12	10	18	66	65	52	43	28
61	39	5	73	67	88	55	67	54	78	63	23	74	41	55	48	88	17	90	31
95	71	77	46	39	79	54	53	27	18	4	32	63	61	9	87	43	41	53	28
11	2	59	12	26	22	70	11	3	33	24	78	27	88	26	14	42	65	65	6
1	61	81	75	97	60	78	43	36	42	56	60	16	74	69	25	37	2	80	88
81	91	67	53	65	43	15	38	20	43	10	58	5	36	69	23	33	83	89	45
35	22	34	86	37	13	11	72	20	72	60	47	81	69	8	11	32	17	18	54
50	12	92	28	73	17	14	38	20	75	12	27	31	77	94	18	74	10	47	49
19	82	49	60	56	91	18	75	83	20	45	7	95	36	67	19	37	83	77	62
15	34	31	38	22	34	64	54	37	53	37	25	69	71	2	65	82	6	4	15
77	98	52	57	71	21	73	43	98	33	4	5	69	44	34	2	27	88	45	79
62	64	81	46	90	31	9	81	45	97	18	94	46	95	15	34	48	45	25	63
2	41	96	87	40	15	41	15	82	52	80	4	61	93	29	29	21	76	80	40
24	16	15	95	78	67	69	49	41	8	96	64	73	87	11	56	45	11	44	59
53	17	72	56	32	75	32	61	34	34	31	94	15	87	69	22	16	58	99	35
54	18	73	1	73	36	33	19	26	28	30	14	80	14	41	67	96	72	41	72
82	55	21	66	13	3	92	48	25	43	71	34	60	75	12	87	77	93	91	98
85	32	46	32	22	99	39	14	58	72	1	11	8	81	8	55	1	80	26	37
51	68	40	86	16	64	45	13	77	79	10	13	3	41	19	33	11	37	93	22
72	7	98	87	9	74	79	82	11	75	60	33	97	86	47	52	47	18	96	26
92	69	97	35	34	29	12	5	24	25	87	1	54	32	53	1	82	77	22	15
86	54	44	48	63	69	84	6	72	27	55	44	98	67	56	78	89	47	64	48
78	34	7	45	91	56	20	34	58	1	92	99	10	76	6	66	52	11	79	80
51	64	6	42	1	11	94	72	30	22	42	76	97	58	78	14	12	6	68	69
83	89	13	83	17	23	95	70	93	68	77	61	94	28	9	3	66	64	39	58
42	9	99	99	63	32	20	9	50	23	71	18	36	25	61	78	76	25	20	78
55	98	27	47	18	40	45	22	98	21	90	23	24	40	10	58	80	97	16	72
92	51	29	18	56	85	94	17	5	98	16	22	59	45	90	70	49	83	52	85
38	88	77	98	38	67	74	80	51	29	84	61	23	92	25	2	96	93	52	89
39	50	2	30	97	43	93	1	25	38	10	83	2	13	26	31	58	14	69	25
12	64	60	48	86	7	40	88	88	41	22	19	17	95	15	44	7	99	72	48
92	72	44	22	57	61	1	69	73	75	58	53	52	68	88	66	59	42	32	97
25	26	38	13	67	85	91	66	62	18	90	70	8	32	15	15	88	18	22	24
30	80	76	86	72	97	21	83	95	4	44	86	2	26	32	88	91	86	85	93
46	74	22	30	60	92	23	19	91	43	64	77	76	61	38	99	89	20	8	26
11	96	86	83	19	77	60	53	32	65	18	23	94	81	50	58	9	79	16	29
94	32	96	17	22	25	7	49	64	71	31	58	85	52	37	75	12	41	98	96
54	29	62	89	91	35	58	28	60	29	88	54	41	50	71	9	25	94	51	51
36	15	66	63	75	90	93	74	42	83	31	78	90	59	89	95	67	59	27	82
79	49	78	31	99	29	21	74	70	28	36	93	86	28	26	53	81	66	41	19
36	67	4	16	98	77	31	90	76	35	32	67	36	53	93	5	35	91	81	74
97	8	42	84	41	72	41	27	64	83	48	70	78	88	3	88	67	11	63	33
47	80	80	77	32	84	77	14	74	7	15	71	54	75	75	78	71	82	31	3
89	6	22	91	99	14	25	73	87	65	30	8	69	88	2	77	58	29	51	18
26	45	18	91	18	78	79	23	33	12	95	36	41	80	24	33	9	40	57	53
19	59	88	51	51	21	81	48	18	82	58	30	61	28	1	67	75	95	48	49
50	17	27	94	56	9	68	60	92	58	38	81	76	93	76	2	99	31	57	64
58	21	42	98	89	79	60	77	88	22	21	56	80	16	87	88	82	62	60	97
10	71	8	67	23	4	69	38	51	71	79	35	6	59	43	77	10	57	57	2
77	63	35	77	69	87	18	79	66	45	33	90	10	20	78	64	95	84	86	21
68	94	73	29	91	2	58	33	95	26	35	52	43	69	84	77	12	1	73	14
74	17	27	17	40	47	88	80	80	38	50	96	17	7	64	12	80	78	71	26
12	17	65	73	63	48	74	39	16	52	30	12	78	41	41	54	10	56	15	31
60	76	54	21	30	89	29	60	95	43	86	20	22	67	82	98	66	13	45	2
34	85	63	14	17	57	83	4	92	62	20	38	35	36	26	5	4	14	18	59
15	12	42	32	6	56	3	90	38	81	81	54	52	51	64	2	48	98	30	24
19	48	68	34	12	94	37	4	43	14	17	84	12	70	98	33	17	35	36	43
3	85	84	7	39	25	96	43	57	9	97	19	52	35	6	27	63	92	57	54
37	73	60	97	39	67	59	53	50	14	15	38	90	64	57	36	80	12	16	51
96	13	63	12	59	56	36	69	56	57	90	18	80	73	39	2	89	55	65	45
38	36	20	87	55	1	82	29	52	23	86	56	6	84	2	34	53	92	3	51
71	38	45	3	23	97	28	12	11	83	64	93	10	21	94	65	42	8	13	88
6	64	22	67	26	80	20	38	90	60	87	22	65	31	88	64	3	55	42	73
10	61	7	58	54	20	23	79	34	77	87	32	10	44	91	55	61	73	68	42
31	60	54	21	23	85	71	84	17	46	89	27	14	16	10	60	66	53	52	72
21	58	44	31	67	39	36	78	21	18	34	20	80	33	60	38	31	45	45	56
6	46	3	58	28	83	77	7	84	75	5	31	50	18	22	16	23	81	61	35
34	81	71	5	57	63	82	27	52	29	43	44	56	34	47	10	91	98	8	19
76	27	88	77	73	6	1	24	24	41	93	93	18	90	92	21	30	26	84	93
44	10	93	14	42	27	67	99	29	1	57	5	63	27	18	80	90	31	47	59
67	33	42	94	17	38	73	80	3	68	61	89	46	79	78	50	33	78	76	46
48	88	11	31	49	62	26	27	87	87	34	73	11	33	48	30	58	1	40	37
56	69	75	34	83	28	92	6	1	87	85	67	14	12	10	91	76	23	99	47
74	73	45	14	69	15	95	22	16	38	31	63	57	70	48	21	82	47	46	9
87	34	88	69	21	33	24	23	74	22	96	35	71	36	71	86	77	73	37	88
54	52	61	83	67	24	50	87	46	50	32	37	43	66	84	71	90	43	39	66
89	26	55	98	41	72	48	62	57	96	48	46	85	87	13	41	41	95	66	94
7	70	86	87	16	75	67	27	78	53	66	32	42	49	36	15	46	92	46	55
40	57	36	43	23	74	66	28	15	76	38	64	2	7	65	14	23	65	1	53
93	99	92	46	43	87	21	20	3	2	56	18	64	69	93	11	43	90	56	70
39	33	71	53	64	14	52	83	20	26	13	10	91	64	45	3	37	48	26	85
54	82	89	15	17	54	64	9	61	14	33	27	96	41	53	53	88	69	88	10
50	9	43	56	91	67	9	39	66	52	69	4	9	66	55	15	16	15	36	62
83	70	81	82	75	28	91	3	26	22	68	63	34	45	91	18	99	10	99	5
42	51	32	90	46	94	3	41	58	78	77	74	39	40	95	3	54	63	10	61
81	16	94	54	84	43	19	55	2	8	10	71	73	59	85	55	33	61	14	74
32	67	9	23	99	61	62	51	80	15	41	9	35	97	21	59	14	42	38	21
33	21	37	89	63	82	43	20	70	10	57	61	42	37	30	78	94	75	72	82
33	7	20	42	66	1	45	6	65	53	62	87	89	35	85	8	88	40	31	18
60	55	58	52	51	87	22	28	75	9	82	94	51	7	90	2	18	26	1	34
76	44	82	1	84	43	23	83	91	77	71	44	49	28	68	55	90	46	20	41
45	19	20	50	8	82	3	11	91	75	9	82	42	92	74	55	22	71	19	39
77	73	72	51	46	45	1	64	73	89	17	33	28	97	86	1	49	92	27	55
46	37	68	11	76	46	77	55	30	99	44	68	95	18	46	62	81	29	50	92
30	5	45	40	31	32	14	7	18	73	81	52	61	43	33	62	4	55	76	67
11	82	4	88	52	92	94	71	38	26	92	62	44	8	43	75	17	33	71	58
65	1	92	92	44	99	65	69	14	48	21	20	83	96	26	54	86	24	40	64
95	44	46	69	10	22	44	54	30	60	60	1	75	82	74	29	68	94	62	1

10	8	12	3	13	5	10	14	10	10	7	12	20	9	10	18	20	4	18	7
7	11	17	12	5	16	10	6	16	11	9	6	1	15	11	8	10	10	5	6
9	10	6	13	16	1	1	14	4	6	12	18	12	9	3	10	20	17	11	2
2	16	14	12	12	17	14	7	8	16	9	15	2	17	16	10	20	7	10	18
18	7	11	1	14	20	6	11	11	4	10	6	1	5	15	3	18	18	18	9
20	16	12	5	15	2	9	3	18	17	6	1	2	6	1	6	12	11	8	14
5	9	20	20	1	5	20	19	12	1	6	15	3	19	15	10	10	7	17	12
2	1	10	14	6	17	19	17	6	8	2	4	3	1	2	4	10	3	5	9
10	4	5	6	4	8	10	1	7	7	1	2	14	10	10	14	15	16	14	15
14	3	9	14	16	20	10	4	6	13	19	15	18	14	3	19	16	16	16	15
7	15	11	3	20	19	17	2	4	13	7	2	19	20	8	19	10	8	1	18
11	15	8	12	13	20	3	11	6	17	12	2	7	16	8	3	11	3	19	19
2	18	2	6	12	11	6	1	17	9	12	1	17	2	8	13	16	6	15	11
16	16	11	10	12	13	12	3	17	11	13	2	18	17	2	17	2	9	10	15
7	10	7	2	2	2	19	6	6	15	20	1	7	11	2	12	8	15	20	15
12	20	19	18	8	5	4	18	4	2	17	10	1	8	1	16	17	19	11	2
8	8	2	9	8	8	4	6	6	7	16	1	2	20	1	16	16	9	16	17
12	13	7	15	17	14	8	13	3	13	20	12	6	16	8	14	12	7	10	9
18	8	3	14	12	11	8	4	16	1	14	9	15	10	6	17	13	18	13	2
5	16	13	5	4	4	3	19	10	7	11	1	11	19	20	8	6	4	13	20
13	14	10	15	20	2	20	14	9	19	19	20	5	13	15	19	15	10	7	5
18	1	13	8	9	15	9	6	13	17	9	7	20	3	14	11	9	3	18	15
16	8	4	6	15	12	6	11	16	14	7	20	7	6	13	12	20	13	20	17
19	3	8	19	10	3	13	14	6	17	17	3	17	10	14	3	12	9	14	1
6	4	11	12	12	9	10	9	10	11	15	6	4	2	2	12	8	1	10	17
16	19	3	5	4	20	8	20	4	16	13	10	7	1	14	14	6	9	19	12
11	4	20	2	7	5	6	4	14	12	5	4	18	18	20	16	4	9	13	20
19	10	7	7	20	7	9	10	7	5	11	1	12	9	2	9	20	10	8	7
7	1	5	7	3	17	14	6	4	16	9	12	3	9	7	2	7	16	3	16
4	4	19	3	13	9	16	16	15	8	4	4	19	19	8	16	4	10	10	12
14	12	12	7	6	13	12	8	7	6	1	5	1	12	16	11	12	10	12	18
7	8	5	5	5	15	17	7	11	11	7	14	11	18	7	10	5	11	16	14
8	16	12	5	20	16	8	2	9	10	20	3	2	1	16	18	13	18	7	12
2	10	5	5	19	15	18	1	12	19	20	12	3	5	8	2	2	4	3	11
15	6	14	14	9	6	2	15	20	19	4	19	11	3	8	5	17	6	20	12
8	8	19	15	10	1	5	10	5	18	13	5	3	6	18	8	6	14	1	10
5	5	12	4	20	20	18	10	7	5	9	13	13	6	11	13	11	16	17	10
16	3	5	17	13	17	20	7	18	12	14	5	16	6	9	11	13	18	15	14
12	11	4	7	11	18	1	7	20	1	8	1	17	20	8	15	13	11	8	5
6	20	17	14	20	15	16	4	16	7	5	18	6	10	3	2	19	15	5	14
14	6	7	10	16	13	14	6	8	20	13	9	8	2	19	9	6	16	7	4
6	19	16	20	12	12	6	17	10	11	1	15	8	6	16	20	16	5	7	9
2	1	4	18	2	20	1	17	19	15	3	12	9	9	19	12	13	19	14	1
15	1	6	18	14	5	13	19	17	16	8	6	15	5	5	3	10	9	17	13
5	11	5	14	1	4	5	2	20	18	20	3	14	16	19	7	12	13	20	1
8	20	10	11	12	3	1	14	4	3	8	3	3	16	19	3	15	12	19	19
16	12	14	17	14	10	7	3	18	15	5	18	11	5	15	12	7	1	4	17
15	20	4	12	10	1	16	5	8	18	12	17	3	19	20	11	1	16	9	5
18	2	16	11	18	10	17	19	3	17	11	11	8	18	7	13	8	2	20	9
20	19	5	17	9	8	12	19	2	12	16	20	1	18	8	11	6	14	13	2
15	5	20	15	1	1	7	18	16	10	16	19	20	5	19	1	11	9	17	6
20	8	19	4	14	7	8	19	2	2	10	15	7	1	13	3	1	7	16	16
16	8	13	11	8	13	7	6	3	7	14	8	5	9	6	19	15	11	15	4
9	10	2	8	6	16	8	10	17	17	1	16	6	2	12	10	4	4	2	19
9	6	13	16	16	5	5	11	6	15	12	4	3	7	17	13	6	1	19	16
12	19	19	12	20	11	15	11	10	13	6	14	17	17	19	19	3	17	1	5
17	10	9	14	17	18	17	9	6	15	9	15	17	4	5	12	12	7	19	19
8	13	9	9	17	17	17	13	12	14	6	15	10	8	9	16	7	13	16	16
10	5	6	16	4	2	5	18	3	2	10	6	6	7	13	12	12	2	16	16
16	16	19	9	7	17	12	8	12	16	10	1	13	20	2	6	10	5	13	16
13	11	10	2	19	1	5	10	20	19	12	2	11	9	4	4	12	8	12	19
11	12	8	6	15	5	15	16	20	10	20	15	14	15	6	11	14	12	11	10
9	15	4	15	20	17	15	17	10	3	1	11	9	20	8	19	8	6	10	3
7	4	1	18	19	12	3	20	3	15	1	9	15	4	16	5	17	13	20	4
1	5	7	8	10	14	4	2	3	9	10	13	10	6	19	7	18	9	7	3
7	10	9	13	17	5	20	8	17	11	3	10	15	17	9	3	14	14	10	5
8	16	17	4	14	14	9	11	12	16	20	17	9	14	3	3	4	20	9	14
14	9	2	18	11	19	15	18	5	2	13	20	20	16	9	5	15	13	1	3
7	4	1	6	17	3	16	19	19	10	1	20	7	4	1	17	2	5	5	16
8	2	16	11	11	2	1	1	12	13	14	20	5	9	9	18	1	13	5	10
5	4	4	18	4	6	16	14	12	10	18	12	19	5	19	18	20	17	10	8
1	12	10	15	10	2	9	3	1	5	14	12	9	11	15	17	10	2	16	18
10	1	11	8	14	20	13	11	7	8	10	14	8	20	11	18	7	8	11	19
3	13	2	15	18	6	19	1	15	10	2	18	20	1	6	17	3	11	20	7
9	19	4	8	5	9	5	16	6	12	9	18	2	5	1	3	5	3	11	20
4	2	1	4	9	14	1	9	20	4	19	16	14	2	9	15	18	15	16	17
3	15	20	18	6	6	5	9	1	7	17	15	20	18	20	15	2	16	9	20
9	4	19	13	9	18	15	2	1	14	7	3	15	10	2	6	2	6	19	6
10	3	2	7	2	11	11	9	13	19	2	7	12	5	6	5	15	20	20	7
4	14	18	19	15	18	16	3	9	18	3	20	10	15	12	13	2	6	19	8
11	15	16	1	6	18	20	1	16	17	5	10	10	18	9	15	16	15	14	5
9	16	3	4	11	16	1	12	8	3	14	16	14	10	4	5	20	1	14	12
14	13	4	12	14	14	18	5	9	20	14	8	1	16	1	12	5	20	4	14
6	11	2	13	17	12	20	15	13	11	11	13	20	17	15	8	2	16	6	9
15	18	13	2	11	17	9	9	10	11	12	3	18	7	8	1	14	7	16	11
11	16	16	9	18	17	11	7	6	4	6	13	14	13	2	10	3	2	17	17
4	20	3	7	8	9	18	13	2	13	13	12	8	4	1	5	9	1	6	5
6	18	14	10	8	16	8	1	19	4	8	14	7	15	9	15	18	6	19	10
5	18	20	10	8	6	9	3	15	6	18	14	1	16	9	20	13	2	13	20
5	2	1	3	11	12	1	12	17	14	19	3	11	6	4	13	13	4	6	3
17	1	10	20	16	16	10	18	10	4	16	2	10	7	5	16	19	4	14	14
18	1	11	2	7	12	20	9	12	2	20	13	18	9	18	15	19	1	3	11
3	15	2	13	7	19	12	1	2	10	10	12	15	14	13	3	10	18	11	2
20	2	11	6	9	16	19	6	10	9	4	15	8	18	11	15	9	15	5	16
3	18	8	2	12	6	13	11	13	12	5	15	18	15	20	15	11	20	8	20
19	7	6	4	16	1	5	3	3	20	15	3	6	10	5	11	7	17	12	17
10	16	4	13	18	8	4	8	18	9	15	10	12	8	11	7	7	5	9	10
6	9	11	4	13	6	17	12	4	13	19	7	19	2	18	14	6	4	9	5
13	2	2	15	13	1	4	12	6	12	15	3	12	15	13	6	2	20	3	2
19	19	19	18	2	17	8	17	1	3	19	15	12	14	8	20	20	4	3	7


2	2	2	2	1	2	2	2	1	2	2	1	1	1	1	2	2	1	1	2
4	1	2	3	4	3	2	5	1	1	1	2	5	4	5	1	2	3	1	1