100	6	20

1	1.3	1.55	1.75	2.1
4	6.76	9.61	12.25	17.64

85	85	22	94	54	89	99	81	92	5	9	95	21	5	94	35	10	3	68	45
4	15	30	84	82	37	49	77	50	54	51	71	34	56	63	3	95	5	8	39
58	90	34	54	63	64	43	69	1	6	62	71	44	32	72	93	75	8	12	10
6	83	94	87	70	25	23	34	34	71	57	61	51	10	56	85	48	21	26	89
9	62	39	79	7	17	87	44	21	29	53	17	21	17	52	20	41	47	46	19
10	76	90	44	44	86	84	48	64	23	24	6	68	19	62	63	22	33	45	32
87	22	33	42	43	84	41	34	64	57	32	11	10	74	90	81	11	23	41	37
89	79	48	75	81	53	80	36	29	40	42	45	8	94	75	47	74	1	35	7
56	21	36	60	42	50	68	60	33	77	97	24	50	71	79	16	11	32	74	99
91	87	60	45	5	75	52	62	14	39	65	61	64	6	64	57	44	14	56	4
49	72	65	73	98	73	16	28	57	97	82	46	82	86	60	46	35	96	46	70
44	80	67	22	52	58	4	57	27	14	92	82	3	5	90	76	60	42	1	92
15	48	71	21	9	97	31	27	58	94	88	57	89	73	96	56	74	97	87	13
94	9	18	71	16	8	51	75	81	81	96	4	71	85	17	40	20	26	89	77
88	47	4	98	35	14	15	33	54	59	76	26	54	65	47	3	34	78	21	65
94	25	80	59	38	37	7	61	83	60	92	22	51	56	83	55	69	67	64	35
10	83	31	42	11	79	43	96	49	19	31	3	23	81	30	16	14	12	46	65
75	77	72	48	7	48	45	2	80	68	11	15	78	3	11	59	79	97	77	69
85	80	99	35	49	81	7	10	89	60	70	82	22	49	78	36	2	64	37	21
63	46	50	85	35	60	29	37	52	32	42	83	60	38	38	73	36	80	89	71
73	64	89	20	40	86	78	53	67	87	89	95	47	23	46	59	83	66	31	3
4	64	57	74	51	75	10	50	50	59	26	19	5	35	96	60	78	10	18	26
59	58	24	65	63	89	79	17	54	40	93	69	2	44	36	3	65	80	9	76
61	79	8	13	91	32	49	33	80	48	94	16	88	47	45	95	4	37	76	11
96	7	35	5	88	91	3	22	77	14	36	69	2	89	1	93	34	3	47	21
57	52	58	72	97	18	77	12	39	9	94	83	95	47	92	53	71	84	58	56
37	25	20	13	93	49	78	5	87	75	26	26	39	73	4	38	61	92	66	20
70	9	46	73	39	72	54	82	24	48	80	84	85	67	55	61	32	58	23	68
69	19	52	78	2	38	23	46	59	63	57	94	78	9	87	16	51	16	25	57
34	34	28	8	29	40	46	83	77	68	96	79	90	38	11	98	61	10	12	88
14	41	13	40	17	38	50	43	33	31	5	65	6	95	72	74	26	83	46	1
43	77	69	12	4	21	63	42	60	36	24	53	29	97	52	31	36	7	1	11
76	65	96	98	30	30	94	12	2	41	11	67	33	63	1	79	6	44	71	93
68	96	41	95	94	81	99	9	5	23	14	84	99	95	9	12	87	28	79	85
55	72	30	70	59	29	71	88	98	7	39	29	48	24	17	33	25	67	58	8
15	3	29	94	5	60	94	42	8	57	78	55	5	26	1	17	47	62	47	73
72	79	98	37	42	5	95	44	89	85	61	7	11	1	66	57	58	75	26	90
6	73	53	30	94	19	24	41	47	8	58	49	30	25	7	38	86	91	2	79
5	56	86	29	76	69	99	92	36	69	32	35	34	85	93	54	52	82	47	59
66	32	43	77	21	89	7	27	61	40	11	27	6	3	75	23	31	40	86	22
70	93	62	12	90	57	48	88	18	59	74	82	5	33	39	3	92	75	31	98
22	33	10	21	16	20	90	82	7	67	9	45	89	67	76	21	43	92	25	42
85	33	45	39	88	71	37	52	10	76	38	58	10	11	43	88	6	75	8	30
87	44	50	87	58	79	86	38	68	25	35	28	58	24	74	74	89	67	38	18
74	60	78	41	71	91	27	59	78	9	94	50	8	33	44	19	29	60	7	22
5	80	35	30	53	9	98	28	50	15	70	33	67	62	53	77	48	52	38	58
47	52	35	33	97	79	62	93	10	13	41	75	41	11	81	6	43	87	31	66
83	43	53	28	92	87	37	90	48	54	73	98	14	35	76	14	69	17	26	41
86	98	93	59	52	4	15	17	18	5	84	97	97	49	2	10	88	84	31	22
68	14	98	82	4	92	54	32	87	74	62	55	42	13	70	37	34	32	16	13
73	90	94	39	24	57	51	9	64	3	32	41	96	23	91	72	26	2	65	10
97	97	69	7	73	73	22	69	32	23	17	27	85	22	51	88	54	60	8	21
76	66	48	63	81	68	55	93	34	13	5	60	16	31	99	76	44	89	29	3
70	11	91	43	53	29	94	8	15	13	2	22	8	72	69	32	11	26	90	47
25	17	81	57	41	12	12	58	59	15	82	33	84	24	92	43	98	19	81	31
52	72	98	39	35	66	16	18	3	66	47	57	26	71	15	46	19	6	85	25
87	94	40	74	59	7	36	42	26	52	27	15	73	3	15	11	64	82	37	26
66	42	56	60	1	18	10	78	83	42	34	75	24	46	68	81	13	52	2	85
83	52	57	65	15	38	28	11	37	5	2	92	83	90	20	24	62	22	71	51
45	37	17	76	26	55	83	43	96	25	12	95	16	15	48	81	87	29	25	39
3	71	66	15	56	72	95	73	77	61	48	85	5	71	34	3	6	91	41	37
28	29	43	88	70	98	63	47	15	35	79	60	57	25	20	10	16	31	4	77
32	62	20	68	29	52	87	18	50	28	12	13	51	89	29	37	12	45	98	63
47	58	2	10	9	96	31	53	46	82	53	31	7	8	29	40	38	56	43	60
26	32	98	12	56	89	26	8	83	48	30	75	61	29	66	9	31	65	77	61
47	26	94	11	23	58	36	28	62	23	84	54	36	12	2	64	91	77	56	27
54	41	68	85	94	51	35	97	42	34	89	38	90	95	71	5	41	34	52	95
1	18	16	51	9	36	99	6	95	26	11	18	75	48	98	60	80	42	83	4
82	86	45	60	29	38	53	34	46	81	52	54	36	64	58	91	21	67	40	64
92	3	37	70	34	44	67	76	91	6	53	7	24	17	4	26	27	76	53	60
52	19	88	48	21	77	28	22	4	30	35	90	46	55	89	50	74	22	11	20
66	46	92	67	53	65	27	60	27	71	59	65	94	9	74	25	6	26	58	85
19	53	90	83	15	51	26	83	41	73	65	51	78	21	96	64	72	65	6	46
79	60	34	79	26	92	87	12	54	56	25	22	84	28	3	68	48	12	45	24
74	55	23	65	93	69	34	89	76	35	34	56	63	56	58	70	22	37	22	77
58	75	68	48	82	67	33	46	60	34	95	43	90	5	31	15	74	23	47	20
89	49	27	59	47	35	75	64	23	54	99	32	82	97	94	17	79	57	83	55
98	86	94	46	20	93	71	12	22	74	43	32	93	25	74	1	74	40	6	9
4	81	26	22	1	53	64	97	42	11	43	11	23	55	75	87	16	18	8	39
48	64	94	74	35	81	3	60	98	66	79	39	95	99	19	90	29	96	20	26
86	74	24	39	86	72	88	75	34	71	18	67	24	44	78	19	12	24	85	16
78	42	92	3	94	63	15	10	59	58	8	32	49	79	45	81	42	87	18	37
37	83	69	59	11	94	82	75	75	21	89	38	85	35	5	89	66	51	96	9
28	3	57	54	48	58	52	88	95	87	17	51	31	69	79	13	6	3	78	99
96	48	22	18	89	99	8	43	43	78	80	77	34	9	9	39	94	58	42	74
2	66	99	56	31	28	64	23	15	47	21	80	58	72	36	40	87	76	95	78
29	67	38	85	59	41	4	63	99	21	44	41	5	73	38	50	65	88	25	4
74	2	61	1	63	68	51	47	56	21	47	51	61	88	63	80	35	84	12	18
11	37	63	36	53	73	48	59	47	26	4	47	78	27	31	58	46	86	63	42
95	20	83	91	18	79	2	19	52	58	84	67	20	8	25	56	96	9	40	30
6	6	77	75	97	31	75	63	53	74	22	59	26	35	69	19	83	97	20	85
77	90	35	73	16	53	47	35	96	92	78	54	91	90	15	31	73	81	28	77
74	37	92	66	87	84	72	6	45	55	5	19	14	97	15	50	35	19	87	2
3	18	98	71	40	4	29	43	5	86	42	46	12	38	79	22	74	50	74	36
13	64	9	8	88	41	66	72	66	44	14	99	22	45	71	24	19	26	95	81
17	7	98	29	94	64	32	95	45	83	52	18	59	80	69	88	73	34	3	94
26	73	8	16	73	71	42	32	57	49	99	68	50	37	91	85	4	34	14	88
53	63	44	56	66	35	76	4	48	17	40	59	26	87	74	66	13	4	12	17
4	51	16	7	23	26	73	24	52	64	32	94	51	69	85	92	81	16	26	51
90	81	49	44	3	90	55	61	14	69	52	68	11	77	6	18	54	7	24	64

17	1	11	7	1	2	19	17	6	10	3	2	9	1	9	19	6	9	10	19
10	17	17	16	6	5	10	16	1	18	15	2	18	2	6	19	4	11	6	8
17	14	15	7	16	12	6	17	9	4	8	11	15	19	15	8	6	14	19	3
10	17	18	20	15	15	3	12	14	19	15	16	9	13	19	17	11	8	14	3
7	4	1	15	8	19	12	1	2	17	10	10	17	15	18	18	15	13	11	16
20	6	6	16	17	20	5	10	8	9	10	5	1	9	15	18	5	20	20	19
1	9	16	14	7	17	13	6	13	5	3	13	17	18	17	10	5	16	19	17
10	20	5	4	7	19	2	7	2	12	7	9	12	5	4	20	18	3	20	2
3	6	15	2	1	18	17	12	20	19	20	16	11	17	20	3	10	5	17	13
15	11	17	4	11	6	10	17	4	18	7	18	16	16	7	12	5	10	3	16
2	15	13	8	16	18	14	15	3	8	17	11	6	16	12	6	8	16	11	9
3	11	7	13	5	19	7	9	12	3	8	18	17	2	18	7	17	5	18	11
2	10	11	1	3	5	9	13	17	19	20	12	7	9	9	7	16	16	16	15
10	7	10	1	3	3	17	12	13	15	11	17	2	12	10	1	14	18	7	13
15	3	9	14	17	14	5	3	8	19	16	4	11	3	2	4	5	19	8	13
6	15	7	7	15	3	17	6	13	4	5	20	18	15	15	16	19	10	11	6
13	11	11	12	3	1	8	1	8	2	12	16	13	3	15	7	2	6	19	12
9	2	13	20	17	17	1	20	3	4	5	13	4	5	16	4	18	6	9	5
1	13	4	5	5	14	9	4	19	12	11	5	11	7	11	6	20	9	10	2
15	6	6	1	9	9	6	9	3	2	10	9	12	11	5	3	2	2	6	10
13	8	6	17	10	10	6	15	11	11	1	20	20	7	2	16	9	1	17	10
10	3	14	6	18	10	4	18	13	6	1	2	19	20	13	17	7	13	6	1
5	10	7	20	13	20	15	14	8	4	20	6	7	20	14	13	6	10	16	1
3	14	16	11	16	20	13	16	1	19	12	14	11	4	17	11	12	4	13	17
12	14	14	16	9	18	11	11	7	20	2	5	16	19	7	5	17	13	19	12
18	2	4	15	16	14	19	5	7	12	16	13	16	18	14	11	15	19	4	10
17	14	19	14	3	17	7	18	3	4	3	8	15	14	4	9	14	8	6	6
8	3	16	8	6	19	1	5	7	6	11	9	7	20	1	8	14	17	7	17
11	17	13	9	2	19	16	6	16	10	20	18	19	5	14	3	14	8	15	17
11	4	13	11	20	18	5	20	1	10	2	10	10	7	17	17	14	7	13	2
13	7	6	8	13	18	13	1	18	12	5	3	1	20	13	18	6	9	16	2
14	20	13	4	12	19	2	15	11	9	19	2	6	12	12	12	5	17	7	3
3	1	12	5	18	10	13	9	3	4	16	14	17	20	10	6	8	10	12	15
7	6	13	17	18	2	14	20	10	18	4	7	20	9	12	5	14	2	15	11
17	5	4	18	20	9	8	6	13	19	4	14	12	16	19	11	11	3	6	8
8	1	5	12	6	6	16	5	16	17	2	16	11	13	7	20	15	7	16	19
7	17	6	11	18	6	10	13	15	7	10	15	15	20	5	9	18	6	9	14
16	15	1	6	6	1	18	19	11	4	10	1	5	6	1	9	15	12	14	6
19	15	15	2	19	6	11	4	10	3	5	19	13	17	10	9	15	10	20	10
3	18	15	16	14	3	10	4	2	7	1	18	5	8	15	17	16	10	6	11
18	8	9	10	20	7	8	15	14	19	7	5	8	10	8	19	8	18	9	10
1	15	10	18	1	5	17	4	3	16	5	16	15	3	9	17	12	18	10	18
12	3	8	18	4	14	9	2	1	13	9	4	14	9	15	6	12	19	2	6
3	14	15	3	7	11	2	7	16	16	1	6	20	8	11	5	4	1	9	1
13	4	10	9	14	17	1	8	6	16	14	16	6	3	5	15	17	18	10	20
1	16	18	10	8	6	16	7	9	16	15	16	6	1	6	6	12	19	18	3
9	12	17	3	6	11	13	3	4	1	18	20	2	20	9	9	7	9	15	20
13	5	14	17	9	7	20	18	20	2	20	20	16	17	5	16	6	1	2	12
14	3	14	2	12	12	1	16	8	4	16	18	14	11	4	15	13	2	18	7
13	2	6	9	19	2	16	11	5	11	2	4	19	16	14	12	16	17	16	14
3	19	8	12	20	9	19	8	5	11	9	1	11	18	20	3	20	11	18	6
12	20	1	10	14	6	8	10	10	13	12	1	2	15	4	10	6	5	12	13
10	4	14	15	12	6	18	9	12	3	11	7	7	7	3	19	18	16	9	14
3	4	20	9	11	19	11	6	2	15	9	18	19	20	6	1	9	19	12	5
8	20	11	19	20	15	1	14	4	13	18	6	16	9	17	20	19	11	5	6
12	16	13	8	17	16	6	20	9	11	18	12	18	19	19	15	3	4	10	16
13	11	8	1	15	17	14	1	5	8	11	12	2	1	9	3	17	18	6	19
9	12	12	2	15	2	12	9	10	4	12	18	12	11	1	9	7	4	5	5
4	10	18	6	9	20	20	12	3	11	11	18	20	17	8	6	3	7	8	3
3	10	20	18	4	13	20	1	4	12	9	1	13	4	7	10	14	18	12	16
11	12	9	14	18	7	3	9	2	8	2	17	18	17	6	14	13	15	18	9
16	12	13	11	16	11	3	14	4	15	7	1	15	10	19	14	12	12	15	2
12	19	14	3	10	12	19	12	18	6	12	9	5	12	12	18	18	12	2	5
2	19	9	4	3	14	18	3	2	5	2	10	4	13	3	5	14	16	5	20
2	9	14	20	19	10	5	16	6	1	18	19	1	7	7	16	4	6	18	9
7	2	1	17	14	15	13	6	17	9	7	19	20	9	8	7	20	17	9	13
14	7	8	8	17	6	17	14	14	8	13	16	1	9	18	19	13	17	19	11
13	8	16	1	12	6	13	10	4	4	3	10	12	3	8	15	7	19	18	13
11	16	11	13	4	9	13	7	12	19	10	4	13	7	5	13	17	10	18	17
18	9	2	17	2	15	11	7	6	15	17	6	13	7	16	2	20	7	7	7
14	11	5	10	3	13	16	10	17	12	5	18	17	2	12	11	5	12	8	5
20	13	11	7	4	20	19	1	1	19	10	17	12	11	16	11	12	16	17	19
1	6	16	1	19	14	15	5	19	3	3	4	2	10	8	2	10	4	8	18
7	16	2	1	9	16	7	1	14	20	6	13	3	6	14	5	5	9	12	18
18	7	14	11	12	17	20	14	14	9	12	5	16	9	14	14	1	18	6	17
15	5	14	19	15	20	5	19	18	15	5	10	1	4	6	2	2	11	18	4
2	18	10	17	12	3	5	14	7	3	7	3	2	10	8	13	18	8	14	12
1	20	3	2	6	1	10	7	17	10	5	8	15	14	1	2	5	14	14	16
19	9	4	1	9	6	14	4	5	11	6	3	5	13	15	9	18	12	13	10
13	4	10	11	16	2	14	9	16	7	3	10	18	10	19	3	7	13	16	6
13	3	12	1	9	12	16	17	15	19	13	1	15	11	14	19	20	6	17	3
19	5	15	16	4	16	19	17	4	18	13	18	5	14	3	11	10	12	4	18
10	20	5	18	10	9	19	9	20	2	6	20	19	3	13	7	20	7	3	16
8	7	10	1	11	18	14	3	13	18	11	3	13	2	17	18	3	1	10	14
19	16	11	18	15	12	13	1	14	10	2	8	11	8	13	20	3	17	8	1
15	15	7	16	5	15	13	13	15	16	3	18	10	5	3	14	5	7	5	4
18	18	1	19	5	10	3	2	20	11	1	19	12	13	15	6	10	14	19	2
8	1	12	11	5	20	10	11	17	9	12	3	6	15	20	13	18	8	19	15
11	1	17	10	14	10	16	16	2	20	20	11	19	17	11	17	8	11	3	17
10	1	1	11	17	15	9	13	16	19	15	3	12	12	6	13	12	13	12	10
4	11	11	20	7	13	16	20	3	8	13	5	5	15	13	17	9	20	15	7
11	4	3	15	12	2	6	9	5	18	14	16	9	2	3	3	16	18	10	16
17	15	6	12	13	14	16	1	19	15	14	1	16	14	19	5	20	15	1	7
8	13	17	15	2	5	12	3	6	18	16	13	12	1	13	1	7	12	7	3
9	3	5	13	7	4	15	19	7	5	14	18	13	15	2	18	20	1	1	2
5	19	5	4	10	13	7	16	20	12	9	3	1	16	7	17	1	18	10	16
12	9	9	17	12	6	2	7	15	14	6	9	20	15	3	3	8	16	2	10
14	2	19	6	1	18	11	4	5	2	5	8	14	5	9	7	13	20	20	13
10	1	9	14	3	3	15	3	11	4	7	16	20	8	8	14	3	12	14	7
17	11	7	5	4	14	12	4	13	14	5	13	16	11	18	10	6	14	12	10


1	1	2	2	2	2	1	2	2	2	1	2	2	2	1	1	2	1	1	2
4	4	1	4	4	4	2	3	1	5	4	4	4	1	1	3	4	5	2	5