100	6	10

1	1.3	1.55	1.75	2.1
4	6.76	9.61	12.25	17.64

92	90	45	27	92	94	61	33	46	93
47	66	17	59	42	84	72	43	87	13
85	59	10	37	67	96	96	64	59	5
51	71	33	67	85	55	48	94	16	85
39	27	89	1	68	74	70	2	38	46
24	10	35	25	4	70	29	36	2	52
40	70	76	85	99	65	25	27	28	71
68	17	87	51	99	34	54	84	14	13
12	42	65	83	59	77	45	53	82	41
37	74	76	7	80	80	54	60	69	2
5	88	64	57	18	34	39	43	7	61
38	11	43	51	90	25	34	77	28	30
84	14	89	79	66	87	67	29	98	36
67	51	59	12	85	15	49	74	13	26
78	15	95	32	31	1	93	2	11	6
99	98	88	6	36	81	50	60	78	89
79	35	69	80	32	7	57	34	94	89
67	42	52	96	12	27	61	82	48	79
78	75	26	49	87	33	64	13	63	60
63	34	45	44	43	11	2	30	91	5
61	99	43	34	13	68	12	17	17	75
93	48	98	47	45	47	52	84	81	77
94	83	4	5	45	73	17	98	71	3
32	65	40	62	77	91	59	75	27	89
17	88	47	70	27	82	96	78	23	58
78	81	86	92	87	40	77	9	26	47
68	34	84	80	10	39	81	46	55	45
95	90	3	44	21	55	78	38	26	84
5	77	73	74	40	70	99	84	93	9
33	17	71	87	1	48	28	18	85	22
71	85	13	54	38	3	82	67	64	15
79	21	72	79	55	86	1	92	50	88
55	42	35	6	33	26	19	42	31	3
24	80	34	85	72	39	68	91	26	10
89	92	18	81	18	35	60	71	93	4
19	61	88	22	31	51	35	20	29	15
90	1	90	65	4	10	86	63	56	69
79	82	6	88	81	92	22	37	57	57
39	49	59	70	15	6	53	29	86	22
22	13	64	22	42	34	33	70	70	13
46	20	96	45	7	44	32	78	7	74
15	99	97	20	19	25	61	9	80	75
72	30	33	57	72	70	88	53	3	9
16	96	56	5	90	57	96	87	29	23
15	73	3	73	21	82	18	56	40	78
55	48	81	63	55	41	59	91	70	80
34	2	56	4	75	77	56	91	76	32
37	27	90	89	70	9	95	4	89	48
90	64	39	60	48	43	37	28	22	52
96	2	75	30	47	44	27	2	58	65
12	20	3	93	2	16	17	12	10	56
4	67	12	28	15	98	88	43	24	28
79	66	27	65	33	56	43	88	20	87
62	54	19	88	26	10	79	27	23	92
61	17	61	59	99	97	58	78	18	25
59	28	60	26	16	60	99	33	63	37
13	63	4	97	34	9	68	66	83	51
87	86	17	62	56	69	46	9	81	29
26	49	58	21	50	13	27	47	32	94
19	16	55	83	50	7	30	51	65	1
95	55	52	64	8	57	17	11	47	44
41	98	17	87	26	59	17	82	93	94
56	29	8	76	83	27	35	95	73	97
97	66	32	21	21	75	27	14	78	75
32	41	82	36	66	34	78	53	3	48
66	29	22	71	52	98	54	9	87	62
6	39	93	39	56	64	11	88	19	89
40	2	51	15	19	63	28	40	17	40
36	30	75	73	2	3	66	67	81	40
4	1	53	51	91	72	21	16	14	71
18	56	5	28	38	76	56	47	46	75
4	36	63	84	24	27	18	39	49	64
36	55	28	24	55	26	50	70	78	85
54	50	91	10	42	32	67	71	72	53
98	43	58	19	96	52	9	64	11	80
8	15	19	90	89	50	25	29	65	71
48	2	61	2	95	69	2	67	90	72
65	77	91	76	21	31	79	2	82	51
9	72	41	58	64	28	27	97	66	2
62	31	16	24	50	21	24	44	47	30
78	66	7	30	34	68	94	2	17	42
91	78	39	68	94	79	45	16	57	38
50	11	68	97	27	25	51	93	15	22
32	58	59	2	96	61	98	3	51	55
40	23	44	71	16	12	83	30	61	97
59	12	58	27	20	77	76	97	82	75
53	61	50	79	18	25	76	8	96	58
27	88	51	83	98	54	91	7	85	24
8	65	62	4	6	44	53	67	65	28
17	81	5	14	11	62	72	42	6	23
78	60	17	98	50	70	66	15	7	14
66	26	31	95	5	35	74	13	60	48
70	36	28	34	17	24	35	5	7	96
16	82	95	75	39	96	97	87	78	55
43	29	30	96	62	88	76	36	71	53
32	23	73	54	24	97	96	47	63	54
50	53	56	34	51	41	50	94	2	54
58	61	54	54	57	48	20	77	69	82
16	66	20	49	38	14	89	98	60	95
47	90	1	4	35	53	18	2	53	30

8	2	16	13	4	5	5	3	10	16
8	13	6	6	3	9	20	12	20	3
10	3	18	9	6	5	8	20	4	10
14	15	16	7	10	17	3	9	15	8
17	9	9	14	3	9	4	9	4	9
19	20	10	15	12	2	6	2	7	3
16	18	8	18	7	1	19	16	5	14
4	19	16	20	8	13	17	4	19	11
4	16	17	4	12	1	2	2	20	17
17	10	16	9	5	14	7	6	6	17
13	13	9	12	1	8	11	16	18	1
15	17	17	19	18	11	11	19	14	14
7	7	13	9	10	2	18	17	9	5
2	1	1	4	6	17	13	6	8	7
20	18	9	1	13	11	19	18	18	15
13	13	9	7	14	19	2	3	5	1
10	6	10	13	14	15	11	13	17	5
19	6	3	12	13	10	2	6	9	6
19	12	14	5	17	3	2	4	16	20
4	18	18	17	2	4	13	19	4	3
20	9	16	15	7	10	20	18	10	11
14	17	20	3	14	7	6	9	6	17
8	19	16	13	1	9	18	4	4	14
15	16	6	17	16	4	8	20	18	3
18	6	10	7	4	13	19	8	3	20
7	3	16	7	18	1	2	7	13	5
18	9	6	13	18	14	14	8	19	6
13	14	14	18	19	11	2	1	1	15
17	11	3	5	17	9	20	14	19	14
12	11	4	5	3	12	14	20	2	15
1	5	2	6	6	9	18	15	2	15
11	2	20	14	18	8	14	15	3	12
11	19	4	17	18	10	20	5	8	5
19	6	15	2	4	13	18	13	1	18
19	7	12	12	11	17	18	15	15	2
19	12	17	18	8	9	1	5	18	11
18	10	10	9	12	1	12	10	14	19
3	4	16	7	15	11	19	2	4	12
9	6	10	10	20	12	3	3	5	2
18	5	15	18	11	4	15	17	8	4
14	14	12	5	6	10	4	19	18	13
4	9	3	18	6	1	18	5	7	14
15	10	17	8	12	19	15	7	5	11
20	14	19	19	20	8	7	2	9	18
1	20	14	6	3	1	3	4	1	2
18	8	7	18	6	9	9	6	7	7
3	10	3	10	19	1	2	5	12	19
20	10	19	3	6	13	17	14	5	4
10	12	19	11	13	17	7	3	18	12
15	17	15	11	4	3	8	10	4	10
8	17	5	11	12	18	2	2	19	1
18	16	18	15	5	8	1	20	7	17
7	5	18	20	16	16	20	9	3	13
6	13	8	15	10	7	8	13	5	4
9	18	13	20	10	3	9	7	17	6
18	19	12	5	18	14	12	19	5	2
20	20	17	6	19	9	19	1	14	8
20	20	4	11	10	20	19	17	7	8
8	6	18	17	17	18	16	11	5	10
1	14	7	19	4	2	20	7	3	13
4	18	6	19	4	18	4	7	13	17
13	15	4	5	18	2	1	15	5	20
7	10	15	1	13	20	15	13	1	19
17	11	8	18	3	19	10	20	18	19
3	15	3	20	10	20	20	9	7	1
10	13	5	16	20	4	8	7	5	17
19	19	6	16	4	7	7	15	11	5
11	14	10	18	9	19	16	3	18	2
18	2	10	9	3	19	5	1	6	5
13	10	13	1	17	9	10	6	3	2
9	13	10	13	1	10	1	11	14	14
2	17	3	12	7	19	5	5	15	13
17	7	12	8	6	3	2	16	18	13
11	19	19	8	18	11	17	19	5	18
6	19	16	3	16	9	20	4	4	1
18	14	2	14	1	2	3	13	9	6
6	13	9	7	2	19	10	3	16	6
20	4	13	19	19	16	6	6	18	7
11	16	14	15	18	2	2	7	15	13
3	13	16	17	12	12	2	4	20	12
5	9	11	8	6	3	19	14	4	10
18	8	6	7	3	4	8	13	1	15
7	11	14	7	17	3	5	17	10	6
14	1	9	20	15	20	14	18	3	4
14	19	4	14	10	5	14	3	16	2
5	12	9	6	7	17	14	17	7	19
20	20	17	1	3	12	14	4	16	20
10	19	2	1	16	6	12	19	9	13
16	12	5	12	20	3	5	7	4	6
14	13	1	7	4	9	11	2	16	12
2	19	1	3	11	10	3	6	15	10
1	14	10	15	20	15	1	13	6	6
12	5	6	8	3	9	2	9	19	11
8	13	6	15	14	16	3	8	10	5
2	6	2	5	18	19	6	20	12	3
18	19	10	9	12	4	16	9	16	19
12	12	10	18	16	16	9	16	19	12
14	5	16	14	2	11	5	15	11	20
3	4	20	13	4	8	5	15	10	18
20	6	5	1	3	17	6	11	12	16


2	1	2	2	2	2	1	2	2	1
2	2	1	3	2	3	2	4	4	5