100	6	10

1	1.3	1.55	1.75	2.1
4	6.76	9.61	12.25	17.64

77	55	41	78	28	84	83	11	6	87
18	78	85	78	44	18	60	43	28	9
59	97	50	91	10	18	15	99	6	46
79	70	38	29	65	88	59	37	74	18
3	62	13	46	32	50	55	30	47	17
35	92	69	69	19	75	24	92	11	95
32	88	29	50	59	92	67	9	82	2
18	34	89	52	86	8	47	22	52	44
26	12	56	36	7	85	17	41	56	6
27	89	2	53	60	20	40	72	51	87
92	17	24	9	42	66	80	61	97	90
17	67	89	85	85	15	18	17	76	38
31	89	26	26	65	34	56	48	75	50
28	98	83	39	44	64	51	7	85	15
78	62	78	18	57	51	92	24	17	23
21	57	39	63	33	69	92	83	35	87
69	81	62	19	98	91	63	44	69	62
29	87	22	8	10	70	42	86	76	84
75	22	9	26	45	47	19	9	77	82
20	49	97	57	86	55	3	41	29	28
83	54	40	46	21	27	10	81	40	19
3	16	81	32	20	78	24	7	89	12
91	91	60	50	35	37	81	20	8	42
27	37	81	14	69	39	37	18	56	49
46	27	94	23	70	19	80	13	49	96
34	33	32	87	11	58	51	82	79	45
83	33	16	44	64	31	4	29	99	88
88	90	66	10	90	24	43	20	38	65
86	15	81	89	25	61	22	38	91	22
70	87	20	26	60	83	36	66	59	43
41	35	49	69	15	21	96	91	34	80
41	77	86	12	76	88	99	43	47	75
54	15	41	96	76	62	57	39	17	60
36	44	60	71	22	10	88	22	2	93
58	50	46	81	92	86	31	89	65	19
66	59	56	99	16	18	28	75	91	87
76	16	8	98	76	19	99	29	92	56
46	8	21	66	14	27	52	36	83	98
33	82	72	50	69	25	81	46	55	84
68	15	23	26	2	77	59	9	93	75
37	61	91	44	6	13	98	83	42	54
59	31	13	86	14	61	84	56	1	77
46	58	51	33	18	37	59	79	10	83
99	43	38	46	10	38	27	55	69	43
81	37	34	22	77	75	32	45	35	53
12	17	19	33	79	41	25	71	33	66
84	13	37	92	4	81	3	89	90	32
12	86	15	95	94	57	11	4	62	14
22	42	43	15	65	43	65	83	1	6
80	15	71	69	54	67	21	84	79	34
98	59	76	9	91	41	11	26	97	90
13	23	78	57	85	40	70	8	42	46
17	63	19	83	15	45	27	23	10	75
62	37	30	14	99	81	94	29	30	43
62	62	46	29	85	14	59	55	17	14
39	95	35	98	85	67	23	69	22	9
26	66	5	58	21	38	92	41	57	72
6	83	62	6	87	56	64	43	99	46
5	40	76	95	70	65	40	61	65	48
81	57	97	59	41	40	56	20	81	18
66	82	26	27	86	9	33	26	40	80
28	76	56	4	38	77	75	88	85	14
45	97	19	15	49	86	1	29	1	25
87	54	40	49	78	34	78	3	63	56
36	54	43	28	85	56	43	15	64	50
20	82	61	49	37	7	3	6	36	45
81	81	34	35	62	15	40	34	65	21
34	67	47	71	52	54	86	54	80	5
68	78	40	83	13	99	58	20	90	40
31	61	44	43	65	19	6	14	44	2
7	57	35	20	66	64	9	87	80	43
14	40	5	3	14	72	84	90	15	92
25	2	79	43	48	20	46	97	6	57
62	65	50	32	90	6	65	83	54	94
29	95	11	49	64	65	7	98	31	53
53	12	39	19	32	35	13	63	93	33
22	99	30	18	87	77	9	61	40	62
28	43	39	95	23	42	40	73	86	69
91	63	41	95	43	16	40	19	95	88
62	62	71	29	52	82	14	83	36	39
54	11	18	2	24	31	8	3	74	39
85	89	33	38	93	36	80	92	26	54
71	60	6	38	94	17	27	40	99	6
92	66	31	42	17	68	8	99	98	10
76	96	44	14	95	45	76	55	13	72
66	57	34	78	24	5	68	71	17	33
20	43	55	53	60	79	2	79	47	19
9	63	85	71	56	74	87	79	48	44
84	92	13	77	21	3	46	68	72	80
77	57	84	85	12	51	36	84	68	1
1	26	70	13	61	35	5	2	62	74
96	35	94	32	90	51	99	49	99	78
39	11	42	33	3	73	85	82	88	34
41	21	82	84	95	38	83	76	8	37
13	93	77	38	89	86	39	34	20	4
43	42	94	59	44	74	83	14	73	97
47	51	85	76	83	18	24	88	88	68
59	95	38	90	68	52	57	98	30	90
2	88	89	22	24	95	5	18	60	29
80	40	9	76	92	90	6	16	9	52

11	1	12	10	1	14	6	7	18	4
12	15	9	5	5	20	2	3	20	13
6	3	5	4	8	6	9	4	15	10
11	6	15	11	13	9	19	13	5	20
13	2	16	2	19	15	6	19	11	20
11	17	10	6	10	1	10	7	4	18
3	12	19	3	17	10	15	9	5	2
6	17	12	7	3	14	9	11	1	16
2	10	7	7	14	5	19	18	16	15
3	3	3	17	10	3	1	2	8	7
10	18	2	9	3	1	4	18	14	1
20	9	2	5	9	3	7	15	12	2
15	8	17	12	9	17	2	17	20	3
20	19	19	20	14	19	20	14	17	7
4	20	13	18	18	10	10	5	19	2
3	13	7	16	10	19	8	17	9	6
14	3	18	17	17	12	6	1	2	15
12	16	14	11	13	15	16	16	18	10
3	19	12	5	17	1	2	11	1	10
17	4	2	9	10	10	8	2	4	10
6	3	5	19	13	5	8	10	10	11
3	17	2	8	10	20	4	16	17	1
1	20	14	10	7	8	13	1	3	1
11	18	14	7	15	3	9	15	4	20
16	9	6	11	9	10	18	14	3	6
14	6	11	7	15	5	3	7	10	15
11	4	10	19	3	3	2	13	15	4
5	19	9	10	11	8	6	15	8	12
3	18	15	15	20	4	11	16	5	19
12	2	10	8	4	16	9	19	2	18
20	3	14	1	1	9	2	5	18	5
19	7	10	4	9	3	5	17	11	15
12	17	19	2	18	16	2	19	9	12
18	17	8	20	4	1	3	16	2	7
19	5	6	18	13	1	17	16	3	11
3	7	7	19	20	6	13	15	5	9
18	19	4	1	17	12	2	4	17	4
10	2	10	12	10	18	5	2	18	17
9	9	8	10	14	3	15	1	3	18
16	17	7	14	11	19	11	1	7	11
1	6	19	12	1	6	13	12	19	16
4	13	20	5	8	14	11	18	5	10
12	11	3	14	19	5	12	15	17	19
12	2	2	20	1	10	2	1	2	19
15	2	13	2	16	2	1	8	4	2
9	16	10	18	18	8	3	14	9	7
19	2	9	2	12	4	3	17	14	7
4	17	4	8	20	17	19	2	16	16
4	3	4	2	16	8	8	17	17	3
3	5	17	18	8	4	6	9	14	11
9	7	17	7	15	3	20	19	12	6
12	10	2	15	13	7	10	8	11	15
8	11	16	4	20	8	1	19	12	14
15	15	15	20	12	4	18	10	15	15
14	14	7	18	3	3	17	13	18	8
14	2	9	4	2	16	20	13	11	14
19	18	19	7	13	15	7	3	18	13
3	14	3	18	16	11	8	12	3	5
5	3	6	7	4	12	4	7	11	2
6	16	20	10	8	20	5	9	14	18
3	4	19	11	12	12	11	4	9	14
17	16	15	4	4	11	16	1	6	20
12	14	1	2	11	18	10	6	18	18
4	9	8	8	7	17	13	13	14	2
9	17	14	10	11	15	7	5	4	12
15	6	5	3	12	14	9	2	9	15
2	8	1	17	3	2	11	12	9	2
9	12	19	17	17	9	18	15	11	4
5	10	4	20	7	20	9	16	12	12
12	10	15	19	2	17	4	7	14	5
18	1	10	15	11	8	20	13	5	2
10	12	14	9	7	12	1	6	19	18
13	2	17	16	7	1	12	15	20	7
9	13	18	16	1	12	8	4	16	8
15	10	6	15	19	18	7	1	2	6
7	11	17	16	8	5	4	18	20	13
6	12	18	17	9	14	6	18	1	1
19	13	16	1	13	7	2	6	19	1
5	9	5	16	6	10	9	14	11	11
18	2	15	1	8	18	5	20	7	19
2	5	17	3	1	17	1	12	7	3
6	15	2	7	9	5	12	9	3	20
10	17	2	17	13	9	7	12	3	1
12	14	18	19	13	9	1	13	19	18
6	10	1	15	13	8	10	7	6	4
6	18	9	2	2	11	12	6	2	20
5	19	17	7	19	4	19	3	19	15
8	2	12	18	11	7	3	18	6	19
5	9	11	11	20	16	16	2	19	7
16	9	4	5	5	6	10	13	5	13
12	12	18	16	5	13	2	8	9	18
15	16	17	18	13	3	2	16	15	9
6	18	15	6	1	14	8	19	9	15
17	20	13	14	15	1	20	14	14	6
14	20	8	10	16	11	16	12	3	9
2	10	8	5	12	7	14	12	19	6
10	2	7	12	9	1	2	9	17	15
1	9	10	8	13	11	2	8	1	18
19	17	2	6	5	1	3	4	11	7
6	15	5	16	13	5	3	3	13	20


2	1	2	1	1	1	2	2	1	1
5	4	2	4	3	2	2	5	2	5