100	5	10

1	1.3	1.55	1.75	2.1
4	6.76	9.61	12.25	17.64

84	99	38	22	63	55	75	54	50	97
16	55	67	93	36	3	16	61	94	67
61	34	77	62	51	81	94	7	80	41
79	61	58	21	88	76	37	73	35	2
8	45	17	77	37	92	12	63	84	32
26	67	39	30	13	98	72	61	60	56
22	15	62	42	70	98	4	23	18	40
57	71	60	56	95	21	16	60	60	14
52	6	12	71	29	35	35	56	7	11
65	38	8	69	84	46	14	58	45	7
17	43	5	50	35	88	77	93	35	96
62	89	6	75	87	52	36	56	60	74
51	71	65	66	25	86	43	10	48	4
49	61	29	62	94	43	7	15	53	41
42	25	54	10	31	36	86	55	7	45
2	21	53	76	25	87	78	62	48	17
40	97	5	36	18	58	64	85	46	41
29	60	86	41	44	22	48	50	7	59
29	15	32	23	38	6	15	26	7	20
18	25	92	65	24	66	80	54	63	59
87	75	59	76	48	65	67	20	80	42
2	50	19	32	13	51	47	36	44	90
4	67	99	23	40	59	34	83	58	34
30	12	56	58	72	76	42	24	47	1
77	97	3	8	16	19	8	55	38	84
46	27	22	21	43	40	72	74	43	2
37	11	20	28	2	86	21	91	30	37
68	84	24	76	60	90	97	34	67	32
82	60	50	24	21	7	92	79	66	40
96	10	69	90	61	86	25	46	58	58
48	1	56	41	7	49	14	95	33	65
26	90	20	54	19	55	79	16	95	41
33	26	14	25	84	34	12	53	70	87
31	32	46	47	1	58	21	58	65	24
10	10	27	40	33	95	10	36	87	58
83	4	8	23	92	7	39	25	78	27
34	69	90	40	81	25	9	72	43	32
33	99	9	63	79	81	1	5	68	33
70	67	56	78	54	29	13	3	73	88
36	22	15	63	36	49	67	66	3	10
79	94	92	78	72	82	79	9	66	70
57	35	21	35	55	30	78	57	41	37
26	49	21	54	67	3	75	2	94	29
85	88	9	51	55	54	65	92	56	20
45	64	14	32	29	54	4	58	26	42
35	97	47	20	92	57	65	62	5	37
66	66	75	46	7	39	49	58	4	51
88	80	1	71	59	39	84	46	21	91
16	80	33	60	58	93	48	52	5	97
39	61	17	27	23	50	69	35	33	41
71	95	67	55	37	31	71	14	58	35
56	45	81	89	82	20	80	70	20	4
43	69	75	49	10	13	17	78	73	57
15	85	5	98	87	56	22	75	72	87
81	44	30	55	4	95	96	6	92	77
73	20	80	93	44	18	36	66	66	69
50	57	49	30	90	69	40	4	7	19
90	95	36	47	74	15	33	48	7	34
48	12	81	85	30	11	3	59	35	27
23	37	64	74	1	4	25	2	94	37
63	42	30	74	48	84	34	76	89	8
62	24	68	50	91	39	66	28	10	66
64	4	58	47	20	15	20	4	42	6
79	32	84	81	24	50	57	54	63	38
82	70	30	48	52	8	98	57	90	39
72	43	34	26	78	75	52	53	37	14
52	86	90	54	52	5	95	70	79	95
80	79	78	48	24	60	24	55	98	40
53	14	96	82	57	67	11	90	22	84
55	33	8	50	91	61	74	80	17	3
49	53	30	6	50	80	93	68	30	86
75	9	60	12	12	56	84	67	9	35
54	3	52	1	52	13	27	3	36	96
85	8	71	54	56	87	54	78	61	53
26	57	92	84	83	54	59	40	13	55
41	90	67	72	91	53	64	25	4	30
70	64	33	20	62	96	98	61	20	25
80	60	10	84	87	95	11	96	11	43
58	20	64	57	27	35	35	1	21	88
37	57	6	32	66	75	95	8	92	62
8	70	53	40	57	58	21	78	97	33
7	88	34	92	22	90	80	55	58	34
93	38	45	27	21	25	20	51	73	90
93	49	95	66	36	71	49	61	71	42
48	35	49	78	47	50	13	29	73	41
99	78	42	10	43	94	7	56	41	11
19	84	49	35	67	85	42	3	73	13
69	27	63	15	45	1	58	10	8	52
99	62	74	62	55	33	98	25	73	90
40	82	18	56	39	80	84	18	24	6
5	96	39	2	13	64	14	40	57	73
15	23	58	14	85	14	24	16	92	96
95	72	2	65	92	32	48	24	14	31
55	67	20	79	84	22	3	64	6	29
3	67	94	43	50	67	60	13	47	82
63	24	2	7	59	21	41	33	6	11
89	91	33	90	17	74	31	73	8	77
8	21	20	6	67	81	98	41	24	99
29	43	66	86	61	25	48	49	94	79
78	3	28	48	2	1	66	95	15	23

6	12	2	16	8	17	15	1	14	15
15	17	11	12	20	6	10	14	3	2
3	13	14	16	20	7	7	2	1	13
8	16	14	1	8	1	17	12	6	3
4	9	4	11	19	7	6	9	5	7
9	7	2	13	6	13	14	10	16	8
17	14	5	15	6	1	20	14	2	11
4	9	2	8	2	10	16	4	19	4
12	8	19	3	8	15	4	4	16	13
10	14	18	5	8	1	7	12	18	18
10	12	12	5	9	19	19	13	2	4
7	20	17	1	16	14	17	4	16	13
12	15	8	16	2	3	4	1	12	1
13	5	11	7	14	10	7	17	13	16
14	7	5	12	11	11	14	14	9	7
13	16	5	15	20	12	19	14	7	7
13	17	5	9	13	16	7	15	18	2
11	18	7	18	7	4	18	15	17	16
20	5	18	5	7	6	8	8	1	8
9	18	4	2	18	6	12	11	4	8
13	5	1	11	5	8	13	16	9	13
17	10	9	8	5	4	3	14	14	18
12	5	15	10	12	10	18	2	20	7
3	20	18	13	16	4	10	12	16	15
10	7	20	9	13	9	16	5	12	14
7	16	10	7	19	19	16	18	8	12
4	16	18	9	12	12	20	10	5	9
8	3	2	17	15	17	4	18	12	11
7	12	13	9	18	3	10	16	15	10
9	10	11	20	7	8	14	14	19	8
17	11	12	19	11	19	9	16	14	5
13	19	5	15	8	9	6	3	7	20
16	12	15	15	16	7	20	19	12	18
15	4	14	2	7	11	6	13	17	18
15	10	17	8	11	18	10	3	15	1
1	12	13	10	9	14	16	9	9	17
14	1	9	1	5	9	17	15	16	15
2	15	15	8	12	10	19	20	13	17
2	6	7	14	5	5	10	7	19	3
20	7	11	3	7	5	15	3	19	13
19	20	4	3	10	3	6	15	17	7
8	7	14	4	10	16	14	2	19	8
16	1	1	7	12	11	17	14	7	18
3	20	16	17	19	18	15	16	10	20
8	15	4	18	20	5	8	5	7	20
12	11	12	1	4	16	12	4	6	8
13	15	13	13	4	19	19	8	2	15
8	17	19	13	2	13	11	20	17	12
9	9	10	19	12	12	1	1	16	17
13	16	11	9	6	13	12	19	3	6
14	15	3	20	3	3	15	6	15	4
9	10	13	19	11	11	11	3	17	9
10	12	18	4	19	20	9	7	20	3
19	14	16	2	1	18	20	2	12	11
13	18	10	11	5	8	14	12	13	15
6	18	15	8	15	14	7	5	5	19
19	8	18	2	12	14	15	7	12	3
16	5	9	10	7	6	17	19	19	8
5	6	3	20	4	5	19	18	8	12
15	10	13	5	14	8	18	14	6	20
6	7	10	7	7	4	19	10	2	3
12	13	16	18	11	7	13	3	6	17
17	10	6	4	14	10	14	15	3	17
11	16	1	13	4	12	7	16	20	11
1	2	6	17	5	16	15	6	9	4
8	3	4	17	19	13	16	8	12	6
16	3	16	12	17	8	2	8	10	3
17	15	10	4	19	15	20	16	17	17
4	4	9	19	5	18	3	8	16	7
6	10	4	12	14	6	4	14	7	15
3	2	17	6	18	14	16	4	4	10
9	2	11	19	4	8	20	2	17	6
1	11	12	12	15	8	14	13	5	20
17	8	7	6	13	3	12	14	11	18
9	10	6	12	7	12	4	8	14	8
2	20	9	12	19	7	18	9	11	18
3	13	1	8	9	6	12	7	7	17
1	14	9	15	6	16	9	5	3	3
18	13	14	16	13	7	13	19	8	17
3	16	1	20	8	15	2	17	17	3
6	17	2	16	9	19	4	17	11	2
17	2	19	11	2	1	12	11	1	11
5	20	17	20	5	7	10	2	13	6
18	6	19	2	12	20	18	4	20	19
4	19	11	18	5	11	13	18	1	2
13	16	3	9	13	17	9	16	10	15
20	7	10	5	12	9	18	1	18	16
4	8	17	14	10	9	2	6	16	3
18	13	18	19	12	16	17	4	1	11
12	13	10	20	17	9	2	2	13	18
15	5	2	2	7	10	4	10	1	3
5	20	10	12	4	6	7	10	17	19
11	2	3	10	10	19	19	6	9	3
15	9	7	20	14	8	18	7	18	8
19	15	14	4	14	3	9	18	11	20
11	14	17	7	15	1	4	18	17	8
19	5	12	3	20	13	3	20	17	4
9	12	20	7	19	19	13	16	10	17
9	5	5	16	7	8	15	2	13	8
20	5	13	2	8	18	11	19	14	14


1	1	1	2	2	2	1	2	1	1
5	3	5	5	5	4	2	3	2	3