100	7	10

1	1.3	1.55	1.75	2.1
4	6.76	9.61	12.25	17.64

98	66	69	60	39	46	1	70	79	57
41	71	28	13	17	5	50	48	79	64
12	55	55	60	75	67	34	81	14	82
95	11	89	96	55	96	99	65	36	48
96	8	56	1	59	95	40	23	43	37
91	79	96	48	65	83	29	8	72	76
51	27	76	95	41	36	81	78	58	40
94	88	68	55	54	81	24	53	94	33
11	81	79	85	16	90	26	9	22	91
69	72	82	48	40	93	80	75	28	32
53	55	13	10	34	64	2	79	17	99
44	28	61	76	49	90	34	84	47	21
74	67	94	64	52	26	18	88	45	63
43	23	60	29	59	45	15	7	22	42
16	24	74	54	55	69	36	50	40	25
84	81	56	73	80	78	75	76	98	88
33	25	50	61	62	26	84	79	24	55
61	83	49	13	17	19	50	22	39	43
58	28	96	57	51	55	4	61	37	86
24	69	70	5	58	51	50	90	18	24
31	58	34	51	41	4	85	90	92	94
80	27	8	27	5	55	45	50	97	34
71	19	69	41	84	27	94	55	60	8
50	53	21	10	51	91	4	68	93	54
12	20	84	13	84	25	33	81	54	30
25	6	80	59	6	12	43	41	75	45
14	89	96	64	47	84	76	87	84	3
82	87	34	56	32	8	23	86	63	80
38	11	10	60	44	79	7	50	80	46
55	81	35	41	20	34	15	71	9	53
68	10	83	28	18	1	9	9	97	35
83	52	97	40	38	10	78	49	90	76
27	62	92	50	81	18	18	33	34	91
60	31	52	98	47	62	41	60	49	76
5	44	58	54	32	35	77	84	61	6
65	54	7	21	77	50	86	60	39	64
37	44	35	44	18	63	96	80	30	71
8	77	36	33	6	42	39	78	8	20
1	63	31	29	24	28	23	45	22	23
61	67	45	42	15	20	80	43	56	43
96	12	43	30	85	30	96	19	18	18
93	2	35	86	36	26	33	52	83	14
87	73	85	72	20	11	45	8	48	30
35	65	10	25	92	49	26	85	60	16
7	39	51	50	4	93	90	39	21	94
20	47	48	24	47	68	57	43	62	76
80	76	3	65	44	36	64	54	6	8
10	30	83	49	7	75	2	44	61	60
3	18	6	67	16	6	5	26	29	60
88	1	67	78	72	94	24	83	59	76
15	15	33	54	13	97	84	5	78	2
6	34	99	62	18	40	97	68	26	42
52	91	24	75	48	54	38	24	75	57
9	63	5	25	63	66	10	92	20	7
88	89	49	11	15	45	68	7	49	31
59	72	88	25	33	74	40	48	75	67
54	74	18	20	6	95	17	15	97	74
71	65	70	66	36	84	61	14	21	12
53	37	60	63	36	21	50	7	88	50
21	96	1	53	30	65	83	63	77	97
5	76	90	7	37	81	50	62	55	87
67	8	33	67	67	4	86	49	87	59
17	3	79	57	82	25	89	50	3	89
62	97	37	77	27	98	48	97	48	90
18	14	35	62	62	95	72	38	88	66
54	87	1	63	42	67	33	73	23	84
64	57	3	41	49	38	99	30	91	91
35	31	49	59	36	27	78	2	90	49
45	91	37	53	10	42	92	3	41	61
19	3	11	69	58	38	64	41	25	68
44	22	77	17	20	64	94	16	81	47
51	22	20	18	76	97	53	53	29	68
65	15	10	85	4	48	90	76	46	49
86	98	56	22	61	62	12	61	29	7
68	48	96	63	75	39	62	4	17	14
59	16	22	28	80	92	15	96	76	69
73	55	28	73	81	31	5	35	34	83
92	55	32	45	4	61	18	28	27	19
43	50	57	16	80	27	52	46	39	71
26	87	29	10	75	8	93	73	70	25
94	35	86	27	45	56	42	68	5	17
96	66	7	96	99	40	87	1	85	25
49	44	12	67	9	49	55	16	16	11
66	17	95	54	17	3	48	23	33	58
68	95	53	78	23	51	81	93	28	98
86	2	62	96	68	18	67	58	93	70
67	94	8	21	70	80	65	55	22	52
92	55	51	9	86	60	7	8	37	51
39	61	57	23	60	75	29	35	86	24
26	50	94	51	5	1	63	87	31	86
11	40	53	96	67	51	34	9	53	87
92	4	23	68	30	24	55	50	30	78
98	72	31	71	78	84	35	15	70	82
62	13	80	24	8	26	6	85	81	14
57	95	27	87	58	42	83	54	97	27
26	60	76	98	36	98	78	57	56	82
76	73	55	57	3	2	72	38	22	34
96	2	84	36	4	71	35	63	18	87
75	20	71	30	10	5	61	14	96	9
28	28	71	18	85	33	65	35	85	75

19	11	12	4	2	5	20	4	2	18
9	4	9	19	3	18	4	17	17	10
14	15	3	7	4	13	12	2	18	10
12	11	2	6	7	20	6	1	18	9
20	15	11	9	17	6	17	20	15	16
18	5	17	6	6	2	4	14	6	11
14	17	11	11	7	11	4	16	5	9
3	3	8	19	18	18	12	4	17	14
13	15	10	13	4	19	6	17	7	13
2	9	19	1	7	18	1	2	2	2
16	17	18	3	18	11	16	10	14	20
5	9	14	1	9	12	8	17	5	20
5	10	18	1	11	11	14	13	4	6
20	13	19	1	3	17	19	5	11	11
4	20	20	4	19	14	20	11	8	8
9	15	10	9	5	10	12	1	4	11
2	8	1	7	6	11	12	1	6	13
18	20	7	4	2	18	10	15	16	8
9	16	3	8	3	18	19	20	1	7
3	4	6	5	13	14	1	5	11	16
1	20	4	17	13	12	19	6	4	6
1	14	1	17	1	19	10	10	15	5
19	2	10	5	15	14	3	6	8	6
12	16	19	8	10	2	15	14	10	14
10	10	14	6	14	2	9	7	12	11
1	12	4	1	2	4	10	19	5	7
1	12	3	3	15	3	18	3	11	14
18	18	7	18	4	16	4	14	8	6
18	6	10	16	5	18	5	7	20	11
9	19	2	14	3	12	8	5	4	6
11	8	5	20	11	7	15	8	4	20
3	9	10	12	19	15	1	13	20	16
4	2	13	2	14	16	8	17	17	6
14	11	9	2	11	11	11	18	14	5
17	16	4	14	19	3	4	1	6	7
17	18	7	5	19	12	8	16	9	19
4	19	15	3	12	17	15	4	9	19
3	5	5	19	11	6	19	1	16	2
17	8	1	15	14	20	5	10	3	4
14	11	8	17	3	20	6	4	14	19
7	17	18	20	7	17	8	20	6	3
2	18	3	11	12	18	13	20	13	16
2	18	7	14	3	8	8	5	7	12
15	9	11	9	5	15	7	5	12	1
15	19	13	18	3	13	6	14	10	4
8	15	9	19	12	14	12	11	5	7
20	20	15	3	16	6	17	13	1	9
4	8	6	18	13	15	15	11	15	9
7	17	4	15	18	11	13	17	17	15
3	18	12	14	8	13	1	8	19	8
9	12	1	11	1	8	8	11	12	1
18	11	10	11	13	4	20	9	7	12
3	10	7	9	9	1	4	9	18	16
20	7	19	15	5	15	16	10	16	3
8	19	4	19	10	7	14	9	15	15
6	15	18	3	18	12	7	1	11	4
13	14	19	15	7	17	12	19	5	5
3	16	16	5	3	17	11	3	20	5
17	4	17	17	16	4	5	3	7	17
10	7	16	16	6	18	4	19	16	16
17	2	2	20	11	6	5	6	2	18
7	15	10	14	16	20	14	10	2	10
15	19	11	7	1	4	1	17	6	19
18	18	16	7	3	6	10	11	18	4
5	11	9	1	2	11	3	14	7	15
9	16	17	13	5	3	12	10	12	17
9	3	11	15	9	9	18	4	15	5
3	20	12	13	14	7	4	16	4	8
5	2	2	18	15	20	5	14	18	19
3	18	12	17	20	18	2	18	10	4
6	16	19	2	10	11	6	17	9	20
9	10	10	14	14	2	4	2	4	14
10	11	6	11	7	15	17	15	17	7
11	11	1	8	2	6	13	16	18	17
8	11	4	1	7	10	1	1	3	8
8	13	20	11	12	7	16	4	17	18
5	8	14	10	8	8	9	13	3	9
12	3	16	11	5	18	8	12	2	13
18	3	15	19	20	20	4	20	2	4
7	17	1	20	3	9	5	2	6	8
4	20	13	17	10	2	2	10	13	2
5	2	17	4	4	4	10	5	10	10
3	12	19	6	2	18	16	9	11	6
4	12	18	5	1	20	17	18	6	14
11	1	14	3	5	12	15	10	16	14
18	15	4	13	14	9	3	2	17	1
9	12	17	20	18	13	7	20	10	4
4	12	1	12	14	14	5	8	2	18
12	19	5	13	12	5	13	12	14	9
10	3	17	9	2	4	15	7	18	1
4	18	20	14	14	5	10	2	7	19
3	18	13	14	19	1	19	12	20	7
17	16	7	9	16	5	17	18	7	9
4	19	9	14	10	6	20	15	4	8
7	5	12	18	18	10	20	1	7	7
9	3	17	12	10	11	18	3	7	7
1	16	11	11	3	4	6	6	10	14
11	8	15	9	17	1	4	11	18	1
3	16	19	2	15	6	17	7	1	16
4	9	14	4	5	15	12	1	2	3


2	1	1	1	1	2	1	2	2	1
5	1	2	5	1	3	2	4	3	4