100	3	20

1	1.3	1.55	1.75	2.1
4	6.76	9.61	12.25	17.64

13	23	32	63	57	8	63	38	80	59	66	66	10	37	19	90	56	72	6	59
11	13	65	48	1	17	84	8	8	50	79	56	42	14	47	30	80	27	1	17
31	85	14	17	70	18	6	58	49	25	33	27	65	81	46	68	86	4	81	78
28	82	27	15	53	15	26	30	76	51	35	83	96	92	76	17	92	40	32	65
98	8	88	40	19	71	96	4	89	66	75	78	33	43	50	20	29	42	16	84
40	15	13	12	51	49	35	53	20	3	9	59	67	87	97	19	2	87	14	59
40	55	66	30	54	69	10	34	51	23	10	12	88	12	88	16	57	41	8	16
91	37	59	87	35	1	66	31	76	26	45	30	82	63	81	22	67	43	7	29
24	30	94	74	1	9	15	36	50	82	18	79	31	54	66	52	47	20	50	21
70	16	77	67	51	97	31	60	76	14	2	16	39	34	75	45	2	49	31	72
97	19	44	19	66	89	12	74	45	78	64	27	75	2	60	8	28	89	91	43
49	31	50	29	80	81	42	30	50	84	90	69	24	8	70	18	19	40	29	23
17	22	62	18	42	17	70	43	34	14	11	20	1	32	12	18	90	33	80	62
65	36	4	98	5	34	38	20	40	11	56	51	16	56	25	87	3	44	89	84
19	68	47	52	16	97	1	12	88	98	99	81	47	29	45	85	42	38	25	41
71	41	31	2	60	35	40	61	96	93	70	8	65	99	87	97	80	12	32	45
43	89	46	32	75	47	16	72	13	18	34	10	33	85	57	5	23	60	6	23
45	76	54	92	71	45	58	86	28	96	10	48	56	9	44	80	34	20	38	40
99	80	60	72	23	5	63	83	21	26	26	92	12	73	4	22	83	61	56	18
47	36	93	41	11	89	44	70	5	93	12	72	92	80	64	3	10	20	74	69
44	26	24	44	90	38	10	3	22	83	34	45	33	5	68	21	35	37	60	26
60	10	47	74	17	48	89	74	26	25	41	46	77	13	66	20	57	5	79	72
3	99	46	15	66	32	90	85	39	19	15	97	8	66	86	89	19	88	32	30
1	11	16	18	11	94	48	25	66	41	89	40	38	76	53	55	45	72	1	61
29	73	80	86	57	65	96	33	37	89	72	74	80	79	45	4	3	28	75	59
37	9	8	76	30	40	16	82	68	65	76	20	78	39	41	21	15	98	42	30
13	80	52	38	50	83	91	18	15	96	72	4	18	97	42	53	74	60	38	31
63	87	8	86	31	27	39	55	57	33	91	63	26	7	36	97	73	98	45	85
10	10	4	80	79	97	42	71	74	50	69	55	51	24	72	15	45	29	93	20
11	59	88	55	18	9	62	69	18	98	84	45	96	58	26	33	10	18	84	90
38	85	69	15	21	1	14	87	27	27	53	86	67	40	49	76	27	59	93	98
15	12	58	90	67	49	69	51	95	9	21	74	82	8	77	24	53	45	90	44
31	97	48	12	23	49	41	15	56	19	73	44	6	77	42	36	46	71	86	60
67	41	41	17	25	61	70	36	33	22	27	80	53	65	7	51	65	75	90	73
49	39	74	13	58	66	47	97	33	72	69	8	58	88	25	81	73	15	65	96
69	10	81	4	37	60	44	9	95	71	10	77	84	62	33	96	30	6	97	99
7	12	3	89	79	61	32	52	11	42	70	72	6	88	46	4	99	96	10	75
16	85	50	35	63	3	39	51	45	34	39	96	57	82	13	24	79	89	46	87
55	21	59	90	27	10	55	17	13	12	32	74	89	58	85	72	5	40	66	64
10	16	75	45	93	82	41	74	1	91	32	77	10	96	78	99	63	33	76	72
70	53	84	89	58	97	86	27	72	10	14	34	98	47	93	17	44	55	15	73
44	98	47	67	14	70	41	88	77	14	34	23	82	90	8	70	31	74	28	84
90	70	17	30	53	52	46	14	65	48	1	12	19	77	13	66	97	14	67	59
2	93	26	40	12	71	68	6	84	22	28	7	81	95	15	5	9	58	97	75
79	94	11	4	51	66	28	16	34	28	28	80	95	74	52	54	66	2	45	17
83	96	18	28	61	87	45	19	68	11	35	98	43	68	74	47	70	75	47	40
48	15	8	29	5	74	83	76	44	13	77	37	81	12	94	86	3	89	10	94
40	94	44	51	56	78	48	42	83	24	68	70	79	30	69	15	74	86	30	80
97	73	77	18	66	12	12	71	96	28	90	97	61	14	77	13	41	10	71	72
51	45	77	13	59	13	1	11	52	20	23	33	76	92	36	25	34	86	66	59
10	8	10	7	28	69	20	67	60	42	19	77	80	18	37	42	17	80	70	48
29	13	64	95	31	14	35	31	89	86	83	85	50	56	57	23	81	23	94	95
10	5	27	96	7	40	82	81	99	53	14	78	4	35	24	98	50	85	38	77
94	34	40	82	1	79	86	53	43	82	94	53	37	59	64	2	70	17	53	89
78	86	25	89	49	67	74	47	25	22	12	83	32	43	28	42	67	69	82	15
37	58	28	92	18	90	40	33	99	25	23	73	14	52	96	71	3	93	60	5
47	23	90	26	28	19	66	78	93	43	15	73	98	14	16	87	61	11	77	62
73	69	56	35	45	20	18	26	50	83	53	54	83	4	14	19	6	34	28	56
64	19	71	11	18	98	69	67	61	52	43	28	65	1	74	73	44	61	69	71
67	64	29	11	72	59	3	62	51	15	22	25	18	89	1	87	37	43	63	7
78	11	48	87	25	89	84	34	50	98	13	15	19	40	4	71	31	20	41	88
53	43	90	23	66	26	6	64	56	33	84	83	57	38	61	92	99	64	34	96
19	97	91	81	51	60	9	96	8	94	73	1	45	4	39	51	83	18	35	91
82	17	30	39	68	19	98	11	29	66	78	19	62	21	82	87	57	73	25	87
74	49	94	25	33	14	78	84	52	99	26	62	27	43	33	79	23	78	33	49
77	61	93	32	92	32	32	33	64	57	38	27	18	24	53	77	51	84	68	29
8	44	49	25	97	74	30	57	9	26	76	12	81	71	93	26	41	57	62	33
95	4	7	46	52	52	1	94	98	67	53	74	24	73	55	19	50	87	13	96
60	23	77	13	94	86	89	74	21	13	37	10	47	94	94	37	15	49	69	73
46	63	7	54	27	82	54	77	93	37	26	19	53	61	87	46	89	21	88	69
11	47	65	52	25	4	15	90	44	96	75	11	31	52	62	16	57	62	13	81
44	59	61	65	16	37	36	98	44	47	36	27	10	77	64	32	26	9	60	84
74	61	47	94	99	96	69	66	51	97	73	16	34	10	64	85	10	64	18	79
76	4	29	60	15	62	76	84	44	10	24	11	39	95	49	33	58	33	34	24
97	88	87	8	78	35	46	93	79	76	90	90	3	33	64	73	29	38	59	6
84	85	48	83	98	96	39	45	25	35	59	1	14	43	24	72	50	89	12	73
93	9	2	62	35	81	96	19	62	28	72	42	84	7	90	57	33	7	98	90
70	83	81	24	69	4	3	44	99	92	46	34	16	13	3	48	96	77	82	69
70	93	87	31	3	56	90	79	77	38	14	11	69	76	30	92	94	84	58	18
91	49	33	63	14	26	88	89	13	92	54	87	94	48	32	58	67	56	24	44
6	69	78	81	17	77	77	34	94	72	32	86	72	65	25	97	63	35	29	96
9	29	92	98	77	73	44	40	69	59	48	54	1	33	68	40	1	8	33	43
81	85	11	16	41	37	89	63	79	46	58	79	55	70	29	40	89	86	47	18
27	59	3	72	18	33	33	23	85	99	43	21	13	89	60	58	37	13	19	1
83	75	54	26	15	82	45	75	32	17	28	92	6	55	81	89	43	26	75	24
22	33	22	64	28	5	6	96	6	91	5	24	11	96	87	85	89	67	48	4
8	13	31	8	25	4	22	84	98	33	76	90	89	66	64	6	96	65	76	34
36	71	50	7	93	68	68	8	51	24	72	38	44	71	57	2	91	50	60	82
34	64	16	24	95	71	99	8	51	95	44	58	80	26	50	79	7	97	98	64
80	88	2	52	68	80	36	20	92	24	39	6	14	20	82	9	81	52	71	9
95	61	19	28	12	94	62	99	8	30	35	91	76	66	45	19	46	16	16	79
87	72	84	93	19	21	27	85	47	38	54	73	80	46	21	96	91	74	1	3
72	66	79	39	43	6	79	39	72	37	82	53	44	44	65	75	43	75	95	48
22	1	76	96	98	80	58	4	19	88	76	30	73	93	96	53	82	99	87	71
69	59	82	51	37	52	37	27	40	16	40	67	30	83	4	43	61	32	31	72
55	91	78	23	98	33	79	22	32	3	31	61	55	15	25	22	90	8	35	97
81	38	22	71	53	71	97	58	78	26	74	81	26	36	14	16	3	56	12	10
5	65	66	16	44	97	92	7	79	9	2	60	51	32	32	45	93	39	29	46
35	95	73	21	81	54	44	20	55	79	14	93	53	13	15	59	59	64	42	56
75	88	67	88	55	97	35	69	36	42	28	55	89	5	8	71	91	94	56	46

20	8	12	11	5	10	19	20	4	5	7	13	20	12	5	7	6	15	16	4
9	3	12	15	13	18	14	9	12	2	9	8	8	1	14	4	1	17	4	18
8	2	20	16	15	9	19	16	2	5	8	12	17	16	15	3	6	6	3	14
13	11	17	20	9	17	10	8	10	13	2	2	4	9	17	4	18	4	20	20
14	11	6	1	20	18	3	5	10	8	18	12	12	19	3	7	17	19	2	14
12	13	20	3	12	5	1	11	19	13	7	16	11	10	17	8	7	18	7	17
17	10	19	6	6	7	7	11	9	13	8	17	2	12	12	14	20	8	8	12
17	10	9	2	19	9	7	16	15	20	1	1	16	9	6	4	16	20	8	2
11	19	14	12	2	4	11	15	8	20	19	5	1	12	2	7	12	14	14	19
20	7	9	1	20	15	9	8	6	2	11	9	18	17	9	15	2	9	13	1
2	9	11	11	19	1	5	3	12	12	11	16	18	16	10	16	2	13	17	10
7	20	7	20	12	15	6	9	6	6	19	10	16	1	12	14	16	8	9	4
18	17	12	20	6	4	16	15	3	1	19	2	15	12	3	15	10	11	11	4
5	17	19	10	11	19	9	1	2	10	15	8	6	19	7	16	5	6	17	2
11	17	6	4	12	12	9	1	7	11	3	6	2	4	9	18	14	7	17	9
16	2	4	2	15	15	6	16	13	18	16	20	6	20	3	19	17	2	3	4
10	7	1	4	11	6	13	12	13	18	10	20	7	19	3	7	11	4	2	15
3	14	6	7	18	8	3	20	14	2	12	18	20	11	6	2	10	9	2	19
2	5	6	1	7	10	15	18	12	14	5	10	4	13	12	5	19	8	7	7
17	7	3	13	1	17	14	6	12	7	15	5	20	11	20	19	11	19	9	8
11	17	19	6	5	6	14	17	13	2	9	20	7	19	11	18	12	13	7	18
13	12	3	20	19	3	16	14	2	10	18	2	9	7	9	18	6	12	4	10
13	17	16	17	19	17	14	5	9	13	12	2	18	17	11	11	20	16	6	1
17	20	14	10	20	19	4	9	1	6	11	13	13	5	3	11	16	2	7	17
9	5	6	12	10	7	1	13	1	2	19	15	5	15	6	1	17	20	7	20
18	5	1	5	18	1	14	17	12	4	7	13	20	18	9	5	12	17	12	12
5	4	5	15	9	19	6	12	12	4	14	18	11	14	2	14	5	3	9	14
16	7	15	18	2	6	10	9	11	3	3	10	4	11	18	6	4	1	19	9
6	5	4	6	1	1	16	6	14	18	13	14	6	17	13	4	7	8	16	6
15	14	15	6	8	3	14	17	7	16	20	13	20	20	10	4	5	13	17	17
17	9	8	13	1	9	19	18	17	19	6	15	19	11	15	19	14	15	4	20
11	3	6	20	19	10	13	13	16	12	12	19	3	1	2	10	14	14	8	15
6	7	10	6	19	3	9	3	16	17	17	2	19	4	13	15	17	4	15	15
10	15	4	19	8	16	17	16	1	3	15	17	10	19	7	6	15	8	19	20
2	4	15	15	1	14	13	4	18	5	10	1	13	16	4	15	17	15	3	19
17	6	6	12	12	20	17	3	15	7	8	4	2	7	11	13	2	13	1	13
5	12	2	14	10	9	2	5	19	5	15	9	20	12	17	4	5	4	3	10
5	11	5	8	10	16	3	3	16	7	14	17	14	6	16	9	2	16	10	20
8	8	11	3	2	6	5	14	4	13	20	4	8	8	17	10	6	3	3	6
2	8	6	19	19	5	3	13	5	4	20	1	16	2	5	5	5	2	2	4
10	14	2	12	2	18	16	20	7	9	11	13	17	20	17	3	1	8	3	20
13	15	9	11	7	4	16	2	1	18	11	15	14	12	16	15	13	9	14	18
3	3	11	20	1	15	16	10	18	8	9	19	16	10	4	12	20	19	12	12
16	16	13	15	14	3	4	16	14	18	16	12	3	20	12	3	18	2	3	2
13	7	12	8	6	13	10	5	6	8	15	6	16	9	3	18	10	14	11	12
12	8	19	14	14	12	6	2	9	13	10	13	12	18	13	8	2	16	19	15
11	19	11	20	18	2	19	1	19	15	8	11	2	9	15	7	11	14	7	14
20	10	15	3	13	1	19	12	13	11	20	19	11	6	18	5	16	20	14	15
19	10	4	5	8	2	13	5	4	8	2	18	8	8	7	15	4	19	9	6
9	7	10	17	11	6	15	9	2	5	16	20	13	12	15	1	4	15	18	17
13	4	4	16	5	17	8	20	17	1	16	4	2	15	12	8	2	15	20	14
2	13	20	19	9	13	9	8	19	18	13	13	10	12	5	11	10	19	6	2
3	10	10	4	20	16	13	12	12	13	7	2	3	1	14	12	20	12	20	7
4	5	3	20	20	14	5	13	17	18	13	16	15	1	2	1	5	1	12	4
4	7	3	2	16	10	2	7	12	14	11	15	9	17	3	17	2	12	14	6
18	2	11	20	5	15	2	14	16	6	4	8	3	1	1	11	4	4	6	20
3	19	17	6	16	8	1	10	1	2	8	19	9	4	17	16	4	15	19	3
6	19	13	1	9	8	19	15	7	16	15	3	13	10	7	18	11	15	12	17
7	15	13	2	17	5	2	19	10	20	12	9	18	15	1	11	3	17	15	9
8	9	12	16	6	10	9	8	5	14	9	18	2	18	9	8	5	10	10	3
6	16	1	10	9	2	20	17	4	7	20	16	13	13	6	13	10	18	1	9
8	16	2	1	20	11	2	16	3	6	13	19	19	6	16	10	11	4	7	8
5	2	6	12	2	12	8	19	11	8	15	17	20	13	20	3	14	19	13	10
3	2	19	5	16	15	10	6	11	7	3	18	14	18	16	13	19	1	6	16
4	8	15	1	16	1	13	3	5	3	16	12	2	16	15	9	5	4	11	11
16	12	8	11	4	1	10	11	8	4	8	17	2	12	15	10	5	16	2	20
17	4	19	18	3	20	2	8	8	17	20	11	3	17	7	8	9	19	2	12
18	12	19	8	2	18	9	15	20	7	13	6	3	11	4	8	19	11	7	15
14	3	9	12	15	12	15	2	8	6	2	20	3	16	13	7	5	13	19	2
12	4	20	18	1	14	10	1	9	19	12	11	16	13	15	15	18	14	9	9
7	4	14	12	15	17	8	1	20	11	3	20	7	15	9	19	5	2	12	10
16	13	8	3	8	6	20	17	6	18	6	7	20	2	16	17	2	5	10	15
13	5	3	7	9	20	6	11	8	18	9	10	1	9	15	7	9	19	19	9
1	11	5	4	9	14	3	9	15	14	17	1	18	3	19	16	10	14	19	11
9	14	6	19	18	18	8	7	3	11	4	14	14	9	11	16	6	16	12	6
17	8	11	5	20	9	9	7	14	18	5	10	5	12	13	3	13	2	15	3
8	4	7	1	19	4	20	3	19	2	15	20	12	5	3	17	1	13	19	19
2	1	16	18	8	7	14	2	11	5	7	15	2	2	15	11	12	15	7	10
3	17	11	20	17	1	12	9	12	11	16	8	4	2	10	14	10	12	13	11
3	8	8	5	6	12	16	2	9	11	20	19	1	8	4	19	8	3	11	12
14	2	4	6	18	19	7	19	5	11	20	19	8	7	11	9	15	16	18	16
14	10	7	16	2	20	16	16	4	2	20	15	3	12	9	8	7	3	2	4
16	19	3	16	19	8	14	1	17	15	7	17	16	20	8	20	13	11	3	14
8	2	5	11	4	15	16	12	1	10	6	9	13	12	7	2	5	14	4	8
4	9	16	1	4	7	8	9	17	18	1	2	11	14	8	1	3	1	15	6
19	13	3	20	9	19	19	4	8	7	10	13	13	8	12	2	16	3	6	12
4	19	4	10	14	17	3	17	2	7	20	15	16	11	9	3	14	18	18	14
11	18	19	11	12	8	20	5	13	19	1	11	9	2	13	14	2	12	7	3
12	3	17	14	5	20	7	11	16	10	19	11	10	17	5	14	16	3	15	9
14	18	4	9	19	7	6	2	12	12	14	11	13	17	10	13	3	15	2	5
6	8	17	11	13	1	14	4	13	17	18	5	1	2	1	16	18	4	20	3
10	3	2	19	4	15	2	17	18	12	12	1	11	1	12	20	4	11	20	12
14	18	4	9	13	10	15	15	12	5	8	14	13	20	13	11	14	11	5	18
7	8	12	12	1	14	19	7	3	20	17	14	3	8	20	7	10	14	2	1
4	11	5	5	1	4	5	6	5	16	9	17	18	20	5	10	14	6	11	3
3	4	9	10	16	7	14	3	19	14	14	15	16	20	18	15	15	11	8	19
17	2	2	9	7	1	1	7	15	17	20	18	20	12	7	18	19	5	6	8
5	4	11	10	12	10	6	15	18	15	20	13	2	17	19	7	8	1	9	5
15	2	18	5	14	14	9	10	10	18	20	19	16	17	20	15	13	11	9	15
4	1	12	9	5	19	1	13	20	12	5	10	2	15	1	20	3	16	6	18


2	2	1	2	2	2	1	2	2	2	2	2	1	1	1	1	2	2	2	2
3	3	5	4	5	1	3	2	3	3	4	3	3	3	2	2	3	5	2	4