100	7	10

1	1.3	1.55	1.75	2.1
4	6.76	9.61	12.25	17.64

6	88	87	56	85	89	9	46	56	61
10	94	10	59	1	9	28	15	85	95
85	80	27	63	50	73	11	69	88	75
73	80	90	21	38	81	72	38	19	21
98	52	65	10	91	61	44	95	99	38
45	7	8	95	32	62	43	72	94	14
47	90	13	67	60	26	14	6	3	92
31	71	42	92	64	49	17	37	50	19
87	13	78	10	25	46	42	81	98	36
16	55	10	82	36	44	14	52	8	10
72	92	76	82	60	26	30	39	58	26
9	16	55	76	40	85	93	15	23	94
67	34	86	14	91	30	66	59	60	93
56	94	65	6	88	46	3	90	97	27
50	21	21	12	8	36	70	25	65	49
87	86	47	74	30	2	67	57	68	15
70	82	55	80	38	61	69	22	65	32
74	22	37	82	85	73	28	31	87	30
28	95	65	99	36	57	91	74	63	25
32	68	42	52	44	80	79	54	38	60
14	41	70	27	7	13	86	38	5	69
31	61	17	71	63	6	93	15	26	28
90	43	59	43	43	41	84	6	71	68
55	41	59	11	56	45	30	57	4	51
50	39	83	59	64	72	43	91	19	82
78	30	74	11	9	40	91	17	40	6
30	67	79	40	74	25	48	17	87	36
73	17	69	81	17	63	19	86	75	5
96	16	27	3	32	61	97	83	71	89
69	8	68	11	76	36	65	13	32	62
89	85	73	59	62	86	79	68	92	78
92	94	30	34	29	99	58	67	86	59
21	45	99	75	18	72	10	58	55	2
28	6	46	5	21	32	2	94	97	18
82	75	86	72	29	70	20	31	40	26
48	27	30	64	66	17	20	32	23	50
61	96	33	58	52	76	54	24	80	72
15	5	45	77	30	79	93	14	42	49
72	72	56	65	36	76	1	96	87	71
7	6	65	57	47	49	49	48	28	7
4	14	19	90	85	80	95	50	66	49
39	67	60	11	4	33	86	69	26	5
93	67	82	47	94	69	39	16	48	10
48	64	68	19	41	59	55	39	79	78
31	44	92	6	90	3	44	55	54	3
4	3	30	62	18	25	15	61	52	43
17	23	82	10	19	40	84	50	47	83
18	87	68	14	84	22	86	72	1	69
60	53	51	29	88	28	91	47	84	16
77	81	38	96	73	40	13	18	66	83
92	86	81	2	52	70	94	1	7	5
63	72	41	26	4	89	87	11	52	30
86	85	93	82	52	88	23	91	59	65
48	47	43	99	38	63	93	62	20	81
74	93	34	80	32	49	9	1	8	29
95	72	5	9	17	73	66	8	26	16
15	84	78	10	22	40	31	28	55	87
45	61	32	59	29	96	50	1	26	36
37	31	16	55	38	43	85	93	94	5
17	37	58	71	7	97	73	51	13	27
80	46	99	21	24	73	8	93	70	70
4	24	12	96	50	59	1	27	29	81
62	51	99	95	91	6	41	26	52	49
46	22	54	16	83	30	85	85	74	2
60	29	71	40	71	97	89	33	59	6
59	59	8	32	1	47	99	31	91	49
74	65	66	29	91	14	69	50	90	32
3	88	77	35	67	64	48	74	65	63
30	69	88	60	46	52	82	68	17	45
53	14	80	93	72	8	23	90	92	41
8	11	53	39	38	47	88	80	95	61
8	2	97	25	70	26	60	68	22	89
92	90	57	95	41	41	92	76	96	4
82	98	85	56	58	68	77	80	12	42
59	76	38	43	13	9	9	50	42	81
53	1	41	2	14	59	97	93	98	81
65	50	13	90	6	21	92	20	69	91
99	40	18	1	9	92	42	30	11	22
62	2	44	11	76	22	1	69	5	9
97	36	10	26	7	82	57	49	70	71
96	27	30	96	51	47	24	67	22	3
88	1	4	48	68	25	11	86	24	54
14	37	22	20	40	21	65	97	6	19
40	67	82	70	20	32	78	73	18	23
94	37	43	46	40	46	38	49	79	90
97	9	33	45	73	22	70	81	52	34
83	70	82	85	80	40	61	65	79	77
8	98	23	33	82	76	85	52	52	20
84	16	78	59	3	42	18	22	66	40
79	86	88	63	21	27	34	38	65	62
81	36	36	21	36	71	21	32	68	71
88	77	12	4	16	2	70	97	41	58
15	57	33	62	91	43	25	14	38	30
17	88	7	99	99	11	99	69	93	65
37	95	92	35	15	91	73	62	50	41
40	4	60	61	20	16	89	24	29	11
60	75	86	25	4	95	60	18	29	19
52	98	65	31	28	52	34	78	13	91
18	61	35	43	73	41	14	73	18	86
23	27	73	35	5	8	30	47	73	60

10	18	6	17	14	1	10	1	2	17
11	9	20	7	16	5	11	13	18	13
19	5	15	4	13	19	14	20	2	5
14	4	20	2	9	16	3	4	13	7
12	17	2	17	4	4	6	8	1	1
14	11	20	20	6	9	5	8	15	18
13	11	13	17	16	9	20	14	7	5
3	15	13	7	3	17	20	7	13	13
15	2	12	7	3	9	8	11	9	20
10	6	3	19	5	14	4	14	1	4
8	12	12	13	6	15	3	1	10	13
19	9	6	6	14	5	2	4	4	18
14	8	14	6	12	15	6	1	18	15
16	7	20	16	1	8	12	18	6	5
1	1	9	4	11	1	15	15	19	10
12	11	12	2	7	8	3	4	20	18
6	13	1	17	9	13	18	5	3	9
17	12	2	19	20	12	5	15	15	7
9	18	2	12	13	2	3	13	14	16
1	16	14	18	3	17	13	11	11	4
1	17	6	12	8	18	12	13	9	15
10	16	19	5	4	7	14	19	20	9
10	17	4	4	20	15	19	13	10	5
16	2	2	19	8	13	13	7	6	4
18	8	14	7	12	10	14	1	10	8
8	4	14	1	18	14	10	16	20	18
13	17	12	20	3	16	17	14	6	15
8	13	3	15	19	10	15	18	9	15
4	11	1	1	8	17	14	9	13	15
9	1	3	11	7	15	9	6	11	12
13	4	3	19	9	2	7	14	19	11
20	15	11	6	16	8	13	18	15	2
18	11	10	2	20	11	16	17	12	20
1	19	13	18	8	1	2	12	7	4
5	13	9	13	6	3	5	12	10	10
3	7	3	2	20	6	20	11	15	2
20	3	7	16	5	2	4	16	4	18
11	5	17	7	14	4	19	6	16	20
3	1	1	20	15	11	17	16	18	1
19	14	19	7	10	17	13	4	16	5
20	2	3	12	11	13	12	20	8	13
7	5	18	16	14	13	20	12	11	3
11	4	17	19	10	7	18	9	9	10
18	16	11	3	10	10	8	7	16	3
16	8	9	6	10	16	13	1	18	6
15	18	6	1	9	1	6	20	5	19
13	10	4	20	11	8	9	10	5	9
8	14	7	13	14	3	2	11	19	1
16	11	12	11	20	14	12	8	3	1
4	18	19	9	4	12	11	14	14	7
10	9	16	12	11	1	6	18	8	16
15	9	18	17	12	10	16	5	7	12
13	4	7	18	13	2	8	3	14	20
17	16	17	10	4	2	19	18	18	7
6	14	7	1	8	8	19	9	1	17
20	6	3	15	14	11	1	12	1	9
19	17	4	13	4	13	9	2	9	13
18	13	17	9	11	13	1	8	16	16
13	10	7	11	9	15	14	1	2	4
1	4	7	8	9	10	12	18	17	6
20	8	7	9	4	11	12	7	19	14
14	8	13	18	13	9	12	4	20	2
5	7	2	8	13	6	19	11	4	10
13	8	13	17	9	15	15	8	11	6
12	8	11	2	19	5	10	12	9	7
11	20	13	6	19	20	18	6	18	13
11	15	10	5	18	13	15	6	11	18
2	14	15	13	11	18	14	15	1	1
5	7	2	15	3	14	15	13	15	12
1	11	9	1	19	20	12	17	4	8
17	14	8	7	3	11	14	3	10	10
5	4	13	17	17	12	9	6	20	20
13	20	14	1	20	6	6	17	6	19
16	12	10	18	7	12	20	9	16	2
18	11	8	3	16	3	17	7	16	17
1	20	18	16	6	10	16	19	8	18
19	18	4	7	6	1	2	9	4	18
10	17	5	12	11	7	11	10	12	2
4	18	7	4	3	5	12	18	13	4
19	6	14	16	1	8	4	8	6	12
1	20	4	2	5	9	11	9	15	2
14	3	8	17	17	17	6	9	20	6
4	5	18	10	12	7	14	2	3	2
18	8	11	14	9	19	16	6	17	5
2	3	20	10	19	17	13	7	13	18
14	7	10	1	4	12	2	19	1	16
20	17	11	8	5	15	16	10	20	13
2	20	17	13	7	9	10	10	19	18
4	14	19	1	17	18	9	20	14	12
20	20	13	5	11	6	12	9	8	10
16	7	20	17	8	13	4	17	15	17
13	18	12	1	10	5	5	2	9	4
6	6	15	7	10	1	8	14	9	19
14	4	15	10	12	8	16	12	5	8
10	20	7	19	17	19	14	3	16	8
3	20	15	17	20	6	1	17	4	5
13	15	14	14	12	20	19	1	4	7
2	13	7	9	14	13	7	6	11	14
6	7	12	1	6	17	6	11	8	16
4	16	2	9	12	18	9	7	5	9


2	2	1	1	2	2	2	1	1	2
3	1	1	4	3	2	1	5	1	5