200	6	20

1	1.3	1.55	1.75	2.1
4	6.76	9.61	12.25	17.64

25	60	7	92	99	42	59	70	94	56	96	43	51	79	97	52	34	17	83	15
72	29	30	56	75	91	92	63	31	14	80	73	68	26	30	12	53	7	29	55
37	5	30	67	93	28	60	82	4	76	60	56	84	82	91	86	93	27	85	88
71	86	73	79	76	87	4	37	27	83	97	89	82	82	79	61	24	38	78	46
79	91	72	13	5	98	53	58	7	24	27	87	96	20	47	64	13	25	23	29
28	39	38	42	24	46	69	81	14	9	78	37	51	68	15	96	95	53	44	20
65	47	17	90	79	46	68	15	91	34	80	66	20	3	63	3	93	85	14	7
98	15	11	28	80	4	28	59	95	71	5	9	31	97	81	4	89	33	48	21
33	88	21	12	91	88	4	20	24	91	89	44	93	7	79	95	46	33	16	40
89	57	82	28	82	83	9	95	38	89	47	54	94	89	13	19	59	79	85	50
51	56	68	46	34	49	29	14	70	57	96	28	23	40	21	65	86	82	47	84
17	54	87	12	77	87	23	9	65	80	98	35	24	57	6	16	93	72	51	28
98	8	92	64	72	50	64	32	61	14	31	86	60	85	24	99	23	97	38	25
76	22	49	14	66	50	78	67	92	80	56	42	56	2	38	50	25	45	25	43
28	77	5	33	74	95	34	74	49	99	59	1	5	65	52	66	26	65	34	36
62	5	94	37	62	49	63	85	58	65	38	14	87	33	53	78	14	18	91	21
31	63	82	9	71	7	56	40	22	20	97	91	32	66	61	81	10	27	60	86
51	3	56	35	7	48	92	15	49	42	37	56	42	29	69	75	7	10	37	97
17	67	6	67	8	15	68	25	99	27	77	17	37	20	74	58	18	91	15	2
57	29	98	49	51	72	66	50	10	56	90	11	44	99	17	1	30	21	92	18
13	75	58	2	23	40	77	83	60	63	12	98	89	69	42	17	28	75	52	55
93	29	24	75	15	37	32	58	11	15	71	11	88	69	76	11	45	32	86	13
15	93	39	43	20	55	37	12	36	66	61	58	83	97	13	53	60	91	15	63
45	11	25	83	92	50	30	97	59	87	44	72	81	83	40	49	34	74	26	67
7	60	70	1	24	48	76	33	87	84	21	41	91	19	26	49	3	44	38	44
81	22	72	67	11	29	91	57	52	42	15	49	66	63	66	15	41	55	10	34
16	63	47	64	32	82	91	9	94	99	51	73	77	26	8	38	42	72	5	31
91	99	17	93	4	38	92	45	34	88	9	57	39	17	11	35	79	26	50	73
62	84	7	69	38	95	88	76	44	60	59	87	93	90	91	81	79	3	40	16
92	54	4	76	37	83	98	3	8	80	43	13	98	7	93	87	74	56	30	99
64	23	28	13	74	35	55	67	42	44	30	68	58	9	79	8	2	46	65	77
22	11	36	73	64	12	69	7	97	1	44	54	62	60	16	86	92	30	39	18
74	29	90	52	59	28	88	32	73	27	86	68	34	64	85	56	5	42	77	34
24	19	24	15	50	56	76	23	72	42	18	44	88	18	87	48	22	65	72	96
57	39	75	59	69	98	73	44	32	50	70	21	84	94	96	60	22	40	53	25
55	1	89	64	66	39	96	80	64	84	90	67	46	84	61	29	23	72	55	97
19	97	35	77	10	25	30	98	42	40	31	93	30	64	56	6	6	35	65	1
16	56	28	68	4	13	37	32	17	88	52	58	59	19	53	32	58	67	98	18
75	85	12	73	1	41	7	57	70	28	12	91	54	67	91	27	27	43	25	53
4	99	19	26	39	12	43	88	2	83	39	14	34	79	20	87	22	89	5	26
5	27	41	18	99	64	35	44	41	61	63	18	32	53	7	18	84	64	36	89
54	16	67	93	95	18	46	70	38	96	49	90	91	66	68	76	25	83	61	52
27	45	57	4	69	63	80	18	92	83	37	67	12	4	57	96	85	4	2	70
90	80	42	22	61	48	60	77	50	56	2	13	86	83	83	77	26	61	84	59
43	81	15	59	63	16	44	15	76	51	59	67	87	6	26	56	22	99	62	60
13	94	51	34	27	63	47	91	96	4	90	26	47	49	88	89	81	67	76	8
42	86	82	14	45	26	46	9	98	66	24	23	89	52	20	79	75	16	76	41
75	37	39	70	71	32	29	41	17	56	77	71	69	41	64	30	50	93	89	36
39	70	29	64	71	19	2	66	15	91	50	67	35	51	99	50	33	24	38	25
98	39	46	45	72	99	26	18	54	79	27	80	36	32	22	55	50	68	60	6
82	44	1	29	83	23	63	86	15	79	30	34	55	10	53	8	71	85	30	95
72	60	9	20	97	21	31	51	68	35	98	45	20	49	51	91	83	52	37	5
96	7	76	18	77	61	95	37	64	56	46	95	69	83	95	22	8	17	86	73
43	38	28	23	49	21	11	82	47	47	1	56	81	77	31	95	64	18	85	88
60	19	72	87	3	94	12	85	41	51	40	88	57	48	86	5	79	24	77	41
61	29	15	28	19	13	38	26	66	68	19	97	5	25	61	64	95	66	85	37
46	5	23	69	86	5	7	67	32	80	94	60	31	86	47	83	75	3	31	55
61	27	57	41	91	62	51	85	29	28	10	61	3	42	70	14	99	82	67	33
53	79	15	14	98	75	52	49	22	62	60	84	1	30	26	11	56	23	78	2
31	1	71	96	47	17	26	25	72	71	42	14	89	15	61	79	6	45	64	94
27	13	30	10	98	23	94	93	3	39	1	12	21	11	56	38	81	11	3	4
36	57	94	87	88	37	5	51	29	98	77	36	36	41	88	47	93	60	35	64
14	78	39	79	18	61	93	22	30	78	56	18	88	26	25	50	83	87	72	42
6	34	83	87	8	28	66	27	19	64	88	8	96	7	37	58	41	68	30	32
55	75	69	84	99	22	2	56	92	19	90	14	69	18	42	54	75	2	98	39
5	39	50	45	70	94	4	42	52	48	13	64	97	39	39	69	37	50	24	98
40	90	43	77	20	99	3	10	85	46	40	1	79	57	48	31	90	90	42	17
16	77	26	90	85	52	38	85	8	57	1	70	51	54	73	85	16	27	79	14
31	44	73	20	61	44	84	79	70	22	73	73	3	32	53	77	77	40	55	14
51	59	91	65	75	85	80	17	59	10	67	42	1	74	33	22	25	24	53	56
97	31	4	49	11	21	29	6	71	31	44	84	34	72	49	60	9	7	35	23
25	37	25	31	35	91	26	99	44	65	55	25	91	93	15	79	56	37	93	90
20	91	76	86	67	39	70	9	84	7	22	23	73	48	75	61	39	33	89	48
41	41	60	95	74	14	11	24	56	25	2	95	99	65	57	41	55	68	95	22
54	77	35	34	26	6	21	5	98	91	62	94	37	75	61	99	75	2	40	31
83	41	57	68	37	10	33	53	59	36	13	97	8	20	81	43	18	52	72	29
11	92	53	59	10	37	46	82	75	85	52	38	8	9	40	41	14	32	35	61
26	23	33	95	8	95	23	43	44	64	19	11	77	39	40	13	62	30	25	70
2	12	98	76	19	90	67	88	99	87	43	94	6	27	23	21	56	57	14	84
13	42	62	47	24	19	86	75	20	39	80	29	67	21	83	18	90	34	69	16
60	66	89	39	39	27	21	36	69	50	7	44	58	49	9	68	77	61	27	78
3	38	74	44	45	74	84	62	8	79	10	79	52	2	22	87	27	36	7	12
83	59	39	33	19	48	47	40	65	1	85	14	75	36	4	3	27	66	9	54
42	31	18	5	98	39	80	9	54	88	47	79	23	45	58	61	60	33	64	58
29	37	16	28	76	27	9	47	38	27	88	1	79	72	33	66	97	67	62	83
12	95	20	67	53	25	16	8	45	40	26	94	62	68	3	23	94	48	7	40
5	36	20	8	85	65	4	19	7	67	49	84	11	52	10	76	21	56	25	75
49	27	60	29	66	40	44	20	83	25	86	94	3	39	53	44	43	2	13	48
83	68	29	3	63	76	1	72	50	89	92	23	23	43	40	52	60	72	36	6
45	23	12	9	73	91	84	42	9	67	72	10	38	38	71	27	26	39	28	60
52	14	57	84	31	19	44	32	19	92	43	29	17	87	35	97	35	72	28	11
81	29	49	92	68	83	48	54	82	23	71	89	13	67	30	33	7	25	21	62
96	17	70	23	50	91	48	27	61	26	67	50	31	25	94	31	12	67	5	83
31	17	7	11	51	20	34	81	57	68	97	46	17	35	71	34	96	45	53	18
66	5	68	40	56	84	55	1	14	63	69	8	36	46	6	72	31	75	17	44
78	21	62	50	76	26	43	12	86	36	8	63	9	90	41	1	80	73	19	62
59	78	12	84	40	12	11	48	77	1	50	47	16	49	78	94	16	82	15	26
15	51	54	16	38	72	79	26	7	80	39	29	90	51	51	26	18	85	20	3
12	33	74	24	55	64	38	19	65	33	27	58	78	80	10	23	31	62	46	15
29	34	48	2	3	95	35	9	87	72	76	68	88	14	77	99	88	45	4	96
23	34	28	70	1	12	50	4	40	79	39	64	15	95	9	10	11	1	46	8
94	14	65	49	13	84	78	36	26	19	3	91	81	68	78	86	96	58	35	59
13	67	43	89	86	74	37	43	51	5	82	44	62	69	97	4	17	55	84	84
31	71	9	29	12	39	92	20	61	36	70	53	85	26	72	30	25	51	11	7
72	44	38	36	37	64	34	68	93	46	15	77	11	38	66	11	24	10	1	67
88	78	61	20	73	10	53	95	9	99	42	52	33	94	98	28	36	74	83	42
18	46	3	61	6	88	84	60	86	89	73	40	26	84	71	62	45	48	96	87
18	23	25	86	30	26	13	10	98	31	77	41	1	49	79	78	87	33	53	15
62	16	75	76	61	29	57	19	29	38	25	4	38	33	28	53	28	38	26	40
25	90	46	93	68	70	46	70	16	91	44	73	13	34	91	53	35	27	64	52
22	41	32	52	32	2	76	32	96	42	17	73	77	90	74	65	44	30	28	51
47	78	18	8	95	23	55	27	50	13	34	72	26	38	16	2	32	96	47	43
51	91	52	12	87	53	61	39	46	3	2	92	60	5	3	91	90	75	63	43
34	18	5	88	92	87	20	87	67	94	3	45	19	51	15	9	53	87	62	83
74	4	13	92	46	95	21	86	6	43	84	51	55	11	25	18	14	21	50	90
73	20	86	28	63	52	60	82	91	2	58	65	50	43	49	1	12	55	44	23
6	50	35	35	16	20	48	13	29	55	59	50	8	2	48	37	79	49	34	40
95	3	96	96	64	77	12	79	4	10	58	75	95	93	31	13	6	98	72	97
28	17	27	61	30	79	56	6	82	92	12	51	7	72	49	46	57	37	4	93
62	59	33	26	78	54	53	66	63	64	24	8	48	94	95	15	6	29	68	15
58	12	48	29	35	37	46	78	8	75	1	46	93	13	20	72	8	45	38	66
22	37	31	55	93	61	73	86	75	24	5	60	62	26	83	44	55	78	21	60
71	74	62	46	95	56	59	95	56	60	81	16	23	86	97	59	41	19	64	22
36	5	59	97	99	43	42	56	97	42	88	85	63	5	59	58	32	32	62	23
33	70	26	40	20	36	80	21	30	66	10	4	11	25	67	75	51	58	18	50
1	75	82	76	58	10	71	5	89	33	61	47	84	95	55	7	87	82	33	56
69	87	37	70	92	36	76	24	6	68	25	69	79	88	51	46	38	85	86	83
53	39	56	60	99	54	6	81	90	17	7	87	1	61	77	87	51	71	42	97
58	95	59	97	48	48	23	31	54	90	26	11	36	46	10	42	7	65	68	90
34	37	35	47	24	8	98	7	43	13	71	66	67	5	65	24	35	51	64	83
28	72	26	3	15	1	79	25	51	70	63	60	30	40	26	77	29	62	75	61
28	89	78	17	16	9	88	48	51	94	75	98	59	94	44	56	39	75	35	94
97	21	95	19	32	17	70	54	99	54	27	70	60	66	95	38	75	73	70	79
8	21	97	14	8	3	66	26	31	61	22	24	62	25	90	10	90	30	52	21
58	54	68	8	35	42	31	33	1	13	31	19	85	92	76	75	32	80	57	55
57	9	25	55	29	32	79	80	72	79	68	35	36	17	52	94	2	40	27	75
92	95	61	40	48	9	6	42	57	4	29	56	56	63	78	62	59	42	62	35
1	18	33	71	12	83	42	87	50	71	64	70	71	43	99	20	73	12	29	11
51	4	84	47	77	67	52	26	30	88	30	59	91	69	98	32	59	91	42	97
85	2	62	25	57	80	28	80	85	61	6	96	13	5	97	68	29	45	40	87
75	47	85	79	92	87	88	31	25	89	97	67	7	75	56	11	17	44	14	25
65	85	20	46	28	97	60	68	21	44	43	31	63	87	99	7	77	38	2	97
26	15	97	66	62	34	11	98	38	44	49	97	73	94	34	52	96	55	62	38
54	12	31	72	43	93	76	56	70	24	8	46	59	20	29	68	38	72	82	79
56	50	16	70	88	61	54	55	36	56	70	58	5	15	83	89	92	29	37	2
84	54	91	21	57	59	8	84	96	84	42	15	26	79	94	28	57	25	49	52
40	51	48	86	72	80	88	37	33	14	62	10	10	75	6	84	54	47	65	12
39	58	39	50	1	23	52	24	67	91	6	56	5	46	4	25	55	20	44	73
83	43	63	69	37	75	21	33	91	27	99	49	54	96	47	83	18	16	76	13
74	22	12	71	19	63	73	66	74	1	62	97	16	52	61	75	38	53	36	42
3	11	3	42	72	23	48	7	18	34	41	65	20	32	2	55	84	57	31	22
58	56	11	50	63	40	80	51	37	52	55	37	91	15	79	73	8	66	10	40
1	97	67	20	85	39	23	49	15	89	23	24	74	75	50	71	82	62	47	16
4	34	56	4	43	96	58	45	4	12	22	92	81	60	21	99	67	98	81	32
25	15	74	32	30	91	35	77	69	61	65	45	74	52	69	69	78	88	42	10
44	2	82	46	37	10	83	12	41	90	42	69	88	76	51	57	6	5	7	11
72	8	38	20	85	26	90	49	28	99	19	10	70	70	97	75	84	87	88	92
45	71	94	51	59	89	33	96	52	89	68	68	96	70	71	62	57	5	86	36
15	33	89	30	36	58	15	1	98	74	81	30	33	97	83	83	17	63	48	50
37	56	81	86	25	8	97	96	86	94	97	14	89	15	23	96	22	24	44	25
64	96	16	91	84	27	8	52	26	73	46	13	55	87	29	47	28	44	85	28
76	50	61	14	5	2	91	46	28	74	93	89	5	18	68	94	89	9	93	95
64	98	43	10	24	42	78	71	26	32	42	40	69	2	45	74	39	75	28	50
2	1	38	71	67	21	99	26	65	12	17	88	7	7	59	27	49	67	45	4
45	17	23	6	16	17	1	27	61	92	31	75	35	54	20	70	27	60	34	15
65	2	29	49	29	60	36	37	50	23	66	48	12	75	80	8	80	42	84	25
60	16	30	39	81	24	7	29	98	43	65	40	76	76	95	5	70	84	40	59
87	35	93	46	65	58	33	46	57	64	17	78	62	20	41	56	84	83	19	15
39	55	9	18	27	42	71	72	77	14	10	34	56	38	51	15	60	1	10	15
46	76	50	80	51	6	82	31	23	54	44	78	85	87	13	90	21	49	99	5
72	68	42	65	82	16	16	22	84	13	33	49	70	1	19	27	80	72	95	81
23	9	72	2	51	9	87	78	10	15	62	12	63	98	51	68	33	74	74	25
1	8	88	50	91	14	39	39	71	96	15	4	96	71	92	85	74	44	31	29
59	8	75	97	46	89	3	7	86	54	63	73	98	12	67	66	79	94	48	29
65	82	56	15	28	46	13	66	51	19	68	74	79	16	86	53	96	96	64	82
14	4	20	28	35	47	7	58	14	77	74	41	87	80	21	24	10	95	96	26
47	66	6	64	20	96	62	58	91	57	30	17	95	15	89	10	81	67	17	36
21	93	6	88	20	17	26	31	23	46	62	5	27	69	43	75	93	18	96	66
40	83	75	66	72	61	40	28	1	8	80	99	30	19	76	90	84	10	66	12
57	84	70	9	87	76	41	5	88	9	21	42	89	23	82	31	33	4	5	18
30	84	15	45	61	57	64	90	2	81	98	18	65	10	35	2	49	27	16	11
59	73	33	3	37	71	12	41	99	38	83	6	22	9	32	27	13	12	39	11
47	68	96	2	28	88	84	3	43	14	74	9	73	39	69	4	56	32	25	62
9	46	77	78	30	56	44	56	40	88	42	94	52	43	61	74	45	52	94	8
88	55	30	40	64	63	14	95	17	26	39	28	84	48	54	31	89	39	3	13
94	62	26	23	31	23	59	77	97	66	81	56	22	91	39	87	37	96	3	95
12	48	68	22	9	34	70	83	11	15	78	18	92	50	96	55	52	9	30	25
53	62	44	36	17	60	40	94	98	46	94	64	11	84	63	44	96	45	46	27
21	86	79	34	65	14	43	45	28	38	60	24	36	24	56	89	8	81	53	38
17	70	56	55	8	6	44	15	53	91	37	92	88	21	87	40	44	22	70	78
74	54	3	61	58	94	55	91	8	25	74	46	91	79	73	51	41	10	31	28
9	60	67	12	18	77	74	12	63	96	95	3	69	82	47	69	20	25	64	86
6	28	10	72	42	98	34	59	87	79	68	40	58	68	19	17	91	49	2	39
79	48	10	96	4	84	89	16	19	30	47	83	59	31	25	47	86	1	13	94
72	54	7	61	93	50	25	2	23	16	10	59	55	85	18	13	21	85	90	20
66	7	36	69	7	95	52	59	96	91	33	24	38	58	99	42	30	6	60	88
51	28	33	43	10	4	75	69	94	56	97	69	10	35	92	85	40	45	27	14
75	57	22	18	75	58	84	28	71	90	1	14	12	51	84	81	59	94	39	86
40	51	22	17	51	3	99	3	11	51	59	26	88	55	30	35	66	4	37	59
87	58	16	87	69	24	49	91	38	59	33	48	15	88	75	45	15	14	50	13

17	9	9	17	4	13	3	1	5	4	4	19	18	10	3	7	18	15	11	2
12	5	11	3	16	20	15	14	16	12	12	4	16	9	14	14	10	13	18	6
11	13	7	12	2	15	5	13	1	12	4	12	16	7	1	6	17	10	1	2
13	12	2	7	6	10	4	17	6	18	19	20	12	17	12	15	10	2	8	4
9	17	20	1	4	14	9	10	18	5	13	13	19	10	15	6	17	8	7	20
7	18	3	20	2	12	3	10	20	7	11	15	7	18	14	15	1	16	15	18
11	17	5	15	7	14	6	11	16	10	16	16	18	19	16	13	17	4	15	1
2	11	20	10	16	20	5	18	2	13	5	13	7	9	5	7	18	13	15	3
5	6	17	7	19	8	18	13	9	19	16	12	4	6	16	10	13	16	9	6
4	12	18	2	20	8	6	3	17	6	14	16	12	10	17	17	17	6	20	12
11	8	8	9	11	4	11	17	7	4	7	10	5	6	4	3	11	15	8	8
6	1	11	17	11	4	2	9	14	3	14	5	14	2	19	8	20	20	5	6
7	12	17	5	10	10	3	14	17	13	8	15	14	11	5	9	8	13	11	12
8	19	16	18	20	16	7	14	11	18	11	8	12	19	16	4	17	18	19	13
11	18	19	1	12	6	8	9	18	8	14	17	1	19	13	5	12	13	2	9
3	4	4	8	11	2	1	5	18	15	9	12	17	19	2	18	3	9	2	8
13	17	20	10	2	3	14	12	1	15	18	4	15	16	19	4	16	11	7	8
10	19	3	2	1	9	5	20	19	7	8	2	16	11	20	14	13	16	8	2
18	5	16	13	19	19	13	13	2	10	14	15	10	1	2	5	18	12	7	14
12	3	1	6	9	18	9	6	17	1	12	5	1	9	7	2	7	7	13	8
8	5	4	15	9	6	8	10	10	3	3	18	11	3	19	10	3	9	4	15
4	3	1	20	17	13	15	10	14	17	2	20	18	5	18	6	20	16	12	11
4	5	12	9	13	18	12	9	11	4	11	19	13	3	17	8	14	4	18	2
20	15	19	16	6	11	10	3	11	5	6	12	19	17	19	2	19	19	19	11
19	15	7	2	7	5	2	2	14	16	18	3	3	10	13	18	13	13	7	19
16	18	11	1	12	4	20	20	11	8	2	11	20	9	8	4	11	7	14	7
2	17	10	9	6	19	2	7	6	12	12	11	19	10	2	7	16	10	9	1
13	9	20	18	7	16	18	8	2	4	15	19	9	18	15	20	11	8	2	3
4	8	3	10	20	11	10	13	3	4	7	13	5	13	1	14	10	1	4	12
15	4	17	8	15	1	8	2	5	4	11	16	10	7	1	15	14	17	11	5
10	11	6	1	13	18	12	1	15	11	15	11	15	11	17	20	16	12	2	1
3	17	5	2	19	17	18	3	17	4	10	19	10	18	5	6	13	2	1	12
15	14	2	1	18	4	16	17	6	5	18	9	9	5	2	3	15	6	7	18
4	8	4	13	5	5	5	6	6	14	15	5	16	12	12	18	18	6	20	19
3	18	20	15	5	2	14	8	10	18	5	12	1	2	5	13	9	9	10	16
5	19	8	9	19	3	7	20	9	19	4	14	10	15	11	2	8	4	9	18
10	3	18	11	8	16	20	1	7	2	18	2	18	15	5	20	1	16	11	20
2	18	20	15	12	13	14	10	7	8	7	3	19	11	9	7	19	9	17	17
7	13	16	1	15	16	13	5	18	6	6	6	19	3	16	13	16	13	10	8
12	1	1	2	16	12	8	13	6	11	3	10	7	16	7	15	16	1	16	9
13	7	19	12	19	19	18	14	10	10	12	17	8	13	13	2	5	2	6	3
10	18	3	10	8	1	3	18	9	20	9	20	7	3	9	6	19	12	10	1
17	8	17	14	13	18	2	3	15	14	13	10	3	10	4	10	3	17	15	10
9	19	6	5	20	18	7	1	8	7	17	15	18	16	5	7	3	5	8	6
11	15	2	16	20	14	15	6	19	19	14	10	17	7	15	3	13	16	4	2
19	5	2	4	19	10	3	4	13	14	18	20	13	3	2	7	14	18	9	8
8	15	14	10	2	5	12	6	17	6	3	17	12	10	5	12	17	2	2	5
7	10	9	1	13	9	4	16	6	19	14	6	10	4	18	10	16	14	5	5
17	1	18	9	5	16	18	19	9	19	20	3	1	11	10	6	7	7	2	19
6	4	17	12	11	10	11	7	18	12	11	6	18	18	18	16	1	11	14	2
6	3	12	12	8	19	20	7	8	15	7	12	18	5	8	13	14	8	19	16
7	13	5	20	7	10	8	7	8	16	3	7	1	6	11	11	15	11	12	14
8	10	10	13	13	18	13	10	20	4	16	19	19	8	19	15	15	3	20	12
19	3	8	18	9	6	4	17	12	3	15	18	1	11	14	4	14	8	20	15
2	4	15	16	15	18	18	19	8	18	9	14	6	17	18	17	6	20	7	16
15	6	10	17	11	3	16	13	16	18	9	19	9	13	11	5	10	1	6	17
4	13	4	6	4	8	13	8	13	19	7	19	15	19	6	17	18	7	7	12
13	2	20	3	9	3	5	3	18	15	13	20	15	15	20	6	6	9	12	1
2	10	17	4	16	19	15	5	10	8	14	1	1	6	2	2	12	18	16	19
1	9	12	20	19	3	17	12	18	5	2	20	17	2	6	5	14	14	8	8
12	8	8	12	7	17	20	3	11	9	7	10	7	11	2	8	9	5	2	10
13	6	9	17	15	3	13	5	10	20	11	20	15	6	9	18	3	3	9	7
16	1	1	13	7	14	19	10	10	7	17	2	9	20	18	5	13	9	3	2
9	2	19	16	18	13	14	19	19	13	2	14	4	17	19	9	4	12	2	12
3	2	8	12	16	1	6	17	1	15	14	14	6	20	1	5	5	2	15	14
2	9	10	18	11	2	4	20	12	16	8	10	11	11	13	20	16	10	3	5
5	11	15	1	12	7	9	1	10	3	20	12	6	9	15	9	20	5	17	12
20	12	9	20	14	4	15	5	20	10	12	16	1	5	5	3	3	20	12	19
20	10	16	9	6	20	17	5	1	15	11	15	20	18	17	18	14	18	19	15
14	16	18	15	9	2	13	20	6	19	11	5	6	19	18	1	12	12	5	18
17	1	4	13	14	20	18	20	6	3	9	9	20	20	4	20	2	6	4	11
12	20	9	1	18	20	1	4	8	19	17	18	20	10	1	17	15	12	8	3
3	5	17	16	5	7	10	20	17	17	16	18	16	19	12	8	7	8	9	11
1	17	2	16	18	2	11	5	1	1	19	5	14	3	10	14	12	10	10	15
12	9	12	19	17	2	19	16	14	4	3	12	1	7	1	17	15	12	2	7
3	15	12	4	19	3	13	6	1	2	3	11	12	7	7	18	8	1	2	5
10	6	5	19	3	9	3	19	18	16	8	14	12	13	17	9	4	12	14	4
5	14	17	10	10	17	1	13	7	9	12	3	2	7	13	1	12	8	11	1
10	19	17	19	7	11	9	14	15	13	2	3	18	6	4	8	2	6	14	16
3	13	1	18	17	6	10	12	11	3	12	9	17	14	10	17	2	7	3	5
9	9	10	5	10	13	6	10	20	4	16	2	16	1	7	20	16	11	8	18
11	1	6	8	16	14	13	18	18	12	10	15	4	7	9	15	17	15	18	12
6	10	14	8	15	2	7	4	6	2	9	8	3	16	7	6	4	7	13	7
1	2	16	9	11	20	6	15	8	16	11	16	18	1	2	8	1	16	20	6
12	8	2	16	4	13	12	11	7	20	5	9	16	9	17	6	6	9	16	17
5	14	12	14	9	6	7	9	13	2	15	16	5	12	5	7	20	17	18	4
13	17	18	15	14	4	14	18	3	3	1	2	1	20	8	5	5	4	20	18
4	2	17	6	11	17	16	20	12	8	11	18	9	19	11	7	15	20	3	5
18	20	5	1	9	14	19	19	6	16	1	10	18	19	2	16	12	19	15	8
2	15	10	18	11	10	4	5	16	15	14	17	1	20	6	19	20	10	7	13
7	6	12	5	8	2	10	12	2	8	6	17	3	7	3	6	13	8	5	10
16	7	15	1	18	13	5	6	14	6	8	18	5	2	1	3	8	3	16	2
14	6	15	13	2	11	6	3	10	15	17	4	11	4	17	4	7	8	18	18
14	17	18	5	7	8	15	13	9	11	13	20	1	17	14	4	18	16	7	5
15	5	19	9	20	2	2	3	16	20	15	10	19	14	19	7	10	18	7	4
10	16	16	16	12	8	4	10	10	7	6	8	7	16	14	18	10	17	17	9
20	14	2	16	9	5	4	15	16	19	6	7	6	7	5	20	11	2	17	3
17	17	4	5	14	3	3	15	6	4	12	1	10	14	15	10	3	16	8	15
1	2	14	9	20	15	5	9	8	12	1	19	3	14	3	19	17	2	5	3
14	15	3	14	2	18	17	7	8	16	2	18	19	17	19	16	20	20	3	11
5	16	4	20	15	5	5	1	1	10	2	18	4	7	6	1	4	14	10	4
12	7	13	9	12	5	5	10	14	17	13	14	3	1	13	1	20	11	7	1
12	3	9	13	5	7	6	13	1	8	14	10	11	5	13	20	3	17	2	14
9	10	18	9	8	6	17	12	6	16	6	11	20	16	10	7	12	8	5	7
15	3	3	19	18	9	20	12	8	9	2	17	6	2	13	8	4	20	16	13
12	7	20	9	18	14	17	10	7	14	2	3	13	11	3	1	18	11	5	3
14	17	10	12	15	11	5	18	18	12	15	4	19	17	12	20	14	5	14	6
14	2	16	2	6	4	1	5	3	3	5	6	5	16	2	1	15	3	4	2
17	20	2	17	15	8	8	12	20	4	9	5	18	5	20	4	6	11	16	3
16	8	17	3	2	9	12	6	7	11	10	3	18	10	1	13	18	3	15	7
2	5	18	6	6	17	15	3	3	14	7	20	18	13	18	8	6	11	20	4
11	13	1	20	15	8	9	11	10	5	12	8	15	7	13	13	15	6	11	10
12	6	6	17	4	5	10	13	11	2	4	20	6	18	3	10	13	19	17	2
14	18	8	8	18	11	20	18	12	4	16	1	20	19	20	16	20	9	20	5
4	4	15	14	15	9	11	7	9	17	14	18	14	17	10	14	16	7	11	3
12	7	5	13	12	11	19	6	3	18	10	9	11	16	1	16	13	1	13	9
17	8	5	5	2	20	20	19	2	11	16	9	2	14	19	12	18	2	7	1
2	3	4	10	18	13	20	15	1	6	17	14	13	13	18	4	18	2	19	11
17	20	1	20	12	3	16	11	16	6	1	10	7	7	14	12	2	2	1	11
9	8	12	9	5	11	8	9	17	19	6	9	14	19	9	7	18	2	2	20
12	12	7	11	2	11	2	11	20	18	18	1	20	16	10	16	13	19	15	15
8	7	7	13	1	20	15	8	20	6	7	12	13	11	10	19	2	15	12	9
2	14	1	13	5	10	9	20	17	20	5	14	14	15	20	4	9	3	7	18
1	3	10	6	14	16	2	19	15	6	1	11	17	14	2	2	9	13	3	17
11	14	7	16	4	8	2	15	15	19	7	10	4	2	10	10	3	15	6	9
4	10	14	4	11	15	9	13	19	12	8	17	17	12	2	7	9	17	18	19
12	13	3	18	6	20	6	20	20	7	2	17	20	18	3	12	9	14	9	9
14	2	19	18	18	7	6	1	7	1	10	3	1	7	14	20	13	7	9	16
13	17	8	15	14	18	15	14	20	1	18	20	19	10	13	7	20	17	20	4
14	3	2	18	6	9	6	19	9	12	5	18	12	14	19	19	12	8	6	14
3	17	2	12	12	18	3	7	1	11	20	7	16	12	19	7	18	1	6	5
6	7	4	2	14	3	17	2	9	18	9	20	17	16	17	5	17	19	9	3
12	20	12	12	18	11	18	3	19	9	6	7	4	2	8	17	1	13	14	4
9	8	4	6	11	6	10	2	8	8	2	2	13	13	6	8	9	6	9	16
1	16	7	11	20	8	13	15	9	3	10	15	3	2	12	16	3	13	14	4
2	2	5	6	4	12	5	3	2	20	8	1	19	16	6	10	4	4	10	9
1	3	3	18	14	2	5	6	8	19	10	4	17	2	3	16	1	12	14	9
17	3	9	18	8	4	10	1	12	9	17	4	16	15	12	4	7	17	17	2
9	15	6	19	10	18	3	19	4	11	15	15	9	9	19	16	7	4	12	11
5	11	2	1	1	2	4	12	17	3	4	19	16	14	17	16	1	14	4	7
14	1	1	19	8	20	5	10	2	19	16	3	20	2	16	5	5	14	4	17
16	5	15	19	9	20	16	17	7	17	12	18	14	2	5	14	11	7	13	18
3	19	1	20	7	10	14	19	9	13	20	9	16	16	6	20	18	12	5	17
17	16	16	18	9	13	9	16	9	2	4	8	18	9	15	18	11	11	2	7
6	5	5	8	20	10	7	7	6	5	19	10	9	15	8	11	9	14	16	11
5	5	4	19	16	19	9	11	13	9	10	13	13	2	10	2	19	14	14	9
2	4	20	8	6	1	10	19	7	2	13	6	6	9	18	18	4	4	4	18
14	1	5	14	3	4	4	13	8	4	3	10	18	9	1	2	5	1	5	16
11	16	9	9	8	17	17	20	8	9	2	15	16	2	17	15	18	15	8	16
9	19	12	7	4	5	16	1	12	17	20	5	11	17	1	3	2	19	15	16
16	5	8	14	4	17	1	7	7	5	18	15	18	12	17	17	1	6	13	18
9	17	20	8	6	16	2	11	4	1	14	8	7	5	3	4	16	3	16	4
11	17	7	12	6	9	11	6	9	1	7	4	19	8	13	1	2	18	17	4
7	3	6	11	13	12	5	10	3	20	13	17	7	9	13	8	12	11	7	11
20	12	4	8	15	9	2	11	12	20	8	3	6	5	7	11	1	6	19	19
9	16	18	15	17	4	19	3	18	18	7	1	3	17	17	14	14	10	11	4
17	18	2	1	15	14	12	7	5	2	4	7	5	18	10	11	19	5	18	1
10	19	1	4	2	20	6	3	15	13	12	8	19	8	10	14	10	16	17	7
3	10	4	13	11	20	17	1	20	4	3	12	5	14	11	19	12	13	6	14
1	7	8	6	16	16	8	4	9	8	1	18	8	13	14	11	6	6	13	3
18	1	7	9	17	17	4	8	8	13	6	18	16	12	7	18	16	4	5	3
13	19	11	3	12	16	19	9	5	11	6	3	10	15	4	15	1	13	8	4
10	10	11	1	17	18	3	1	1	2	6	18	2	11	19	8	9	17	7	16
17	7	9	1	19	18	3	2	14	1	11	5	17	20	2	3	1	9	3	16
12	13	4	20	8	16	16	8	7	14	11	7	8	1	20	2	16	6	20	9
2	10	7	6	9	2	2	3	15	6	14	9	5	4	14	2	12	5	17	15
13	2	19	19	13	12	20	8	19	14	2	19	10	19	1	17	14	19	9	18
2	20	17	15	6	19	5	3	4	9	7	7	14	20	20	8	1	6	2	17
20	7	4	15	14	5	9	15	5	12	4	13	8	11	15	18	18	7	9	20
1	11	18	18	18	16	5	8	4	12	15	2	17	19	19	18	15	8	3	10
14	4	12	17	18	15	7	13	16	3	17	19	14	15	13	7	8	5	6	17
1	16	15	8	9	4	16	8	9	8	19	4	13	1	17	6	14	20	8	20
20	13	9	19	17	7	2	7	10	4	6	13	7	8	13	18	10	14	1	5
2	16	4	14	10	16	15	8	6	15	4	16	13	11	10	20	10	3	3	13
1	16	18	16	10	3	1	5	5	15	19	9	16	19	20	7	7	11	1	9
11	20	17	4	14	10	17	3	6	14	2	11	10	1	7	8	15	6	16	17
8	11	11	17	4	4	8	8	7	10	13	20	12	13	13	4	7	4	4	12
20	12	13	18	1	10	13	8	15	18	15	11	13	6	5	10	10	9	17	17
15	13	16	6	15	4	19	11	4	16	18	11	8	14	11	12	10	12	7	6
7	14	15	16	5	10	5	6	15	6	2	17	1	17	2	10	1	14	20	14
16	14	14	3	14	12	5	19	18	17	9	6	8	16	6	10	17	9	10	15
6	8	12	10	19	3	3	3	6	13	1	13	13	13	14	1	20	17	4	4
7	11	20	11	20	4	8	1	18	1	4	4	7	8	10	8	19	18	4	2
7	6	10	18	9	19	2	3	18	17	20	5	13	18	7	15	18	3	5	5
12	17	10	18	19	6	5	11	20	15	12	18	1	2	10	13	17	4	3	16
2	9	14	4	18	20	15	16	20	18	7	5	16	7	18	10	10	7	4	12
5	2	6	7	20	4	20	13	8	19	3	1	6	7	3	5	12	15	1	16
12	20	5	1	8	20	5	17	19	7	1	17	12	7	1	10	12	14	1	17
12	9	14	6	1	5	6	19	2	2	20	15	11	14	18	1	4	7	6	6
5	17	20	16	19	13	5	14	2	10	18	8	8	13	5	7	3	7	13	3
11	17	18	12	10	2	16	1	16	15	18	7	19	9	13	8	8	16	10	6
19	13	1	10	13	15	6	9	18	6	8	15	7	7	18	9	16	2	20	12
13	20	6	16	6	13	14	3	14	1	17	6	10	1	3	9	10	16	18	13
4	9	16	5	6	7	10	11	11	10	16	1	4	2	10	11	15	18	10	3
13	11	4	9	7	7	19	1	13	18	18	14	1	15	9	18	2	2	6	3
12	9	2	18	18	4	10	17	17	5	1	3	16	16	8	13	17	18	7	1
10	19	8	3	2	10	1	17	11	8	8	2	3	8	2	11	20	15	7	4
15	8	2	12	14	17	3	3	19	12	7	1	10	8	3	2	1	16	4	19
13	19	9	15	19	4	2	4	10	1	17	5	11	2	14	1	17	16	16	2
9	2	8	4	7	12	8	10	6	2	20	2	6	19	16	11	17	17	2	15


2	2	2	1	2	1	1	2	1	2	1	1	2	1	1	2	2	1	1	2
2	4	5	5	2	2	3	1	5	1	2	5	3	1	3	5	2	4	3	5