200	5	10

1	1.3	1.55	1.75	2.1
4	6.76	9.61	12.25	17.64

75	54	42	48	75	28	44	52	34	83
99	64	28	16	82	62	17	89	96	14
1	91	40	84	31	55	35	99	43	44
33	83	90	83	32	25	37	13	3	21
56	94	78	56	91	59	28	25	53	12
96	59	9	7	27	12	55	60	80	87
44	98	55	61	40	65	20	61	61	50
33	79	88	74	50	32	10	2	18	58
48	91	59	60	69	52	17	77	1	75
65	22	55	49	47	41	12	47	59	73
10	28	33	58	95	11	24	63	6	65
99	30	9	91	10	14	89	79	34	67
94	93	36	33	6	1	42	90	41	15
69	93	23	41	85	9	77	70	61	50
96	45	17	86	93	36	87	89	96	16
5	26	67	2	42	91	80	73	7	39
82	73	78	84	15	70	66	24	54	25
59	78	8	40	12	23	33	85	65	96
60	8	54	5	79	50	4	70	94	73
9	4	52	69	46	23	96	50	76	70
84	72	3	9	99	65	71	39	61	42
79	1	58	85	94	23	72	19	4	56
36	59	25	98	57	12	41	48	2	15
96	13	94	99	33	28	27	42	67	2
87	71	8	46	77	85	81	26	97	62
39	27	37	52	27	88	31	48	55	4
46	24	25	77	8	44	61	62	98	99
31	30	19	46	17	80	44	10	82	8
66	18	60	38	17	19	64	5	26	8
64	30	32	54	57	1	92	39	65	58
65	30	31	76	31	3	30	90	61	37
57	64	85	6	70	34	83	34	95	37
51	99	84	4	30	56	73	70	15	53
90	82	31	68	71	36	75	88	88	42
50	84	56	60	86	28	51	25	7	11
24	47	62	16	43	38	1	76	6	20
21	41	39	55	79	1	15	7	82	31
81	39	37	87	53	20	78	60	49	43
79	32	95	8	71	55	12	8	29	55
13	4	70	55	90	25	64	67	17	90
98	82	77	24	19	72	21	31	21	36
6	13	38	31	84	78	71	50	69	24
9	26	51	8	99	44	91	58	11	98
91	4	43	36	71	32	11	53	25	18
5	87	68	85	90	74	38	91	46	41
79	98	50	57	19	93	60	42	74	59
72	47	71	2	54	47	38	12	99	91
89	65	51	7	34	82	24	83	46	75
23	9	86	93	76	61	47	96	97	89
80	9	43	67	73	93	68	90	54	27
31	96	35	94	58	50	65	82	70	83
60	72	81	68	47	15	15	8	72	53
60	63	58	75	11	5	11	11	69	62
90	72	41	60	74	91	99	98	43	38
30	97	40	91	70	99	58	41	77	82
77	31	76	78	19	78	34	13	52	79
39	41	68	48	30	22	22	52	47	88
71	68	78	41	17	98	72	68	5	25
58	57	20	30	72	37	18	78	45	43
69	3	35	51	59	53	66	85	28	26
85	80	48	6	26	15	44	77	91	9
9	4	99	37	89	89	35	93	37	23
48	28	93	65	46	83	6	73	74	89
43	45	86	82	14	39	79	53	6	5
85	88	47	88	17	51	20	84	25	84
18	67	56	25	41	69	97	12	89	81
27	58	28	11	17	62	26	91	72	54
42	59	23	75	57	67	10	68	27	60
19	44	41	34	10	64	23	19	87	95
11	6	59	48	59	82	58	34	69	53
3	94	50	61	44	48	27	27	33	44
64	19	10	74	69	12	27	50	62	25
97	1	10	83	83	76	62	91	9	18
22	54	43	22	14	63	85	2	29	99
75	77	92	40	23	30	19	44	18	74
5	15	43	93	83	77	89	26	25	22
14	82	98	71	15	8	9	10	51	98
15	18	48	12	89	78	98	73	92	88
31	62	89	52	41	17	84	58	78	43
40	76	47	39	50	31	31	96	89	81
92	30	19	86	8	49	55	1	69	61
95	97	16	22	87	92	23	77	95	30
95	93	23	33	21	38	83	16	18	84
63	45	64	83	83	46	27	81	76	35
46	81	48	42	82	23	30	24	38	51
4	83	68	30	38	34	29	89	28	4
78	77	50	54	87	44	41	48	8	32
82	3	84	48	76	66	23	30	91	96
77	56	65	82	53	8	82	97	20	75
57	67	97	10	13	34	69	10	35	86
38	55	91	53	45	80	14	75	2	32
91	13	57	27	45	43	50	26	74	76
17	83	42	26	43	63	72	99	99	35
63	41	12	25	80	80	83	43	30	89
44	19	66	63	83	73	86	86	64	78
84	39	2	4	95	71	33	75	71	91
8	10	39	83	78	50	39	85	10	93
95	39	6	84	20	19	28	81	14	80
98	15	3	92	86	27	66	4	70	99
34	97	65	44	71	82	67	43	63	34
51	84	44	77	61	16	96	25	32	56
22	95	41	32	59	54	90	53	69	78
84	69	6	60	96	30	39	88	74	63
53	78	62	91	1	52	76	25	80	24
66	71	38	5	9	74	55	85	88	69
18	80	93	81	29	23	91	98	64	69
88	46	55	80	89	32	53	77	14	83
33	21	54	42	8	33	61	29	52	91
24	64	14	29	13	97	36	10	5	84
45	6	5	5	8	11	99	80	44	85
8	63	85	69	27	54	80	28	89	1
30	4	46	6	97	23	51	69	17	27
9	10	62	36	13	44	56	86	1	72
2	13	68	23	7	56	70	7	68	74
89	36	46	82	57	96	20	77	39	2
20	37	81	19	75	17	13	97	34	96
85	19	40	59	3	83	83	8	6	70
31	3	92	94	74	47	96	24	49	80
72	44	34	13	71	9	70	52	35	52
79	59	30	10	34	85	48	55	99	46
43	33	38	24	75	4	30	85	24	40
11	50	19	68	75	15	82	76	10	31
7	65	87	92	32	32	77	94	98	35
76	80	60	36	12	53	8	55	29	86
27	69	68	38	74	50	79	58	34	60
85	26	8	13	61	19	50	6	20	28
16	45	25	1	52	98	56	70	74	17
94	76	52	92	39	95	59	96	46	68
22	87	91	74	23	19	64	48	91	47
25	58	64	78	75	48	95	59	37	2
36	25	68	19	89	62	49	37	16	87
31	83	53	31	56	72	23	59	37	80
46	39	48	30	24	70	25	84	53	65
9	5	41	42	36	64	95	4	85	85
15	39	11	99	15	79	77	38	59	28
59	69	73	40	94	36	14	47	26	86
21	36	27	84	66	40	50	71	22	66
42	10	87	47	81	9	14	32	39	73
31	8	62	85	94	77	36	37	21	8
65	15	3	48	88	73	12	57	51	1
35	65	73	71	75	3	12	35	54	6
30	76	64	9	44	51	81	97	80	51
54	53	70	1	75	22	58	18	5	6
61	21	41	8	51	71	87	41	53	70
79	61	20	84	72	88	94	36	73	87
46	97	56	48	15	69	62	16	11	59
24	78	52	12	20	28	99	39	89	65
93	23	47	82	74	45	25	60	58	88
17	56	17	4	47	53	49	97	84	13
5	40	41	60	11	55	50	51	47	23
29	19	36	3	15	81	62	80	40	50
42	81	28	83	13	81	67	67	77	25
44	78	5	69	86	28	48	73	8	32
86	17	74	37	7	98	87	62	72	42
45	17	21	5	93	7	69	50	64	71
89	21	53	43	48	79	13	45	87	15
10	7	96	37	10	11	98	30	90	48
81	88	39	84	10	9	39	80	99	44
75	41	70	71	17	53	87	26	82	19
3	19	46	43	95	47	37	37	44	1
43	15	79	52	35	50	89	43	65	38
25	18	38	60	48	3	68	6	2	44
22	48	52	54	30	80	66	69	54	79
10	96	66	37	56	1	71	47	21	37
54	48	1	62	93	85	23	72	62	6
82	66	23	47	57	19	28	72	98	33
64	36	33	45	79	31	66	12	5	78
26	17	44	11	48	10	42	92	34	10
29	31	87	13	35	35	95	76	30	63
22	18	86	49	18	8	30	40	54	95
88	82	66	1	27	5	46	74	15	52
20	17	9	37	85	22	14	32	41	62
50	73	99	2	86	99	72	31	28	49
83	90	50	14	9	93	85	33	5	50
56	7	11	76	48	5	50	18	76	54
82	5	96	35	48	14	24	48	2	31
10	78	53	97	14	21	99	83	69	90
58	53	80	50	39	26	52	10	89	2
3	26	12	11	50	29	33	45	97	8
70	49	10	28	81	54	74	27	80	42
54	78	95	8	83	16	77	30	78	80
15	72	15	30	37	11	14	43	75	52
98	6	27	13	93	40	66	39	65	79
27	91	12	8	18	43	99	72	20	15
46	6	70	98	54	43	42	97	90	31
58	5	12	8	34	81	85	37	86	95
12	78	35	69	20	32	1	36	35	30
95	34	58	39	78	3	65	96	19	45
1	47	11	26	69	79	11	39	17	31
50	28	86	90	73	2	79	21	20	70
38	62	44	64	48	16	70	71	83	91
6	75	27	71	50	47	8	22	2	36
45	88	64	48	90	70	10	14	96	52
7	16	83	59	25	16	88	40	4	59
66	37	13	10	40	88	46	37	2	83
94	29	65	22	11	35	85	28	89	70
40	3	28	19	57	85	29	80	40	72
18	27	35	45	11	39	15	44	40	9
66	38	21	24	79	97	53	31	39	98
90	74	43	91	91	48	68	33	19	61

20	9	4	13	4	8	3	5	20	4
8	20	18	7	17	2	2	2	18	20
10	17	18	5	14	9	4	14	7	3
13	17	16	15	10	5	15	12	15	19
12	16	18	14	8	1	6	4	2	4
10	12	5	12	10	8	15	12	11	9
1	15	3	5	14	8	1	3	6	18
13	10	6	9	17	8	16	17	8	18
3	17	6	18	2	1	7	11	12	4
7	10	3	9	12	19	2	10	9	2
17	20	15	9	2	2	2	8	8	12
18	18	16	9	3	13	19	15	14	19
14	11	18	17	17	3	3	11	20	13
2	2	15	3	7	14	14	13	4	6
5	18	7	3	1	1	6	2	10	3
18	15	13	19	5	10	1	16	20	3
12	10	17	4	18	11	18	11	12	15
6	15	17	12	6	4	19	4	6	18
8	14	9	19	11	12	16	13	14	3
2	14	14	1	11	18	16	3	9	4
12	1	13	3	5	4	8	4	18	10
9	19	17	7	9	19	13	15	9	3
17	8	10	3	12	1	14	11	11	17
14	14	4	7	13	2	13	11	20	17
20	15	7	11	18	18	17	20	9	1
11	9	13	16	4	7	7	1	1	8
1	14	7	13	4	11	4	10	4	1
6	6	11	16	17	6	1	4	12	1
13	7	5	5	20	20	3	12	11	4
7	11	18	16	4	6	1	14	9	17
19	19	10	13	4	19	14	16	11	19
2	3	4	6	5	18	2	5	13	8
15	20	8	3	10	14	11	7	8	4
16	10	3	17	10	18	11	13	2	17
10	6	11	5	3	5	20	1	14	8
1	2	17	3	12	6	9	19	10	11
13	11	5	4	13	13	9	14	11	10
7	15	13	15	19	14	1	13	11	6
8	13	11	16	2	12	9	4	4	8
4	9	3	16	16	20	15	2	16	6
15	8	20	7	3	3	19	13	20	6
11	7	3	6	4	18	11	2	20	20
16	9	17	1	4	18	15	11	14	14
15	2	9	6	19	5	3	4	1	18
9	14	8	18	3	17	17	11	10	20
10	10	19	2	14	10	10	18	19	2
12	7	9	7	1	1	10	6	19	1
20	5	8	1	5	12	12	18	5	4
14	6	10	19	3	20	1	19	17	16
13	15	11	5	8	20	2	15	20	18
19	12	15	5	12	6	7	17	14	16
8	6	9	5	20	15	17	6	17	13
5	10	16	11	19	7	4	16	3	3
6	10	2	4	2	18	19	13	17	13
19	10	7	17	13	5	17	3	20	13
4	7	14	1	15	12	14	14	1	1
19	20	1	1	19	17	9	9	5	13
15	4	4	6	16	2	12	1	3	6
3	14	13	8	7	13	18	17	18	18
5	18	4	15	5	1	13	17	10	1
4	19	10	6	11	14	1	15	6	10
7	15	7	2	11	18	4	20	16	2
12	5	7	2	6	13	13	8	8	16
2	19	4	11	4	19	8	3	16	20
18	10	17	16	10	6	5	16	9	4
14	10	18	17	9	18	9	5	19	15
10	8	13	6	17	9	3	4	8	19
5	2	1	14	10	10	2	2	4	4
10	2	18	2	11	18	5	3	4	19
17	17	2	5	13	7	7	2	2	18
1	1	6	3	14	14	11	11	12	3
9	9	9	16	13	16	16	1	8	17
20	3	11	11	20	1	10	8	6	19
8	7	20	7	17	13	8	15	15	3
4	2	19	6	6	19	8	12	1	6
13	12	18	18	1	20	2	13	16	18
11	14	1	10	6	6	12	19	1	15
8	9	8	15	16	1	13	13	9	16
18	5	17	15	18	19	16	7	20	15
4	6	11	10	19	9	14	4	8	5
7	9	3	7	2	5	16	15	13	11
3	17	15	20	2	14	3	15	8	11
12	10	11	7	18	3	16	13	2	14
9	11	5	4	1	15	9	6	1	20
14	7	18	8	13	20	18	4	17	7
11	1	1	10	7	2	7	20	12	14
16	16	4	12	14	18	15	6	12	11
16	1	10	6	10	18	18	13	8	8
1	14	16	3	10	17	16	15	20	5
20	18	20	7	20	11	2	10	19	12
5	12	3	13	17	4	5	19	2	6
13	20	8	10	18	14	7	5	20	12
7	20	16	15	3	13	2	14	18	5
5	5	18	5	10	5	3	13	12	6
14	7	9	5	12	17	5	13	15	5
1	1	9	3	6	6	8	17	12	19
2	7	6	3	9	13	2	3	19	9
3	11	13	7	12	4	17	17	4	7
19	11	19	16	15	9	13	6	13	5
14	3	8	11	19	1	17	1	11	5
14	17	14	20	16	11	18	20	14	16
18	18	16	5	16	12	16	12	13	13
12	10	18	12	1	16	8	10	3	5
3	17	3	8	12	20	8	11	2	10
1	18	6	5	8	15	20	4	10	8
14	10	7	15	13	6	8	20	12	4
3	2	15	7	13	13	10	10	4	20
18	20	12	18	4	3	8	1	18	4
4	1	3	7	12	11	15	8	15	13
17	16	17	9	8	17	8	7	19	17
18	7	14	4	16	11	13	7	19	11
8	19	8	14	10	16	15	20	20	11
8	13	10	14	9	9	17	11	14	16
14	7	6	9	12	11	8	14	1	4
7	9	13	9	14	9	1	7	4	1
13	3	20	11	5	17	1	12	11	4
10	14	15	13	17	2	19	12	14	11
18	20	18	13	13	4	1	20	14	7
15	17	16	6	9	3	13	4	19	6
11	3	17	16	14	8	8	5	11	18
12	20	17	8	20	1	13	2	5	18
7	14	15	10	1	12	9	9	17	12
13	17	11	8	18	10	13	4	12	13
17	17	4	14	9	11	15	1	10	9
8	20	13	12	8	2	11	10	6	4
19	14	1	12	2	11	1	17	18	15
20	4	6	2	14	20	2	6	10	18
12	2	6	19	19	11	19	18	6	9
17	8	9	18	16	2	15	19	8	16
1	15	2	14	2	8	19	7	8	10
2	19	12	8	4	20	19	15	4	5
1	5	8	20	17	2	1	2	3	7
19	9	11	16	11	10	1	20	3	10
16	5	17	1	11	10	7	13	20	12
19	5	12	13	2	8	13	16	14	1
10	7	17	12	14	2	17	14	5	20
9	6	15	16	8	20	5	16	16	16
9	10	9	14	6	14	2	1	20	3
17	16	8	17	8	4	4	10	2	19
17	20	19	16	1	8	10	7	8	14
14	9	20	19	17	12	9	3	12	11
10	4	20	5	4	2	5	10	7	17
8	2	7	1	13	14	7	8	12	4
10	1	11	17	2	6	2	1	3	19
9	13	4	17	5	10	6	3	1	6
2	10	7	18	8	1	2	19	3	12
9	14	15	10	15	17	6	12	14	6
13	6	16	3	8	1	6	15	10	5
7	5	16	10	20	2	14	16	19	9
7	6	12	14	14	18	5	2	17	4
14	1	3	17	8	19	19	3	12	9
15	1	19	18	4	19	4	9	1	11
8	8	3	7	16	7	12	8	3	6
20	14	1	12	7	6	10	18	10	6
17	1	18	2	2	12	15	11	12	10
12	12	17	6	16	7	18	5	7	12
16	10	15	19	2	5	9	12	11	3
5	8	1	3	2	13	7	9	8	14
19	11	18	4	12	17	13	2	20	6
17	3	7	5	15	6	3	5	6	9
17	12	3	18	12	18	19	2	11	16
4	5	4	13	8	7	9	9	11	3
6	1	13	18	6	12	2	11	10	11
3	1	9	17	3	5	6	17	1	11
4	2	3	12	3	5	5	3	16	7
20	5	7	7	5	19	5	14	18	17
4	19	12	4	2	20	9	11	8	12
11	5	16	19	18	16	12	5	12	11
13	6	6	17	17	13	14	1	19	3
3	13	17	1	19	1	12	14	4	10
18	2	12	14	18	2	2	19	17	4
12	12	11	11	19	8	6	8	10	12
16	2	5	6	15	2	7	8	5	2
14	16	10	12	3	10	12	20	18	4
14	3	6	17	18	20	10	9	19	2
5	3	12	18	3	11	13	12	13	4
12	16	3	6	15	13	11	13	18	18
12	15	3	7	2	11	5	7	16	12
5	1	5	12	9	14	11	15	9	7
13	6	20	14	12	16	2	20	8	16
18	1	19	8	14	15	3	12	9	8
3	17	5	11	10	19	16	7	9	12
17	2	3	6	17	14	14	6	17	12
11	1	14	1	11	6	5	5	14	18
4	17	2	4	15	3	17	14	18	8
2	17	4	5	2	17	20	4	12	16
10	20	1	13	6	19	7	7	13	18
10	1	8	16	10	6	9	13	3	17
19	16	6	2	5	9	15	17	6	3
4	20	1	17	18	8	9	8	13	18
2	15	10	2	15	7	3	8	20	1
16	4	2	5	20	10	6	11	16	4
8	13	1	6	12	18	19	1	12	1
11	3	20	15	15	20	17	11	9	20
8	1	4	4	17	18	6	5	4	19
20	7	10	3	7	10	7	20	8	4
4	10	9	17	13	6	18	4	7	1
10	13	18	18	7	7	11	17	19	20
12	6	18	5	2	12	3	2	5	11
20	1	6	2	3	7	18	13	13	6


1	2	2	2	2	2	2	1	1	2
4	3	2	1	1	3	1	4	2	1