200	6	20

1	1.3	1.55	1.75	2.1
4	6.76	9.61	12.25	17.64

44	59	50	70	69	49	3	60	97	41	73	6	61	18	55	17	73	76	99	55
59	58	50	41	32	74	26	22	43	1	67	6	64	42	32	98	94	7	85	81
57	91	69	4	55	51	95	59	8	51	98	29	45	94	8	41	47	29	67	46
33	3	24	20	41	76	17	49	42	12	9	36	85	60	26	75	8	44	38	87
78	74	57	86	56	49	41	34	7	75	67	91	83	35	13	77	12	47	26	35
71	46	50	67	20	55	41	43	76	85	35	88	70	87	81	89	38	75	33	72
8	10	21	40	70	28	20	43	47	50	11	69	4	31	6	94	1	14	40	45
2	14	43	52	98	86	89	85	78	85	9	11	38	20	20	59	64	27	11	80
76	64	86	5	9	54	76	79	19	93	32	96	28	30	30	31	24	13	87	89
90	44	99	53	97	58	69	85	14	44	97	84	31	14	91	10	33	27	28	75
24	16	81	65	18	74	39	45	61	71	44	36	20	36	25	32	97	95	54	21
37	34	14	2	96	48	40	78	94	75	12	40	4	79	17	92	34	45	41	3
94	20	41	15	68	8	56	92	59	61	44	3	26	58	96	30	67	97	20	86
9	65	52	98	25	29	81	67	70	2	18	4	18	30	35	62	90	9	83	35
44	55	65	39	39	77	43	20	6	66	81	43	76	48	95	97	89	61	62	58
81	86	25	12	4	93	81	57	44	79	63	21	76	68	74	96	83	52	77	94
4	88	75	51	56	78	35	63	20	45	48	38	10	78	47	18	82	1	27	98
26	63	53	7	25	70	36	31	26	4	55	94	34	52	71	76	5	55	47	65
88	43	26	29	76	43	97	61	62	72	53	11	30	64	53	96	28	32	90	21
80	88	75	13	34	21	23	98	12	9	26	78	92	87	54	85	50	24	51	55
84	8	83	30	97	96	84	74	67	51	2	71	84	41	81	39	32	59	46	59
8	92	77	23	63	44	71	84	69	9	32	63	5	4	3	7	71	83	6	45
64	80	39	59	19	62	26	94	40	20	99	16	3	91	94	95	40	76	83	42
52	26	98	32	99	16	99	36	82	3	96	61	51	85	71	22	69	72	27	16
70	31	71	92	83	9	39	12	43	30	67	3	41	7	79	54	63	13	52	60
50	5	19	80	16	27	25	6	53	11	38	27	93	9	41	37	1	20	54	85
18	44	98	11	69	20	25	16	55	90	93	3	14	6	15	27	39	50	85	38
8	87	70	61	25	75	46	30	16	28	80	48	59	41	39	75	80	3	74	76
96	50	17	9	16	23	55	30	93	17	59	4	93	54	95	80	85	25	40	13
26	25	63	67	90	8	66	14	91	21	51	64	75	78	71	30	97	68	66	12
12	62	46	84	59	16	80	5	30	22	65	92	5	47	42	29	42	26	67	96
58	94	21	98	79	22	29	65	59	24	57	53	55	77	3	89	67	87	17	11
85	65	22	43	16	81	72	99	28	80	88	30	19	46	6	81	31	62	98	29
65	21	12	79	44	32	89	1	59	43	10	12	29	66	37	44	92	21	30	37
62	87	18	77	99	67	29	21	25	87	33	59	39	15	41	17	80	25	52	84
45	6	42	55	52	97	4	79	77	96	46	14	91	75	87	37	7	78	23	98
31	40	43	43	94	27	33	84	50	97	42	10	89	33	16	64	81	12	77	64
94	52	21	54	27	24	44	55	18	75	3	30	84	71	89	73	63	42	24	18
34	56	7	28	94	22	1	86	65	81	98	63	25	82	64	43	56	17	55	30
67	94	70	67	74	43	80	84	67	10	8	59	86	54	74	52	86	4	40	29
51	32	16	97	15	93	38	80	5	22	98	33	91	64	37	14	35	69	27	23
82	8	53	22	43	61	53	99	66	93	45	76	56	66	12	87	45	80	34	51
83	30	81	40	21	85	25	34	29	21	80	64	69	17	15	24	86	35	70	81
78	97	87	13	82	69	64	76	76	56	70	32	39	12	63	53	3	3	85	66
62	45	18	48	56	67	95	26	91	75	70	69	56	78	32	68	48	92	54	96
66	35	65	1	3	37	45	37	75	72	58	66	98	70	58	90	96	40	57	46
75	13	74	76	59	44	70	70	90	66	68	66	33	52	94	62	15	54	36	37
63	23	87	82	19	30	21	27	96	78	9	90	73	4	31	79	65	44	32	35
68	93	20	4	93	10	89	64	46	63	21	50	38	87	82	3	38	37	65	4
32	36	34	73	57	84	57	44	88	6	28	45	84	45	82	62	77	53	81	54
20	76	83	87	55	50	48	55	39	62	17	11	79	52	95	98	18	44	49	26
98	12	76	68	89	29	73	20	54	14	27	95	96	60	41	62	63	15	17	9
72	98	71	30	53	17	63	5	62	82	31	47	93	93	95	40	44	87	21	99
17	96	96	60	81	32	4	47	37	98	58	70	99	81	27	97	47	3	59	93
99	77	24	80	41	6	57	27	73	64	30	80	81	27	3	88	82	3	69	21
90	99	51	52	10	94	33	28	31	15	43	75	49	75	61	98	37	44	1	31
24	25	68	34	56	51	93	66	91	43	43	70	70	30	97	38	63	27	3	70
69	44	16	40	23	65	87	27	79	46	62	19	36	54	79	90	5	87	57	36
77	33	71	21	16	61	24	51	7	4	35	77	22	77	16	40	9	58	81	54
72	78	44	13	3	56	36	86	99	97	5	90	85	10	62	7	57	63	96	22
90	7	9	95	80	82	31	36	90	38	49	20	5	14	4	29	25	34	98	49
4	24	80	81	18	37	62	20	45	29	81	16	32	23	17	95	32	81	89	55
40	16	2	80	86	38	32	37	97	16	55	93	60	66	47	29	89	20	37	64
73	81	60	60	49	81	44	70	27	96	26	72	92	80	54	72	11	47	24	33
51	66	50	82	56	7	63	88	43	89	6	8	11	42	82	65	49	76	21	26
93	32	93	20	48	22	27	47	46	32	52	42	91	87	96	48	17	24	5	70
65	89	93	19	69	36	35	35	41	10	24	36	32	24	86	66	84	75	18	4
73	26	32	99	24	4	75	98	56	34	99	5	91	18	50	81	85	73	71	10
33	84	35	26	73	95	63	2	95	15	48	31	65	19	8	45	55	92	50	58
26	3	89	30	96	37	65	31	8	4	96	36	34	49	17	9	64	99	27	65
32	42	20	31	64	19	86	48	33	65	1	26	30	75	1	88	32	40	53	60
90	85	73	19	71	82	93	24	22	1	91	72	95	54	37	75	18	55	36	96
10	78	84	54	31	87	59	43	26	17	31	63	89	23	31	95	32	73	94	61
12	87	90	75	45	87	54	39	14	54	45	76	58	3	18	96	2	23	9	35
85	93	73	79	77	38	89	85	91	90	16	3	11	65	3	57	84	63	58	7
39	21	48	63	12	65	49	82	63	48	67	96	61	11	22	25	40	42	76	86
6	45	60	56	98	5	65	78	11	98	65	45	12	16	83	10	60	59	39	7
38	75	62	38	77	10	72	52	35	37	56	39	70	37	39	80	89	47	82	56
67	32	60	12	26	46	63	94	66	53	76	71	52	19	9	30	63	80	57	66
27	6	90	45	77	83	92	85	85	98	89	59	75	55	89	51	66	26	84	87
32	63	3	19	50	62	58	42	34	12	69	5	79	39	2	25	65	17	24	67
51	35	62	40	69	25	35	54	12	78	68	57	42	2	40	91	59	47	30	55
67	90	70	81	62	77	67	56	37	9	31	63	42	24	54	64	60	95	38	93
82	29	47	71	19	12	9	84	46	91	23	27	58	96	43	82	71	18	10	37
61	23	43	28	31	57	14	50	20	51	73	67	94	67	78	75	14	89	75	59
1	33	64	34	50	64	37	13	15	14	65	64	28	6	67	67	80	44	10	50
42	41	12	43	43	36	40	79	61	97	93	59	47	23	95	73	32	50	19	96
85	36	42	54	49	54	91	78	13	24	11	84	76	96	78	30	4	53	20	68
14	80	92	92	33	16	94	51	29	97	60	25	62	55	16	60	21	80	84	25
78	43	96	58	75	11	19	84	79	44	88	73	28	60	81	25	7	25	86	85
70	95	94	15	88	58	87	7	58	59	68	77	38	84	6	51	54	99	74	79
21	87	64	6	7	38	33	87	24	88	44	7	45	33	53	36	67	62	98	22
46	24	24	90	69	48	23	79	42	22	91	99	88	50	90	29	5	81	52	64
53	96	98	59	63	84	21	14	63	84	48	26	18	46	37	75	84	48	68	10
91	1	75	27	18	4	24	58	38	79	16	42	1	38	42	76	96	45	81	48
29	11	69	77	2	54	23	40	24	41	92	83	65	23	20	57	11	77	46	11
36	41	75	18	93	91	91	57	80	4	27	61	86	29	16	59	79	60	34	57
90	76	63	32	83	69	86	1	78	67	1	10	20	1	26	56	29	50	63	29
27	67	69	71	54	98	96	15	32	70	36	7	58	64	24	85	95	43	52	4
52	80	62	94	96	23	80	54	21	92	82	51	83	87	32	11	65	13	21	42
42	20	20	68	3	43	20	73	29	45	6	32	85	2	30	85	25	33	3	73
70	21	87	93	54	82	72	56	32	93	14	67	66	76	35	77	98	17	7	32
47	75	77	53	68	94	41	52	55	8	27	55	88	77	39	21	35	27	34	95
59	22	89	36	95	40	65	78	31	92	89	14	64	33	44	58	78	13	5	47
11	36	55	2	22	58	87	84	49	4	43	89	55	14	99	82	60	17	53	58
46	41	92	14	71	96	31	11	34	20	27	12	64	15	19	80	27	89	48	98
31	39	64	18	43	3	52	22	82	73	22	57	64	56	82	6	30	24	50	39
46	79	32	39	26	83	92	57	85	7	45	91	33	84	85	3	22	60	85	92
1	41	60	19	26	12	43	63	52	82	1	10	75	85	78	71	43	59	25	86
68	27	94	78	53	70	50	10	60	68	25	5	52	40	87	96	27	88	85	66
33	89	71	24	88	99	65	87	70	46	87	82	83	73	56	67	20	22	77	92
78	23	71	11	59	94	85	38	58	58	95	95	36	74	26	8	95	23	88	61
75	41	13	16	56	34	94	82	85	77	79	5	44	99	99	50	89	82	54	3
80	60	62	74	51	51	79	34	65	73	81	89	89	14	25	31	43	47	16	34
44	29	32	64	78	29	85	26	50	85	85	25	24	20	35	94	20	24	86	76
66	7	16	23	27	20	6	41	77	79	15	81	2	70	1	69	14	73	33	99
33	41	51	72	18	11	90	30	94	31	34	55	97	29	46	40	8	96	2	93
53	70	14	13	10	32	72	29	83	5	10	55	22	11	60	92	39	47	60	79
21	28	64	73	71	18	15	27	8	57	83	14	32	5	58	57	70	68	87	65
83	85	43	86	57	17	13	59	93	85	63	96	57	96	78	78	7	47	39	38
24	3	73	36	85	85	15	29	68	95	21	63	66	91	2	82	57	76	94	71
98	22	55	52	12	57	86	10	87	7	51	37	33	87	29	99	45	66	37	33
65	97	69	50	49	64	79	1	37	94	41	53	71	62	59	47	4	76	60	68
14	19	39	28	90	16	66	87	55	35	21	9	36	96	13	99	24	36	39	50
58	49	49	67	77	17	30	15	1	58	50	71	9	65	71	1	40	35	47	41
3	64	56	75	3	94	40	12	82	49	66	1	95	52	35	45	20	14	57	51
61	34	2	16	66	50	29	61	96	9	86	15	64	67	39	38	73	42	82	71
5	79	16	74	18	39	42	94	86	82	16	85	53	80	72	86	50	27	30	13
27	94	3	88	89	98	6	59	41	78	25	36	29	63	55	4	39	78	17	10
62	28	88	18	31	7	13	83	38	25	23	73	19	31	56	38	20	6	15	88
74	72	25	49	58	13	3	85	2	7	22	73	56	69	59	74	59	16	82	48
36	21	52	41	21	31	85	1	97	62	91	84	68	54	56	74	79	55	80	39
74	24	97	65	70	35	3	62	58	87	69	78	21	70	34	75	75	94	51	90
71	95	56	26	50	52	20	65	87	81	52	22	83	53	93	23	88	92	13	16
21	92	68	67	71	87	19	51	97	91	66	37	16	81	50	28	26	72	65	22
53	18	18	73	18	61	83	12	12	84	85	86	80	81	30	42	80	46	85	9
8	8	31	9	91	91	40	96	99	10	38	35	18	48	69	4	25	37	94	63
37	8	1	48	36	58	67	3	96	2	77	95	99	80	38	15	29	49	96	6
37	33	46	84	17	86	26	29	54	69	46	2	8	53	50	45	59	90	61	48
60	22	1	39	44	19	17	77	60	16	18	99	24	11	52	36	77	27	91	19
88	35	76	73	97	79	58	51	84	46	3	80	36	66	43	28	17	74	47	57
11	83	40	11	97	1	88	48	31	71	38	33	44	34	70	29	91	25	81	9
4	48	88	93	3	73	23	66	30	93	16	17	54	57	49	14	37	3	81	72
49	45	54	47	20	6	25	83	32	89	58	59	31	93	34	76	45	83	21	33
73	79	62	2	91	87	30	20	54	34	64	83	18	92	80	12	41	72	70	56
30	75	67	82	83	16	7	82	54	46	16	70	77	84	6	74	98	59	14	17
53	42	94	72	33	49	41	38	76	46	96	88	62	94	38	75	25	31	20	32
67	43	28	21	27	21	17	43	54	76	16	9	16	3	32	71	11	55	39	29
62	68	42	13	27	69	95	79	4	28	80	58	97	42	43	50	61	7	20	69
98	97	30	41	3	41	49	4	36	71	34	33	33	11	18	82	27	95	66	34
42	52	40	97	30	99	16	12	8	23	20	56	79	99	3	65	9	85	29	46
40	47	80	47	45	89	43	41	55	71	24	45	50	1	76	83	91	82	9	45
77	90	9	27	13	31	86	66	97	15	25	80	10	88	16	7	12	38	43	97
53	64	19	17	4	96	99	12	86	93	72	2	93	27	18	58	80	42	73	31
65	60	18	50	15	11	14	47	58	45	88	48	75	82	26	75	6	78	12	53
57	69	72	15	61	62	58	67	77	27	33	88	52	8	52	21	59	66	57	77
31	26	24	66	86	16	94	89	8	25	17	58	51	52	57	17	96	1	49	56
34	90	9	44	18	97	48	56	22	46	5	50	77	74	85	97	9	30	40	82
63	23	87	26	3	68	26	31	5	99	87	49	47	56	43	60	23	53	82	35
36	84	46	70	91	8	12	34	13	1	73	87	96	42	35	40	57	45	31	64
20	76	80	82	12	49	2	65	76	76	53	54	70	92	19	23	43	42	39	42
80	80	94	93	17	97	18	26	11	34	70	37	61	23	17	13	78	15	57	98
17	53	3	64	25	40	92	10	81	38	64	92	74	24	13	34	27	48	26	41
30	92	24	10	69	32	59	64	70	1	9	19	26	77	18	38	36	69	94	53
69	61	11	3	59	11	96	69	65	15	50	82	95	77	66	11	40	17	45	95
15	92	98	25	55	32	46	62	42	55	25	19	76	58	59	47	44	89	13	60
25	31	69	76	92	52	91	6	44	61	77	34	94	50	78	96	93	1	35	7
75	82	94	29	78	62	22	8	15	65	9	97	88	50	66	43	25	48	80	72
65	89	88	79	63	33	67	22	3	50	39	10	78	54	91	69	2	79	40	85
89	82	44	62	29	85	5	83	76	6	70	78	28	41	2	31	70	18	36	90
15	75	75	71	90	25	45	18	18	5	33	17	2	96	79	59	55	6	49	72
24	62	44	56	13	26	64	18	63	20	55	39	1	58	3	85	97	79	98	63
70	13	40	76	55	28	67	24	48	53	69	37	1	37	78	27	93	62	8	45
5	56	9	45	3	44	49	16	69	24	83	62	26	20	74	47	91	82	72	74
32	46	35	45	71	63	22	34	12	61	23	65	9	12	28	1	93	30	71	64
22	99	40	7	62	30	9	29	62	66	83	15	52	36	42	11	81	47	57	17
94	46	32	88	76	3	76	53	47	86	54	36	27	91	55	99	29	96	94	55
60	42	25	16	86	3	54	59	41	94	95	17	24	70	52	71	60	93	37	83
32	77	18	38	8	41	37	72	96	72	77	82	39	11	56	39	26	4	81	74
8	4	16	99	76	30	28	32	87	78	33	94	24	21	8	29	10	90	50	29
89	69	9	4	58	18	73	65	29	36	40	61	3	18	11	40	60	24	58	36
39	15	72	45	81	53	46	88	40	4	11	23	52	71	15	99	90	46	26	3
36	23	65	93	77	3	51	85	19	12	40	20	60	45	95	27	15	1	59	9
44	57	45	17	39	98	81	36	83	12	18	1	76	46	89	9	61	61	87	72
80	44	6	75	55	31	65	77	54	46	28	26	85	60	29	56	50	91	14	37
48	44	43	67	37	5	47	36	45	2	14	32	66	47	72	48	70	36	6	57
11	57	5	47	49	93	95	35	7	10	97	74	29	72	52	83	8	20	79	57
66	61	29	7	88	16	37	55	10	87	60	79	11	19	49	10	86	29	27	95
18	1	63	79	5	53	38	76	38	29	12	93	13	10	82	92	75	80	86	85
44	39	83	41	92	23	80	77	57	97	31	25	67	39	81	43	60	43	86	60
98	25	93	25	63	77	19	34	61	83	26	98	48	42	68	57	79	88	85	94
60	96	87	82	48	47	67	19	26	10	17	91	62	25	3	42	43	56	63	90
2	89	16	46	17	43	58	8	9	92	63	77	52	48	29	35	73	22	35	37
84	34	16	71	55	32	11	82	34	68	59	41	98	90	85	71	33	15	8	56
92	19	30	71	21	59	13	10	44	74	28	66	46	92	29	94	98	86	71	25
80	44	83	19	88	54	5	88	62	39	8	48	93	9	44	41	91	89	29	56
51	86	64	41	46	68	67	71	61	44	56	57	55	37	28	73	58	84	9	46
54	37	90	11	49	14	21	85	26	60	15	59	10	57	97	75	44	82	78	24
13	45	78	11	61	85	1	3	43	68	27	10	19	74	37	98	78	59	59	8
83	99	35	93	22	49	60	81	70	97	68	60	42	81	63	95	83	12	16	66

3	6	19	5	20	19	1	2	11	7	11	17	8	2	5	9	17	9	15	2
9	14	19	13	4	3	2	17	14	12	5	8	6	4	20	8	17	1	17	1
10	14	11	10	3	5	16	9	19	1	11	13	8	17	18	13	12	10	13	1
9	7	4	3	11	5	10	3	13	20	9	13	4	9	14	13	7	4	11	3
2	9	13	17	16	17	13	1	3	7	20	2	13	1	1	15	11	3	8	14
17	14	18	19	10	14	8	18	14	1	4	18	2	6	3	8	7	6	6	3
14	12	16	17	5	13	10	3	16	13	3	16	9	16	3	3	11	11	2	11
5	9	2	18	10	1	16	12	14	11	7	4	6	14	3	6	5	4	9	12
18	5	20	17	14	18	8	17	14	16	3	13	13	15	9	20	2	16	7	10
2	3	3	13	14	11	14	10	16	20	7	7	17	8	11	7	2	13	13	11
13	17	10	15	5	11	4	1	11	12	11	8	5	12	11	10	5	9	14	3
12	7	2	20	15	12	16	9	15	7	17	1	10	5	18	13	6	11	12	18
4	6	3	18	10	8	3	3	8	5	7	7	1	14	3	9	10	5	19	4
19	11	20	18	14	6	16	14	5	10	14	14	11	9	13	20	4	7	2	20
12	16	11	5	9	7	20	1	18	15	17	16	6	4	15	10	7	19	11	5
20	13	12	7	1	14	20	2	15	2	20	10	9	12	16	11	5	14	5	13
4	7	17	10	19	16	7	7	15	6	10	13	13	7	2	7	18	12	5	10
6	15	17	5	17	5	16	3	11	16	2	6	11	15	7	18	13	8	7	17
19	8	16	8	3	19	8	19	5	12	17	18	15	8	3	15	14	2	7	18
16	19	12	8	3	1	13	13	19	20	17	6	13	12	14	18	9	16	4	2
17	18	15	12	9	7	9	7	8	5	6	1	14	15	1	14	12	6	19	10
5	12	9	11	17	5	17	13	9	18	4	15	15	4	1	5	9	14	7	8
4	2	1	7	12	13	19	6	5	10	1	11	19	15	13	16	20	11	2	15
8	11	7	11	14	9	2	9	16	9	8	15	5	19	9	10	19	13	3	11
15	6	18	9	16	4	14	15	14	1	6	16	8	7	6	16	11	7	4	20
7	19	14	6	16	12	5	19	12	16	6	10	3	11	17	16	10	13	10	14
17	8	12	4	8	16	4	12	10	14	17	11	13	5	9	15	13	8	10	3
4	1	2	3	2	8	16	19	9	16	16	5	11	7	5	15	17	1	12	13
16	2	11	18	16	12	8	17	11	14	16	20	20	7	9	3	12	7	9	13
4	12	16	18	15	16	8	19	13	4	5	8	17	12	19	2	6	14	2	9
14	3	17	4	3	2	1	16	12	6	5	13	9	1	6	5	9	15	17	4
6	1	20	3	18	6	6	13	18	7	11	19	16	7	20	5	14	9	11	13
18	13	20	8	3	14	2	12	16	6	15	15	19	13	15	9	15	19	14	12
15	15	5	19	8	12	13	5	11	20	20	19	20	15	20	17	19	2	1	14
18	11	20	11	15	15	9	2	8	15	18	19	8	12	7	12	10	13	16	20
18	15	8	7	15	16	17	1	14	20	3	5	19	11	4	15	4	8	8	16
1	2	2	10	3	7	19	1	14	4	9	1	10	7	14	11	6	19	13	1
8	5	13	7	10	6	12	18	4	2	1	18	19	11	18	13	2	16	9	19
19	15	16	9	15	18	9	1	2	18	16	18	18	1	14	2	13	16	17	9
19	15	6	9	15	14	6	14	11	7	8	1	9	2	11	5	17	14	9	10
13	9	13	20	5	12	2	12	4	4	13	5	1	11	9	6	11	2	19	10
10	12	2	18	6	11	5	13	4	11	6	15	20	3	5	16	5	10	16	12
13	5	4	15	5	20	15	15	8	2	19	9	14	9	10	13	5	12	9	11
7	6	11	3	18	20	3	8	4	8	12	10	6	8	18	1	13	18	5	17
2	4	10	6	9	14	18	7	4	3	4	5	18	3	4	5	6	15	11	12
16	17	14	12	16	15	12	3	10	4	20	18	6	3	7	3	4	4	3	5
6	9	3	10	8	10	7	1	5	13	14	16	20	2	20	15	3	13	3	14
18	10	10	20	3	4	17	16	9	17	4	19	9	10	4	4	9	11	13	4
16	12	12	20	15	11	5	5	4	19	15	3	14	18	14	18	16	15	16	3
6	14	9	19	18	8	3	6	11	7	9	17	19	5	11	12	2	13	4	14
20	18	2	4	15	6	15	12	20	7	14	7	18	18	13	13	15	15	1	11
2	6	16	1	16	14	7	19	7	1	13	16	8	12	12	9	6	2	2	14
8	4	11	11	18	2	8	1	8	1	8	20	19	8	10	13	2	20	1	16
16	2	6	5	20	6	9	7	10	4	18	16	11	17	6	8	13	19	17	15
2	12	8	7	6	14	10	18	20	14	17	20	11	4	13	16	5	17	10	2
17	4	3	3	9	6	11	3	18	8	13	5	15	19	17	5	11	4	5	12
19	6	18	13	2	3	16	2	4	1	7	5	12	17	12	20	14	6	18	17
10	8	4	2	15	10	1	4	1	5	20	15	20	6	11	15	8	14	8	19
10	14	9	13	1	1	20	7	2	9	18	16	7	11	11	2	17	18	17	12
3	16	12	11	16	5	10	12	18	12	11	6	18	7	10	20	12	20	6	19
17	1	19	17	18	18	13	13	6	18	16	5	19	20	1	7	16	11	3	1
16	8	20	13	11	5	20	16	8	16	13	13	3	10	12	17	10	4	19	15
11	7	8	5	17	5	2	13	17	20	3	17	16	2	17	18	9	13	20	12
3	14	17	13	18	7	4	12	11	15	20	1	6	4	4	16	5	15	5	3
18	13	18	14	8	19	7	15	5	19	19	13	20	7	4	6	15	5	19	7
6	3	20	3	5	4	3	9	2	1	2	15	16	19	19	14	5	13	15	1
17	15	1	14	12	20	11	16	15	18	17	2	16	3	16	14	2	10	6	10
6	11	3	15	9	5	19	7	16	20	8	4	17	15	5	20	15	6	9	9
1	1	3	15	15	10	17	14	3	3	15	11	7	15	20	7	1	16	20	13
11	17	4	4	13	13	2	10	3	8	1	14	2	13	18	1	6	14	13	7
15	11	10	3	9	4	4	19	5	9	10	1	18	15	18	2	13	1	17	7
9	2	14	17	2	6	4	14	14	9	17	12	10	5	6	8	20	11	12	17
16	7	4	10	18	17	7	16	10	15	5	15	19	15	11	9	15	1	18	14
2	8	12	7	16	1	19	20	7	14	12	16	4	3	6	11	4	17	4	3
17	5	5	17	5	18	14	5	12	15	4	17	12	15	5	3	1	16	17	18
9	8	6	17	13	4	15	12	12	1	4	14	7	5	4	12	7	8	17	18
10	10	4	11	13	16	2	13	11	13	15	10	19	1	6	6	1	6	12	10
20	17	11	20	14	6	13	12	14	13	1	5	12	14	18	14	9	19	13	3
8	6	12	12	20	19	14	8	1	16	2	9	11	17	5	15	19	9	6	3
11	2	3	3	16	13	18	1	17	11	13	18	10	17	11	4	2	19	19	1
7	20	16	20	9	20	2	4	15	17	7	10	5	9	5	17	2	17	15	18
5	6	12	18	3	6	13	6	12	13	3	4	4	10	6	11	16	19	12	12
19	15	2	9	9	9	2	15	11	17	2	12	5	20	15	15	11	15	9	9
6	1	17	12	7	2	12	9	6	12	18	8	14	20	9	4	13	8	4	9
11	2	11	14	1	7	3	3	9	7	13	10	16	8	13	16	14	17	1	20
19	18	7	20	17	17	13	2	7	18	3	5	4	11	11	9	20	17	1	2
9	7	10	6	13	7	19	19	18	15	15	12	5	9	20	19	10	16	14	16
19	8	9	17	12	4	6	16	9	16	1	4	5	12	1	8	17	18	11	17
7	9	2	17	16	6	9	17	20	17	2	5	9	15	1	7	15	7	18	15
7	9	10	14	3	11	12	20	15	10	8	9	1	19	14	1	5	10	20	7
19	13	18	9	5	19	3	5	4	7	9	10	6	15	20	8	12	11	4	18
1	15	3	6	18	5	4	19	12	20	14	11	14	8	5	13	14	6	5	7
1	13	7	10	7	11	14	17	8	13	12	12	14	10	6	1	14	16	4	3
16	6	1	7	13	13	4	17	12	11	17	7	9	11	13	13	13	17	1	9
6	17	6	6	8	16	18	13	7	1	2	1	17	16	16	16	10	14	9	13
8	18	6	4	5	13	16	7	7	14	6	3	16	11	19	13	8	1	20	13
19	8	17	16	3	18	18	7	6	1	18	8	17	6	5	15	15	9	2	8
19	20	7	3	19	4	16	10	14	17	5	6	2	10	18	17	19	5	1	20
20	19	9	7	2	19	20	6	16	5	11	1	20	5	1	20	20	14	9	20
19	6	14	15	7	12	6	15	18	9	2	19	6	10	14	4	9	3	5	2
1	8	10	17	8	19	5	1	3	9	3	15	9	5	16	14	11	20	9	17
10	11	16	13	11	11	18	2	4	8	4	9	8	9	12	18	9	2	16	14
18	14	4	10	18	7	15	17	10	20	5	7	10	3	9	9	4	20	19	18
19	17	16	20	9	9	13	16	9	5	20	14	14	11	13	17	3	14	5	9
7	7	8	16	18	17	16	14	4	5	6	2	11	2	8	5	20	16	15	13
12	6	1	16	18	10	6	12	7	14	1	19	10	17	9	15	15	15	1	20
7	8	8	10	1	11	2	14	13	2	20	3	15	10	17	2	19	19	1	16
19	11	11	5	5	7	13	9	7	13	20	2	15	8	19	1	17	13	15	20
17	15	11	16	18	2	6	13	11	18	4	10	15	4	10	13	6	9	20	2
11	13	2	20	13	4	10	4	8	19	13	5	14	10	15	19	9	16	9	12
11	12	12	2	12	15	7	19	3	9	12	13	17	20	18	18	19	2	8	3
19	9	11	13	7	11	2	5	19	2	14	9	2	5	20	13	19	7	1	15
6	7	10	12	20	14	1	2	20	5	17	10	14	10	11	1	7	13	14	20
4	17	15	8	2	19	12	12	7	5	18	1	14	18	12	4	2	9	13	16
10	8	8	12	16	13	17	7	2	1	3	7	13	18	7	14	15	8	5	1
13	19	20	11	13	8	9	10	16	5	15	5	8	13	2	17	3	12	12	5
10	2	20	12	6	20	20	4	18	11	14	15	1	2	7	10	20	20	1	5
7	13	12	2	8	11	14	15	17	20	10	5	9	4	5	16	14	15	5	18
11	1	5	14	4	11	2	15	16	9	4	13	4	12	11	15	7	13	6	11
18	20	9	5	5	19	10	13	13	19	16	6	13	9	3	12	17	14	15	2
4	11	2	10	20	15	18	10	9	16	10	15	14	6	19	8	2	9	10	4
1	15	9	8	6	17	12	20	18	15	15	18	16	3	2	8	20	8	19	10
20	17	8	9	10	1	13	9	14	5	16	3	9	16	14	1	6	17	16	12
8	3	15	6	11	12	10	20	7	9	2	19	2	14	20	7	10	10	5	13
20	3	8	12	13	9	5	20	4	6	8	14	1	1	17	18	12	3	5	12
1	6	15	5	8	16	18	9	12	4	18	11	18	13	1	2	6	14	1	10
11	18	6	15	2	16	12	7	7	16	14	3	1	12	16	4	16	13	6	18
1	14	9	7	16	15	20	7	12	15	8	9	15	15	6	5	5	1	3	6
7	7	6	18	13	1	14	7	6	13	15	1	15	4	2	17	10	6	20	18
13	4	2	9	8	10	17	9	15	2	8	8	5	15	10	9	16	2	5	8
16	3	15	16	2	3	14	4	3	14	19	2	6	13	6	16	7	12	9	10
6	15	14	5	16	1	19	8	20	18	18	3	20	13	1	8	12	14	9	13
15	16	10	6	17	8	2	9	6	15	14	14	1	14	10	9	3	9	13	1
1	15	4	16	19	2	1	5	15	9	13	1	5	10	10	10	12	11	15	7
19	9	18	17	8	4	1	14	15	6	13	11	2	5	6	7	13	17	16	4
5	4	14	13	16	3	19	17	3	8	8	4	6	8	8	15	14	1	17	11
14	7	19	12	7	19	3	11	20	16	20	5	13	10	13	18	10	3	20	15
4	6	9	12	9	17	4	20	13	3	16	13	10	20	17	1	18	7	7	19
1	16	1	4	9	7	5	9	18	2	8	17	20	4	16	5	5	14	11	9
13	15	7	8	16	10	12	7	14	1	7	3	7	18	14	7	3	13	14	6
14	14	5	10	4	10	9	2	2	1	10	7	8	16	4	4	10	5	15	16
11	1	17	11	16	3	7	14	18	11	17	4	16	11	17	7	5	3	17	1
12	10	7	20	6	1	1	6	13	10	10	16	3	7	10	15	15	9	13	4
8	9	16	20	11	13	2	7	12	13	2	14	18	20	13	7	1	20	2	2
20	5	17	17	10	15	3	12	6	6	20	4	12	18	9	9	14	15	19	13
2	13	4	18	7	7	10	2	18	6	11	5	7	12	7	14	10	17	10	1
15	13	10	20	1	17	10	20	18	9	8	8	12	5	9	12	12	2	16	13
19	9	12	20	5	5	1	19	3	12	14	16	5	10	18	4	19	13	8	14
19	1	1	11	19	12	20	2	17	1	1	6	20	15	1	15	19	5	19	19
9	5	5	17	9	1	2	13	16	2	4	17	11	8	19	12	17	20	20	12
10	8	13	19	10	15	1	13	11	7	4	11	11	5	20	5	5	15	5	16
20	6	15	4	20	14	11	10	8	1	7	1	19	10	6	16	17	2	2	16
20	20	18	7	17	18	6	18	19	14	18	19	16	18	10	20	10	9	4	14
16	16	2	13	8	15	1	20	13	9	8	10	1	1	3	13	3	17	16	19
12	3	18	1	1	10	9	17	18	12	16	1	12	13	6	17	20	19	19	1
1	13	9	10	10	8	16	11	9	16	17	4	3	17	5	7	4	9	19	3
20	11	11	12	18	20	9	19	19	6	17	5	17	11	1	2	3	6	19	1
15	14	2	6	8	18	6	3	13	19	14	1	7	17	14	20	2	3	12	11
15	17	17	20	15	13	17	3	3	7	8	11	13	1	13	13	8	11	10	20
9	20	6	16	16	5	19	13	12	19	5	12	1	13	8	14	5	9	16	19
3	12	12	17	6	7	3	3	17	1	7	13	1	10	20	14	7	5	8	15
11	2	18	6	8	11	9	9	9	7	18	20	6	7	4	13	3	13	2	20
9	5	1	13	18	12	1	11	12	7	18	6	16	4	10	20	5	16	6	8
1	14	17	13	12	14	5	1	7	12	9	4	6	16	7	7	15	19	5	10
4	18	4	4	16	10	11	12	5	9	1	16	7	7	2	5	5	12	7	13
19	8	1	8	4	9	7	7	17	5	17	12	4	20	2	15	19	5	7	15
20	8	6	13	2	2	4	11	9	2	19	10	10	19	3	14	12	4	5	14
4	9	6	11	13	6	17	20	20	9	18	4	10	9	8	9	13	14	6	17
14	17	8	14	6	13	17	7	16	6	15	2	9	15	19	13	18	1	1	15
20	14	5	3	7	9	6	3	15	15	13	11	20	3	11	9	19	11	5	11
13	19	13	2	19	9	4	14	11	15	12	18	13	8	3	19	10	10	18	18
15	16	19	14	7	13	6	6	8	1	10	2	2	18	15	6	3	6	20	10
9	12	6	14	9	5	17	2	11	5	3	1	12	4	4	19	8	9	19	10
8	7	5	19	14	13	9	9	4	13	2	3	19	18	13	10	17	10	12	12
1	8	14	9	8	7	6	13	6	17	13	8	17	6	13	11	10	2	9	18
18	12	3	4	2	14	1	3	17	10	19	18	7	14	13	16	9	10	15	6
2	5	11	3	13	19	20	1	19	17	3	18	1	9	14	7	5	16	2	13
12	14	19	8	9	14	17	3	14	16	1	20	20	1	9	3	7	12	20	11
15	3	16	10	8	5	4	14	20	7	8	3	15	15	18	7	2	19	18	1
7	15	12	18	6	6	6	7	10	13	19	20	9	20	12	6	4	17	7	20
20	1	1	11	3	20	13	8	2	1	20	4	2	4	6	5	13	10	12	14
12	3	9	17	9	7	8	3	20	12	5	10	12	17	11	8	2	2	15	18
5	4	15	16	9	15	20	15	15	17	20	6	11	13	20	12	3	10	14	9
13	1	2	8	19	6	9	4	1	9	4	6	1	2	2	5	6	14	8	1
12	12	1	3	20	18	2	19	1	9	13	18	18	3	5	19	6	6	12	11
19	15	2	16	5	2	5	10	17	1	13	10	5	4	14	18	1	9	7	5
18	3	13	17	19	4	14	4	15	18	6	5	12	4	7	7	10	13	4	13
13	3	17	9	5	9	14	11	20	6	19	20	17	14	12	10	2	17	14	4
14	18	20	20	4	1	6	3	14	7	16	3	7	5	10	15	14	10	4	9
3	20	10	2	1	7	17	8	9	12	6	18	2	14	5	2	5	9	20	19
4	11	19	13	16	11	15	9	19	3	9	13	10	3	19	20	1	10	8	3
9	20	18	20	12	2	12	10	20	11	18	12	12	3	13	16	15	8	11	19
5	4	17	12	5	1	2	20	7	13	7	11	19	8	10	5	4	8	9	19
7	10	2	13	5	14	4	2	8	16	7	18	17	5	10	2	6	15	13	12
16	4	12	14	10	16	11	10	6	19	12	1	12	6	8	9	7	19	20	12
18	3	1	5	14	18	2	7	8	17	7	18	20	4	4	1	13	7	19	10
8	20	16	15	19	17	3	3	13	7	8	20	15	13	16	13	16	20	14	5
4	8	15	5	19	1	4	16	11	14	16	8	2	13	9	11	1	19	14	13
13	16	8	8	2	15	9	7	10	10	13	12	16	14	2	8	6	16	16	6
11	1	1	16	17	1	10	12	10	19	1	13	16	20	17	7	17	14	14	12


1	1	1	1	1	1	1	1	2	2	2	1	2	2	1	2	1	1	2	1
4	3	2	3	3	1	4	1	4	2	3	5	3	2	5	2	1	2	3	5