200	6	10

1	1.3	1.55	1.75	2.1
4	6.76	9.61	12.25	17.64

24	51	62	26	9	76	27	41	88	41
81	72	89	3	41	6	50	77	71	30
83	86	77	71	94	26	79	29	65	98
72	40	98	96	20	62	96	41	34	8
22	13	54	8	46	2	45	43	42	76
26	41	13	42	33	36	8	26	97	38
75	74	30	73	52	67	3	59	77	1
3	89	88	18	87	5	29	47	59	47
37	69	17	73	33	10	62	60	23	65
7	44	97	74	19	7	86	2	35	74
33	87	99	94	89	63	10	12	51	5
55	92	90	75	8	63	66	42	47	95
33	34	81	63	88	83	63	43	2	62
60	24	84	22	49	89	12	31	11	49
77	5	39	89	27	27	48	40	33	38
54	27	25	15	29	32	67	62	23	55
98	73	50	95	90	43	18	21	72	12
95	21	1	27	29	1	83	6	37	18
12	56	33	38	61	65	49	15	12	66
8	24	60	1	8	48	57	96	71	19
55	82	18	27	86	75	59	98	79	32
25	86	62	45	45	45	24	21	64	20
90	99	13	44	87	51	63	98	77	92
82	70	97	52	71	81	80	6	30	94
25	1	84	88	51	42	35	57	50	7
16	63	28	18	8	98	97	79	55	3
30	29	82	20	10	72	93	32	34	42
51	6	90	57	47	61	10	75	8	38
35	34	98	73	1	31	14	35	61	21
94	9	16	99	90	16	53	29	60	54
46	83	47	33	24	79	65	81	21	23
96	68	23	76	76	72	35	58	74	16
98	25	64	15	21	24	66	16	47	85
93	69	21	67	70	88	76	27	73	86
98	15	47	41	46	35	18	47	90	90
14	44	26	87	48	62	44	60	15	20
84	61	31	50	31	18	59	96	56	46
61	17	15	76	57	99	6	40	83	7
18	61	97	22	98	34	35	32	70	23
53	64	60	19	56	35	73	21	12	91
65	10	39	25	83	53	95	11	97	39
14	14	34	24	96	26	5	67	56	95
12	33	46	1	86	26	46	1	22	67
92	43	73	74	16	27	17	30	71	62
4	68	57	54	80	85	26	81	64	34
6	15	78	17	53	37	48	86	70	9
72	81	84	72	92	77	75	8	61	5
25	54	29	92	65	8	17	29	15	78
89	77	67	64	84	17	70	23	77	55
74	16	60	28	10	73	43	14	21	55
37	76	97	59	69	41	57	26	2	14
57	45	18	55	86	93	95	10	3	45
5	21	46	98	89	50	42	55	24	3
72	95	3	56	96	13	88	96	65	83
15	49	91	17	7	18	3	26	89	14
49	17	17	33	68	46	10	91	61	94
80	13	86	8	93	69	9	45	9	55
54	99	12	92	1	27	67	8	12	20
29	53	86	80	57	41	92	80	74	59
42	17	49	86	21	36	84	28	30	66
62	66	8	41	92	85	37	3	98	36
84	28	5	66	7	55	61	85	29	58
16	80	66	28	46	2	51	46	31	59
63	44	13	79	17	1	52	71	67	56
86	32	6	30	63	39	43	91	37	39
30	67	21	61	48	90	88	76	25	58
18	69	95	26	95	38	40	93	99	13
73	12	87	51	51	1	6	29	12	72
68	43	34	51	40	75	74	66	34	81
80	46	70	71	52	67	84	94	79	10
56	41	72	63	21	46	53	43	60	86
41	73	73	82	22	94	53	20	74	50
85	77	18	79	28	8	66	52	99	67
11	50	81	52	24	73	86	94	27	68
4	30	48	98	47	97	5	48	97	85
89	27	24	84	14	4	47	48	15	87
69	50	76	28	85	69	19	54	10	44
63	90	42	44	16	96	97	78	89	55
71	35	58	83	45	77	82	73	23	39
80	83	37	87	11	87	75	14	52	35
51	46	96	9	12	76	79	48	80	60
1	8	91	64	30	44	22	84	37	3
43	24	23	74	69	50	31	14	51	10
28	52	57	60	20	1	57	66	28	41
86	48	66	12	41	82	84	16	84	60
35	56	4	55	1	34	6	27	89	99
6	24	54	82	9	81	29	79	2	18
65	34	45	29	1	72	60	12	56	29
3	3	11	84	34	47	19	81	65	96
67	49	52	95	50	52	31	58	87	15
81	44	9	51	79	22	40	57	60	65
62	9	89	47	28	12	21	26	66	94
48	72	68	30	77	51	46	13	82	71
42	10	80	8	79	79	28	58	68	22
24	26	93	18	28	65	31	1	65	72
37	7	41	24	72	48	17	40	33	61
47	46	93	78	25	72	40	12	81	64
8	44	5	62	33	87	45	54	74	8
5	74	10	32	68	93	2	87	98	8
97	18	55	87	42	3	88	49	49	31
37	7	45	27	99	57	97	56	80	72
88	81	52	12	21	1	16	51	16	41
21	36	70	97	12	90	55	86	65	52
61	41	99	83	36	9	5	63	95	59
55	61	6	19	95	59	50	14	29	27
95	63	85	59	5	38	98	93	30	65
42	97	94	19	96	58	17	88	62	9
98	47	7	27	95	86	56	99	86	63
99	12	19	40	69	2	74	63	45	14
77	51	52	29	53	83	52	9	21	85
62	82	54	89	58	3	74	20	25	40
57	80	50	73	89	83	2	92	3	22
29	65	35	38	23	70	31	78	12	95
89	2	78	21	20	27	77	75	95	91
15	9	4	22	31	84	31	68	49	62
27	61	97	48	6	44	76	90	53	67
96	4	40	57	86	64	15	42	39	38
45	92	51	55	68	46	69	62	40	43
4	45	33	13	36	29	22	8	71	44
89	42	69	91	30	45	87	46	40	72
56	27	48	77	78	58	30	28	19	15
61	76	14	30	67	63	72	40	52	43
71	19	54	63	17	76	59	44	54	42
82	85	32	71	30	81	77	65	72	16
63	33	30	63	78	70	78	32	97	1
41	80	99	57	46	35	21	74	7	67
7	47	67	59	21	31	80	54	6	22
35	78	44	40	28	75	25	76	98	13
57	66	58	18	21	13	71	75	78	57
55	64	73	8	5	18	99	83	77	93
48	87	10	81	57	54	20	69	27	40
62	7	48	63	36	80	45	29	44	25
78	31	26	10	12	53	47	73	86	57
17	24	84	3	77	48	43	17	78	52
16	69	82	16	9	67	80	93	9	13
63	72	63	10	79	74	57	32	50	23
15	74	21	78	76	61	16	23	16	3
80	93	26	30	47	47	1	40	90	24
21	53	48	21	29	22	94	68	82	7
34	84	86	25	20	2	58	62	16	67
52	99	96	38	42	32	97	78	18	98
68	2	19	52	59	81	96	38	35	86
7	82	22	69	86	3	90	4	16	82
29	57	71	51	89	60	17	20	12	28
94	85	37	20	68	97	6	83	80	91
15	4	12	96	15	10	70	67	6	10
74	87	41	77	55	25	10	45	12	29
59	44	39	50	58	7	25	96	68	84
56	11	39	68	63	24	92	3	97	42
88	39	15	17	50	86	38	5	9	70
99	18	22	8	24	80	29	31	87	34
98	46	77	35	2	65	42	7	87	42
46	27	14	68	51	12	32	50	30	95
81	98	21	20	63	92	5	46	46	63
17	64	70	32	56	59	43	58	81	91
64	33	31	68	38	64	35	65	1	12
91	63	78	22	40	35	35	52	80	33
80	42	10	81	11	10	11	10	83	71
44	73	70	50	42	35	8	55	99	17
89	34	87	50	42	65	37	51	88	73
47	94	84	15	28	92	76	70	76	83
77	73	47	71	58	89	14	9	83	75
74	65	80	3	25	70	70	35	83	6
65	3	13	59	21	62	2	91	67	64
8	16	12	19	39	80	99	51	15	97
83	69	23	8	53	86	16	1	1	13
14	48	69	16	19	26	90	6	12	81
95	19	69	39	65	75	55	72	31	39
71	74	50	11	95	4	39	7	38	42
71	81	53	58	60	78	12	54	42	96
53	57	66	23	63	94	60	98	65	24
99	60	14	94	99	53	14	29	47	20
31	3	40	83	75	8	40	87	63	26
65	68	66	15	19	96	18	24	36	94
97	6	29	92	13	15	57	56	30	3
46	41	39	12	85	57	26	37	40	85
21	83	41	60	19	49	41	75	17	99
21	5	4	72	61	57	86	47	44	46
87	4	62	46	45	60	24	76	75	62
61	51	15	50	24	97	2	16	80	28
13	48	24	43	84	94	68	43	69	96
76	28	36	95	68	92	25	76	51	44
22	70	52	91	75	28	73	6	60	29
26	59	49	32	37	10	36	15	85	32
11	63	25	57	64	34	47	61	2	19
52	39	75	33	30	10	67	15	78	13
52	14	88	51	87	60	60	89	10	13
67	19	50	31	54	69	7	43	78	32
4	62	42	1	24	62	98	94	76	73
69	96	38	93	54	33	75	84	92	85
17	28	18	60	99	76	1	53	98	19
66	89	81	45	90	34	48	62	22	50
92	24	14	64	30	99	59	51	51	34
46	58	73	12	35	78	49	69	24	62
76	91	18	37	63	44	55	91	79	57
38	12	89	72	8	75	16	41	68	52
41	20	95	66	14	47	25	79	81	74
23	78	85	46	21	22	72	41	54	73
56	85	65	73	33	54	98	56	51	33
53	45	55	78	38	6	91	40	32	42

16	10	7	5	13	13	9	18	1	3
16	14	14	18	20	18	15	5	4	2
17	16	3	8	8	1	1	6	17	3
6	2	19	2	3	19	10	7	3	6
10	3	18	3	8	10	2	9	15	17
4	1	4	13	20	17	18	4	3	4
3	9	18	1	5	15	19	1	2	16
17	1	7	4	14	15	5	16	18	1
15	10	2	19	5	2	10	14	4	9
19	13	20	18	6	1	19	18	16	16
19	11	6	11	20	17	8	3	18	19
1	17	4	12	7	10	16	1	17	19
15	17	3	9	7	10	6	20	11	11
17	12	3	14	2	9	10	5	3	13
15	10	11	15	12	16	20	19	8	9
5	13	3	2	7	14	7	5	1	18
15	9	5	17	3	13	4	12	7	1
3	15	15	9	7	20	5	18	1	12
20	1	4	17	10	2	9	10	13	13
3	17	20	11	3	4	14	6	13	10
1	3	5	14	16	14	10	12	13	15
1	12	4	20	4	13	18	5	8	19
5	8	1	9	20	3	15	11	11	16
2	1	4	7	11	4	13	1	20	11
12	19	10	18	10	20	16	17	13	18
11	17	20	15	13	7	19	14	19	4
1	2	7	14	6	4	8	4	6	16
7	15	18	9	3	9	6	7	11	10
17	11	7	8	4	15	18	8	8	15
7	2	11	8	10	1	8	19	9	9
16	17	2	8	13	16	19	17	15	15
7	11	17	20	20	3	9	15	9	20
11	3	4	2	17	16	17	8	2	17
15	4	15	17	6	9	18	8	7	8
1	11	20	13	10	10	4	18	19	9
7	14	19	8	11	9	4	4	18	16
15	5	19	9	9	15	1	13	4	9
14	17	11	6	16	5	14	18	7	14
7	13	10	19	12	5	18	2	7	4
7	4	19	2	12	16	7	17	12	20
3	18	15	18	11	17	10	16	2	1
9	4	8	14	4	10	18	1	1	18
19	19	12	9	20	1	8	11	16	18
16	10	17	7	20	2	16	14	19	7
5	20	18	17	18	20	13	4	3	8
8	10	1	8	19	8	2	15	17	18
3	13	10	10	19	5	13	16	14	14
2	5	17	7	14	20	15	3	15	5
15	11	1	11	3	5	18	11	5	10
14	9	12	4	1	10	17	18	14	7
19	3	5	5	19	4	16	15	7	4
20	10	13	7	6	7	9	13	14	13
4	3	16	7	20	18	2	5	11	9
18	19	15	18	6	20	4	17	5	17
12	18	7	11	6	1	14	4	10	9
11	6	20	18	4	9	14	14	14	1
5	12	18	3	4	15	10	3	14	17
20	5	6	12	3	17	4	20	17	18
16	13	19	10	6	16	5	14	2	19
5	7	17	6	15	17	1	14	13	5
3	12	16	5	12	1	15	11	4	16
13	14	8	20	10	10	13	16	19	12
19	6	18	13	20	4	12	14	7	12
10	12	19	6	4	7	20	16	3	20
12	13	15	1	8	12	19	13	4	20
19	16	12	4	10	16	10	9	6	12
4	8	15	1	17	20	17	10	6	12
17	17	12	15	13	1	10	6	14	16
14	19	13	1	13	6	10	3	13	5
4	20	1	4	6	19	14	18	4	9
8	20	17	15	8	6	15	13	7	19
13	5	15	19	14	1	20	19	14	4
3	10	18	14	19	16	20	16	6	17
1	2	20	19	19	2	20	11	20	7
17	10	7	11	5	13	5	11	8	5
8	15	12	13	9	11	4	3	14	20
14	18	15	7	10	3	17	6	17	7
16	4	14	20	5	8	4	12	12	20
8	1	10	7	16	12	19	20	20	10
8	6	8	11	9	17	18	15	11	6
5	5	10	20	6	12	14	7	6	15
5	14	1	15	17	19	2	18	8	16
17	2	1	19	2	15	13	16	15	3
11	19	2	15	4	8	8	19	6	7
1	9	7	7	16	13	13	9	12	17
14	10	15	2	9	13	2	19	12	12
10	6	1	3	12	7	4	19	5	3
8	4	2	12	17	4	12	7	14	3
9	10	3	4	7	11	9	15	15	5
8	12	2	13	16	20	9	20	2	14
20	18	14	3	13	19	17	16	19	20
13	8	3	14	15	15	2	1	19	10
16	10	2	10	7	17	1	11	13	10
16	13	13	2	7	4	8	16	12	8
5	20	17	7	20	5	18	19	1	1
2	8	19	15	8	20	18	19	4	11
11	19	16	12	9	6	12	3	3	2
1	17	14	15	20	14	14	5	8	3
17	20	20	19	6	11	10	10	3	18
17	9	9	15	2	12	18	20	15	3
4	16	17	3	2	16	14	18	7	18
10	18	4	19	8	8	10	13	8	8
18	16	5	15	10	16	1	18	2	4
18	17	10	8	6	8	13	13	13	5
6	6	4	13	15	19	3	8	12	16
17	8	20	8	2	12	10	1	12	12
10	9	20	4	2	19	10	13	16	11
6	20	2	8	20	15	18	11	19	17
16	15	10	18	10	18	4	6	1	12
9	14	16	4	16	12	14	12	15	15
14	20	4	20	9	11	11	8	17	15
18	3	17	2	13	17	7	2	4	15
2	9	16	11	7	14	1	5	16	11
10	19	3	4	1	1	2	4	18	12
16	20	8	13	14	3	12	18	3	8
1	12	20	9	1	14	16	11	5	16
16	4	14	17	14	1	20	9	10	8
4	16	12	14	14	2	12	18	4	17
4	13	20	13	8	19	16	12	15	9
18	6	17	6	6	3	6	1	4	16
11	5	2	18	14	4	20	10	5	9
14	9	20	2	17	13	17	16	8	17
5	2	19	17	12	5	11	13	6	5
10	15	4	13	11	16	17	2	6	6
2	13	14	9	18	18	14	9	13	9
6	10	20	20	15	13	18	7	6	2
16	16	19	13	3	5	14	19	11	18
4	5	1	15	15	9	11	4	4	5
18	12	18	1	4	2	14	20	12	1
3	10	12	9	7	17	20	20	11	2
4	4	18	9	17	1	2	18	4	15
15	3	2	15	15	14	16	17	6	6
5	12	18	16	2	13	10	2	16	19
5	1	16	7	3	6	16	4	13	12
7	9	8	8	13	16	17	11	19	5
1	19	5	12	6	13	19	7	3	17
14	3	1	14	14	2	5	19	19	2
19	17	1	7	20	15	20	2	10	12
9	11	7	18	19	19	4	2	6	16
12	15	1	4	3	18	14	19	14	8
1	9	12	7	7	7	9	11	6	9
8	15	5	14	7	1	15	5	3	15
20	17	15	3	12	10	19	16	5	1
18	20	15	19	18	12	13	11	7	2
9	8	13	15	11	8	13	16	2	18
8	19	9	1	6	17	3	6	13	16
11	15	20	15	1	8	10	10	20	6
20	6	19	2	1	15	20	7	2	9
14	16	13	20	13	14	4	4	19	5
5	2	17	16	2	16	12	18	17	17
5	13	20	8	4	5	17	16	14	20
8	4	18	7	2	13	18	5	20	9
2	6	10	9	15	8	1	8	8	5
2	5	3	17	10	11	12	17	1	4
20	9	16	8	15	15	6	4	1	16
4	12	14	1	2	6	17	8	7	18
6	19	16	11	11	7	17	14	8	10
11	12	18	15	6	19	14	5	1	7
1	13	11	2	15	1	6	9	2	6
18	4	10	19	20	18	8	14	9	2
7	14	9	20	4	9	6	17	8	12
4	1	5	16	8	4	17	16	16	10
3	1	18	6	4	2	3	13	12	1
18	5	5	11	2	20	9	18	4	15
15	15	20	15	18	7	17	1	11	9
3	9	6	5	19	4	9	17	9	4
20	7	20	3	16	4	19	10	14	5
9	14	6	5	10	6	14	2	12	1
18	7	14	3	15	13	10	6	20	15
3	12	15	16	5	16	2	6	15	10
11	11	13	10	20	8	15	6	1	7
7	6	15	6	3	13	6	2	20	9
16	15	20	14	20	2	13	9	3	6
18	19	5	12	19	20	10	19	10	1
17	3	3	17	10	8	10	15	10	9
10	10	18	9	10	5	14	17	5	11
14	1	19	20	4	13	20	15	19	20
11	19	12	12	18	3	19	16	11	16
11	20	13	11	9	17	5	4	7	15
11	2	2	12	12	11	10	16	3	5
2	9	11	18	2	17	2	3	18	4
5	19	18	19	14	13	18	4	2	6
16	18	14	2	10	11	14	5	7	20
6	7	8	4	9	7	1	1	10	11
19	15	10	11	14	4	3	13	16	12
14	7	2	12	6	1	8	20	10	3
4	9	13	6	10	14	10	13	20	8
18	8	14	5	2	1	20	12	2	3
1	1	12	18	17	8	14	20	5	10
12	20	13	15	9	6	19	13	13	9
9	15	20	9	20	16	14	16	20	15
10	9	10	8	11	4	8	19	10	4
11	4	4	20	1	10	8	15	11	16
3	1	4	17	8	10	17	6	20	8
5	11	8	8	12	18	10	11	9	1
1	11	5	14	15	12	3	20	3	17
18	8	12	14	15	6	19	3	16	6
20	19	18	16	3	11	5	11	16	11
5	15	5	6	15	4	9	11	3	20
10	9	3	2	16	10	17	11	7	13


2	1	2	2	2	1	2	1	1	2
1	4	4	1	4	4	3	3	4	4