200	5	10

1	1.3	1.55	1.75	2.1
4	6.76	9.61	12.25	17.64

17	97	24	97	78	15	35	86	74	9
65	58	77	67	60	85	81	3	89	27
8	24	55	29	4	27	89	75	9	73
56	6	43	43	40	17	65	24	78	11
34	5	67	67	26	89	1	79	1	86
57	18	75	56	6	29	53	7	95	6
13	35	91	68	31	2	49	90	21	71
56	37	31	84	14	94	55	77	98	50
54	14	25	89	36	64	69	74	11	98
59	10	40	24	12	23	61	46	83	78
92	97	88	88	9	38	12	18	15	39
70	56	14	16	3	72	33	56	59	59
83	74	43	46	60	31	31	88	25	89
36	19	9	48	17	9	85	99	99	86
23	57	28	38	92	87	73	72	1	99
37	5	63	94	90	97	23	93	26	98
34	16	26	6	43	2	28	41	67	68
3	20	92	44	48	87	31	57	53	86
6	9	80	52	62	71	78	46	57	62
78	63	47	26	79	43	58	53	45	13
54	68	1	2	81	98	11	25	31	4
53	48	23	9	98	24	98	57	5	42
38	4	21	81	53	45	70	13	68	22
60	4	84	62	30	78	20	23	22	77
43	81	15	15	45	66	59	86	33	68
22	60	7	24	2	92	30	79	26	54
60	64	56	33	59	57	79	16	55	65
95	50	97	54	15	33	99	68	70	27
69	72	47	33	45	77	18	93	38	32
99	96	69	50	5	37	90	10	66	57
58	81	2	37	83	88	8	41	77	91
18	10	4	15	43	10	7	97	79	83
97	65	17	24	89	58	11	41	8	80
37	69	95	95	96	21	99	32	77	48
25	53	24	85	49	50	56	8	42	89
31	62	98	86	13	72	16	8	93	43
63	64	31	72	97	28	39	18	65	47
59	20	5	10	76	56	57	61	93	65
7	56	37	15	41	86	44	19	7	82
1	43	87	99	90	86	75	57	67	61
89	99	50	79	2	10	37	45	29	9
29	50	2	24	11	29	16	44	10	27
6	57	58	31	33	57	43	47	77	17
56	44	41	87	70	13	45	93	54	53
70	91	61	32	35	96	66	70	22	71
91	9	80	81	49	21	70	4	84	8
38	87	13	2	36	37	44	32	31	54
38	40	33	88	44	88	1	87	5	12
12	62	89	86	86	24	36	64	22	70
47	93	96	23	31	15	35	75	4	19
65	8	28	58	31	51	5	47	75	97
24	23	91	3	16	27	48	71	27	6
15	99	38	3	78	6	16	59	66	65
57	41	25	68	96	99	10	93	81	33
10	48	46	59	10	47	99	13	61	27
95	58	31	30	80	33	21	49	63	6
12	45	27	89	21	77	74	16	17	69
12	45	90	85	43	96	2	78	59	54
99	41	91	65	47	17	45	4	37	5
19	47	14	47	29	91	76	59	13	27
99	81	31	81	99	88	87	91	74	21
58	3	57	34	37	6	89	68	61	42
31	88	89	47	33	22	59	83	19	89
53	88	21	3	16	85	50	71	93	78
90	19	5	73	77	15	65	28	87	54
26	75	20	87	24	40	96	93	48	66
4	38	82	31	87	3	23	19	28	12
83	62	3	17	57	88	9	45	63	82
56	9	70	6	3	88	73	15	90	96
94	8	53	46	21	19	93	59	51	41
66	4	78	33	18	4	4	72	67	58
44	62	25	74	93	18	43	5	52	41
2	60	60	13	73	18	13	25	3	61
97	23	83	48	62	1	18	4	37	69
4	16	43	11	84	82	44	42	22	96
36	32	68	4	44	72	54	40	49	60
81	34	73	90	44	56	50	94	38	60
78	73	68	73	93	81	43	69	86	38
64	96	26	28	94	48	6	36	61	47
92	40	16	92	18	50	42	59	25	61
18	63	24	72	64	70	72	16	12	94
94	21	26	25	18	13	14	14	11	17
74	90	80	56	21	71	27	93	51	78
8	89	53	49	26	93	24	76	33	58
61	71	3	70	30	75	29	95	21	35
1	97	54	88	71	11	67	47	7	57
48	47	80	71	64	73	73	94	13	27
78	44	79	28	58	64	49	39	95	2
5	83	74	37	33	42	86	80	57	57
91	76	9	83	66	68	84	38	2	23
37	27	84	31	41	74	85	46	14	3
47	62	68	81	69	8	45	46	26	43
25	45	45	89	3	54	16	19	86	23
88	21	72	85	61	77	53	65	26	31
59	45	3	5	91	66	11	97	64	45
6	68	80	88	98	47	44	28	15	51
6	58	79	7	33	65	73	89	36	56
31	69	25	68	88	76	90	25	36	72
67	20	23	97	96	70	94	24	20	40
98	74	63	93	42	95	5	27	36	84
67	40	71	77	54	93	94	67	95	14
6	82	45	2	98	38	99	8	55	32
65	86	10	65	97	78	86	48	65	13
94	55	30	58	71	52	79	83	93	4
2	83	45	44	54	12	59	4	25	27
94	25	58	35	61	3	17	88	17	36
44	24	47	1	58	37	98	50	2	22
67	12	76	88	65	47	28	37	24	68
47	50	67	70	27	46	25	41	77	92
13	68	28	38	77	29	56	66	3	50
99	18	54	84	93	81	57	26	98	16
67	47	77	88	3	89	42	91	59	74
27	51	14	99	53	52	71	58	52	15
96	18	62	69	95	59	97	17	35	43
76	84	50	7	17	4	80	40	3	87
23	55	61	45	96	61	71	85	22	93
53	73	31	45	16	62	12	46	14	77
2	72	85	75	40	72	46	62	1	44
54	47	50	55	12	66	82	20	85	83
34	28	2	85	60	2	92	55	48	98
66	93	90	65	76	75	28	66	28	12
82	19	77	63	53	15	18	84	43	20
98	99	51	54	51	33	5	19	40	50
47	92	96	80	59	36	82	39	82	6
33	56	65	90	87	68	86	98	85	1
65	54	32	10	34	54	66	64	63	87
47	1	5	68	88	85	76	80	11	47
13	26	49	81	36	72	57	63	25	47
73	39	31	98	48	55	59	67	73	84
94	16	23	43	53	6	42	4	75	45
50	42	87	68	71	15	87	24	83	76
65	33	57	72	24	76	92	65	61	72
88	67	20	15	3	67	93	92	32	95
55	73	42	75	98	45	1	84	92	20
18	20	19	48	64	28	9	3	82	85
88	73	41	34	25	59	43	33	49	22
10	58	6	35	76	25	98	58	28	92
23	85	45	19	85	14	10	76	81	31
84	73	99	62	42	35	82	23	94	45
11	84	15	27	3	8	14	12	3	62
21	82	43	97	82	92	91	97	40	71
12	92	35	23	62	13	87	56	84	64
31	4	7	14	87	97	26	87	78	25
32	93	57	11	59	41	93	42	25	71
31	99	9	63	34	44	89	53	32	32
49	37	26	77	63	73	49	38	86	24
18	20	27	83	32	73	90	77	30	78
69	2	51	37	98	81	64	78	98	55
53	97	20	58	53	92	49	8	18	85
63	21	19	80	3	8	79	82	7	63
35	96	9	15	12	27	61	6	93	25
55	4	74	65	56	37	15	25	35	34
99	33	78	34	77	17	15	94	67	9
59	10	38	82	19	59	26	51	33	80
42	70	90	44	84	25	2	49	78	11
76	59	20	30	35	64	85	96	45	49
11	17	10	60	62	26	72	97	93	17
67	52	32	60	63	81	15	63	71	5
99	38	41	20	79	54	61	39	30	57
48	54	87	30	92	45	78	6	87	98
64	10	36	28	41	66	63	44	17	10
39	88	28	98	46	6	25	68	37	29
44	4	83	61	97	28	88	72	90	34
81	42	43	17	65	87	19	33	15	3
43	23	84	35	80	11	45	30	32	87
24	72	46	89	51	8	6	17	23	70
58	45	94	13	19	29	74	94	57	47
52	22	93	25	16	74	94	69	73	22
56	37	20	12	37	96	28	27	60	13
9	77	72	15	28	57	26	31	97	99
93	45	68	46	95	49	83	59	20	70
85	97	33	90	22	51	95	73	74	43
73	57	60	52	55	37	20	77	20	92
40	94	45	26	76	88	11	91	30	75
48	14	93	65	24	16	29	40	86	18
31	25	47	36	36	84	90	6	98	86
61	22	65	73	97	99	8	46	58	96
23	61	44	52	61	36	85	3	95	19
95	80	73	10	91	32	48	53	91	52
49	41	14	62	91	56	57	81	75	14
47	99	8	94	22	15	73	19	15	63
70	84	80	9	1	43	9	66	86	99
85	21	55	9	88	7	19	44	33	32
82	65	30	61	78	1	49	64	82	60
86	57	93	78	10	91	89	53	5	99
47	12	7	72	18	71	73	37	41	25
97	50	79	90	13	92	47	19	15	89
61	64	53	87	22	41	39	62	26	98
34	1	8	13	34	55	71	42	68	53
47	85	27	55	87	48	56	13	98	53
17	74	82	76	90	86	83	73	48	83
56	78	31	73	48	84	91	57	35	61
35	57	34	55	65	79	83	44	95	29
11	62	1	73	49	24	21	98	92	53
64	94	97	60	66	36	92	81	40	84
11	30	14	19	2	29	78	17	59	13
74	9	31	67	22	43	35	46	61	15
84	69	70	32	55	68	19	31	26	71
96	57	55	68	8	82	93	81	59	54
24	98	18	23	34	66	57	74	56	12

2	13	2	14	4	5	12	3	5	10
4	2	12	12	8	16	16	13	2	4
1	4	4	15	2	11	20	10	18	16
6	5	12	15	2	16	18	2	18	4
17	3	7	6	8	13	13	14	2	3
2	6	1	11	1	18	15	16	13	8
11	16	10	14	3	18	6	12	16	19
7	16	1	5	2	8	7	9	7	1
20	5	3	8	14	12	14	11	11	6
14	1	13	9	1	2	17	17	17	15
1	11	13	9	11	11	15	12	3	10
9	11	9	5	11	3	3	8	13	2
14	12	3	16	7	9	1	12	20	16
18	3	1	16	14	8	11	5	2	13
10	14	14	3	14	8	11	8	13	19
3	20	6	15	15	10	5	10	7	20
12	12	8	4	16	16	19	9	19	5
15	9	15	6	19	20	12	18	2	1
14	13	9	5	17	18	5	15	12	18
16	2	14	12	1	12	20	13	12	9
14	2	16	8	18	12	19	2	13	3
14	17	7	13	8	17	11	11	14	20
4	7	11	6	1	3	9	4	9	8
2	12	8	14	14	10	7	20	11	20
5	3	3	13	12	2	18	1	2	13
2	7	11	6	8	7	3	13	13	17
20	8	5	2	11	15	6	12	3	12
18	4	4	13	14	2	5	18	17	2
1	13	20	8	20	17	19	5	12	18
1	11	19	10	5	2	18	18	8	14
10	14	18	20	6	3	15	4	18	10
18	15	9	3	11	17	9	6	12	14
18	13	2	3	13	9	4	16	11	11
20	17	6	20	13	9	19	13	16	11
14	1	11	18	15	12	17	10	19	15
9	20	17	18	8	16	1	18	19	5
3	17	17	1	12	17	3	17	16	4
9	11	1	5	7	15	17	12	8	14
4	9	4	12	4	6	3	8	20	17
5	18	13	3	13	11	16	1	20	18
6	19	11	20	6	10	3	20	12	10
9	13	20	5	7	16	8	19	5	18
5	10	19	13	15	13	18	6	7	14
17	11	12	13	19	9	5	2	13	16
5	15	5	3	3	4	8	9	8	9
15	17	16	10	6	13	7	13	9	15
14	14	10	12	1	2	2	14	6	8
4	8	15	14	7	19	17	8	17	20
10	11	10	1	15	4	9	17	18	5
17	10	6	16	4	7	10	12	20	13
9	20	20	13	2	10	15	7	6	2
8	11	16	16	15	5	15	5	14	1
4	13	8	2	2	14	10	6	7	16
19	8	7	2	6	3	16	19	9	13
12	3	6	8	6	19	14	8	9	13
6	14	8	3	16	13	1	18	3	19
11	17	9	3	14	5	8	9	12	13
7	14	3	17	20	18	16	6	2	2
18	13	7	11	12	7	11	11	18	1
19	9	14	3	19	10	16	13	2	1
15	16	6	13	20	11	14	9	5	15
15	14	9	1	11	8	1	2	2	19
12	12	16	2	4	6	1	3	4	7
15	7	19	6	18	18	17	3	13	4
2	12	10	10	18	10	13	17	8	10
20	18	12	9	10	16	15	14	5	19
16	4	4	14	20	15	14	13	5	2
9	1	8	3	19	12	13	6	15	19
9	9	10	3	1	2	11	2	14	12
9	18	2	10	4	12	8	7	17	6
8	19	15	1	18	8	9	9	1	4
11	7	6	1	20	10	1	9	2	19
15	19	2	10	15	6	16	13	1	4
10	19	3	18	6	1	10	10	20	14
19	1	14	5	13	6	8	19	8	1
7	15	11	2	18	2	19	1	3	10
1	4	6	19	14	1	8	12	4	4
4	1	10	20	1	15	6	2	7	12
5	16	3	19	14	1	11	2	1	6
6	12	8	8	1	7	2	11	5	12
8	19	14	13	19	14	13	10	16	9
13	14	5	10	20	20	3	12	20	6
15	3	8	17	2	2	14	8	11	10
3	16	10	18	7	19	7	15	16	11
13	9	7	13	2	20	3	7	3	15
12	7	16	16	14	16	13	10	19	12
8	15	2	8	5	18	5	14	18	5
3	17	10	6	13	9	6	7	4	13
8	13	2	9	19	14	15	15	17	7
13	10	10	20	1	2	12	2	20	19
14	18	12	3	3	14	10	17	8	19
16	1	16	9	6	2	12	17	5	19
11	4	18	10	11	5	19	14	9	5
20	10	18	5	14	6	14	7	10	4
6	11	20	1	13	10	13	16	16	20
16	19	18	18	8	15	15	3	1	5
1	20	19	10	6	20	17	5	8	3
20	2	3	1	4	19	18	5	11	18
20	3	16	6	6	11	13	2	3	11
11	20	10	19	2	16	7	18	5	11
10	15	16	8	7	6	7	3	1	10
20	4	5	9	13	9	12	20	16	6
12	8	4	18	14	18	18	4	8	11
15	20	4	12	15	16	18	20	19	18
10	1	9	14	1	18	18	13	7	18
20	18	2	15	9	17	9	15	10	11
19	3	7	10	12	6	7	17	2	10
3	6	18	6	1	10	18	18	13	11
18	13	17	17	9	10	17	2	20	4
8	7	6	5	7	13	1	11	9	6
13	7	17	1	8	19	1	11	11	2
1	4	16	2	2	8	14	19	1	2
16	17	15	19	20	19	20	17	17	8
16	16	11	2	18	12	4	5	14	6
10	16	8	1	4	10	20	3	20	11
11	16	5	19	20	18	12	4	18	13
14	5	7	10	18	4	8	13	9	16
9	2	9	9	8	11	12	10	9	2
4	1	6	7	12	8	17	18	1	9
13	5	10	4	12	11	16	9	4	8
9	10	13	20	13	8	4	13	18	4
15	20	9	11	12	15	9	20	12	1
11	19	10	8	2	10	6	17	6	8
16	9	20	14	1	16	17	7	12	20
1	9	14	9	7	10	3	8	5	5
4	2	11	13	8	18	16	15	15	13
8	15	13	13	5	17	10	17	4	11
4	11	5	6	20	19	16	3	2	10
6	8	8	12	16	6	14	5	14	17
1	1	6	9	20	11	15	8	9	9
13	3	5	9	10	14	11	13	18	5
2	20	17	3	9	8	12	18	12	9
8	20	2	6	14	20	16	20	2	12
7	12	3	19	3	5	18	9	14	16
20	17	10	13	2	15	19	1	7	17
12	14	1	16	9	10	19	9	3	15
15	7	19	16	6	8	3	8	12	5
10	19	4	2	16	15	11	4	3	6
1	4	12	2	9	12	10	8	2	9
9	6	14	12	12	6	5	3	9	6
14	6	11	16	7	9	10	1	12	9
11	20	5	8	10	1	14	5	3	20
7	3	12	17	9	5	8	7	5	5
19	14	18	17	16	7	2	2	5	5
3	3	19	12	13	16	15	12	6	18
18	19	12	5	8	19	11	11	12	11
18	15	20	16	3	1	18	19	15	9
6	9	20	7	16	9	18	9	14	17
5	15	9	17	16	14	15	3	15	5
2	18	3	20	12	7	10	18	20	4
9	15	10	7	4	5	17	13	11	17
13	5	20	2	6	15	18	7	16	10
8	3	11	18	11	7	18	7	3	9
2	18	17	10	10	3	18	9	14	1
14	18	8	4	19	1	10	12	5	14
4	8	4	15	19	6	2	9	20	9
8	18	8	20	1	3	17	16	15	14
15	20	12	16	10	14	8	15	16	5
10	18	17	4	5	3	5	13	12	3
12	6	17	7	14	1	15	13	19	6
2	17	15	16	7	11	14	12	14	14
1	5	9	18	12	1	1	4	2	20
11	2	16	12	12	14	18	4	15	12
14	20	3	1	7	6	14	19	8	1
14	13	19	14	5	20	1	6	8	11
19	13	16	12	12	4	7	16	8	6
2	16	13	5	11	5	11	3	18	2
13	19	4	5	6	19	12	5	11	19
17	12	15	3	14	14	3	13	15	14
20	13	3	13	15	17	8	8	16	20
8	20	1	2	17	6	12	12	8	3
11	15	20	9	14	18	17	16	5	2
18	12	14	8	13	20	15	4	4	16
17	17	20	6	18	3	13	19	8	8
5	15	19	1	19	16	8	17	15	3
19	6	13	2	17	16	4	14	5	7
8	9	7	18	20	17	10	20	1	5
11	12	17	3	16	9	10	14	11	9
1	11	6	11	3	9	16	6	12	7
10	10	20	17	20	5	15	8	13	8
13	8	1	2	15	5	19	17	14	10
1	6	12	14	8	9	20	16	13	1
5	16	10	13	3	8	13	13	13	17
14	19	16	1	1	3	13	10	12	14
18	4	10	19	12	9	10	15	1	1
15	19	2	9	10	19	2	7	5	13
1	19	17	15	19	4	3	1	12	5
19	11	5	3	18	7	7	15	8	19
13	16	5	8	4	8	12	1	18	14
18	2	10	3	13	7	19	2	7	14
3	7	10	11	10	1	2	7	5	19
17	16	7	17	5	1	1	5	9	14
18	6	10	9	8	2	8	6	9	15
8	8	3	20	16	6	8	14	10	20
5	17	11	12	14	5	17	9	16	19
12	7	11	14	1	6	13	12	15	4
11	1	16	10	12	1	8	18	20	2
19	6	8	15	6	16	14	7	15	7
2	20	9	15	6	9	7	11	18	11
17	9	19	17	8	10	20	13	14	14


1	1	1	2	2	1	2	2	1	1
2	3	4	2	4	3	1	4	5	1