200	2	20

1	1.3	1.55	1.75	2.1
4	6.76	9.61	12.25	17.64

85	99	43	73	27	41	17	40	87	92	65	39	31	68	35	99	52	26	65	61
73	24	49	84	70	55	75	12	32	69	41	20	59	2	40	61	65	46	52	74
16	16	10	67	50	72	30	42	16	70	13	80	94	61	64	25	60	38	2	58
14	99	15	62	95	68	31	2	81	75	14	53	20	66	90	91	94	14	66	51
76	58	20	41	25	11	63	42	91	34	74	95	21	71	24	48	63	99	81	97
21	38	19	39	48	7	90	14	64	20	2	13	39	76	11	48	46	42	97	16
74	8	13	83	50	30	81	37	10	48	93	18	50	78	45	35	87	22	40	15
92	83	88	40	94	94	53	17	6	97	11	16	79	77	38	54	6	27	52	42
87	29	4	80	58	28	97	38	76	58	81	47	68	53	33	58	87	11	55	40
83	66	84	17	4	30	95	92	59	25	61	61	7	17	14	78	33	99	94	64
75	78	46	74	72	35	9	99	7	11	91	57	92	14	58	98	82	7	74	16
42	38	36	91	7	17	80	36	2	40	53	67	43	4	16	17	48	32	5	1
39	59	2	79	58	61	3	77	30	87	87	14	6	87	78	75	84	25	71	26
94	95	24	81	17	90	98	96	3	61	64	86	41	96	65	8	6	23	88	20
19	57	84	18	46	65	62	43	78	32	43	6	47	79	63	53	60	10	41	39
93	20	34	86	55	12	55	30	72	89	76	38	14	98	36	55	72	10	19	20
33	21	91	22	32	5	80	41	9	39	91	78	27	9	58	59	90	16	99	33
2	18	28	82	77	16	8	99	43	5	13	29	68	88	65	31	63	99	37	7
57	59	94	3	49	1	78	2	61	83	96	82	54	69	37	68	45	67	63	72
6	66	87	54	35	77	16	25	85	54	81	63	91	50	74	10	68	5	22	92
5	57	88	34	69	65	94	91	39	82	8	99	62	68	24	26	98	75	86	43
30	51	12	96	96	63	65	96	78	17	64	16	27	45	34	58	80	86	5	64
78	40	49	21	56	90	87	3	75	7	37	20	41	24	2	66	48	4	16	21
47	18	10	17	79	94	94	25	94	59	93	84	16	16	66	5	13	31	47	31
34	8	19	95	38	6	16	45	83	62	59	11	40	38	36	55	40	38	56	37
48	61	85	67	10	67	42	53	21	91	93	92	19	94	69	24	75	97	82	72
96	66	42	79	18	24	69	20	62	43	62	22	37	90	39	28	5	66	32	99
13	41	1	82	9	92	60	37	81	67	68	25	87	76	19	39	38	50	67	12
13	9	55	71	56	16	68	11	7	68	28	75	48	12	20	2	42	5	45	74
30	71	45	4	10	72	71	89	32	16	93	23	38	95	16	22	77	3	49	18
50	17	40	52	63	43	63	21	5	7	40	66	41	72	17	76	18	4	57	87
78	81	97	72	41	36	12	8	43	6	77	34	29	5	70	89	78	94	39	60
86	81	98	68	37	81	77	85	79	69	57	90	50	55	12	29	29	58	99	89
56	33	92	93	65	7	7	64	9	72	83	84	16	89	52	22	16	61	98	20
95	4	42	21	45	14	73	88	84	43	48	88	47	90	71	86	77	13	96	33
59	15	80	71	14	63	87	66	80	56	86	48	48	59	49	27	78	9	75	60
65	83	30	4	69	70	32	12	52	74	98	82	86	35	94	87	84	3	17	23
91	17	56	66	37	13	41	93	62	76	1	49	56	75	50	92	92	13	57	48
72	68	69	84	73	43	10	47	80	26	27	57	65	77	84	42	26	1	33	34
85	38	79	5	19	30	93	82	42	83	4	17	78	43	11	45	67	60	87	63
99	82	94	42	32	79	16	53	7	54	8	38	67	44	18	29	94	24	82	62
76	60	54	46	33	68	8	58	48	85	49	40	90	17	58	89	67	76	64	37
90	98	76	41	40	58	52	49	77	45	96	45	44	75	67	37	51	73	40	32
48	33	65	31	65	82	3	58	6	66	96	59	90	32	7	80	26	98	38	97
98	59	15	23	45	10	39	27	20	27	83	78	41	96	19	15	40	29	3	43
21	35	69	47	81	16	79	80	2	53	46	47	18	73	54	30	49	18	57	82
22	14	61	19	7	47	80	45	98	22	63	64	55	44	26	76	85	62	37	77
25	94	94	76	80	44	67	18	89	85	45	41	31	28	20	72	26	5	28	58
94	29	77	76	58	68	42	19	2	77	31	29	67	76	18	39	98	64	88	88
16	42	57	1	40	18	51	19	78	69	92	3	41	87	46	22	66	93	12	20
6	53	16	95	20	1	76	9	11	10	8	15	17	53	86	93	19	43	59	52
18	2	9	69	63	18	96	72	55	50	83	69	63	31	33	34	90	58	33	30
9	84	64	70	99	12	61	91	24	5	9	34	52	85	10	23	77	44	86	58
23	53	11	89	46	55	50	83	87	9	54	38	67	41	7	46	9	85	86	41
9	30	25	70	74	52	40	5	29	95	57	8	11	2	40	96	65	39	6	82
96	90	90	9	78	41	47	78	73	94	11	29	10	52	68	62	46	87	91	58
44	88	79	51	97	68	28	88	94	9	97	65	94	84	2	78	30	10	57	21
86	90	33	63	11	91	49	65	8	47	90	16	2	72	14	33	92	51	25	54
96	13	80	1	4	74	9	46	97	39	38	46	96	79	96	29	70	61	87	98
9	17	18	24	52	63	53	85	63	78	68	53	56	63	63	47	58	46	77	81
77	3	98	77	30	35	45	26	86	62	33	16	10	31	91	39	71	38	73	73
85	95	52	75	49	6	3	99	28	56	77	22	23	2	71	98	24	13	30	65
96	77	4	86	88	63	18	8	55	20	42	74	19	38	35	93	88	94	64	90
63	41	96	47	81	19	51	93	60	39	14	98	61	93	17	73	17	78	36	90
51	5	13	68	13	45	97	67	60	56	55	1	8	78	45	51	9	27	97	99
75	41	32	44	7	70	99	36	14	64	80	98	72	18	23	93	62	25	7	20
45	68	69	33	5	25	89	79	65	11	96	52	14	12	37	20	92	19	31	66
21	55	20	42	7	68	23	45	50	28	40	55	23	16	96	98	64	8	60	23
98	24	1	63	35	98	53	11	3	34	63	90	30	1	69	61	43	49	94	37
46	24	67	98	45	5	34	46	79	4	8	88	83	11	36	50	62	21	47	43
63	89	68	7	96	63	27	59	13	26	63	27	42	92	77	34	66	78	90	77
44	44	81	21	17	3	37	50	8	29	48	34	96	88	61	5	50	87	88	22
55	2	21	82	3	30	51	41	6	32	62	33	26	29	39	68	40	23	10	23
51	37	89	37	33	65	58	67	72	48	87	84	75	4	82	68	85	28	77	42
9	4	4	47	82	55	39	42	18	51	69	96	82	99	52	31	92	32	26	37
53	98	85	75	66	97	97	52	73	33	21	23	1	60	52	9	71	3	10	72
59	99	41	6	67	41	26	49	77	31	93	55	69	8	57	83	95	96	90	16
73	89	94	80	30	70	35	84	99	70	73	49	60	20	10	67	65	26	12	63
89	34	48	21	31	9	42	33	40	81	88	1	79	54	76	36	69	35	54	4
88	74	39	7	19	46	40	75	18	89	4	58	10	38	45	76	98	99	49	85
4	39	41	64	83	33	15	26	3	71	53	7	82	90	46	1	12	40	52	78
57	90	18	90	44	63	80	42	71	5	23	78	93	16	73	26	12	52	14	65
33	18	51	86	74	49	42	36	6	56	95	5	85	85	92	85	15	53	83	1
69	63	44	81	69	30	70	21	29	73	22	14	13	54	94	79	87	1	83	59
2	78	56	74	55	31	61	37	1	84	5	35	35	41	23	41	44	57	71	84
76	63	88	3	88	49	98	3	6	3	15	72	25	83	32	13	82	40	57	64
38	54	37	86	47	72	98	12	8	92	14	18	43	56	55	45	76	11	21	40
56	88	55	80	33	22	15	43	83	68	28	92	57	33	73	94	95	76	49	15
53	32	49	9	50	2	30	51	52	50	14	62	14	89	35	69	96	16	6	66
33	4	87	26	82	87	87	86	62	22	22	19	2	71	5	37	26	11	51	77
23	78	60	10	68	94	86	51	21	37	8	23	84	26	44	71	66	56	30	99
72	23	18	10	36	78	90	17	37	89	63	78	20	47	30	4	98	56	28	62
2	53	77	30	16	4	49	27	64	63	19	51	53	87	60	4	28	54	71	47
38	37	72	37	89	41	58	62	61	5	61	20	4	5	41	35	30	50	66	60
46	28	15	78	77	84	33	81	99	94	23	66	93	83	69	32	68	46	41	17
92	1	40	46	74	9	11	88	50	35	56	12	75	17	58	82	64	87	87	59
14	71	77	88	90	26	97	50	15	16	16	74	71	46	65	29	54	59	69	8
85	3	37	21	1	39	71	30	45	6	47	98	30	64	39	50	97	57	95	53
3	23	84	74	89	53	3	87	27	1	34	69	71	4	30	95	13	2	9	77
22	22	39	92	78	83	90	39	75	37	32	7	6	44	36	67	61	85	43	59
99	51	34	28	43	97	1	18	32	31	21	9	54	4	90	17	32	81	69	88
26	55	31	72	52	25	16	38	58	11	34	95	89	40	59	5	37	11	45	65
83	87	90	26	18	55	24	79	63	85	55	3	61	48	3	20	60	11	11	60
19	29	95	45	21	33	83	26	6	58	78	48	77	95	16	3	96	75	63	61
58	13	31	11	76	83	40	27	23	3	99	81	47	69	95	98	27	26	67	51
48	80	69	99	12	64	10	3	21	23	71	24	34	33	36	1	72	1	3	34
68	2	80	68	78	31	33	54	14	86	64	73	1	22	32	98	98	40	92	46
74	74	87	70	32	34	55	92	69	37	73	53	98	21	20	1	51	69	28	58
73	74	13	41	53	70	39	90	78	60	64	50	63	38	49	80	53	70	61	28
95	59	25	69	43	85	21	25	11	12	54	7	12	18	72	38	68	26	61	28
12	91	20	70	6	30	69	71	28	97	14	39	72	67	97	32	37	11	25	42
82	71	2	2	60	58	6	43	59	41	85	41	39	78	86	55	90	83	3	22
6	78	91	42	84	56	2	28	35	59	58	34	68	92	84	32	49	62	3	80
75	29	45	56	42	75	97	41	8	63	7	62	28	81	20	28	72	5	77	89
59	82	29	79	82	15	23	84	97	91	23	54	83	4	88	51	28	50	65	22
18	68	23	52	13	93	84	51	54	45	41	46	12	23	59	34	14	27	98	75
8	6	87	56	64	55	36	55	21	75	99	93	44	99	57	24	98	91	87	77
96	71	76	56	89	34	63	89	11	2	58	12	34	43	90	6	45	84	82	60
6	85	97	86	19	45	71	85	59	14	32	75	57	78	12	4	40	4	28	27
6	75	9	86	78	34	88	18	26	81	22	26	53	96	42	42	38	83	39	31
78	96	38	25	30	41	67	61	10	65	62	7	30	34	22	28	27	86	50	44
46	30	22	60	25	92	77	87	65	5	29	5	67	45	11	98	59	72	46	4
17	82	1	46	72	58	3	37	58	55	63	75	92	54	25	33	30	67	96	51
70	61	83	84	22	3	43	90	23	40	34	97	14	34	67	60	95	19	21	1
90	18	93	53	52	90	78	88	51	41	64	46	30	14	21	83	30	94	43	55
66	44	9	72	2	59	37	69	72	60	41	24	43	30	30	36	19	21	88	36
94	41	46	99	36	81	83	86	40	89	84	87	60	66	32	81	1	49	25	60
96	27	50	86	22	83	14	97	24	8	68	94	80	16	63	7	82	93	29	74
37	42	47	25	81	67	11	52	90	5	26	90	39	57	92	30	71	38	27	63
8	73	32	49	8	44	72	26	88	70	87	80	21	32	23	33	46	40	52	24
71	71	61	99	46	96	64	91	24	29	55	77	19	64	94	46	71	87	37	24
29	28	77	62	34	80	99	32	51	50	90	64	96	34	90	39	78	31	37	53
20	92	64	78	16	70	63	88	81	64	76	42	79	63	48	61	8	94	68	53
13	62	32	78	70	91	61	25	35	80	20	73	51	70	69	96	23	10	21	12
56	98	20	97	87	32	18	58	32	40	79	3	86	52	98	61	79	3	93	56
52	75	67	53	74	26	80	92	66	19	40	77	14	5	29	5	60	91	6	35
55	8	57	32	31	43	78	39	39	45	42	16	95	89	28	73	29	92	66	25
22	44	28	12	48	84	26	84	78	74	2	29	28	85	55	38	20	97	61	86
27	25	71	25	25	86	27	53	2	70	23	79	46	90	60	68	56	55	66	77
53	44	84	28	37	91	86	37	89	59	86	46	24	53	90	4	5	12	94	20
24	42	89	14	38	2	14	17	87	68	92	91	47	19	1	72	45	95	24	6
14	25	10	34	49	83	93	90	55	11	3	45	86	94	14	11	20	77	46	59
3	81	71	40	33	50	4	97	29	54	70	74	66	57	89	73	17	42	76	63
53	70	70	46	60	17	70	85	40	20	39	89	94	5	48	85	5	98	72	67
14	67	9	60	22	19	1	17	21	74	60	50	15	63	43	61	68	99	25	57
55	76	80	44	86	11	12	23	62	69	90	55	35	18	76	58	30	19	64	68
40	95	74	72	44	71	52	3	82	78	80	89	9	63	99	83	31	82	2	13
72	36	24	58	23	78	26	4	73	47	27	75	97	72	13	84	76	61	47	91
47	35	75	88	63	6	25	73	10	97	78	65	1	24	2	69	73	89	98	35
75	14	50	73	12	26	41	97	14	72	28	94	20	16	55	23	5	40	18	63
14	61	8	67	99	76	6	43	4	74	63	27	13	92	11	43	38	43	20	76
35	49	7	39	86	67	57	21	60	33	62	30	86	39	39	40	57	14	95	81
70	18	5	74	3	23	89	33	93	3	38	94	30	32	93	83	84	52	67	4
46	65	47	76	89	33	30	66	46	39	32	29	75	30	83	80	76	63	52	10
43	20	46	50	84	48	43	74	41	54	51	55	88	5	44	13	65	59	76	97
8	10	19	86	14	19	55	93	17	13	39	66	71	71	93	89	57	15	53	48
39	57	77	9	60	97	52	2	39	78	20	66	56	62	38	96	50	71	26	17
77	50	10	39	22	14	72	53	35	9	21	81	58	99	43	80	89	89	39	3
78	89	89	10	51	45	68	76	53	17	13	67	41	23	3	6	51	2	84	77
25	10	24	45	15	91	32	73	8	33	93	91	97	36	27	92	45	80	49	7
10	23	34	46	67	37	9	6	94	89	79	1	42	88	75	96	29	87	74	41
88	54	99	37	4	5	98	55	25	99	13	32	21	79	43	88	66	21	64	16
55	49	43	58	64	2	96	56	32	55	42	94	88	94	86	35	74	61	11	96
84	8	54	13	20	53	58	31	39	86	62	42	90	88	16	85	6	92	53	73
75	91	37	91	26	53	58	93	62	19	72	52	43	86	2	33	84	59	39	1
73	68	11	36	84	97	44	52	92	77	3	47	83	92	82	95	40	42	65	93
40	81	16	49	87	9	71	39	64	88	38	41	15	92	16	87	36	5	64	7
30	96	92	94	91	49	2	48	71	45	43	73	97	68	57	36	45	50	30	42
78	94	62	96	22	49	79	62	20	83	73	91	7	78	21	10	71	21	19	11
93	68	30	38	59	84	61	92	55	59	46	68	31	86	79	28	56	69	12	96
89	47	82	81	48	53	67	77	86	68	4	17	65	55	44	20	60	2	38	63
1	43	43	26	26	34	31	65	33	32	32	7	89	16	29	83	68	41	21	46
3	81	98	93	94	23	92	63	78	25	66	89	21	27	24	69	72	48	9	64
18	15	7	18	34	53	41	73	72	98	56	78	65	52	74	66	88	65	15	46
17	86	95	60	80	42	25	95	94	25	75	10	52	30	65	7	27	41	48	72
60	87	77	48	45	35	83	4	27	13	7	25	30	30	78	37	51	46	73	50
42	83	56	70	14	82	58	49	44	66	3	73	63	53	91	47	4	67	26	62
57	22	44	77	67	90	14	45	69	79	34	91	57	73	85	94	48	39	90	80
44	7	5	94	92	33	3	21	45	25	90	20	73	93	37	37	58	92	74	48
93	50	33	92	60	95	91	46	6	55	7	63	52	28	23	84	14	14	81	77
81	13	47	80	43	61	47	27	34	61	62	31	81	29	72	79	37	31	8	44
48	51	5	64	15	75	55	26	32	11	29	13	74	45	61	47	42	26	10	30
95	54	99	22	94	17	18	85	20	60	47	4	78	82	35	83	78	46	48	52
37	68	84	13	55	97	53	18	68	28	55	45	3	32	47	1	42	70	57	88
50	79	21	78	55	38	75	21	14	37	71	60	89	25	30	46	76	10	19	95
70	89	33	36	93	55	69	99	17	13	30	69	89	8	43	82	83	59	45	53
40	32	24	58	8	88	62	9	72	76	4	66	76	19	16	88	9	80	4	94
52	25	38	83	48	88	62	6	46	6	90	42	81	92	23	46	8	69	70	47
27	81	54	42	26	32	86	31	24	77	45	20	9	97	10	65	84	98	70	29
88	24	44	47	69	43	70	40	39	8	48	27	39	92	33	72	13	79	24	15
96	21	49	85	56	39	42	22	13	70	12	77	1	71	31	60	44	49	39	64
84	61	89	52	89	62	82	29	16	86	41	12	5	35	81	60	21	57	49	86
86	64	21	51	57	84	2	79	26	58	35	24	80	21	28	43	87	35	92	99
13	30	32	44	2	50	63	89	31	26	4	84	39	28	4	72	56	18	67	74
23	49	46	45	87	60	32	93	74	15	23	69	23	62	82	1	71	95	10	30
91	56	76	69	43	50	91	13	97	46	22	44	61	70	51	75	63	59	31	78
74	60	35	84	64	59	76	59	42	82	9	49	91	72	18	90	60	53	60	61
10	69	81	17	48	79	84	37	23	56	34	60	79	42	92	68	32	66	88	28
15	91	39	90	85	66	48	30	33	60	47	11	46	72	34	86	77	16	16	56
82	48	92	99	14	60	20	33	59	35	24	46	93	71	99	13	62	46	90	59

7	19	11	4	15	16	8	9	7	20	10	13	10	17	3	8	2	5	14	17
1	12	8	3	16	3	9	14	12	12	19	15	1	18	8	4	5	6	20	12
7	1	14	4	20	11	8	17	7	9	8	11	3	8	15	10	16	14	15	11
20	16	14	8	18	18	5	12	19	19	13	11	16	2	9	6	4	9	10	14
4	19	7	3	4	1	3	13	4	12	7	12	4	11	16	5	12	10	9	18
18	3	6	13	19	16	3	8	7	12	19	6	4	20	20	16	17	18	20	3
8	11	2	3	11	4	7	2	8	10	13	14	11	11	7	6	7	5	12	18
8	10	18	9	6	18	5	17	18	13	5	7	14	6	12	10	5	13	8	14
19	11	11	17	2	19	4	13	8	12	16	14	8	5	4	15	6	12	2	20
12	1	17	7	20	6	13	1	11	11	8	4	14	12	15	9	20	3	15	11
19	20	11	1	1	17	12	9	5	15	10	12	14	12	7	19	3	4	16	3
7	14	5	17	6	18	3	19	1	10	13	15	16	13	9	8	6	3	13	15
20	16	20	1	6	2	19	16	18	10	4	9	4	10	8	3	11	2	4	2
7	6	9	7	12	15	19	9	16	9	8	9	18	12	4	10	12	17	12	10
10	9	11	14	17	1	12	19	18	10	5	1	3	15	16	13	11	14	18	1
19	1	7	1	17	16	14	20	18	2	16	4	5	9	5	6	6	9	9	9
11	6	15	9	20	4	18	18	10	19	11	18	7	4	6	4	17	2	17	12
3	3	6	14	18	9	10	14	12	3	17	16	12	1	10	1	18	6	5	12
2	2	17	15	10	20	8	19	9	2	17	9	4	2	5	6	5	9	10	1
20	7	14	4	19	3	18	5	13	20	2	15	12	8	16	11	11	18	11	7
11	7	15	18	7	20	2	6	4	3	7	18	9	20	12	1	16	20	16	4
10	5	3	12	8	6	17	15	8	18	3	14	5	20	9	9	5	19	14	2
4	13	12	15	10	3	6	15	2	1	17	15	7	3	6	14	2	16	17	9
10	2	8	18	5	8	13	5	9	14	5	5	10	8	17	11	6	2	12	1
17	15	3	9	13	13	13	5	8	15	4	18	8	18	14	16	18	12	14	5
12	2	9	8	1	6	10	14	9	15	3	17	20	13	20	14	2	16	16	6
15	11	12	12	14	18	9	19	16	14	11	18	14	13	12	12	10	4	9	11
15	5	16	6	13	6	16	15	2	19	11	3	1	14	7	20	13	20	11	8
6	2	1	2	12	7	18	15	14	7	17	10	15	18	17	1	6	15	1	10
16	15	11	10	17	12	20	4	13	12	14	4	5	7	8	12	6	19	18	3
12	9	5	3	9	12	20	1	4	1	6	6	6	2	9	3	1	8	2	15
1	14	13	4	11	15	12	20	9	7	15	4	17	6	6	17	15	11	6	3
14	17	9	12	12	12	10	15	6	17	17	11	20	7	16	13	3	16	12	11
17	3	17	19	1	6	7	2	9	20	19	10	18	1	8	1	18	1	16	12
12	9	14	11	19	2	19	11	4	6	3	7	2	12	14	4	19	18	20	20
9	17	8	15	2	18	8	9	3	20	1	6	12	13	8	8	1	8	19	7
15	18	8	3	17	4	5	8	12	4	8	20	6	19	9	3	20	19	14	17
18	10	2	20	20	15	16	20	15	10	20	14	18	15	17	1	5	1	3	17
12	15	3	8	5	20	3	16	9	8	3	9	20	19	5	10	20	18	3	6
5	5	19	8	2	4	4	14	6	3	5	20	8	14	13	4	14	7	10	16
10	13	11	2	1	3	11	20	14	14	8	19	10	4	7	15	15	8	3	19
11	3	9	9	11	15	7	17	8	5	7	14	11	9	10	4	11	17	12	16
5	14	19	7	12	15	13	4	9	3	5	1	17	20	7	18	15	5	18	13
11	15	13	7	1	10	8	3	15	15	19	1	2	18	17	16	4	20	20	14
4	11	6	4	11	14	1	7	4	13	13	19	13	3	7	2	17	8	8	1
5	18	1	12	7	1	9	2	8	3	17	15	12	1	15	17	2	13	10	3
9	4	6	19	6	16	12	6	13	2	5	17	18	7	15	13	3	5	6	17
13	12	6	2	4	5	6	18	12	4	10	13	9	5	6	17	13	9	15	13
10	15	13	5	7	18	2	9	6	19	6	7	14	15	2	5	3	6	9	5
11	14	10	20	17	19	12	13	4	2	13	15	10	15	18	20	7	15	8	17
5	4	12	7	8	4	9	12	7	17	5	16	20	4	17	13	18	7	8	9
19	14	18	8	3	4	8	5	4	5	8	10	10	14	14	9	4	9	16	16
11	5	17	11	5	7	12	14	13	3	13	12	19	14	7	1	10	19	7	9
12	9	11	20	1	9	5	16	13	4	4	8	8	20	2	19	15	7	11	15
14	10	4	16	1	9	18	18	6	4	14	14	3	16	4	14	4	10	5	15
16	10	1	4	4	15	19	11	4	2	9	18	14	16	3	10	18	2	17	9
13	12	3	6	4	4	18	8	6	14	2	9	8	2	10	17	14	17	2	8
12	12	19	9	8	9	6	4	20	8	1	6	4	16	12	11	11	10	15	2
10	16	3	12	13	16	7	2	5	20	12	11	14	13	9	10	20	7	3	9
17	11	4	7	12	1	5	10	4	17	1	1	2	15	16	1	9	20	19	7
12	15	2	11	12	17	19	1	20	20	10	16	4	19	9	4	6	4	15	14
5	16	1	4	13	18	1	1	11	8	5	15	13	7	13	8	15	11	4	5
14	7	8	14	18	20	7	7	19	14	9	2	3	7	11	5	3	11	14	9
17	3	9	19	10	10	3	9	1	19	12	1	14	3	20	4	8	8	5	14
18	4	14	10	1	18	12	18	9	20	15	7	15	13	19	4	4	2	14	10
18	11	11	3	5	5	7	12	6	8	11	19	20	17	6	6	14	20	19	4
13	8	10	12	8	2	15	3	10	11	19	20	18	6	6	16	6	11	13	16
7	10	19	8	19	10	19	1	7	7	4	2	16	18	12	13	10	15	17	4
1	18	19	5	20	7	3	10	17	13	19	10	2	1	10	12	6	8	5	19
7	15	5	6	20	11	1	4	16	12	6	14	17	6	10	18	1	2	7	5
17	1	13	19	19	2	20	16	8	12	1	4	6	13	17	5	1	19	4	7
7	9	17	18	13	3	20	17	14	6	15	9	13	6	15	3	14	4	3	17
17	8	7	17	10	8	17	3	2	16	6	18	2	3	20	10	4	16	6	17
7	8	19	10	7	5	4	6	19	18	14	9	17	5	3	16	15	5	15	8
2	7	16	15	5	10	17	15	2	14	4	7	8	5	11	17	7	7	9	18
14	2	1	9	12	12	18	2	9	13	11	7	10	10	7	19	13	19	13	11
17	9	16	15	9	14	1	18	15	5	4	10	10	16	20	10	8	10	5	4
11	12	17	2	20	15	12	4	15	7	16	6	10	20	19	9	16	4	10	9
1	14	11	15	1	12	5	20	11	17	13	4	16	3	12	17	13	14	3	15
3	12	20	6	11	11	4	9	10	18	1	8	12	16	4	12	15	14	3	17
17	15	13	5	17	1	20	3	7	16	19	16	19	10	9	15	18	12	18	7
13	7	10	17	12	11	9	18	5	14	7	11	12	20	14	4	15	13	17	18
6	15	19	12	17	2	10	17	12	7	20	11	7	16	16	4	6	9	19	5
13	2	19	2	7	5	14	16	5	11	14	3	12	15	14	19	16	15	7	4
18	5	12	1	10	5	10	12	3	4	11	8	3	9	12	1	8	16	20	14
1	11	17	15	7	10	1	7	3	13	9	12	2	19	8	14	17	5	12	8
18	17	7	3	19	18	15	3	6	10	15	8	2	19	20	1	8	17	9	3
9	5	2	4	12	2	18	9	10	4	2	18	6	2	6	20	16	2	10	3
7	8	19	3	9	15	13	6	18	6	13	1	7	16	13	13	7	15	4	13
1	3	8	10	8	9	11	7	7	12	19	18	17	8	14	7	19	13	18	12
9	7	10	4	15	15	15	16	12	10	12	3	15	6	14	2	14	2	6	13
7	10	10	10	3	15	7	9	17	20	5	5	8	19	4	20	20	6	4	2
18	20	8	6	1	14	17	1	18	8	6	13	12	11	16	3	12	14	9	9
13	7	14	9	2	11	20	5	12	10	13	18	5	12	17	2	5	3	7	1
20	3	1	20	18	8	5	15	4	9	15	20	3	12	14	5	16	18	3	20
3	8	16	3	15	3	15	3	8	18	3	13	6	13	4	11	6	10	11	16
20	20	12	10	19	4	12	1	3	13	8	13	9	3	15	7	20	11	7	13
10	9	1	20	2	13	14	3	6	11	18	6	4	7	12	20	20	1	17	1
13	1	15	17	15	16	10	16	11	13	19	4	20	4	11	13	13	14	19	5
11	7	1	14	20	18	18	7	13	15	15	15	3	13	13	20	5	10	14	9
11	11	17	13	6	18	20	12	18	8	17	15	16	8	18	6	3	17	15	12
14	19	10	12	3	5	9	4	8	4	4	3	6	16	7	2	16	3	3	11
18	16	15	8	10	5	18	11	6	15	15	17	4	4	6	19	7	14	13	3
3	7	6	11	3	9	15	9	14	8	18	13	5	3	6	12	11	5	18	7
16	20	1	17	10	2	16	20	6	11	15	13	6	4	6	8	13	16	3	19
3	9	16	11	1	15	1	2	11	16	14	10	6	15	5	10	2	19	5	13
2	10	9	12	7	12	9	13	2	7	9	19	19	4	1	18	20	7	7	2
8	7	8	8	13	5	20	7	9	11	20	1	6	15	10	14	5	12	5	8
9	14	9	11	2	19	13	11	2	19	12	1	20	7	16	20	12	6	9	7
17	15	15	19	7	14	14	14	4	12	16	6	16	4	6	17	12	10	9	8
13	18	19	12	1	4	10	7	1	10	2	14	12	4	10	1	5	2	14	18
10	17	19	8	13	20	17	12	3	1	10	5	13	14	6	19	12	3	17	2
11	15	1	9	13	15	8	3	2	2	18	16	14	18	19	11	7	4	20	19
5	14	20	3	10	6	18	6	8	12	14	3	13	11	14	16	12	12	2	16
11	18	3	15	3	18	6	19	1	20	8	4	12	4	9	6	18	5	3	8
18	1	10	18	11	3	8	19	20	13	9	12	4	18	19	5	1	19	4	3
10	15	5	2	7	16	17	16	2	4	8	6	12	10	16	2	6	10	19	9
20	17	15	20	11	8	6	12	7	3	6	8	17	14	15	3	15	5	14	3
1	2	17	12	17	7	18	6	1	2	8	18	14	13	6	15	3	11	19	11
5	6	1	4	4	6	3	2	13	2	1	8	7	10	3	13	8	3	19	2
9	17	3	20	12	18	10	7	4	9	1	14	15	3	7	15	6	12	6	12
11	15	10	20	8	18	13	12	16	10	10	12	4	19	11	16	17	14	12	16
6	18	14	7	9	6	3	5	3	19	18	17	7	16	19	10	8	2	15	12
7	12	1	20	9	12	18	10	8	4	20	17	3	5	11	6	6	12	8	16
16	11	10	14	1	6	17	3	6	10	16	13	11	10	9	18	11	20	2	15
6	14	2	4	1	17	18	2	10	16	3	7	16	2	17	16	6	5	12	15
3	7	19	12	16	5	5	20	1	10	4	6	1	3	20	19	20	9	9	8
19	14	5	20	13	1	9	3	5	7	6	17	17	5	15	3	9	9	5	14
3	6	3	7	8	19	13	20	11	13	19	9	9	9	7	10	8	3	18	6
14	12	14	15	5	2	8	7	6	9	7	4	15	3	5	17	7	11	17	2
2	3	14	16	17	14	12	14	15	17	19	9	2	18	8	9	2	4	18	4
11	14	13	9	1	18	7	2	1	16	2	1	15	18	5	6	10	5	1	19
20	13	6	12	2	10	11	8	8	20	1	16	19	1	13	10	9	20	20	6
3	14	7	6	20	4	5	5	6	10	3	11	17	7	20	7	8	4	1	12
8	19	10	18	19	18	11	2	11	2	1	13	17	16	19	6	5	12	15	17
5	16	1	10	2	10	10	12	10	16	13	11	14	15	14	1	12	18	15	18
2	20	3	18	2	6	13	4	16	6	10	16	8	20	6	2	17	12	9	18
16	10	2	14	16	19	17	6	19	2	1	20	11	13	13	2	13	8	7	10
1	2	5	5	17	18	9	16	7	19	20	19	3	18	4	19	12	17	19	10
8	4	10	13	3	5	13	12	18	3	2	12	2	14	9	11	15	18	10	2
5	5	12	10	13	8	16	2	20	2	14	6	4	12	1	19	8	13	8	19
9	16	15	8	3	20	6	11	5	18	17	18	1	19	5	3	2	18	11	7
16	6	2	2	7	6	20	18	16	15	20	13	17	12	4	7	3	5	2	15
7	12	16	20	20	5	15	14	10	15	18	12	18	6	16	15	17	7	19	9
8	18	12	15	9	8	4	19	11	17	17	9	18	18	1	6	1	20	9	14
6	10	19	18	10	5	16	19	8	13	13	10	2	18	18	9	9	4	5	4
8	19	3	3	1	9	15	15	8	18	2	4	16	15	4	5	5	5	15	16
14	11	13	13	4	11	20	9	1	14	8	14	13	6	13	14	15	20	3	8
7	7	17	6	13	9	3	18	17	11	18	14	16	3	14	12	16	3	15	3
1	18	13	4	20	7	19	15	8	5	16	8	3	20	6	7	4	10	19	14
9	13	13	13	2	9	8	11	5	5	7	12	10	1	1	4	12	4	17	12
19	2	11	18	9	7	18	20	3	12	18	14	4	5	9	14	19	10	6	6
7	5	7	1	3	9	16	19	17	10	4	19	13	13	16	16	8	4	7	10
4	1	2	14	15	14	10	1	17	1	7	3	11	16	19	18	16	13	16	15
2	8	17	3	7	7	3	1	3	1	20	20	6	6	11	10	14	7	6	9
18	17	13	2	7	18	11	5	10	19	12	3	4	2	13	16	1	7	3	20
3	17	18	18	1	6	20	8	15	5	6	3	20	13	20	9	4	5	13	12
12	18	11	19	5	19	14	4	17	11	14	17	2	4	13	8	3	20	2	17
3	6	3	11	17	7	14	15	9	16	15	18	11	17	2	17	14	7	12	13
3	15	13	4	19	13	18	8	11	14	17	15	7	17	8	19	19	6	1	9
15	14	19	10	17	6	8	6	11	18	15	6	3	4	9	1	18	9	3	4
8	4	10	4	4	1	1	4	17	16	3	8	4	14	10	9	6	20	18	5
19	18	7	20	5	9	5	4	19	12	10	5	7	13	10	10	11	4	2	10
8	11	5	7	20	15	13	19	11	8	18	7	12	13	11	2	6	2	16	9
8	13	19	8	5	15	16	5	4	1	17	15	18	1	12	5	12	12	9	4
12	7	13	12	9	15	8	15	9	15	6	16	17	6	12	17	5	11	17	6
6	14	7	20	13	10	2	12	1	12	2	12	11	7	17	11	12	7	19	17
9	4	2	15	6	19	7	12	15	11	7	19	7	17	20	17	6	18	19	16
5	19	6	20	10	7	11	17	15	14	18	12	8	7	8	17	19	20	8	9
9	5	8	7	19	10	8	10	8	5	16	14	3	9	18	20	20	17	3	19
1	5	19	14	8	12	16	9	5	8	1	17	20	2	12	18	7	12	8	5
20	13	17	16	19	19	4	2	18	11	17	10	7	2	14	20	8	11	15	4
3	14	3	8	18	9	11	14	16	19	2	4	13	19	13	19	20	7	16	14
17	11	9	8	6	18	17	17	14	16	18	15	3	2	4	4	15	3	18	9
13	10	19	7	2	3	17	20	18	14	2	3	12	14	4	18	7	15	18	11
4	11	11	9	16	4	1	14	16	19	2	1	11	14	11	6	5	2	8	6
2	12	17	16	12	9	11	18	12	3	11	11	15	19	18	17	5	14	6	3
7	14	1	1	4	3	20	9	4	16	7	2	3	20	1	12	2	13	5	6
1	11	14	13	18	13	16	18	12	5	4	12	17	4	18	5	15	16	3	18
20	16	9	2	7	15	3	2	1	12	16	4	17	4	14	2	5	2	10	4
5	8	10	15	18	18	7	19	7	12	18	15	20	3	11	15	7	4	5	13
6	7	8	20	11	17	15	4	14	15	12	9	9	6	7	18	20	2	6	3
2	4	11	16	15	3	14	11	19	15	20	14	5	13	2	16	3	2	13	17
3	8	16	12	3	14	15	1	16	20	1	11	5	2	17	12	17	2	4	10
20	19	1	5	17	17	11	11	17	15	7	13	5	17	10	16	13	20	6	10
11	1	20	11	1	13	14	20	18	12	14	10	14	5	12	18	19	4	3	18
7	2	7	11	2	16	13	4	9	10	9	19	13	7	17	9	3	20	3	1
19	9	2	6	8	9	17	16	19	12	11	18	2	9	9	10	17	18	5	8
7	1	4	4	13	2	15	2	8	11	5	19	3	18	11	18	1	16	11	12
10	18	5	13	11	2	17	1	1	3	18	7	13	5	9	12	6	13	10	6
14	3	5	8	5	11	14	3	18	18	19	9	6	5	5	20	14	1	5	10
20	8	2	12	15	14	14	3	13	13	19	5	18	11	9	7	5	15	3	2
10	7	13	18	16	17	15	11	7	6	2	4	2	16	14	9	9	6	11	4
12	18	6	20	6	6	7	13	16	14	8	20	9	11	6	7	13	5	16	8
4	1	12	1	10	8	4	5	5	17	5	11	5	3	8	1	1	4	13	9
5	9	16	8	15	3	4	11	2	17	10	12	7	16	1	5	11	20	12	1
3	7	17	17	6	2	5	4	15	14	2	4	13	13	8	1	20	3	18	13
14	13	6	16	16	1	9	8	1	1	11	17	14	5	16	18	17	14	4	14
4	15	17	10	7	7	2	14	7	18	2	4	7	16	11	4	9	9	14	18
1	6	2	19	19	19	19	1	12	10	12	17	14	8	6	4	14	13	19	9


1	2	1	1	1	2	2	1	2	2	1	1	2	2	2	2	1	2	2	2
3	3	5	5	5	1	5	4	3	4	4	1	1	1	1	1	4	2	4	4