200	4	10

1	1.3	1.55	1.75	2.1
4	6.76	9.61	12.25	17.64

86	73	17	4	44	13	44	75	58	48
78	92	46	27	38	80	25	22	51	78
84	56	81	31	15	38	11	84	26	27
23	39	90	18	18	47	98	94	51	36
40	74	1	67	15	14	5	84	25	95
49	98	11	89	57	19	16	30	60	92
92	77	95	19	63	34	58	87	14	7
80	60	27	15	91	82	46	86	4	72
37	39	71	2	86	50	8	17	42	82
59	97	2	33	89	32	35	63	14	16
28	76	34	91	5	92	29	86	73	82
86	54	5	18	71	89	17	61	14	98
87	75	60	82	2	46	71	21	88	32
23	93	91	89	78	74	7	91	43	41
21	37	49	38	51	63	58	59	21	55
63	29	66	97	4	67	10	39	35	65
21	91	64	32	79	97	23	64	31	9
34	25	29	21	33	76	27	93	50	39
22	81	46	2	23	28	59	63	61	54
80	43	33	20	24	28	21	94	92	25
51	71	83	25	86	70	99	92	93	54
69	47	44	79	26	64	1	87	29	54
36	30	60	25	70	82	80	76	76	58
46	48	50	52	42	59	51	79	64	53
43	38	38	21	36	44	54	69	30	82
29	18	86	81	57	91	48	33	22	4
86	73	78	93	27	88	60	60	40	45
4	95	73	12	5	2	16	69	3	77
48	31	48	58	29	93	76	51	39	73
20	12	48	3	80	33	63	12	4	31
2	48	57	13	73	18	55	11	72	63
40	25	49	5	98	27	21	1	18	9
41	72	80	70	97	25	80	91	94	69
84	29	81	92	34	87	39	32	79	56
69	34	23	81	65	71	19	6	64	32
34	4	39	29	55	73	72	53	71	36
38	30	98	48	47	22	73	69	37	11
57	32	88	81	6	89	52	8	20	40
15	84	17	53	39	1	78	62	89	89
74	33	17	22	54	23	29	83	3	40
64	69	57	64	43	93	29	74	29	10
31	66	94	87	93	21	9	57	45	87
23	5	15	44	50	37	37	39	51	68
19	56	1	24	97	62	55	88	36	79
4	94	91	83	4	68	23	77	78	34
64	17	60	16	55	36	31	81	43	93
85	90	98	71	47	64	62	47	43	48
93	42	97	74	95	29	49	81	18	69
8	28	39	29	68	78	10	75	85	49
96	37	89	8	20	61	22	98	99	49
33	19	67	75	28	79	99	91	2	45
80	99	1	64	93	50	38	5	19	19
57	36	25	74	66	79	15	16	45	80
71	95	54	28	49	96	55	72	71	91
77	99	85	85	12	85	3	11	73	73
90	63	29	46	82	69	1	67	53	6
30	25	40	41	6	43	54	91	97	92
71	10	49	33	30	60	95	8	99	17
50	45	22	87	98	44	4	48	87	69
27	5	39	97	46	63	72	64	71	86
33	66	16	59	9	82	16	49	98	96
61	71	12	88	27	99	36	54	24	46
36	59	48	27	51	19	85	87	86	20
4	32	87	1	72	6	80	54	30	11
88	86	13	45	62	27	62	38	81	84
23	42	66	74	50	89	75	51	68	12
35	84	79	17	29	61	26	4	47	39
23	22	19	49	33	27	48	8	84	13
2	13	29	25	65	53	54	17	40	85
57	38	80	97	20	53	35	6	69	98
35	63	75	92	76	51	97	82	64	47
57	78	74	51	1	78	44	87	57	58
98	80	45	35	29	5	10	11	73	75
61	35	17	64	80	67	71	77	96	20
86	76	77	29	12	58	39	14	22	50
25	55	10	61	89	64	96	26	23	12
80	14	7	54	3	35	60	40	46	32
66	71	55	11	79	81	28	74	86	94
39	11	50	86	48	78	37	60	83	61
3	5	56	62	85	62	87	93	33	75
48	29	81	90	5	69	51	53	57	22
35	99	16	56	51	49	53	86	2	76
67	22	62	13	11	80	65	77	83	2
75	29	13	89	54	17	28	79	45	25
58	22	74	54	11	98	31	22	62	6
82	11	31	5	61	87	39	85	20	29
32	40	7	93	43	44	12	6	13	15
72	11	54	65	38	49	23	93	90	63
98	98	97	76	35	31	86	69	86	14
73	74	77	16	99	47	93	90	65	54
62	68	98	22	80	57	6	4	35	50
85	39	18	28	84	99	2	14	53	15
58	68	25	79	57	55	44	77	96	81
6	76	39	76	25	89	79	41	50	35
83	13	93	39	62	53	45	46	8	72
83	71	56	96	66	38	57	5	80	52
88	87	94	90	70	39	8	73	84	68
94	59	32	25	63	48	50	80	18	61
65	73	95	3	4	13	19	85	9	40
5	7	48	50	2	54	44	64	5	8
54	90	23	7	7	76	28	74	77	60
66	63	9	73	78	14	12	34	59	3
86	35	44	61	60	62	19	43	55	62
4	35	70	15	97	32	22	78	44	86
89	88	14	50	96	86	37	64	60	81
92	98	51	54	77	84	9	30	66	30
81	60	18	88	16	5	83	42	72	62
20	15	80	31	57	66	33	49	8	97
37	21	45	8	10	76	48	40	53	85
50	7	51	2	27	82	73	7	34	5
66	25	69	16	99	37	25	27	12	26
12	17	10	53	30	58	88	5	1	82
1	35	37	52	72	89	64	17	26	46
3	26	55	76	23	10	71	16	56	41
27	96	2	51	65	62	15	68	30	46
85	91	60	58	62	46	71	42	7	82
43	26	56	16	75	42	65	62	17	45
22	11	90	15	62	37	5	91	26	27
54	89	99	76	37	87	29	22	7	22
15	23	28	97	23	41	52	79	98	37
62	33	99	17	72	71	63	36	31	5
88	54	16	95	95	3	58	76	66	36
18	46	83	16	37	34	38	68	95	58
90	44	7	14	39	39	61	33	79	99
10	25	85	1	25	32	82	34	16	8
99	99	18	40	17	84	94	13	92	3
34	5	34	34	12	40	21	96	20	31
54	29	4	3	65	62	39	11	87	25
17	15	68	91	15	86	95	90	51	47
19	74	53	14	62	14	44	88	60	11
38	14	6	28	49	59	98	96	74	51
69	32	32	14	88	71	6	73	17	16
77	90	27	78	37	58	17	56	62	83
85	86	54	37	24	57	89	6	3	4
70	21	51	29	49	30	60	12	46	89
81	84	3	48	74	43	59	82	41	2
47	1	40	29	25	98	50	46	75	12
1	37	75	74	65	87	97	9	56	98
91	90	15	56	63	14	98	98	75	31
71	45	9	93	96	74	52	40	80	74
40	93	55	75	23	92	78	34	59	47
2	34	38	76	33	58	78	4	43	82
21	70	5	69	18	12	60	47	68	66
8	17	83	2	18	1	4	93	96	17
81	54	34	13	27	27	80	82	72	47
19	96	36	75	35	35	87	31	90	72
8	3	40	29	13	14	35	26	87	37
11	51	3	25	4	14	97	63	56	21
12	22	10	69	84	33	62	45	75	32
10	73	62	93	60	95	96	73	68	56
18	51	58	74	9	15	75	33	68	60
28	52	2	13	73	77	52	96	41	70
27	33	73	17	99	47	71	6	43	65
30	41	70	52	38	14	27	17	5	35
39	96	27	46	6	57	64	39	23	97
74	65	33	77	51	13	96	82	7	6
22	80	97	93	2	81	35	34	62	76
97	20	75	40	54	49	6	80	9	14
7	91	79	95	80	30	1	9	61	94
10	31	14	66	25	48	7	33	53	31
99	43	38	85	77	2	77	67	89	97
51	26	35	41	89	86	21	69	42	88
49	36	74	86	25	88	53	12	49	12
96	71	56	29	80	11	58	75	32	4
72	93	40	84	30	63	97	24	52	41
34	38	49	72	43	19	80	69	17	94
70	24	16	66	57	24	78	62	67	90
16	59	57	8	58	93	18	38	60	99
93	45	93	21	38	32	55	95	80	39
70	52	90	30	28	86	82	69	17	46
93	57	24	33	35	65	95	72	51	56
55	72	4	59	18	77	76	25	58	55
64	74	12	7	53	22	39	65	18	35
27	60	29	98	35	65	83	6	59	35
64	88	21	19	52	42	44	60	17	20
50	40	13	75	37	35	61	21	44	55
92	10	87	92	61	57	19	25	84	61
84	20	85	48	78	56	33	88	25	82
71	92	71	92	65	35	91	38	15	61
69	29	87	70	32	75	87	52	74	98
87	36	32	60	83	77	5	81	12	26
57	28	89	51	30	28	37	25	88	99
9	13	4	87	69	86	96	25	6	71
40	36	25	91	72	28	6	54	60	66
51	15	18	73	31	19	92	95	11	58
66	14	13	80	78	34	57	91	51	24
48	16	9	42	42	86	13	12	12	26
56	83	22	88	42	48	74	79	44	8
74	46	59	1	77	17	25	68	53	47
97	21	88	21	28	92	43	70	23	60
29	46	85	9	24	76	74	63	91	75
6	98	53	82	78	32	49	45	43	60
76	3	9	3	87	85	56	19	6	55
21	39	51	37	38	51	92	42	69	14
30	63	71	46	69	25	10	50	62	97
18	31	63	83	12	8	30	85	41	73
54	93	36	40	76	56	64	57	68	54
51	87	44	85	49	76	11	62	5	26
75	97	80	33	2	7	21	44	37	60
90	4	90	50	8	29	88	31	83	9

15	20	14	8	18	18	5	16	15	14
19	12	8	18	17	17	6	20	9	7
5	10	11	4	14	8	9	4	1	18
10	5	13	4	2	17	18	1	7	20
5	8	1	4	15	1	15	11	15	10
9	9	10	3	4	12	4	10	10	12
8	20	8	11	14	1	18	1	2	5
11	20	4	2	4	5	19	17	12	10
17	7	4	16	10	6	11	20	5	20
3	18	12	7	8	20	12	8	20	4
11	8	8	9	6	7	20	7	13	9
17	11	5	13	15	17	10	11	2	8
20	8	14	5	7	12	18	2	16	6
6	16	14	18	9	19	3	14	9	17
2	1	8	14	11	1	7	16	2	4
18	15	10	12	3	20	7	15	7	14
7	14	12	5	8	11	13	13	8	11
2	18	6	9	10	11	12	8	17	15
10	20	8	2	2	15	14	4	6	8
16	13	4	19	18	15	11	1	16	13
11	17	3	11	19	12	14	7	14	7
19	13	2	13	1	1	14	10	14	10
14	10	3	20	15	3	6	13	16	8
12	2	5	11	1	18	4	17	19	4
12	7	4	1	12	14	7	14	12	10
12	20	11	10	15	9	5	6	8	3
19	2	5	20	9	11	5	13	12	7
3	17	18	13	11	7	1	11	5	14
4	10	11	14	19	20	18	13	9	4
12	14	12	4	1	6	11	10	10	16
8	12	4	7	12	12	18	9	6	9
10	2	19	10	14	19	14	6	15	18
5	14	2	13	16	15	19	2	17	9
19	8	15	17	3	14	13	1	19	19
1	8	15	19	14	1	7	19	8	10
2	4	2	12	17	16	20	12	5	13
15	5	8	4	1	14	19	4	17	13
18	3	7	16	11	13	13	1	15	10
16	11	19	3	14	12	17	14	10	17
14	14	2	11	13	14	9	17	9	20
10	3	10	3	9	11	9	2	5	4
9	19	14	20	6	19	7	11	7	7
2	5	3	20	9	8	6	20	8	9
7	14	8	12	5	11	16	7	16	19
4	20	2	7	10	2	16	11	16	10
18	8	4	10	2	18	14	14	1	2
18	18	1	15	13	20	18	17	19	18
12	17	1	19	14	13	16	7	14	18
5	18	4	17	11	1	3	2	17	8
13	11	16	19	14	18	18	19	20	19
8	13	12	12	7	9	1	17	3	14
16	6	11	19	9	5	8	17	4	12
11	9	6	7	16	4	5	18	10	15
13	9	4	11	13	9	3	9	19	8
18	1	10	18	11	15	8	11	5	14
1	6	8	2	14	15	19	16	17	15
19	6	6	18	15	18	5	14	9	11
4	15	3	7	18	6	14	2	18	16
16	4	11	6	15	1	1	17	9	14
19	19	8	14	9	5	3	20	19	15
4	12	9	15	5	7	5	19	3	3
12	19	8	19	10	6	12	15	8	17
7	19	12	7	1	9	8	8	7	10
10	3	6	13	4	15	1	17	12	12
11	3	15	19	5	14	3	11	17	17
12	17	15	20	14	14	10	18	17	1
8	7	11	2	20	15	11	16	11	3
16	3	19	20	11	5	17	12	18	19
16	18	19	16	18	3	4	7	13	7
16	9	9	3	18	9	19	3	2	4
8	2	14	9	2	18	13	15	16	1
15	20	14	1	6	6	20	11	16	5
7	3	5	15	1	10	17	3	16	3
20	7	15	8	18	9	3	12	2	1
18	12	14	8	2	7	20	3	13	8
5	9	11	4	3	15	3	1	6	2
4	4	11	12	2	12	6	16	19	18
3	3	18	11	12	2	19	8	8	6
13	7	18	20	14	8	16	10	6	11
16	12	10	17	5	3	20	4	9	6
18	12	15	16	13	14	17	11	3	10
13	3	4	1	16	20	5	18	9	14
2	18	18	2	9	10	17	12	11	14
15	4	7	14	19	5	15	19	2	18
11	10	17	5	12	10	9	1	8	18
7	2	17	20	4	2	6	19	18	19
3	8	15	12	9	10	3	8	10	11
18	6	2	8	13	3	19	3	1	20
1	19	8	7	1	4	17	13	18	9
4	4	20	6	16	16	15	9	4	9
3	4	12	2	12	1	7	16	8	11
1	8	11	14	12	1	14	8	2	4
6	15	15	15	12	3	7	13	8	9
7	4	1	11	13	20	2	16	20	3
9	5	3	11	13	4	17	5	9	6
7	19	14	7	12	15	20	16	3	15
12	6	10	6	14	4	13	5	20	9
15	1	6	2	10	11	19	5	9	13
2	5	7	15	4	18	13	12	8	11
5	20	17	13	19	2	2	17	16	3
7	19	7	7	1	10	12	1	15	16
5	8	16	11	2	3	13	14	20	5
17	20	16	5	13	15	2	5	16	7
8	10	16	8	13	20	3	4	3	18
7	10	16	4	9	11	4	4	18	3
19	19	4	4	18	16	20	9	20	14
11	6	4	10	18	3	20	9	15	15
11	4	11	7	15	15	2	14	12	11
14	16	18	8	3	4	19	20	12	15
18	10	4	16	15	18	17	19	14	15
16	15	18	13	16	12	20	16	2	20
5	13	11	20	16	20	13	6	17	5
13	11	17	13	8	1	1	19	1	12
12	6	8	12	7	17	19	8	9	3
17	7	16	11	4	16	1	13	8	19
20	13	19	10	18	6	1	8	6	16
2	9	9	18	5	11	5	12	17	4
15	20	7	3	10	11	14	13	11	6
12	20	15	14	3	18	3	3	11	3
2	12	10	13	14	10	10	16	18	11
8	4	5	11	12	4	14	1	11	13
16	18	10	13	20	8	5	13	9	18
5	3	11	8	19	16	5	10	8	7
5	8	19	10	6	18	20	5	11	12
2	9	11	3	1	16	17	8	11	12
8	8	19	4	4	9	15	15	19	20
19	2	2	20	9	4	16	4	18	11
13	9	5	3	6	16	5	12	12	15
10	20	20	14	19	11	12	8	2	7
17	7	12	10	13	19	13	5	19	7
3	12	18	5	4	7	18	13	19	16
14	13	2	19	20	8	13	12	10	8
11	14	1	3	3	19	8	13	17	12
4	18	8	9	5	2	10	5	6	10
7	5	1	20	20	7	14	4	4	3
11	9	13	1	18	20	6	19	15	3
16	9	20	5	10	2	2	4	2	14
13	3	1	12	20	11	6	9	9	8
6	16	9	15	14	4	11	15	17	15
15	7	15	14	4	6	6	14	17	1
3	8	19	10	9	4	11	16	10	11
5	14	17	12	9	1	9	19	8	1
19	16	16	4	20	16	4	13	5	1
6	16	15	1	5	4	3	3	9	19
9	19	18	9	12	1	8	9	19	6
4	20	16	19	12	16	3	15	16	1
8	17	1	10	5	8	3	5	14	19
17	20	14	14	12	19	5	13	18	13
11	9	10	17	17	17	3	20	7	2
10	8	4	6	10	10	3	18	11	2
1	4	5	2	11	18	18	20	6	18
1	17	3	13	1	17	20	9	2	2
17	15	12	18	3	10	3	1	18	5
10	6	13	4	13	5	13	1	9	13
9	12	16	3	16	13	2	15	3	1
11	5	13	9	3	8	6	4	17	11
1	12	5	7	11	20	15	6	8	13
3	7	15	11	20	8	4	4	3	1
14	18	11	7	4	15	17	7	13	10
1	17	2	8	7	11	5	17	1	6
12	4	18	9	19	9	5	3	17	16
4	9	4	11	18	4	6	5	16	3
5	9	8	20	1	7	15	13	9	17
13	7	2	2	8	7	9	12	11	5
13	7	16	7	14	4	10	3	5	13
17	8	16	15	3	18	5	12	12	8
17	5	13	7	15	1	20	2	16	18
14	13	16	10	5	20	7	20	11	19
4	1	11	2	17	20	13	11	18	18
15	6	6	12	3	11	1	14	7	7
14	15	16	13	1	18	18	7	9	15
5	9	20	1	5	18	19	18	9	6
20	9	8	13	4	3	13	11	3	6
6	3	3	8	9	14	12	8	10	1
18	15	20	17	6	4	14	10	15	17
15	14	7	5	17	10	9	4	3	19
10	2	7	5	1	4	9	7	16	12
10	9	19	10	7	8	20	5	12	18
9	9	5	18	8	1	18	14	10	10
8	10	19	12	2	6	16	16	5	16
6	13	2	9	20	17	12	3	3	20
4	15	12	7	6	11	1	5	12	15
5	20	6	1	4	19	14	17	15	5
10	18	14	3	10	17	19	19	19	11
5	19	19	12	1	5	18	13	16	20
13	13	8	3	12	15	3	18	15	6
1	6	14	6	4	8	5	6	18	1
9	16	3	18	6	5	12	4	14	20
1	10	5	4	16	18	4	13	19	10
13	5	13	20	9	13	9	4	4	1
5	3	2	12	7	5	15	11	1	11
18	11	10	6	8	14	7	19	6	15
16	19	7	6	8	18	20	18	12	10
18	20	13	5	8	20	3	17	16	9
13	19	1	3	5	8	4	7	15	13
8	8	11	12	3	13	15	16	12	2
6	7	5	5	3	6	20	17	5	13
5	10	12	17	6	7	7	19	15	6
12	3	5	15	15	13	9	3	15	13
20	9	11	6	3	1	15	4	2	6


1	2	2	1	2	2	1	1	2	1
2	5	1	1	4	5	1	1	4	1