200	4	20

1	1.3	1.55	1.75	2.1
4	6.76	9.61	12.25	17.64

87	5	34	52	75	57	93	10	51	14	64	54	78	54	8	75	77	5	58	88
73	82	17	68	49	95	4	62	37	68	53	79	79	94	12	10	99	81	41	77
19	60	30	33	77	21	49	48	95	88	40	94	56	52	96	5	81	41	94	76
22	88	96	85	99	6	68	88	61	9	53	74	84	7	68	37	31	48	56	94
16	42	95	8	88	51	85	93	37	45	29	42	67	33	90	2	97	6	47	77
71	5	29	95	2	18	67	34	37	86	92	50	19	58	47	69	99	2	74	8
79	87	99	22	63	10	70	34	47	66	52	25	84	70	21	43	26	14	81	50
7	49	97	91	19	48	64	75	28	91	82	7	25	71	91	55	21	91	79	56
52	54	16	59	39	92	74	39	91	45	59	55	69	65	3	12	68	52	23	17
78	60	46	80	82	19	3	81	77	50	73	98	43	33	56	9	59	65	35	83
54	32	7	33	87	47	46	66	38	35	35	28	12	7	96	58	40	7	99	1
33	46	12	5	1	54	99	38	19	49	36	72	95	43	23	97	94	65	11	88
20	26	83	55	75	58	98	16	65	32	21	21	28	48	98	50	57	44	25	82
52	36	38	52	95	28	8	70	59	20	20	70	11	99	73	94	7	65	64	85
92	38	29	57	93	67	73	4	52	98	78	74	21	97	84	66	18	30	24	64
67	68	80	23	89	37	86	82	46	65	64	82	90	76	43	15	38	15	3	65
84	80	80	74	15	3	52	55	28	69	47	32	68	73	91	98	99	36	32	34
68	45	43	8	82	15	82	96	13	80	1	39	27	50	83	28	74	75	3	37
67	2	43	3	5	68	66	96	64	80	50	89	80	17	73	37	92	57	60	12
87	37	9	40	51	40	57	83	37	80	28	76	23	3	67	69	26	19	74	29
74	10	15	21	32	38	5	11	92	47	36	29	70	86	41	73	39	5	45	80
58	59	44	74	16	13	48	77	30	60	87	46	27	58	44	38	89	65	17	76
73	9	72	10	50	48	37	92	24	8	83	70	61	85	66	35	40	32	84	58
32	22	14	6	27	28	77	52	67	33	32	83	83	39	68	63	64	20	18	35
97	25	97	93	5	55	76	23	52	63	78	29	91	12	90	98	10	93	94	31
13	55	57	30	31	62	48	6	3	36	49	37	44	22	19	35	41	30	86	31
9	92	2	40	34	51	97	21	55	56	44	72	33	20	99	48	28	45	36	63
51	74	74	24	91	1	23	3	85	29	10	19	1	56	43	11	61	79	17	97
9	27	95	38	30	63	53	90	80	39	85	58	48	32	92	21	2	85	12	14
36	62	34	69	39	28	25	55	82	2	78	82	81	19	67	66	31	33	4	55
30	63	1	34	76	28	4	95	65	98	2	80	47	32	80	82	91	14	40	30
56	45	55	36	55	32	51	4	54	85	71	55	20	75	94	45	78	77	28	56
81	11	42	1	89	92	91	3	49	51	57	19	41	70	98	26	41	24	57	57
77	28	27	71	70	78	30	6	2	78	2	67	81	95	46	26	15	72	12	85
39	27	80	7	38	42	21	64	31	45	93	61	60	12	9	77	61	36	89	98
83	40	31	17	32	54	94	77	93	73	57	97	71	33	20	20	2	52	88	99
88	18	97	34	7	34	43	84	71	88	95	91	52	39	71	57	87	16	37	86
73	78	29	46	15	16	69	19	41	17	94	2	77	78	49	7	90	42	26	78
29	11	95	61	4	39	14	22	27	49	18	75	58	49	43	73	98	83	73	86
43	40	14	70	86	15	25	81	54	54	62	33	83	1	77	39	20	32	65	89
50	21	90	83	82	6	44	39	71	25	84	57	75	55	1	53	86	70	94	71
18	50	32	88	40	81	86	77	19	41	22	99	68	26	81	25	58	23	41	14
73	45	16	80	71	69	50	40	36	66	83	50	30	88	79	10	37	92	20	14
51	39	19	80	29	90	21	77	58	44	21	89	68	54	18	27	96	53	27	85
61	68	91	73	59	79	74	10	70	63	17	35	83	94	71	9	52	54	42	99
40	97	47	87	63	20	44	21	79	22	29	57	37	29	94	66	88	91	20	47
19	96	86	90	22	14	65	52	31	98	60	64	7	40	49	59	25	66	95	67
88	46	46	98	44	42	53	29	36	47	11	59	24	58	55	79	98	89	23	11
51	75	62	89	19	48	76	98	77	98	99	47	14	40	36	57	77	31	48	51
48	90	62	80	4	84	51	65	71	54	93	44	24	97	93	91	77	44	84	4
14	19	44	64	7	21	36	29	81	25	2	22	18	75	88	23	6	36	28	85
8	77	80	48	43	72	93	54	84	82	59	52	75	82	59	7	33	86	47	44
48	95	86	90	19	70	23	31	94	91	17	21	29	13	70	12	14	30	10	12
8	12	7	89	20	4	45	11	36	72	9	84	84	15	4	23	17	77	4	49
64	46	81	64	82	29	2	11	69	4	47	46	36	42	76	72	12	30	97	5
10	56	97	41	53	55	4	7	47	97	6	68	41	56	40	26	51	70	17	97
1	12	49	17	29	92	76	42	60	19	48	89	12	80	6	48	81	45	85	34
19	13	48	53	3	58	66	58	93	8	62	47	13	77	94	51	30	97	77	56
90	8	32	41	8	40	82	19	26	80	7	35	5	24	13	4	38	90	71	83
41	48	26	53	3	38	16	34	63	73	93	86	1	30	99	35	48	59	44	59
69	41	50	85	57	45	98	39	27	29	97	61	36	89	34	61	3	27	2	93
41	73	18	75	71	90	82	54	56	6	40	5	19	72	94	95	47	70	18	66
91	14	80	80	11	76	34	90	38	33	99	9	71	41	90	47	50	14	59	51
23	80	65	52	66	97	80	34	59	30	23	69	72	24	39	11	21	19	39	34
54	64	8	24	30	11	14	86	21	2	43	23	44	37	81	11	40	47	75	64
6	38	37	67	78	23	9	83	38	15	60	42	3	64	15	10	1	84	98	46
42	96	82	63	14	78	45	58	51	96	97	84	55	9	43	8	90	7	4	34
57	1	89	17	13	43	51	79	68	74	85	21	25	89	77	70	92	86	3	61
38	58	15	82	38	7	14	51	71	19	69	70	28	51	93	83	14	70	97	58
93	36	95	78	20	86	91	20	99	77	54	40	75	5	48	90	3	77	98	3
61	46	51	30	78	1	73	29	2	11	49	72	87	68	92	47	33	17	13	55
93	2	55	14	55	2	32	57	4	5	28	41	9	56	89	21	74	20	51	81
88	39	67	74	23	33	63	56	6	1	49	25	38	96	16	43	97	56	78	69
97	32	39	17	43	90	86	62	91	4	21	40	49	31	3	33	21	51	79	60
29	31	56	17	39	88	50	14	87	37	14	61	23	27	17	2	79	8	92	50
43	7	77	15	94	62	61	12	70	92	35	74	72	80	68	6	11	97	3	45
32	30	35	89	45	63	78	66	78	74	24	92	84	11	31	94	71	14	63	92
95	97	21	17	99	61	7	2	52	27	59	59	58	54	8	9	43	33	29	37
50	67	58	44	42	4	85	11	88	87	4	41	11	77	52	94	78	58	7	90
16	74	21	79	54	22	78	8	45	28	3	56	57	15	68	5	13	34	54	75
69	29	81	37	74	85	16	45	11	48	92	21	33	71	40	60	61	4	29	98
96	73	70	57	38	79	66	82	54	51	18	91	64	2	69	68	89	61	25	38
5	23	17	36	91	95	89	57	32	96	19	28	36	35	56	17	75	30	89	37
76	80	8	87	97	54	66	69	39	90	79	48	60	98	11	89	98	77	6	16
8	22	48	69	57	58	95	42	38	87	36	86	50	98	92	67	54	39	67	40
83	64	1	36	28	45	1	74	35	36	89	40	85	7	25	65	48	79	10	72
77	46	31	46	22	50	36	91	70	58	80	55	58	88	38	82	35	15	87	36
38	97	88	76	19	79	85	23	78	12	55	34	56	51	59	48	44	85	54	85
30	59	61	1	27	30	86	25	10	55	51	94	53	9	43	30	41	96	51	27
72	9	37	43	36	42	90	60	53	43	84	1	48	24	57	93	2	16	60	70
17	41	7	47	3	39	61	1	16	38	85	68	14	65	35	20	76	92	77	36
57	80	86	48	2	60	5	5	58	5	82	66	42	47	98	80	22	58	5	59
88	51	48	65	38	32	50	74	11	12	42	15	37	34	98	26	65	91	76	95
28	31	19	79	54	96	3	17	47	42	58	46	30	91	77	91	39	50	6	47
26	66	47	92	69	14	76	55	45	55	69	99	22	57	17	1	32	93	34	17
79	96	16	64	6	47	54	23	74	26	12	22	37	74	55	95	32	29	47	40
37	4	38	13	51	47	40	42	41	19	74	95	40	6	32	70	87	52	64	34
52	38	50	22	38	64	72	34	85	3	71	96	76	98	83	27	87	76	97	77
82	69	28	94	94	40	49	2	64	63	91	6	31	59	29	68	99	94	80	52
65	71	92	16	48	94	33	21	9	67	34	48	4	3	88	49	45	55	82	30
20	34	18	21	57	71	6	51	17	81	18	74	12	32	67	7	60	41	67	33
23	86	67	83	74	88	40	25	8	1	4	16	84	26	29	7	93	69	67	2
37	56	7	1	5	57	73	37	17	11	3	82	22	17	15	44	94	69	99	91
26	70	81	55	79	66	26	21	39	69	52	47	12	86	11	97	85	79	81	68
99	95	3	52	77	21	52	53	53	3	91	87	52	41	91	73	59	75	27	3
82	99	69	11	33	27	13	59	33	87	43	99	35	20	73	48	40	71	65	88
21	46	81	13	87	55	98	27	68	38	21	34	62	65	81	70	3	18	93	41
48	98	34	17	17	95	60	81	76	82	19	71	14	69	55	9	39	15	10	41
57	63	97	26	35	44	7	36	25	50	45	29	92	78	92	79	4	59	65	85
40	59	99	94	63	14	65	92	25	16	26	61	26	17	35	5	46	95	82	76
97	10	20	7	89	30	13	88	25	57	95	54	4	29	12	23	78	37	77	17
82	48	27	77	98	79	91	37	69	56	23	39	81	68	57	66	99	30	20	86
16	23	78	82	55	94	26	24	91	28	17	43	55	65	8	17	20	71	90	84
96	22	55	72	81	93	27	23	90	59	82	80	40	40	83	98	37	7	15	58
98	66	49	99	59	44	12	65	24	68	80	99	41	37	1	48	98	5	83	26
86	32	79	35	59	79	29	72	31	45	69	44	62	79	91	90	40	87	85	9
59	47	17	56	55	14	90	64	97	81	63	65	86	14	26	1	44	17	55	64
91	45	7	52	75	68	42	57	72	71	81	37	18	89	94	92	1	62	32	23
78	53	10	16	12	54	33	51	8	38	2	43	63	85	30	9	89	24	18	26
47	9	65	53	38	91	65	10	32	64	13	25	30	99	64	56	34	63	19	31
77	70	89	44	48	51	79	10	40	58	59	87	29	99	13	7	97	7	71	19
36	55	92	71	25	38	95	68	37	83	78	54	62	82	35	43	65	60	95	34
72	44	75	77	58	39	14	80	52	64	33	67	60	29	16	44	87	47	86	98
41	21	60	5	59	96	41	77	60	26	15	75	46	42	48	11	69	10	56	27
60	38	65	22	73	93	91	41	86	96	20	82	95	41	41	17	61	85	28	6
44	43	88	65	43	75	42	49	1	39	9	99	55	97	42	78	57	25	35	47
83	96	14	2	30	90	71	61	58	23	13	68	40	57	92	48	33	80	67	99
34	43	32	3	98	31	31	36	5	67	23	2	43	95	52	74	86	36	76	68
49	63	84	80	99	21	82	19	70	68	54	15	26	18	83	42	30	75	94	4
90	52	1	53	55	80	30	28	36	90	97	85	2	22	30	20	46	38	4	76
36	25	10	33	85	76	60	99	8	50	37	23	58	68	47	78	31	81	31	36
66	45	36	60	10	38	5	98	86	97	29	49	75	30	31	17	38	24	89	84
78	42	14	43	3	69	46	35	78	48	83	12	74	42	77	71	23	48	94	22
72	76	86	97	73	4	67	96	37	68	73	38	15	83	70	56	46	49	30	15
33	71	8	43	31	20	97	52	15	84	89	75	48	22	55	97	87	92	36	49
4	49	46	55	49	34	95	10	69	80	99	76	78	78	7	15	32	63	8	20
92	29	74	49	42	11	21	2	64	73	55	30	50	11	95	38	81	45	67	21
51	8	37	74	93	31	33	50	49	77	93	45	34	56	79	11	69	92	82	63
67	55	89	42	20	79	9	53	43	85	15	24	29	37	55	36	16	25	80	92
72	24	87	64	75	2	1	74	12	15	49	59	62	78	82	31	59	52	68	78
33	36	85	19	67	3	47	83	8	77	64	54	92	17	14	53	56	37	1	77
73	6	44	59	82	99	90	62	69	75	55	82	54	35	60	85	70	90	70	39
46	76	33	70	26	68	16	19	95	7	1	81	41	75	32	8	96	8	56	82
86	78	99	9	7	78	51	80	55	2	10	57	76	34	74	33	1	88	94	5
94	21	81	11	42	77	94	57	95	72	97	75	53	68	59	72	99	13	15	84
57	48	96	11	72	82	95	66	31	10	66	76	62	86	72	53	2	84	62	70
48	17	42	3	81	85	22	57	80	54	90	84	7	86	60	38	43	3	95	4
47	96	32	99	67	55	22	9	73	90	70	86	18	78	38	85	90	52	80	65
26	9	24	77	86	28	37	68	5	92	57	36	61	27	32	65	62	84	25	57
52	59	42	73	70	24	88	31	12	64	79	10	33	22	67	64	77	36	70	94
83	68	97	73	21	1	32	23	24	58	99	11	47	76	63	48	60	82	52	9
65	97	69	62	61	95	55	21	64	17	4	55	31	99	71	66	76	16	29	86
30	44	15	94	89	10	98	33	83	64	16	26	31	85	17	67	36	45	78	35
45	32	49	28	85	36	90	23	27	24	74	93	61	17	44	25	10	38	6	60
80	4	46	69	45	39	66	62	6	10	36	77	73	41	14	12	31	96	73	38
90	47	76	89	60	1	1	9	51	36	87	9	53	98	92	86	55	11	83	19
53	33	79	50	40	80	23	82	74	53	57	29	9	63	1	62	74	9	34	55
41	66	33	67	16	73	79	84	33	7	19	62	11	80	20	36	73	44	19	96
78	11	27	89	3	56	79	33	38	24	70	11	22	21	43	18	18	55	52	65
58	50	20	96	31	17	78	24	96	69	37	95	57	90	18	99	84	26	67	46
39	52	53	41	96	66	13	94	34	17	27	98	95	92	33	56	82	76	82	99
70	91	28	43	61	60	51	33	76	93	48	79	87	79	66	13	94	85	90	81
38	60	70	58	19	73	72	33	13	48	90	73	93	83	57	9	8	31	30	43
85	53	10	21	46	58	31	56	7	27	41	90	36	76	88	35	33	47	5	62
9	45	51	89	43	36	95	6	70	80	59	26	12	84	86	92	87	84	14	65
89	99	97	66	68	63	98	92	69	44	38	36	57	31	13	82	53	74	72	66
89	30	61	65	36	21	13	51	2	25	54	30	14	84	74	64	90	88	17	68
4	74	49	40	49	47	61	74	7	61	29	65	51	49	63	75	51	58	23	35
27	5	39	33	28	99	2	39	50	84	11	92	98	38	19	26	46	20	70	95
54	2	27	35	94	38	13	79	43	16	43	33	19	24	43	3	50	22	27	53
78	85	34	58	61	65	21	82	89	18	53	45	96	78	77	5	64	76	34	81
47	61	62	77	49	46	35	50	28	77	86	19	51	42	30	85	41	1	68	91
93	54	76	40	90	28	19	79	2	89	39	61	20	12	77	3	33	13	17	37
18	33	57	19	27	15	6	39	28	58	58	87	61	19	6	55	2	44	60	27
65	95	72	6	49	82	49	98	64	33	77	21	2	89	50	71	96	78	37	51
51	45	51	85	46	88	23	97	77	41	31	71	29	22	77	34	28	16	36	89
58	81	28	57	90	90	92	91	63	60	45	66	59	97	39	77	76	78	90	88
32	43	27	46	63	88	50	86	65	18	76	17	11	68	78	29	93	85	43	8
7	8	89	71	98	86	24	83	89	9	95	75	88	74	21	70	18	80	91	57
73	10	10	17	48	86	77	39	75	76	83	80	96	58	87	25	78	1	36	83
38	63	2	59	45	37	87	25	56	57	30	17	51	49	56	82	65	37	46	25
39	47	31	76	11	18	8	57	63	14	71	26	62	69	14	61	94	28	12	31
54	31	12	31	41	43	56	72	62	63	78	29	86	25	45	24	40	55	42	25
29	8	14	32	75	74	16	13	12	54	1	95	93	85	88	80	80	6	52	81
70	49	68	11	24	70	54	15	47	40	47	63	15	53	41	35	51	91	69	78
45	88	10	12	96	49	30	78	54	43	72	95	39	98	97	44	55	24	70	88
12	20	91	65	8	36	39	50	3	2	37	1	44	37	38	67	93	44	80	50
8	17	25	74	24	61	25	10	21	98	88	34	71	40	81	77	8	88	22	22
47	29	88	78	53	58	79	10	22	42	66	6	7	54	33	75	31	76	29	50
75	27	57	66	52	24	31	4	82	77	25	42	96	29	72	26	96	54	71	28
17	31	36	77	67	97	39	11	95	31	94	10	42	60	36	2	14	25	47	9
28	92	20	89	59	84	26	61	94	31	5	84	73	14	17	26	87	78	49	30
32	85	48	77	65	47	78	33	23	83	50	62	32	43	63	68	27	9	9	83
65	60	41	10	20	55	27	48	78	77	36	68	67	89	13	31	8	72	15	91
65	94	27	7	87	81	58	79	83	63	27	46	83	91	3	34	23	2	70	97
55	98	93	81	55	20	15	65	83	54	31	5	47	58	26	32	18	78	62	99
95	45	14	87	65	4	44	95	64	75	38	29	49	92	35	81	90	79	2	5
61	54	45	31	85	77	98	57	38	36	67	66	95	66	88	65	95	17	55	77
53	70	67	3	12	22	36	51	11	37	14	61	16	12	43	17	18	34	16	8
21	18	25	11	3	81	51	54	18	11	27	77	44	96	97	55	3	64	55	64

5	18	14	12	10	11	16	5	1	3	4	9	19	18	7	15	7	11	10	3
11	6	18	2	5	10	7	10	3	12	16	7	14	5	2	16	1	16	17	9
15	11	7	15	16	20	18	6	4	20	15	2	13	4	5	11	5	9	13	9
16	15	17	20	9	7	7	8	13	4	9	3	20	7	15	3	18	6	14	2
10	15	7	3	8	19	2	16	8	4	19	6	7	14	14	12	8	12	8	10
4	13	18	2	3	6	13	10	14	11	20	4	14	17	16	3	4	12	11	5
2	7	16	20	4	5	4	16	11	19	15	3	3	1	6	9	14	1	6	5
11	7	14	10	20	11	8	7	5	15	18	11	18	13	8	5	16	18	19	5
9	14	10	10	11	19	13	15	20	19	8	16	5	14	18	13	19	13	8	8
2	4	13	11	20	2	18	6	3	5	6	14	11	7	16	5	14	12	9	15
7	12	17	2	16	1	4	17	18	13	3	17	6	7	14	14	16	15	8	14
20	15	4	9	8	19	10	12	16	1	16	15	19	14	14	1	2	14	8	16
4	16	9	2	2	14	12	19	19	6	3	3	13	10	13	13	19	3	18	4
20	12	13	10	17	10	14	9	1	1	11	5	4	19	18	1	11	19	6	7
14	20	15	18	4	9	5	4	12	11	6	17	19	18	13	15	16	2	7	17
12	6	18	3	14	13	13	6	5	19	14	16	9	17	11	6	16	12	15	17
9	17	4	17	2	10	18	3	9	6	15	13	11	12	2	3	20	8	6	11
8	2	11	17	16	8	1	15	8	8	10	9	5	7	5	10	3	6	11	17
1	3	2	6	7	4	7	11	5	13	6	13	10	2	12	13	1	1	10	19
6	6	12	11	2	15	3	2	4	3	17	18	7	20	5	2	15	3	19	8
13	19	3	13	3	9	15	3	5	17	8	12	10	14	16	13	19	14	8	10
3	1	5	17	2	5	14	10	15	6	19	3	13	11	6	12	14	13	1	11
15	20	3	13	10	18	7	18	3	12	3	3	16	5	1	15	3	12	20	9
20	7	12	11	10	3	1	14	19	6	1	13	19	4	17	8	10	14	8	4
19	2	11	20	7	8	17	8	7	7	14	7	17	19	3	14	15	20	15	16
9	4	7	14	16	11	18	9	20	2	18	19	2	20	5	13	5	17	3	14
16	11	5	20	10	19	1	9	1	10	4	12	13	4	7	15	17	18	17	12
3	17	12	11	5	20	3	18	12	20	18	19	9	6	5	19	4	4	17	19
5	4	20	2	3	20	16	15	11	11	18	12	11	3	5	7	9	10	13	14
20	19	20	3	2	4	4	9	18	3	19	17	10	17	13	4	14	6	19	2
15	14	4	2	8	2	8	14	6	10	2	18	7	4	3	13	9	1	4	5
14	16	20	2	11	4	11	6	19	8	13	13	11	13	11	1	4	16	1	4
6	6	3	16	10	14	13	20	6	3	9	10	8	4	18	2	2	1	12	6
2	4	19	16	6	6	2	4	7	12	14	8	14	12	5	19	16	18	6	3
18	4	18	5	5	7	11	16	3	8	16	19	16	1	9	9	4	18	4	4
9	15	18	6	1	9	11	8	4	12	10	2	14	11	8	1	18	15	1	8
10	17	18	13	1	15	1	12	14	10	3	4	14	14	3	2	4	17	13	14
16	12	3	7	1	7	5	9	20	1	16	19	4	6	6	7	19	6	19	11
10	20	4	16	6	8	16	18	15	12	18	10	18	20	20	19	7	3	15	6
1	3	9	1	3	5	16	17	3	9	13	5	7	8	20	17	15	18	1	14
10	14	2	8	2	14	9	3	5	1	12	18	9	11	13	17	12	8	4	14
7	20	20	18	15	7	15	3	11	15	3	8	19	13	8	3	5	11	8	9
6	19	18	13	11	9	5	15	2	15	10	2	3	20	8	9	9	11	16	14
1	8	13	19	2	9	10	5	10	20	19	7	7	7	9	3	3	4	9	11
3	16	3	19	18	6	8	2	6	9	16	1	18	19	11	10	4	10	10	9
19	8	6	10	20	13	14	4	1	18	10	11	7	16	3	9	17	7	6	2
19	14	1	2	13	19	19	12	4	2	15	17	16	9	15	14	2	8	2	1
5	17	2	15	8	6	13	15	17	18	14	19	11	16	4	16	13	1	15	5
9	20	7	5	10	7	15	3	11	11	18	2	19	12	12	4	6	9	1	10
19	14	11	13	8	6	4	7	1	13	8	5	6	3	18	15	17	18	5	15
1	13	15	4	7	12	10	17	3	8	6	5	1	2	12	11	7	10	5	16
8	19	6	19	16	12	2	9	17	13	18	20	18	4	15	11	18	7	19	5
12	2	12	19	14	6	11	7	1	6	9	16	3	17	10	2	4	17	14	20
17	12	6	8	19	11	13	11	10	5	20	17	6	15	3	15	15	14	14	9
12	16	11	14	7	8	4	7	4	13	11	11	5	3	20	17	17	13	11	9
8	4	17	6	9	12	6	17	3	19	3	7	8	20	20	15	7	15	1	7
7	12	20	2	12	7	15	9	13	5	2	1	17	16	2	2	10	14	6	17
11	6	16	16	17	11	19	7	15	11	6	16	6	5	12	11	20	8	6	19
11	4	4	6	18	11	20	14	11	10	7	14	20	18	17	15	18	19	2	5
17	20	20	15	19	20	12	3	12	11	11	11	10	1	3	20	19	4	1	17
10	4	8	15	15	12	13	17	13	16	9	11	11	1	3	10	9	10	2	18
18	10	12	11	9	6	11	11	3	16	6	2	6	15	20	12	4	17	12	4
7	3	2	4	16	18	7	2	2	17	9	4	18	18	7	12	16	18	20	6
4	19	2	3	13	15	16	1	17	5	2	15	3	9	5	11	17	9	17	16
12	2	2	20	18	20	11	3	16	3	16	4	8	16	10	5	9	8	16	16
16	16	2	16	8	19	18	19	4	12	6	18	9	15	13	11	18	4	17	9
15	18	6	4	17	18	15	1	13	9	11	9	12	18	10	7	7	17	11	1
1	1	1	2	6	20	19	20	13	2	4	18	14	2	10	15	4	16	8	5
1	13	5	9	10	12	7	3	18	8	6	1	14	3	19	14	2	12	18	9
3	11	12	1	11	12	12	8	13	11	14	14	17	2	4	2	13	16	20	12
4	17	1	18	14	2	4	7	13	1	1	16	9	19	8	12	4	14	16	3
12	10	7	2	4	13	13	12	14	11	4	10	13	5	14	6	10	14	5	15
14	1	14	5	14	18	18	20	15	10	10	1	11	16	1	15	1	1	19	6
16	8	18	18	19	9	13	10	14	10	10	17	16	3	15	16	4	3	5	12
6	1	8	17	20	20	2	17	11	8	10	12	5	5	2	4	3	19	11	9
6	2	17	16	6	4	18	1	18	8	20	13	17	15	15	5	13	18	14	20
3	11	9	7	9	5	11	2	17	9	12	4	15	4	14	10	10	6	13	20
16	9	1	8	10	20	15	2	4	3	4	11	8	17	9	17	9	2	12	2
5	19	13	16	17	11	1	10	7	16	19	15	20	17	15	6	17	4	6	13
5	8	3	8	6	2	9	1	17	11	5	9	20	13	17	4	1	1	4	9
11	19	10	14	20	14	5	6	13	3	17	15	11	20	20	12	5	4	17	20
3	4	1	9	14	20	6	16	16	6	9	3	6	1	13	17	14	1	14	12
5	17	11	10	15	10	13	14	8	14	5	6	7	8	2	14	5	16	11	9
19	6	12	3	8	5	7	9	15	5	12	11	7	4	10	3	3	7	15	20
15	3	5	13	12	1	10	2	1	15	10	14	4	4	12	13	17	2	3	16
2	6	14	17	15	3	5	7	2	16	6	19	13	11	13	17	2	19	11	7
14	14	12	19	1	18	1	3	12	18	10	14	17	3	15	6	13	11	9	6
20	17	7	14	8	15	19	15	9	8	7	5	2	2	15	19	8	3	9	14
15	6	15	8	14	7	6	13	19	9	18	5	3	16	3	6	2	8	14	13
10	2	19	20	8	20	2	20	9	10	6	3	12	8	4	14	9	12	14	11
19	17	8	17	8	14	17	2	16	15	11	20	10	14	15	8	9	3	13	16
16	14	6	7	7	19	4	2	4	12	1	17	4	19	8	19	4	3	20	5
3	12	13	6	1	20	13	14	7	4	18	2	11	11	8	13	13	13	5	8
4	12	2	2	4	19	15	5	12	13	13	10	7	16	5	5	4	8	10	7
17	20	6	7	17	11	4	4	4	5	2	11	7	3	8	16	6	14	20	18
20	12	5	1	4	5	7	19	19	19	2	6	19	3	16	19	1	6	20	11
5	16	20	14	5	8	3	17	20	12	15	19	7	17	10	9	20	12	1	3
9	14	1	13	17	2	14	5	13	3	2	7	3	15	13	4	19	15	16	2
5	11	13	16	12	11	9	19	16	13	12	11	17	14	17	14	5	9	3	6
7	17	10	15	1	11	8	19	15	16	3	17	19	9	5	14	5	5	11	3
5	2	20	4	18	16	1	13	13	17	1	15	3	13	13	13	6	19	20	13
20	14	16	1	5	1	10	9	14	11	2	19	1	10	13	3	16	2	1	17
16	7	2	13	20	8	16	10	19	12	13	8	15	8	14	3	12	15	7	5
11	6	18	19	10	20	3	8	7	5	8	13	6	1	15	10	4	12	1	5
7	9	3	11	20	17	3	15	17	15	20	15	18	11	15	18	18	9	3	14
13	9	20	4	18	4	15	10	13	17	11	5	18	4	5	13	4	2	7	17
7	4	1	14	3	2	1	14	19	3	17	20	7	16	11	1	6	15	18	14
2	10	18	17	17	11	2	14	16	13	6	10	6	3	7	4	6	16	14	5
1	12	4	15	5	11	10	5	6	5	20	16	17	6	6	17	2	4	20	1
13	20	2	17	14	13	5	1	3	20	9	10	19	1	12	17	20	20	3	13
12	10	12	13	18	11	5	20	13	10	14	18	5	18	4	8	16	7	1	10
10	9	18	3	11	14	15	20	6	5	12	19	4	13	1	3	13	13	14	6
18	1	2	15	14	7	9	2	3	9	7	18	16	6	7	1	5	20	16	11
12	11	18	18	1	11	11	6	1	10	10	10	16	16	8	10	17	10	3	14
8	11	18	10	18	17	5	18	4	19	19	8	2	2	18	18	9	4	20	16
3	4	17	1	16	2	17	3	10	1	17	8	6	3	5	20	12	15	13	6
8	2	10	2	11	5	12	19	16	13	3	19	13	16	15	19	15	18	18	6
8	4	15	4	13	13	17	18	8	9	11	17	5	19	12	14	18	17	18	6
9	7	12	19	15	12	2	18	20	2	7	18	4	8	11	9	17	18	11	16
17	11	16	18	16	13	19	6	20	12	2	18	2	13	17	16	3	9	13	2
18	6	8	15	6	18	7	8	9	15	5	7	2	5	18	4	20	11	16	19
12	14	12	17	8	3	6	12	17	19	18	14	5	5	14	19	7	7	14	1
3	15	8	14	13	6	3	15	9	15	8	20	10	10	17	19	10	11	6	16
13	2	18	13	6	9	1	19	5	14	5	5	1	13	15	9	20	13	3	9
1	16	5	14	12	2	18	19	9	12	5	12	14	6	5	16	5	17	17	15
12	2	11	18	15	13	10	1	2	7	6	16	14	19	9	12	17	20	15	14
13	9	13	4	4	11	16	6	12	20	6	3	9	12	7	13	1	10	6	20
14	13	10	18	15	16	17	3	10	17	7	4	14	4	2	20	4	16	12	17
5	6	5	8	13	1	13	5	9	15	1	4	16	12	12	2	7	11	1	13
7	17	4	18	10	3	6	10	9	11	11	4	11	6	9	13	3	19	16	9
16	16	5	3	3	18	18	6	9	13	10	11	5	16	6	3	17	9	4	15
16	16	17	18	5	1	6	19	19	4	5	4	4	19	16	6	1	12	14	16
11	7	2	11	15	6	18	6	20	10	13	1	7	19	10	16	11	19	8	3
1	5	4	20	12	17	11	10	11	4	7	10	15	9	10	11	19	5	14	1
6	4	14	4	1	11	8	3	15	19	8	4	1	6	6	10	13	13	18	6
17	4	10	12	11	5	10	10	16	12	9	12	15	15	8	13	18	15	18	7
14	8	15	2	3	1	11	17	6	13	11	7	16	5	15	13	1	13	7	2
9	3	15	16	6	4	5	2	20	6	6	9	12	3	15	17	2	15	8	17
20	14	19	19	14	6	16	16	5	1	15	17	8	6	5	14	4	18	20	12
1	13	8	17	15	1	16	17	14	12	16	11	18	8	13	15	11	3	15	3
16	15	6	12	8	2	4	13	7	12	20	13	7	13	13	9	11	13	11	5
9	16	8	13	5	17	5	7	2	7	18	16	9	18	15	15	1	7	8	10
12	4	8	17	10	6	17	2	5	16	15	7	18	6	8	16	8	14	3	1
7	6	7	7	16	9	1	8	16	5	18	5	8	20	12	12	19	8	11	13
14	16	5	9	20	9	8	11	16	4	12	2	2	11	20	20	10	9	19	3
6	12	6	14	13	9	1	6	5	12	8	20	2	6	7	19	4	7	12	12
16	18	14	19	9	19	13	10	20	9	15	2	10	3	12	1	6	16	20	9
19	7	1	6	9	4	20	13	20	10	7	11	4	5	3	1	4	4	20	17
19	14	9	8	9	20	20	12	9	18	1	2	4	13	16	13	9	15	10	6
8	20	2	8	13	4	12	20	5	6	20	5	8	11	3	10	7	15	15	16
15	12	10	8	3	13	20	11	19	2	12	19	15	4	15	14	11	20	7	3
20	5	3	18	18	14	11	20	1	8	7	13	15	15	2	15	3	11	6	14
15	20	20	1	20	17	8	15	1	16	2	18	7	6	18	10	11	16	7	20
12	13	20	8	14	5	4	5	13	12	17	17	12	13	5	20	20	17	4	1
7	20	8	13	7	14	2	18	11	16	20	18	13	2	2	3	19	18	10	15
12	3	18	1	9	13	18	20	8	18	13	6	8	8	20	11	4	8	8	17
16	9	6	14	15	18	9	19	3	1	19	17	1	17	16	16	1	16	18	7
10	14	10	6	11	5	16	9	16	16	18	13	2	1	7	4	10	12	9	11
10	17	13	16	13	9	19	19	6	6	2	2	12	4	8	6	8	8	12	3
4	7	7	13	18	10	5	17	2	3	4	7	17	8	9	6	2	17	19	15
4	8	20	4	5	7	9	19	1	19	9	12	20	2	6	7	11	15	5	4
10	11	16	15	20	7	5	7	18	1	6	13	9	11	14	17	18	6	10	19
15	15	17	7	13	5	9	9	9	14	14	6	19	9	2	7	17	10	19	8
11	10	18	8	10	3	14	13	13	3	17	4	3	7	18	20	3	18	14	12
20	8	10	19	14	14	12	8	14	2	12	11	13	14	5	17	3	12	16	8
5	15	12	11	10	19	9	17	16	13	19	8	3	10	17	12	6	1	11	11
20	12	6	19	16	5	5	16	6	17	20	5	7	15	7	5	2	17	19	14
9	6	1	13	9	17	18	4	11	1	18	17	16	5	8	6	7	7	20	14
2	20	9	11	10	2	10	15	13	19	19	3	15	4	17	10	10	12	5	10
17	11	14	9	18	9	19	14	4	4	10	2	12	5	13	18	1	18	19	1
6	10	3	9	18	18	17	5	6	8	7	20	10	1	6	12	14	8	17	6
5	13	18	9	8	5	12	20	12	12	3	4	2	13	7	15	16	7	13	13
2	12	14	7	7	9	1	13	10	1	12	14	5	1	16	5	9	19	16	15
19	18	17	16	17	3	3	9	4	12	20	12	16	1	1	1	8	3	3	14
10	15	18	4	18	7	20	4	15	7	6	13	7	6	4	4	17	11	12	19
3	15	16	11	12	11	6	11	14	16	20	6	1	6	17	7	12	3	3	12
13	14	3	13	18	4	8	5	13	4	5	1	15	6	17	17	7	12	15	15
15	20	5	18	7	1	1	14	19	6	5	15	3	17	19	18	17	8	10	15
14	1	11	4	7	3	8	7	2	7	10	15	19	9	9	20	11	13	4	19
4	7	3	18	2	20	17	12	1	14	3	3	11	12	13	2	16	16	15	16
20	17	3	8	19	1	12	8	6	19	12	13	9	8	13	7	4	18	20	2
12	18	19	1	14	9	4	5	13	17	3	8	4	10	16	20	15	7	18	9
20	14	17	9	17	9	6	8	15	3	16	15	16	18	20	18	6	4	6	12
1	13	18	8	17	10	12	10	20	20	9	7	3	12	17	3	15	10	2	1
11	9	9	8	11	16	15	12	2	7	4	14	7	6	10	13	10	20	17	4
18	13	16	1	13	1	6	16	17	13	8	6	10	15	19	3	7	19	15	12
13	15	15	5	8	1	10	19	19	17	4	8	13	19	13	17	1	4	2	3
16	3	8	1	19	15	16	20	11	6	20	18	17	13	18	10	16	7	8	6
15	4	3	1	19	3	8	14	17	9	1	15	13	9	5	4	10	2	15	6
5	17	14	4	9	10	11	18	4	10	9	5	5	6	20	2	11	18	8	10
4	2	18	8	2	9	11	7	1	5	6	19	1	11	13	16	16	16	17	1
9	13	17	10	1	11	4	17	10	11	16	2	4	18	10	6	5	6	9	11
18	2	7	5	15	4	4	2	14	15	11	14	4	17	20	1	18	9	7	16
15	15	11	1	14	9	17	18	9	20	12	7	1	8	20	3	5	8	5	1
8	3	13	17	20	7	16	14	20	20	9	4	4	4	20	1	16	17	18	17
16	3	17	13	19	15	17	3	1	6	4	17	5	4	20	7	18	19	4	8
11	19	3	15	8	9	7	4	19	3	14	7	2	5	10	18	11	8	4	11
6	4	11	12	10	19	12	19	9	13	8	16	18	18	16	11	2	9	4	20
13	18	14	13	11	8	1	6	10	15	20	4	20	10	3	20	5	16	8	4
16	2	12	9	3	15	10	19	3	20	15	4	19	11	13	14	20	7	12	17


1	1	2	2	1	2	2	2	2	1	2	2	1	1	1	1	1	1	2	1
2	4	5	1	1	3	1	5	5	3	4	3	5	1	2	3	2	1	3	2