200	5	20

1	1.3	1.55	1.75	2.1
4	6.76	9.61	12.25	17.64

82	36	84	31	57	31	45	50	80	86	50	82	52	96	12	11	1	42	31	66
5	22	46	62	3	66	79	22	72	5	78	13	70	57	9	71	48	64	29	42
35	92	97	46	71	72	9	51	33	19	48	87	22	10	53	28	37	60	89	26
33	16	40	31	74	16	24	18	99	16	91	8	3	80	45	26	15	63	8	72
14	2	23	91	20	1	68	50	68	33	24	8	19	97	84	86	71	56	33	25
28	42	12	1	81	47	23	41	87	36	78	1	83	22	42	18	61	27	93	29
40	66	38	86	81	30	59	9	70	36	85	53	38	40	37	59	46	28	49	36
91	62	80	53	77	52	72	32	23	47	47	6	88	49	68	20	63	52	70	81
49	66	1	14	82	61	57	65	38	78	19	45	80	85	20	37	99	3	51	28
38	28	4	68	85	90	15	39	95	97	15	65	59	53	13	1	10	72	63	35
16	57	23	19	9	51	56	16	77	30	45	19	60	20	32	7	53	38	78	25
37	11	32	46	28	65	55	53	66	23	10	28	35	13	61	5	69	53	71	37
54	57	45	84	60	35	86	73	62	76	63	26	11	7	23	3	99	83	99	38
69	32	38	6	69	70	88	42	69	37	76	87	78	90	78	90	8	6	84	75
57	9	99	29	62	98	85	70	54	68	34	91	50	11	35	40	40	84	50	59
12	83	93	19	63	36	4	86	91	63	89	10	93	67	23	34	38	92	48	67
36	26	30	31	84	74	1	90	61	78	20	73	39	56	54	18	43	63	98	75
36	81	15	38	8	63	7	34	6	66	12	77	64	19	58	80	22	19	30	27
95	29	75	28	89	73	34	42	93	73	91	6	93	15	96	27	72	49	42	87
93	78	13	59	5	73	38	55	40	21	72	9	21	21	64	87	58	33	92	54
10	23	89	55	44	66	57	94	78	73	14	19	48	60	66	32	36	35	13	25
59	82	31	51	33	15	43	31	90	6	54	14	59	37	66	29	76	50	32	52
17	83	82	9	84	27	1	70	25	37	78	52	20	22	85	50	65	54	70	50
65	46	64	97	45	77	42	83	83	9	10	29	21	87	90	16	7	34	98	98
64	33	77	92	37	19	70	25	99	17	29	91	45	45	93	6	57	18	14	33
18	95	37	37	2	49	21	11	9	1	75	9	42	25	51	10	98	25	83	46
81	88	40	93	59	61	67	98	69	69	41	68	87	91	44	7	90	15	88	99
1	36	87	58	87	2	37	85	71	70	15	33	23	45	7	83	18	4	4	84
58	42	35	12	50	8	78	58	66	7	89	42	95	44	72	19	52	95	80	16
94	3	76	81	96	79	13	67	68	16	16	37	18	58	45	68	40	94	44	96
79	33	13	53	27	50	6	39	71	84	24	24	2	39	30	66	11	16	84	30
24	48	46	58	6	96	24	20	1	24	82	46	66	40	83	10	26	31	67	96
79	84	44	32	50	62	42	73	12	23	91	74	10	47	43	82	16	92	25	91
40	65	21	67	92	68	41	11	75	1	75	16	13	47	88	51	38	28	23	62
49	91	31	40	38	90	71	39	90	14	13	54	64	75	7	52	65	26	51	91
13	36	34	56	75	75	55	67	22	84	2	23	74	57	50	39	97	11	27	91
27	51	2	84	93	74	11	38	49	55	32	38	84	23	35	54	23	42	12	97
77	21	2	31	81	60	33	99	63	12	2	87	55	78	2	48	14	61	59	26
93	60	10	73	50	20	73	41	57	60	58	6	46	82	16	72	86	18	43	4
65	41	64	86	54	21	68	10	28	76	91	84	44	10	97	64	37	14	96	45
43	39	11	55	92	70	23	38	8	23	88	81	70	20	86	69	94	27	10	31
76	85	46	84	27	26	39	81	37	75	55	31	1	2	57	60	42	94	13	82
61	19	50	61	63	28	61	73	58	86	70	74	88	63	20	64	29	89	40	90
82	26	97	59	62	75	96	63	25	90	62	71	35	92	5	27	83	1	61	12
13	52	30	61	91	52	30	39	38	11	24	68	60	93	69	7	31	14	35	27
18	24	30	73	39	66	8	21	76	50	66	24	70	42	23	13	54	91	7	48
62	99	77	83	30	23	96	67	43	26	50	5	40	49	66	57	29	65	8	38
11	88	30	2	28	51	52	72	13	4	39	53	71	97	54	11	23	8	28	93
77	1	24	55	23	58	15	53	40	64	20	93	91	45	66	38	3	95	8	6
29	36	19	55	28	86	46	59	29	85	52	9	77	46	79	96	49	84	35	79
7	23	42	45	18	28	26	3	33	75	74	92	73	83	96	12	13	36	76	77
81	56	4	7	64	41	43	33	42	32	14	3	7	77	69	76	21	65	38	64
50	47	39	86	8	9	50	7	14	22	91	66	39	10	25	12	10	10	99	27
39	7	5	53	93	23	19	45	39	72	14	56	43	22	72	13	21	47	19	77
24	6	83	98	96	13	28	30	45	77	71	52	66	63	44	35	20	96	38	23
45	73	28	14	38	49	39	92	90	10	55	82	3	53	41	66	11	23	66	47
40	59	78	21	61	48	20	38	30	25	67	53	43	77	84	55	22	63	59	2
89	83	81	5	38	80	55	13	78	23	81	71	12	1	36	44	54	26	72	83
43	67	76	72	8	29	74	95	72	67	59	1	80	63	60	17	74	30	68	31
3	94	28	49	30	59	32	18	42	33	99	5	96	14	63	8	2	47	53	47
90	84	10	6	10	57	17	88	92	82	27	95	51	70	90	83	7	49	36	71
45	43	62	21	59	64	26	75	44	66	66	33	35	4	65	13	57	3	4	66
43	67	75	34	9	61	71	41	61	98	96	13	61	32	60	22	83	51	43	46
10	65	42	36	59	77	98	97	83	60	73	7	30	43	26	28	45	97	58	86
82	52	44	83	50	46	1	65	54	67	7	41	32	39	47	8	4	26	84	65
96	84	64	39	82	97	83	95	40	73	99	34	57	78	11	36	79	37	89	56
86	55	14	46	73	7	82	15	66	95	28	76	90	94	54	40	6	49	97	37
94	64	3	50	92	53	72	36	9	13	92	82	15	75	40	68	66	79	46	94
89	47	59	11	10	84	8	42	39	76	42	75	42	49	60	39	30	89	43	55
55	52	5	99	27	79	61	20	68	49	12	71	44	89	99	3	64	58	32	48
49	48	7	63	80	39	67	22	78	96	3	3	4	76	35	56	37	72	78	34
60	64	68	59	89	50	85	97	5	74	23	33	52	42	84	88	14	83	63	72
95	88	20	18	30	51	82	5	47	88	91	86	68	36	89	38	10	90	46	80
76	9	44	88	55	23	96	75	49	77	10	18	57	37	28	80	4	13	68	72
42	76	67	77	89	96	1	81	68	91	58	63	30	9	82	80	50	99	73	74
94	93	54	28	59	60	68	32	39	74	30	32	58	14	44	28	24	18	90	28
45	86	51	91	36	5	75	83	97	83	91	39	26	9	82	15	15	77	78	28
50	77	96	23	75	82	72	5	94	53	81	30	2	67	92	37	85	17	12	34
11	93	36	24	1	98	72	67	36	63	35	3	1	70	94	33	31	32	45	89
8	8	47	38	20	13	4	99	21	44	74	9	17	52	80	26	16	57	9	23
83	11	93	69	31	92	76	68	29	40	42	15	8	55	98	17	91	58	26	70
83	3	24	40	34	70	8	43	86	95	34	9	40	6	52	75	91	5	9	51
53	42	53	34	88	14	28	16	61	89	79	97	4	49	86	64	88	64	86	9
80	60	80	40	20	49	19	58	7	64	35	12	2	15	42	50	66	64	33	71
84	77	28	99	41	73	42	50	10	73	53	70	66	42	42	24	44	15	15	66
47	75	1	98	32	16	71	46	12	52	24	41	53	4	94	25	4	62	25	45
43	23	14	30	16	2	90	79	53	67	81	39	40	37	99	9	83	26	41	61
7	2	74	99	97	16	59	81	93	70	82	10	10	74	19	17	42	72	30	97
20	10	80	91	27	40	46	39	76	47	36	52	90	5	54	95	97	12	74	90
96	32	22	81	20	73	33	75	95	70	88	1	82	88	48	77	66	98	18	85
12	65	28	29	32	90	24	4	33	51	96	53	73	50	97	66	45	53	77	70
52	65	88	40	13	51	24	44	66	15	77	89	54	42	51	23	77	30	80	31
7	30	50	32	54	90	40	8	93	98	39	13	62	8	50	97	2	91	86	54
76	62	80	52	12	72	22	97	42	77	78	71	92	29	62	63	77	78	39	23
70	4	8	76	80	95	29	53	48	18	89	44	63	73	43	79	58	29	49	57
17	11	6	45	7	56	85	32	57	36	76	42	65	58	28	74	35	55	53	65
21	11	77	69	56	67	87	54	36	1	16	27	27	26	6	70	8	34	99	78
19	89	35	14	49	29	95	8	72	68	8	7	17	92	63	46	54	64	67	20
56	53	36	14	40	73	86	91	95	88	43	23	75	68	25	22	12	19	39	89
64	44	44	28	25	2	3	1	27	70	17	65	52	41	51	35	94	32	11	83
62	44	9	82	25	10	88	94	25	46	29	82	85	34	60	47	32	54	66	84
40	97	6	76	19	2	69	91	45	5	55	79	58	97	63	64	67	75	31	91
43	26	98	68	91	85	83	60	28	2	6	96	59	16	11	2	48	95	48	38
93	93	91	33	24	25	22	2	28	57	81	20	70	15	42	18	51	55	10	23
57	81	45	47	89	1	15	68	2	52	23	24	42	61	75	85	30	30	7	35
33	19	39	58	82	69	17	73	42	37	41	7	22	88	97	63	68	32	95	17
48	26	85	46	45	42	34	87	94	65	51	22	66	19	51	37	56	83	87	83
20	15	4	66	63	45	60	52	77	73	71	79	91	91	13	79	55	88	70	50
42	98	81	40	18	79	66	16	1	84	44	83	52	68	50	26	65	19	48	42
49	83	46	31	53	46	26	32	40	63	37	62	94	63	86	86	57	97	25	97
27	40	33	48	34	53	53	37	72	76	18	56	66	65	70	22	32	7	63	44
81	47	78	2	53	56	38	32	33	78	62	82	35	45	75	77	79	34	69	4
29	78	86	86	91	23	58	32	83	28	95	70	41	93	8	31	27	28	69	20
85	33	30	28	53	19	46	80	15	23	46	39	81	33	84	23	35	95	29	29
31	2	3	53	25	12	15	87	62	45	11	73	26	17	62	82	60	96	23	33
84	57	1	74	41	38	7	51	58	74	88	58	41	6	78	99	62	83	91	27
24	49	77	80	46	76	86	17	68	27	88	73	35	86	6	12	71	23	60	67
64	59	69	17	43	77	28	33	67	26	98	92	10	57	32	40	77	76	18	12
60	22	86	80	76	79	91	13	92	11	63	48	96	92	17	68	67	38	47	14
70	96	39	65	26	46	27	91	41	9	84	68	76	15	4	87	69	65	40	76
84	16	56	82	35	32	31	93	24	57	37	23	6	21	69	24	26	48	75	77
88	91	33	53	87	48	5	90	70	68	29	47	7	51	78	84	50	53	50	58
34	9	26	93	42	43	88	33	68	87	38	83	67	36	76	35	19	61	69	30
99	75	1	26	43	88	40	44	74	71	97	38	40	96	37	86	85	46	35	89
13	58	59	60	55	91	53	17	80	8	4	34	19	94	80	28	90	26	84	7
14	44	79	16	41	13	27	94	11	56	42	78	49	15	26	33	23	82	3	18
56	25	33	43	86	39	9	21	58	64	84	61	62	28	34	37	80	65	96	95
61	89	90	28	22	26	34	97	9	35	15	70	19	42	84	48	7	93	34	72
24	14	19	43	85	22	97	24	13	54	22	57	7	2	37	89	76	48	54	65
81	78	62	84	15	95	3	50	59	48	3	93	20	97	57	57	57	65	85	72
70	35	23	80	57	73	19	68	34	37	52	73	68	73	92	28	72	73	69	67
3	34	20	39	14	7	29	82	84	17	14	17	11	60	33	68	51	90	7	39
64	9	27	45	52	49	38	41	68	11	22	18	93	2	20	14	42	1	6	92
31	51	53	71	71	60	82	10	75	64	7	63	2	76	77	82	20	41	50	80
40	92	16	1	93	12	46	34	29	81	12	73	13	79	36	81	64	29	92	96
88	25	63	47	78	50	63	18	53	79	95	67	38	78	95	50	26	12	15	14
73	92	97	67	33	14	8	96	74	89	5	53	47	78	52	49	58	12	46	38
56	20	99	90	86	20	13	6	64	21	90	83	55	23	65	3	29	44	7	37
85	28	48	36	39	95	37	18	78	12	30	99	52	69	41	33	75	73	44	2
73	87	14	33	77	9	30	83	14	84	11	96	21	94	68	62	33	85	13	99
36	40	74	24	13	49	13	62	73	7	25	98	78	87	83	20	74	25	5	51
66	80	92	76	20	28	29	73	29	35	38	5	86	22	81	89	95	62	50	44
2	76	65	84	37	41	11	24	31	74	9	36	65	18	27	60	47	34	11	82
33	43	93	53	71	57	57	49	3	46	35	70	95	96	76	67	7	39	30	31
47	18	66	21	81	68	1	88	93	38	16	33	63	20	65	53	89	5	69	27
93	23	53	81	26	87	38	50	94	67	68	7	94	24	35	38	76	12	69	21
6	93	25	17	4	32	64	40	81	27	15	72	96	40	58	59	21	36	32	80
83	31	40	66	31	90	28	16	69	97	74	18	40	67	8	81	97	83	20	57
26	66	35	72	51	85	95	83	10	66	22	78	6	11	58	37	14	3	88	11
26	11	13	67	57	81	5	27	24	2	77	34	52	60	70	47	92	3	50	42
28	76	97	23	37	95	68	63	20	28	62	29	85	65	21	76	45	95	57	9
45	2	73	48	41	89	57	86	5	76	56	13	21	88	25	29	13	79	17	62
53	53	23	46	51	6	37	74	81	43	63	11	93	17	24	24	36	24	59	66
4	83	21	80	23	11	33	28	12	5	94	5	58	33	58	28	11	83	65	4
99	93	79	99	63	30	71	2	9	2	4	36	24	14	45	63	97	69	3	48
93	41	85	81	46	94	91	5	61	39	38	87	6	4	62	51	31	30	92	35
40	82	65	79	26	44	82	47	89	77	85	32	92	14	86	7	21	20	21	49
41	85	86	49	35	85	93	32	90	93	53	60	39	73	47	21	41	55	98	65
98	77	14	76	2	66	73	88	53	10	44	37	43	5	24	60	45	39	15	70
19	71	92	79	15	30	20	20	24	44	24	82	20	16	58	98	40	29	48	68
69	3	14	53	32	2	22	35	9	38	46	4	81	34	38	92	44	73	12	89
52	23	34	87	51	91	38	65	79	20	93	96	92	80	47	13	5	37	98	58
18	79	98	83	20	54	1	18	45	86	51	7	8	13	70	35	4	52	40	86
40	87	36	45	76	88	33	43	90	89	95	36	90	57	26	93	85	87	71	56
63	89	59	77	54	3	42	9	19	36	13	61	36	42	41	28	66	35	45	62
66	69	20	37	7	81	64	38	19	59	16	86	62	93	87	23	75	90	45	28
36	9	50	83	5	94	27	49	65	33	79	39	98	84	34	13	90	78	56	56
46	29	1	51	27	77	43	9	89	30	85	5	3	42	83	28	66	35	19	57
97	52	87	93	29	66	69	96	13	88	24	94	77	17	53	71	49	95	71	71
64	89	80	61	9	86	23	6	66	24	41	84	67	79	50	51	99	28	99	73
3	65	28	64	45	98	4	45	71	73	97	3	97	7	15	40	76	44	76	39
49	86	36	66	31	51	95	41	60	58	74	57	60	74	7	56	3	49	44	74
15	93	59	91	5	54	31	9	71	5	64	19	11	37	44	43	43	70	59	68
40	52	65	49	56	21	79	39	58	18	43	62	55	40	58	52	82	45	17	33
75	54	19	64	52	66	43	26	15	36	88	72	71	15	80	60	45	81	38	76
2	36	68	90	91	33	76	77	21	31	56	35	6	32	77	53	73	24	51	74
85	28	78	75	34	9	34	95	4	21	57	93	13	65	78	49	47	8	94	85
52	72	23	97	21	67	25	75	92	34	21	74	13	80	18	55	59	47	26	27
31	46	38	93	11	76	65	8	78	90	45	48	83	49	29	87	1	30	36	60
58	34	23	42	79	13	23	62	47	83	13	23	66	7	45	60	19	41	35	79
61	82	90	82	4	74	46	66	18	83	74	86	89	66	45	48	66	17	16	57
47	90	48	64	67	26	8	73	74	6	92	92	82	38	51	79	60	71	3	41
41	18	95	30	13	91	26	79	48	35	73	30	67	22	23	10	26	36	99	77
46	21	1	73	6	39	11	65	39	14	73	73	68	28	17	77	2	41	59	35
99	47	68	26	94	62	21	3	54	1	2	31	76	13	43	3	2	21	69	98
83	97	7	45	35	89	34	30	31	29	50	87	60	71	41	48	9	46	59	72
90	92	73	88	84	41	96	66	22	71	56	42	90	56	76	20	26	69	19	12
99	90	61	39	48	30	46	98	11	81	18	15	48	62	80	57	82	80	44	86
69	32	5	72	84	42	38	99	98	93	49	2	76	22	14	15	62	63	34	54
30	32	74	87	71	24	92	98	58	15	52	75	23	78	72	7	42	93	47	2
38	12	3	43	24	76	62	76	88	12	56	51	41	53	41	2	21	46	65	2
26	69	40	38	85	91	49	65	91	61	11	60	14	14	49	90	63	38	47	66
10	7	5	21	45	87	52	2	67	1	15	49	2	52	63	41	20	25	19	32
9	50	64	28	66	79	34	35	10	33	89	53	17	85	80	69	18	23	75	1
96	25	91	22	60	9	57	20	20	80	99	64	55	49	55	62	64	86	64	71
26	32	23	87	69	60	12	75	17	58	19	89	61	80	74	21	99	66	91	28
21	40	77	9	49	94	20	80	51	57	61	36	42	33	28	1	93	73	29	92
70	51	7	20	13	69	57	30	9	21	92	44	72	98	93	61	89	49	3	75
13	44	19	70	50	69	12	94	75	70	54	85	6	72	78	75	77	64	57	3
5	92	71	44	24	11	58	84	2	81	73	57	75	76	44	59	18	51	48	2

20	8	8	11	12	7	6	5	13	7	14	16	15	14	4	1	1	2	20	5
8	3	12	12	20	14	13	15	3	18	1	19	16	4	5	20	4	9	13	5
9	19	10	2	11	19	16	11	5	19	11	7	12	12	12	15	18	3	13	11
9	11	4	8	12	13	1	8	8	3	12	1	2	15	20	18	1	12	4	11
3	14	19	14	7	19	5	18	3	2	2	13	15	10	8	4	19	7	19	1
8	16	13	3	19	13	5	10	3	5	15	9	13	3	19	2	13	12	11	15
1	3	20	13	20	8	12	13	1	14	20	7	15	13	1	5	20	5	9	20
12	9	8	7	1	9	10	19	13	2	17	8	18	10	17	20	3	14	4	18
4	18	19	6	2	14	3	7	5	5	15	9	17	14	11	7	14	10	4	11
10	13	12	16	1	18	16	15	2	20	2	17	14	16	1	15	11	19	11	2
3	9	11	18	7	14	14	12	13	4	15	12	15	8	10	9	5	16	6	17
14	20	16	16	2	10	20	18	20	11	5	11	6	15	1	11	19	15	6	10
9	5	10	8	2	11	17	18	19	20	6	17	18	15	8	11	4	4	8	17
18	19	20	19	6	1	13	12	3	14	19	6	7	20	3	12	14	1	15	15
20	19	3	10	11	6	16	20	14	15	10	18	15	15	14	13	1	13	13	8
15	19	3	15	13	4	12	10	2	5	9	15	13	1	11	5	16	2	15	17
5	11	7	9	4	18	14	3	11	1	17	12	6	18	8	15	3	15	18	3
3	19	6	18	7	15	17	9	2	15	13	20	9	14	1	13	11	3	14	14
14	20	3	20	5	10	5	1	12	6	7	17	12	16	11	20	6	9	12	8
1	3	5	17	18	1	18	7	10	17	14	10	14	11	11	2	7	11	19	2
2	11	15	7	17	5	16	18	2	8	11	14	3	5	18	7	13	16	3	19
8	18	17	12	2	16	13	6	10	19	18	15	2	4	9	6	14	12	15	7
1	2	19	14	1	13	15	7	19	5	15	2	16	17	15	9	13	1	5	8
5	6	3	14	14	13	13	2	15	9	7	6	17	1	11	11	11	12	10	16
4	20	1	14	2	5	3	11	2	19	12	14	13	3	15	10	15	4	7	12
4	6	14	7	18	12	3	20	19	1	9	2	20	8	5	5	4	10	7	12
9	13	18	13	4	15	20	12	11	12	7	19	1	2	6	6	16	1	19	19
10	20	20	3	5	6	5	5	16	4	15	14	8	12	1	4	3	9	6	4
8	15	8	4	10	17	13	1	8	2	13	17	15	18	11	17	11	1	16	9
13	9	12	8	20	16	11	12	19	9	7	6	3	19	7	16	3	16	2	13
19	14	2	7	19	12	1	16	5	14	4	2	15	9	4	7	18	2	12	10
19	11	4	2	14	18	19	9	13	12	15	2	13	16	5	12	16	20	16	13
10	5	18	19	14	9	11	10	14	11	15	18	16	20	19	10	11	1	5	11
15	16	20	11	5	20	10	11	12	13	18	7	18	14	10	18	5	15	7	14
17	6	16	14	4	13	8	12	12	2	16	8	13	19	12	15	5	17	3	17
3	5	10	12	20	11	19	1	9	1	4	15	17	8	12	20	3	3	8	7
16	16	18	5	2	1	8	10	20	14	8	1	18	14	15	7	20	10	9	3
17	3	4	5	10	10	3	3	18	20	15	15	13	5	11	19	5	6	11	13
4	19	2	10	4	10	13	1	3	5	1	19	2	11	16	9	1	20	13	19
4	19	20	1	18	17	5	18	11	19	19	6	1	18	3	3	16	2	14	20
13	5	19	6	5	11	17	9	6	14	3	1	9	14	13	11	14	4	16	16
12	8	5	11	2	6	11	4	12	17	6	16	1	9	18	18	20	17	3	20
6	3	17	12	14	11	11	2	1	11	20	13	1	1	1	9	8	3	5	20
10	2	14	2	5	14	15	17	11	15	16	11	7	10	20	13	8	19	19	13
1	19	11	14	9	14	2	14	2	8	18	9	14	9	5	10	17	7	5	12
5	17	8	16	2	3	9	8	14	16	10	20	1	8	9	2	14	2	9	5
7	13	10	13	2	9	5	19	7	19	5	11	18	15	8	9	8	1	13	5
7	1	11	19	14	19	2	5	1	9	5	12	17	10	16	2	18	8	19	4
20	7	5	15	2	12	18	14	13	10	8	17	1	9	3	15	10	7	20	12
15	19	1	3	10	14	3	10	7	1	15	11	10	1	12	16	20	7	9	4
3	12	12	6	11	12	10	18	10	17	7	15	11	12	14	1	6	9	12	7
10	5	12	20	11	5	11	9	10	9	16	18	4	2	14	1	3	19	5	12
14	7	8	16	3	18	8	14	3	16	20	12	15	12	14	17	9	7	1	10
3	14	6	9	16	19	20	5	3	11	14	18	20	6	1	10	8	15	20	1
14	11	19	9	1	1	14	2	13	5	18	12	9	3	3	3	15	17	14	8
13	10	10	11	8	19	5	10	16	20	12	14	7	5	9	5	19	7	11	4
18	16	16	15	12	3	8	8	2	6	18	12	13	20	20	16	5	4	4	9
5	1	2	5	9	1	4	17	6	9	14	14	17	8	12	20	5	7	2	11
18	19	4	16	14	8	3	18	5	5	19	16	18	12	6	4	1	1	17	2
1	18	1	5	8	9	18	6	12	1	9	11	6	4	6	5	13	3	9	15
4	12	3	6	17	3	2	3	17	2	6	7	13	10	16	11	19	8	1	13
17	18	17	7	7	8	6	16	4	18	15	11	13	14	13	7	10	7	18	10
6	4	2	10	16	8	6	4	20	1	6	11	11	19	3	1	13	17	8	9
6	3	18	12	12	7	13	14	4	20	14	1	18	17	11	20	18	14	19	17
5	10	12	19	6	6	20	4	12	9	2	2	19	4	1	17	6	14	4	8
11	3	2	11	8	8	5	7	10	20	3	20	5	7	2	10	18	2	9	15
4	11	17	17	11	12	2	6	20	11	3	9	4	18	1	1	1	1	9	2
16	9	11	19	8	12	3	4	18	19	2	6	16	12	20	4	14	13	7	5
9	7	7	5	3	5	17	7	15	8	8	5	18	14	8	8	1	10	18	15
7	12	6	10	11	11	20	20	2	20	1	2	16	11	2	5	15	8	4	9
16	15	14	12	12	2	9	8	17	20	5	20	4	8	8	4	18	10	16	12
3	19	18	13	5	18	8	14	8	2	20	13	7	5	11	19	19	18	3	13
6	20	20	4	7	11	17	12	16	20	9	10	3	17	14	5	9	19	5	5
6	16	15	3	20	2	15	11	12	2	15	16	16	20	13	7	12	4	10	4
3	7	1	2	2	2	20	12	12	14	15	10	13	19	12	19	11	17	18	15
13	13	12	3	20	19	19	9	18	3	17	20	15	13	5	5	16	19	15	1
7	5	3	1	18	19	1	2	19	4	14	3	16	14	1	2	7	12	12	10
16	12	15	16	9	1	18	3	6	20	5	3	10	4	1	15	8	19	19	17
1	8	4	14	20	5	9	15	7	13	5	3	9	15	16	5	19	14	13	6
20	1	13	7	8	12	10	8	16	7	9	14	15	2	3	12	13	7	10	6
16	19	11	8	17	1	18	1	8	5	13	9	15	13	1	7	11	5	6	12
15	13	18	16	6	3	3	20	2	5	12	17	18	8	8	8	7	16	2	11
12	14	16	4	19	4	11	18	2	2	3	6	11	10	15	17	10	15	4	7
14	20	9	17	3	20	20	7	13	3	4	12	10	5	20	8	6	20	8	9
2	6	17	20	12	5	10	20	12	10	5	16	1	15	9	9	7	14	3	6
15	3	9	7	16	5	2	7	11	5	19	5	4	20	6	14	18	2	7	7
18	15	14	9	14	19	11	8	6	11	9	4	2	16	5	1	11	13	17	12
14	14	19	7	1	16	13	17	13	20	7	9	8	7	18	11	14	3	6	5
12	19	13	1	12	10	3	15	16	4	15	16	7	17	2	9	7	2	10	20
16	19	6	3	19	18	11	18	19	3	17	2	4	17	5	10	1	14	19	14
11	19	9	20	19	11	15	18	15	14	2	19	19	15	7	17	5	20	17	10
10	9	3	10	12	20	17	15	20	1	16	2	9	13	1	1	12	6	10	14
14	9	3	11	15	11	9	19	1	8	2	15	19	10	2	2	4	20	10	7
20	7	15	5	18	19	12	1	14	12	6	1	8	17	13	4	1	13	12	16
16	17	9	16	6	1	20	7	13	1	9	11	15	4	18	18	8	10	8	4
2	3	7	10	15	7	6	2	11	3	19	9	12	14	13	1	3	10	17	9
10	15	20	18	10	8	10	13	13	2	9	6	10	12	19	3	16	19	15	4
14	16	18	20	20	1	16	7	11	18	4	13	16	12	15	11	6	12	19	19
8	20	13	17	2	10	11	9	10	8	17	1	3	14	5	12	17	18	6	6
9	18	17	16	4	2	19	1	18	9	4	1	8	5	18	3	20	11	19	7
19	2	5	12	15	13	1	1	5	20	11	9	7	5	3	5	18	10	16	10
6	18	18	15	14	7	1	16	14	20	7	4	2	12	12	3	16	16	4	19
17	8	4	10	5	4	1	6	20	1	3	20	15	12	17	5	15	18	2	18
18	1	12	3	2	16	12	10	11	2	1	4	3	14	19	7	2	15	19	6
2	17	9	5	12	19	20	12	10	7	10	3	16	8	6	5	13	2	14	6
14	16	18	9	15	14	7	17	6	5	14	20	20	9	15	18	2	11	11	15
11	3	20	11	15	8	9	10	3	19	4	6	4	16	9	18	20	8	12	10
4	9	19	10	1	8	1	3	20	17	2	6	2	12	12	9	18	11	3	8
1	11	10	5	11	2	2	20	12	20	5	4	9	17	10	8	3	10	7	4
1	6	11	1	12	7	6	6	11	9	18	10	16	12	15	1	7	4	3	7
17	10	18	3	13	9	1	20	11	16	16	10	12	12	1	9	16	8	17	6
11	9	11	19	19	2	19	20	3	12	4	2	20	2	14	4	14	16	3	18
4	10	17	6	15	17	14	20	10	13	3	15	16	16	11	5	1	3	13	3
10	4	19	3	14	11	11	10	4	17	14	13	18	10	18	13	15	16	9	10
6	4	8	18	4	16	9	18	17	15	1	15	8	3	14	14	20	2	16	15
16	16	3	4	18	10	11	5	12	12	16	16	8	20	10	15	9	2	4	13
15	5	14	12	12	15	7	7	7	5	18	12	11	10	1	12	5	9	3	14
14	5	1	18	17	18	18	18	9	13	2	8	4	11	2	8	14	15	2	6
13	4	6	15	9	20	18	12	20	13	10	12	2	18	16	17	16	8	11	15
11	6	3	15	12	16	2	3	6	18	5	11	9	1	8	12	18	15	15	1
9	17	18	9	7	6	2	10	12	18	14	16	15	8	18	8	4	8	10	15
6	6	4	20	18	17	1	4	18	2	13	2	16	1	13	5	14	12	11	9
10	3	11	5	14	6	3	16	18	3	3	13	20	12	12	13	4	10	11	16
13	2	5	9	1	19	2	2	20	1	14	7	10	17	8	6	15	6	5	19
4	9	20	15	11	16	7	17	18	7	5	8	19	16	8	13	7	7	20	3
9	9	13	17	2	19	1	4	13	14	14	16	4	5	1	9	16	5	18	13
19	4	13	10	12	11	5	7	14	5	15	1	1	1	7	19	14	19	14	17
17	19	12	4	13	18	1	10	16	13	8	1	4	9	15	20	20	8	10	3
4	11	9	2	11	17	20	16	7	15	18	16	5	4	13	20	20	10	19	7
20	17	3	6	9	2	7	12	2	8	12	5	6	3	10	16	2	5	1	3
4	17	7	17	17	17	5	11	8	9	15	2	1	6	12	9	19	11	18	7
2	13	8	14	10	4	5	7	15	2	4	19	18	13	6	3	9	18	9	13
9	13	8	9	3	16	11	7	2	13	8	5	19	17	20	12	10	20	19	15
3	5	4	5	12	9	7	10	10	12	18	16	6	12	19	16	12	10	3	5
15	8	9	6	13	19	4	10	1	14	10	9	9	17	9	15	12	3	13	11
1	16	11	11	18	15	9	14	12	18	5	16	2	5	14	12	2	7	1	14
17	10	12	4	7	15	11	1	1	19	10	12	3	12	4	19	11	2	18	5
7	5	17	10	9	15	6	9	18	19	20	12	4	8	2	9	3	11	7	9
12	11	1	9	6	13	17	13	4	8	12	5	12	15	11	17	7	17	6	15
19	11	2	13	6	14	5	3	8	18	14	16	8	4	10	9	1	1	1	2
6	3	10	19	17	1	10	15	1	15	19	3	2	5	13	4	3	11	18	19
13	7	5	18	2	6	3	6	17	19	4	11	11	1	16	10	16	15	9	10
20	16	9	13	13	20	15	11	18	19	2	20	2	16	18	5	7	11	16	8
11	18	16	4	3	4	20	15	15	9	20	19	20	9	12	17	16	9	14	11
19	1	5	9	2	16	16	15	14	7	10	5	10	5	10	2	16	3	3	4
6	17	9	16	2	17	5	15	14	14	7	3	8	13	17	12	14	1	1	8
20	9	3	3	12	9	7	2	19	19	1	8	15	7	15	18	11	14	12	6
8	8	9	8	12	19	10	14	6	5	20	1	8	5	13	19	17	17	9	19
2	4	7	19	20	20	10	6	5	9	10	19	6	3	15	18	14	6	11	5
3	10	8	16	8	6	10	4	9	8	7	9	19	13	8	6	10	14	7	17
19	17	9	6	19	16	2	12	12	19	12	15	13	17	18	20	14	2	10	2
16	16	5	3	20	15	13	18	13	15	9	15	9	5	16	20	10	5	9	5
10	11	17	13	9	19	9	17	7	15	9	18	18	3	11	20	14	4	9	17
2	10	13	13	18	12	10	19	15	2	20	2	6	8	9	3	20	5	10	15
2	19	20	18	8	8	18	15	7	7	6	11	10	16	7	5	10	20	5	16
7	5	8	18	10	13	13	17	9	8	8	20	3	2	5	11	7	8	5	20
18	14	18	15	19	5	11	17	9	16	6	4	10	12	4	15	10	8	8	19
19	1	6	16	7	20	1	15	5	12	1	5	16	18	8	15	17	19	6	11
7	11	7	12	13	20	9	6	14	10	12	7	9	16	14	15	4	5	7	19
10	18	14	15	5	16	16	17	5	9	14	12	10	16	9	15	8	6	10	1
12	16	8	9	8	3	3	4	20	20	12	1	11	16	6	5	1	18	5	5
15	10	3	15	6	1	3	2	13	5	3	9	15	15	8	16	8	20	7	1
19	20	1	4	7	16	20	2	8	15	3	14	5	4	20	12	4	10	10	10
6	1	15	10	2	5	16	2	4	16	7	14	4	10	14	16	2	14	20	5
17	18	6	18	12	10	19	20	8	12	6	17	5	19	7	1	19	5	3	20
19	6	6	6	8	16	13	11	15	13	2	17	2	1	14	1	15	7	20	3
4	20	9	9	18	20	8	2	10	9	18	6	13	2	20	9	14	18	17	8
13	7	10	13	5	16	15	19	7	20	3	7	18	19	19	2	8	9	15	9
10	10	8	13	9	5	19	19	10	6	1	14	3	15	4	1	17	2	9	2
1	2	8	2	7	11	8	10	10	14	5	15	10	7	11	7	11	2	12	3
13	18	4	8	2	19	7	10	14	12	7	12	10	16	9	18	4	13	8	6
14	1	18	13	3	2	19	19	20	20	13	11	13	13	18	11	15	6	7	7
11	1	17	12	2	15	4	11	3	18	14	14	3	7	6	3	2	17	5	12
11	2	2	18	4	20	4	14	14	5	8	17	6	15	5	15	1	7	9	9
2	16	5	3	20	2	4	13	6	6	8	4	3	15	2	11	9	14	6	10
6	19	20	19	10	10	5	4	19	7	1	18	3	3	11	5	10	3	1	9
6	11	9	17	4	4	15	5	8	16	14	14	11	4	18	8	5	12	20	14
11	6	11	14	2	3	3	9	9	9	9	12	16	19	5	11	5	2	14	2
17	17	9	18	10	17	15	16	17	2	4	13	7	10	1	6	19	13	16	19
3	7	16	1	9	6	19	11	11	14	19	2	12	2	15	18	6	12	10	6
1	20	18	5	15	16	20	18	17	5	1	17	3	12	19	10	9	18	16	14
3	14	15	6	18	20	20	10	15	9	6	9	10	8	12	8	10	17	10	19
15	7	19	4	10	12	17	4	12	7	14	4	1	5	18	7	4	19	5	1
14	2	7	19	20	20	17	14	19	18	13	6	1	20	13	10	19	1	5	17
9	13	5	2	2	18	19	16	11	6	20	14	2	7	13	14	15	8	11	6
4	5	17	17	18	17	3	17	14	2	2	17	9	6	16	1	3	3	7	13
20	2	12	13	18	13	16	10	10	5	2	3	15	14	12	19	1	10	13	4
3	13	8	4	9	7	20	7	1	17	12	2	8	11	18	8	12	16	13	7
9	3	17	11	19	3	12	13	19	17	3	5	12	13	4	14	16	1	10	7
12	7	17	18	5	19	15	12	6	5	8	12	16	19	9	7	18	5	17	17
4	20	6	15	12	8	17	12	13	20	18	20	2	5	9	10	15	12	4	14
11	13	5	10	14	15	1	9	19	11	16	10	9	2	15	20	15	2	19	14
19	3	10	16	18	15	11	17	5	13	1	15	19	4	19	19	18	8	19	11
7	5	13	10	1	17	7	12	16	10	5	19	5	18	7	13	1	9	18	19
19	6	2	1	14	13	8	16	15	16	12	2	17	4	14	4	15	4	7	8
14	16	16	8	11	6	13	16	15	2	17	1	12	6	1	16	2	16	7	20
5	20	20	1	18	5	16	7	4	16	14	5	18	6	4	5	11	12	6	20
6	12	14	16	7	4	3	4	18	3	5	12	9	16	16	4	3	9	18	4
2	8	11	12	3	18	17	17	1	5	7	13	4	17	9	17	1	3	6	10
10	4	9	14	9	14	20	16	12	6	1	8	3	11	2	3	11	7	19	5


1	1	1	1	2	2	1	1	2	1	1	1	1	1	1	2	1	1	2	1
4	5	1	1	4	5	3	1	3	5	2	4	2	4	5	3	4	3	4	5