200	4	20

1	1.3	1.55	1.75	2.1
4	6.76	9.61	12.25	17.64

24	32	21	8	95	80	37	18	67	42	24	27	59	9	24	44	72	96	95	24
87	13	91	59	36	40	30	40	32	71	25	43	54	44	54	7	48	68	20	78
56	99	63	3	1	88	68	2	14	64	80	25	74	44	14	37	69	29	99	27
87	29	33	30	40	54	5	88	4	30	12	67	45	56	51	83	1	79	13	34
30	65	67	53	54	90	62	31	44	58	59	17	94	1	55	19	33	3	56	42
33	6	74	62	20	88	4	23	49	34	9	43	11	38	68	72	90	45	18	77
42	6	47	14	41	38	21	37	81	57	3	41	86	32	10	92	50	90	23	30
28	74	64	97	66	5	47	3	54	7	41	60	90	12	16	87	65	53	91	33
6	81	10	20	18	14	18	22	34	24	41	70	26	69	15	80	32	11	12	51
2	43	26	11	55	6	78	96	50	4	2	59	16	47	18	96	36	40	25	87
51	45	53	15	71	63	52	70	43	92	16	79	18	40	25	54	31	14	49	98
99	57	74	85	75	94	15	30	67	18	68	69	50	74	84	46	46	81	81	66
1	46	44	6	15	1	26	3	11	4	23	59	1	23	38	14	53	93	58	78
95	30	20	87	74	3	80	95	86	12	71	13	22	99	68	51	3	68	78	75
52	10	86	78	59	95	35	71	84	45	92	55	23	71	13	32	95	83	13	86
20	75	70	48	70	33	11	84	99	24	3	23	40	56	83	60	87	45	79	21
87	74	60	89	34	63	46	29	77	78	90	87	75	89	37	96	33	10	82	98
2	65	26	87	27	51	16	82	8	94	37	13	27	90	78	45	9	74	74	11
90	20	54	65	21	53	1	18	9	21	74	7	27	5	71	62	87	87	97	66
40	25	17	36	62	26	36	84	45	40	92	36	95	35	89	78	91	67	52	41
67	44	48	36	30	7	82	27	16	90	18	63	97	29	13	97	40	22	58	16
3	3	11	92	96	2	52	72	60	84	28	9	56	90	31	47	40	3	74	81
86	90	8	81	32	40	94	7	76	10	43	96	17	46	4	32	14	41	64	5
35	31	5	4	17	57	3	90	78	90	7	40	15	61	87	28	39	12	55	28
10	16	75	42	35	35	63	38	52	46	98	82	46	60	22	7	9	32	92	18
12	3	74	82	22	72	36	52	34	59	21	91	96	9	72	90	80	53	92	87
34	66	17	60	2	91	28	69	15	78	39	5	2	41	89	80	46	16	77	47
64	25	8	29	68	58	51	95	11	71	47	25	78	86	72	3	50	19	95	36
44	88	50	13	95	96	38	92	96	40	34	17	21	52	77	60	24	54	48	51
25	10	71	34	2	26	97	42	83	22	35	62	95	32	75	63	84	34	9	19
25	99	89	39	58	38	52	77	47	72	12	7	36	55	88	70	16	45	74	71
86	7	23	38	9	60	26	63	61	49	2	32	73	83	12	97	13	87	53	11
46	25	74	83	49	36	50	24	49	16	21	91	84	99	11	54	30	41	4	53
58	29	80	57	72	98	78	30	6	28	84	25	80	61	97	63	42	78	67	36
66	64	8	61	91	50	27	31	52	70	27	70	6	74	89	61	19	54	27	10
37	34	55	34	42	10	39	1	41	90	75	23	79	28	2	79	68	15	99	67
11	47	76	8	98	13	12	55	79	84	62	46	88	14	30	56	12	7	44	86
20	70	38	89	84	53	16	11	6	43	13	45	30	43	43	5	54	84	74	10
53	9	58	7	44	69	68	65	81	16	90	48	51	18	11	86	70	82	39	42
76	64	49	98	69	65	50	67	22	6	29	66	7	52	81	1	78	14	57	81
89	24	76	69	8	77	25	50	50	26	76	29	36	24	71	82	9	26	99	89
99	57	63	75	61	66	59	88	74	6	76	49	94	49	16	47	34	89	61	72
76	32	22	54	96	73	31	90	58	96	81	8	32	1	7	45	61	16	8	64
99	18	60	95	9	1	24	38	40	77	40	11	85	48	97	18	74	67	79	54
62	58	31	8	25	10	93	55	65	59	15	33	82	4	86	65	86	95	72	76
62	22	24	99	79	87	97	53	9	25	72	91	22	33	84	90	68	55	32	18
74	23	92	68	25	28	91	53	6	44	32	31	36	90	21	17	83	90	87	7
55	51	52	79	23	36	43	70	48	69	91	36	92	70	93	40	31	65	63	57
37	2	79	38	26	3	65	19	53	28	81	22	15	9	84	47	86	84	22	70
72	78	13	32	68	33	9	7	46	60	28	86	73	94	19	64	2	63	26	90
71	48	98	18	18	83	30	56	71	18	45	11	18	21	5	39	38	64	22	51
95	59	60	45	73	62	2	61	15	90	92	46	43	29	41	88	42	40	88	67
69	6	94	46	57	10	92	67	72	70	65	76	2	53	21	12	44	96	24	33
29	47	5	42	7	80	9	53	17	66	82	14	92	49	86	76	58	14	12	42
63	5	6	37	97	75	31	67	74	60	55	20	6	62	34	85	68	4	39	61
55	17	79	56	46	86	3	6	19	89	46	76	63	83	40	21	13	95	82	13
75	19	33	89	69	29	3	21	23	70	20	66	43	43	96	68	37	73	61	11
49	90	88	79	74	36	77	17	89	19	54	62	37	28	28	77	69	14	90	88
86	69	11	30	59	12	75	96	67	84	56	92	4	94	70	65	83	49	28	89
77	66	41	69	75	68	99	41	90	75	11	64	32	37	51	59	9	38	27	25
65	66	46	99	58	49	38	21	31	24	79	27	50	36	1	5	65	73	53	82
59	38	96	80	98	64	1	96	40	25	96	98	15	72	50	39	81	76	79	97
46	68	13	36	29	83	49	47	63	74	27	97	14	58	49	83	55	77	54	88
65	82	40	30	41	99	13	21	70	15	74	41	58	81	29	30	88	76	54	17
3	22	14	54	88	95	3	3	57	67	42	30	35	24	2	30	51	47	26	50
1	32	35	95	31	17	64	1	19	44	39	27	77	66	1	52	38	7	96	65
30	85	70	71	57	55	59	14	82	22	77	14	80	42	44	91	48	64	77	88
34	83	51	3	17	83	95	45	54	96	96	28	3	29	72	87	26	32	85	34
47	64	90	63	24	72	67	72	92	19	27	89	46	50	87	30	98	12	51	89
48	23	29	38	55	56	93	19	9	81	88	89	21	40	93	63	83	26	3	32
85	1	42	50	83	7	73	4	48	19	87	36	28	33	23	21	63	61	22	39
4	73	90	56	18	20	62	9	72	13	79	39	42	79	20	36	90	27	2	5
38	49	26	41	63	36	56	77	30	74	32	35	91	26	37	18	18	47	75	92
92	80	31	12	76	74	73	91	93	83	12	79	99	55	66	48	85	78	53	24
38	10	13	10	59	48	77	46	65	35	9	41	94	92	50	52	44	72	89	73
17	4	62	84	8	46	3	30	46	54	67	76	96	98	63	9	72	91	55	57
42	61	92	13	82	62	39	82	50	82	64	42	2	33	17	85	17	15	49	80
7	44	3	85	92	40	29	51	4	43	10	61	3	12	15	26	5	54	58	48
29	47	30	5	20	83	98	24	81	22	84	53	67	54	8	68	28	21	34	77
64	14	17	52	72	7	18	44	2	3	28	21	25	99	42	37	60	31	1	19
60	81	54	88	49	61	18	61	13	46	64	35	21	31	3	74	13	91	51	86
7	45	89	29	94	78	40	20	47	15	47	12	49	54	8	32	63	39	55	52
63	77	95	67	49	1	52	64	39	96	16	54	67	53	76	62	64	5	50	14
1	12	80	24	59	28	93	89	60	96	24	33	47	50	67	70	64	2	53	15
90	24	33	29	1	1	89	33	85	95	45	33	48	34	40	63	27	47	70	84
52	18	22	37	24	62	4	84	36	73	7	78	87	98	7	28	61	34	37	28
36	17	16	65	91	16	96	20	7	66	34	93	20	30	15	54	70	62	52	32
33	64	4	32	39	81	63	30	96	54	86	2	19	43	37	14	48	2	60	37
95	43	36	51	15	11	31	84	1	31	88	59	65	18	55	75	38	46	50	48
53	61	97	49	89	89	38	77	10	4	87	99	14	75	42	87	86	70	77	17
97	61	16	7	85	45	9	99	93	52	82	21	53	86	84	56	97	9	52	92
22	74	8	38	60	5	88	15	55	3	90	83	42	84	14	23	1	10	93	1
97	22	38	90	8	98	22	15	81	96	77	14	36	13	24	42	75	29	65	62
65	52	61	92	92	17	70	30	37	22	52	72	9	29	62	50	47	23	3	36
85	62	40	53	8	81	47	37	43	52	91	9	61	21	60	39	39	77	28	2
48	58	4	25	42	79	29	66	26	6	12	6	33	68	39	1	90	97	8	80
72	41	86	58	8	91	16	73	88	25	9	95	44	92	5	95	10	54	77	66
85	67	11	67	58	33	73	42	29	82	48	74	65	98	95	85	57	35	41	40
32	59	98	21	93	70	96	14	64	21	57	32	97	33	76	30	13	36	49	22
45	7	45	29	45	40	51	30	91	68	87	10	30	69	2	6	89	42	65	97
32	66	12	73	62	5	29	74	18	96	85	86	47	78	62	92	63	20	56	35
45	10	26	25	49	17	77	87	30	54	14	78	77	15	23	85	18	99	63	14
46	30	84	75	47	79	97	36	41	96	61	18	57	93	30	43	57	53	79	78
89	35	7	7	45	20	98	71	32	43	22	10	67	69	98	65	28	86	79	83
42	69	28	71	1	12	10	90	43	93	41	41	37	6	51	44	18	38	49	4
83	80	63	55	13	77	81	17	1	65	59	97	16	22	16	2	38	67	19	79
4	33	73	1	72	78	61	8	15	95	46	9	73	89	23	96	24	86	35	71
16	51	38	76	52	22	70	70	15	39	70	60	80	10	52	45	42	77	8	85
51	57	11	46	97	52	22	13	3	55	30	77	89	65	47	94	43	92	57	57
29	6	84	26	94	68	91	27	41	58	94	20	41	84	70	78	72	20	97	35
11	45	79	4	92	79	55	32	77	3	46	86	27	41	35	33	76	60	59	84
41	13	31	45	70	37	70	7	54	7	79	8	11	86	30	48	87	70	77	81
39	5	86	57	4	5	27	52	38	48	16	35	28	39	47	40	60	13	78	30
94	23	27	24	28	43	72	24	23	62	1	63	1	7	16	68	47	29	82	21
20	80	20	46	82	6	33	38	63	83	97	97	39	80	15	24	23	35	65	88
67	54	1	84	65	80	30	94	76	43	6	96	8	53	85	18	8	61	57	24
15	50	88	3	83	99	57	23	21	45	16	16	23	89	25	77	90	31	80	45
75	57	4	44	85	2	83	56	89	40	96	29	10	98	94	96	89	81	35	29
7	91	83	35	17	53	60	44	43	89	68	77	77	80	17	35	40	65	16	10
59	1	74	81	64	22	85	39	73	48	23	25	56	94	61	3	42	73	58	39
44	95	57	46	95	14	79	5	65	78	37	25	43	92	37	97	13	1	73	4
48	90	13	61	72	53	31	95	13	55	2	49	89	58	15	16	57	49	31	1
34	24	16	81	52	56	72	49	45	84	68	36	12	24	48	31	89	62	14	31
46	77	11	15	56	84	68	5	36	16	5	78	97	61	13	20	12	68	13	75
57	2	61	43	57	66	71	86	36	40	22	73	46	12	7	16	57	51	18	68
84	96	51	34	16	86	32	16	40	66	55	67	4	25	60	62	62	58	15	18
93	34	8	27	78	58	62	13	78	14	10	82	61	24	6	37	57	55	69	96
86	53	9	63	92	22	60	31	56	14	98	28	82	56	61	43	99	47	57	98
59	47	73	55	78	87	89	39	95	38	20	82	34	71	41	65	8	2	68	49
90	63	19	41	31	8	21	91	77	7	53	48	22	5	86	52	15	19	61	19
13	61	34	55	82	75	51	31	9	69	96	74	39	25	77	92	65	35	97	32
58	48	80	22	43	62	75	70	31	45	52	19	95	61	99	68	84	3	12	38
25	47	57	69	59	22	32	9	4	45	81	27	72	3	82	86	24	79	69	10
73	39	11	42	74	61	95	77	37	37	13	7	72	69	89	32	69	46	37	53
33	1	23	97	92	39	19	41	76	96	76	59	27	34	31	73	95	40	51	30
73	73	47	66	9	15	38	61	32	37	61	44	33	44	3	1	50	19	32	89
48	69	55	78	56	6	25	89	69	29	55	51	23	31	81	61	8	38	34	39
8	50	44	85	46	94	48	13	95	54	86	35	72	20	30	43	73	1	6	61
1	4	92	79	66	65	27	46	76	10	83	32	80	97	56	89	62	3	89	81
93	83	3	35	25	9	2	15	28	57	61	50	32	5	13	41	48	22	87	6
3	70	36	7	89	95	14	88	43	52	28	31	75	81	66	63	22	4	58	62
79	83	59	77	96	21	66	79	20	76	34	39	27	95	60	63	75	39	52	85
94	49	62	43	73	49	19	85	4	17	96	38	57	56	39	42	39	72	94	86
19	83	35	97	44	37	92	83	74	97	89	45	70	46	73	94	3	77	24	15
24	58	1	86	8	80	11	46	51	5	60	2	50	38	38	87	66	48	52	86
25	99	58	15	4	22	25	29	72	51	46	58	99	29	91	74	97	19	16	44
55	71	74	5	73	75	99	81	9	99	69	20	67	56	3	23	66	62	61	10
41	99	18	29	24	49	55	28	59	57	16	42	91	98	98	19	85	78	3	19
19	88	2	14	99	14	96	24	85	26	40	85	88	39	9	12	84	26	42	19
41	88	88	60	82	35	67	65	81	14	15	9	45	41	64	67	61	84	14	95
66	19	58	68	87	94	39	99	23	87	78	17	87	39	29	75	9	67	68	25
44	76	82	84	42	68	4	67	7	64	81	24	85	42	33	43	54	2	39	18
87	45	85	95	3	15	50	70	53	49	88	89	29	24	75	36	51	64	23	89
36	71	34	60	9	25	98	76	96	16	44	89	50	77	30	14	65	65	41	50
63	5	24	24	15	24	73	15	51	3	51	82	75	4	72	59	87	39	27	48
81	45	34	52	88	54	86	26	40	95	17	64	99	58	51	26	97	51	53	64
12	76	77	31	36	88	36	30	19	10	36	77	10	40	91	92	3	56	80	8
5	71	48	57	32	55	36	72	94	73	43	20	34	80	47	73	15	7	57	56
15	92	25	19	48	5	58	34	26	10	67	19	39	87	91	26	10	76	99	87
5	87	88	72	15	36	17	15	53	7	26	13	7	83	51	83	34	47	56	36
29	78	11	88	51	51	85	80	98	83	66	58	18	96	76	4	65	12	82	92
93	9	50	52	53	35	57	52	83	56	35	31	97	39	11	83	17	38	41	29
23	69	47	76	73	13	90	93	12	52	50	17	23	17	15	94	64	14	95	95
50	35	89	6	41	88	12	43	11	3	23	68	69	80	91	84	58	78	90	12
4	9	38	33	74	23	81	46	8	34	11	22	57	49	91	13	4	54	82	39
5	41	14	54	47	94	79	28	22	77	83	73	23	13	1	22	35	23	1	64
53	35	25	3	93	74	4	56	76	57	26	75	78	93	81	65	7	79	27	78
47	66	37	85	59	27	9	62	27	48	12	29	99	66	65	55	75	50	3	80
31	14	29	55	3	51	55	18	82	51	11	94	24	26	7	61	68	85	75	55
26	47	99	70	14	37	43	44	53	80	24	61	68	39	1	97	85	4	36	42
27	53	50	45	7	10	99	26	33	98	82	6	84	33	74	80	85	59	86	47
95	4	2	97	50	20	53	53	95	51	88	47	10	2	1	29	74	44	11	88
89	83	78	39	29	30	8	28	41	74	47	45	70	39	26	86	94	63	99	60
79	84	85	26	57	73	18	7	69	68	78	16	85	18	40	66	43	43	54	72
55	35	97	82	98	79	91	9	47	83	61	3	38	72	86	53	47	25	19	90
15	32	97	98	52	71	48	7	68	20	50	56	7	72	57	95	31	31	53	72
89	78	34	23	62	78	50	19	53	86	97	96	4	50	31	24	31	94	22	95
38	10	24	71	93	97	23	49	11	32	68	5	30	19	23	88	54	55	96	33
16	87	82	58	34	87	76	76	97	90	11	70	34	63	80	74	91	45	52	45
63	42	60	42	35	93	47	50	78	80	96	48	24	62	35	33	43	21	25	68
4	81	35	16	60	53	49	1	25	96	47	7	83	86	61	25	64	15	47	17
78	31	92	86	57	34	2	6	68	84	69	26	71	15	91	15	33	80	80	20
61	70	49	54	30	75	45	73	48	14	40	13	28	14	96	17	30	36	99	60
98	51	78	70	84	64	29	13	83	64	11	10	60	27	63	16	78	86	86	77
97	90	80	39	71	33	55	33	54	12	14	90	51	20	97	17	41	94	69	24
97	87	55	78	42	71	31	72	3	56	94	35	97	94	40	66	35	4	42	15
90	11	54	77	41	10	36	87	43	2	52	63	75	38	92	37	2	5	53	87
39	25	64	13	66	60	58	19	10	39	68	55	22	49	95	14	75	52	49	30
50	49	41	33	61	39	99	51	7	61	94	47	26	89	80	6	71	24	10	80
68	22	27	99	85	95	79	3	30	27	67	8	25	63	28	90	88	83	86	85
89	57	28	67	28	58	65	90	48	21	26	78	94	59	15	92	50	63	28	99
40	34	10	65	71	98	40	88	87	40	72	55	99	3	55	82	36	24	9	33
19	29	44	69	43	89	25	36	39	1	84	30	13	33	52	25	22	85	30	2
28	3	57	92	6	56	7	89	38	9	33	43	88	20	84	79	70	26	87	84
63	98	37	79	34	3	76	13	53	65	85	47	90	42	68	83	7	93	10	29
20	76	74	97	31	19	70	82	54	9	23	42	68	42	96	80	95	3	40	72
89	20	33	61	20	56	41	87	98	83	18	39	61	50	72	56	26	97	34	95
20	24	4	69	33	75	91	69	73	41	10	63	84	90	11	63	42	72	66	13
19	73	31	65	97	97	66	35	15	29	48	10	81	84	30	99	48	59	58	76
53	44	20	23	14	19	33	14	39	35	75	52	2	95	89	5	63	17	17	29

18	1	7	19	16	4	10	3	4	8	9	4	4	12	16	12	19	19	6	4
2	5	17	8	4	18	6	9	11	12	16	20	19	17	18	2	3	20	14	3
5	8	10	4	16	2	3	15	14	18	8	13	17	15	9	1	13	8	6	5
19	10	17	6	12	8	17	13	3	2	18	4	16	6	3	12	12	6	14	17
9	5	15	17	20	8	3	17	12	4	8	11	15	13	7	6	13	17	3	5
18	8	18	13	14	18	12	9	18	20	16	4	3	20	18	13	4	11	11	15
11	18	6	9	10	5	7	9	14	12	11	16	18	5	16	14	19	14	15	4
19	10	19	15	18	12	10	2	14	19	18	17	19	16	5	2	6	3	13	19
17	12	14	11	17	15	8	19	7	8	7	3	5	17	6	2	8	17	16	10
13	19	1	15	15	6	3	1	15	6	9	10	8	1	11	7	8	20	7	12
6	9	9	6	14	13	11	16	20	5	18	12	3	10	8	9	9	16	2	3
14	2	10	8	14	20	2	15	13	4	6	7	18	13	11	13	4	13	2	19
6	4	16	13	8	1	17	13	7	13	2	19	7	13	6	7	20	5	5	2
9	10	6	11	18	19	6	4	4	8	16	17	12	3	4	2	19	11	14	12
17	16	4	18	20	11	14	9	5	13	18	3	20	12	12	4	3	7	6	16
20	16	16	6	14	19	8	4	2	1	3	17	2	1	20	16	8	3	8	13
4	4	16	2	18	10	8	20	16	8	8	4	9	18	15	7	13	3	17	7
1	3	16	2	7	3	14	1	1	18	5	4	15	17	7	13	11	2	5	16
1	2	13	2	11	17	17	2	10	2	10	4	14	11	11	12	19	10	8	14
18	15	19	8	16	20	4	18	8	17	15	14	10	16	17	8	13	15	20	11
7	14	4	18	1	5	18	10	1	13	8	8	17	6	17	19	14	6	4	20
19	14	17	12	14	14	14	20	16	5	7	13	2	9	8	8	1	19	19	19
17	14	7	7	9	17	20	10	15	12	17	15	3	1	14	16	12	18	2	8
5	5	10	5	18	19	20	8	16	8	14	3	18	7	18	6	20	18	12	10
8	10	14	9	7	15	15	8	16	16	16	6	4	10	1	2	20	7	2	8
3	16	9	4	10	14	5	12	9	9	18	14	19	6	18	17	11	2	14	20
2	20	9	18	10	14	6	19	13	15	14	15	8	12	15	3	19	1	19	14
1	6	14	7	20	8	20	13	15	11	6	6	2	14	1	6	18	1	16	8
6	2	16	4	17	13	18	19	11	2	8	16	6	13	19	20	14	13	13	8
9	6	6	13	17	12	7	7	10	17	10	15	13	12	4	17	19	15	14	2
11	4	18	1	8	15	1	13	7	13	16	7	18	15	14	18	15	20	8	12
11	20	6	10	19	19	20	1	7	8	7	10	12	10	14	18	3	12	4	9
9	8	9	12	14	6	3	9	11	4	2	13	4	17	12	1	18	18	1	3
20	10	9	12	15	4	10	16	14	15	1	18	10	19	6	17	6	5	7	19
14	10	7	3	16	3	5	5	13	19	2	5	16	3	1	14	20	17	3	6
8	8	18	16	8	2	10	15	11	10	13	6	8	14	3	1	8	9	9	10
8	8	16	11	13	19	2	1	7	1	17	18	20	20	19	5	3	9	17	5
6	1	10	18	20	1	12	1	1	11	7	11	3	14	9	12	7	13	10	14
3	6	15	2	12	1	3	16	15	4	15	17	17	13	15	13	14	11	14	14
19	1	10	8	10	16	6	2	18	6	5	7	11	18	17	3	2	3	12	19
5	1	2	16	9	16	6	6	11	18	13	11	20	7	7	11	10	5	16	4
8	6	1	15	20	18	9	2	1	12	15	3	2	18	17	12	2	3	19	10
4	18	5	12	20	1	10	6	15	8	4	12	11	14	7	19	6	17	2	5
18	15	6	18	4	9	3	1	16	8	10	6	1	5	2	4	18	3	4	8
7	2	4	3	11	10	4	20	18	3	10	2	17	15	18	6	6	17	7	18
13	8	2	1	8	9	14	3	11	6	10	15	6	5	2	3	3	1	1	6
3	7	10	8	11	14	13	20	9	19	10	19	19	20	1	8	4	17	8	12
2	12	6	9	6	12	10	6	16	20	19	12	4	17	20	11	15	15	10	6
8	7	19	2	15	13	7	9	8	3	11	5	11	18	10	10	5	3	13	5
17	1	7	9	16	17	9	18	11	2	18	20	11	3	20	19	8	9	3	6
14	15	7	12	18	2	6	10	20	20	14	16	5	16	7	20	3	5	7	15
1	4	5	7	4	10	3	20	6	4	7	13	11	11	2	9	2	15	5	19
10	16	8	6	18	13	11	4	19	20	6	2	20	15	9	16	15	7	5	5
17	11	15	14	6	18	8	1	3	10	10	1	9	8	17	12	9	17	8	7
2	7	13	1	14	2	11	16	13	9	19	13	7	17	7	7	9	6	10	19
19	8	3	5	20	17	12	1	8	10	5	1	13	8	4	8	12	15	17	11
4	5	10	13	14	17	2	5	11	10	8	14	9	1	16	6	9	7	6	5
8	19	4	1	20	9	14	12	1	8	7	19	16	6	16	10	8	13	20	3
8	14	12	11	3	16	20	20	14	12	4	20	17	17	15	8	8	1	2	8
15	5	14	18	15	6	17	9	4	2	9	6	15	18	11	20	5	14	17	20
2	20	12	10	10	10	6	15	15	20	16	7	4	13	8	18	15	14	20	19
20	18	14	18	2	19	15	17	19	14	19	11	4	9	11	9	2	7	10	14
2	5	6	6	16	8	4	6	7	2	10	11	8	9	7	11	15	11	4	1
6	14	19	18	10	7	8	20	3	3	11	12	18	3	15	6	19	5	17	6
11	20	7	20	13	3	20	10	14	4	8	20	14	20	18	19	20	7	2	5
4	17	13	5	2	11	9	4	13	8	2	13	10	6	7	7	12	20	6	19
5	20	13	17	19	9	3	8	6	14	14	3	2	8	5	20	14	5	9	16
10	5	18	15	20	9	5	5	20	18	3	17	4	12	8	7	10	19	17	10
9	2	6	7	15	4	7	2	16	15	2	12	17	20	16	1	3	7	4	10
7	12	2	6	20	19	8	4	3	1	7	4	6	10	10	5	12	10	4	20
18	7	6	6	3	19	18	10	14	2	17	16	6	7	14	20	12	19	2	6
14	18	4	17	10	12	19	6	1	19	4	18	20	5	6	2	10	13	13	17
10	17	8	5	6	17	6	10	8	3	2	11	2	16	18	9	9	8	20	1
10	9	12	8	14	4	8	6	13	15	17	18	11	9	13	19	19	3	16	1
15	10	18	8	12	17	12	1	13	18	18	4	5	4	9	2	6	5	19	1
15	4	19	19	17	20	3	9	5	1	18	8	8	2	7	13	2	9	2	6
8	11	16	16	12	4	16	11	7	2	17	12	14	4	8	17	19	10	10	14
3	1	6	18	3	7	2	4	12	20	14	16	12	17	1	6	10	4	15	7
12	5	8	13	19	2	18	17	2	10	10	8	7	16	16	6	15	16	15	14
16	9	5	1	2	18	12	5	20	4	13	1	4	19	20	5	16	12	19	7
13	1	20	12	20	3	1	10	14	17	1	20	8	8	10	13	11	1	13	2
7	13	7	14	3	17	3	16	1	5	8	7	15	11	10	15	10	5	5	3
4	7	10	18	1	19	5	8	5	15	9	16	19	14	1	12	7	15	20	20
17	20	5	17	16	17	17	14	17	15	5	15	10	11	15	7	2	13	14	18
9	2	4	5	13	6	7	12	14	9	17	2	19	5	13	7	8	6	8	12
3	2	1	2	8	20	13	17	8	10	16	6	14	9	14	19	5	13	16	10
12	13	3	16	8	7	11	1	11	20	9	8	4	2	13	16	10	11	14	19
17	14	15	8	3	11	19	17	16	9	1	18	9	1	6	12	16	2	9	9
3	5	7	17	7	5	3	14	10	11	4	16	20	1	15	3	20	10	7	7
12	16	11	5	19	3	12	13	16	14	1	17	16	6	2	20	16	17	1	8
19	2	7	19	9	20	19	9	7	9	7	14	11	17	15	5	8	8	10	10
12	1	9	10	4	16	7	20	1	1	7	11	19	3	16	4	2	10	12	16
12	10	11	2	19	18	5	9	9	1	9	13	10	14	19	19	14	17	13	18
9	5	7	20	10	2	6	8	20	16	19	5	7	17	8	13	9	17	3	16
16	8	13	17	4	10	3	6	15	4	8	15	12	20	2	14	11	17	12	18
12	10	12	18	9	17	19	9	9	10	8	2	7	7	12	7	11	14	17	13
8	5	4	8	20	15	17	16	1	4	12	18	17	2	5	5	10	11	18	19
6	4	9	1	18	20	3	3	2	1	1	8	11	17	19	3	8	5	13	8
5	14	12	16	5	1	11	15	10	13	8	6	8	11	4	11	10	10	19	2
8	10	1	8	6	10	3	14	20	5	13	2	19	3	18	18	9	6	18	10
8	8	5	1	10	6	1	16	4	16	7	5	18	7	15	12	14	1	2	19
17	3	18	16	10	18	19	3	10	11	4	7	18	16	13	10	20	20	1	13
11	4	9	9	5	2	15	6	19	6	19	10	20	20	11	20	3	3	10	17
9	3	15	2	17	6	11	10	14	4	14	12	9	10	9	7	3	13	7	6
12	6	3	17	5	7	4	13	8	12	1	14	14	3	15	5	13	18	3	20
18	17	13	9	19	10	7	1	16	8	19	4	13	20	19	11	3	19	3	12
6	2	8	5	13	3	2	11	10	17	19	1	10	1	14	12	13	10	14	10
6	3	19	13	8	12	6	6	15	8	7	13	4	3	3	19	3	15	19	16
3	5	20	7	14	14	1	13	11	20	17	3	14	17	18	8	5	7	20	3
7	13	11	13	11	13	5	16	1	14	5	16	5	16	6	14	3	6	3	14
17	16	7	5	1	14	15	11	12	3	7	2	15	5	19	4	19	2	10	7
18	11	18	7	19	5	19	1	1	15	10	19	2	5	9	18	19	9	17	13
20	4	11	6	3	10	1	18	16	8	4	11	5	18	12	10	10	20	14	11
12	19	14	8	8	4	16	10	1	13	1	4	19	1	6	20	18	19	4	8
13	3	13	15	6	2	8	5	1	15	18	8	7	12	17	12	17	14	5	13
14	7	2	11	13	11	15	18	7	3	4	10	9	17	2	17	11	19	16	4
18	2	10	14	15	11	2	11	5	16	11	5	14	19	8	8	10	6	14	9
18	2	20	7	17	1	12	2	3	4	10	8	10	8	20	19	8	6	7	7
11	6	13	14	18	18	7	10	4	10	17	14	9	8	20	4	12	2	3	10
7	13	17	16	9	11	7	16	10	15	3	7	14	16	6	6	19	2	7	14
18	13	5	14	18	14	4	7	10	3	16	12	7	3	13	12	5	13	2	13
4	3	19	18	9	20	13	17	9	2	13	18	14	7	4	4	20	6	10	9
11	18	20	2	7	7	10	13	8	4	10	17	17	16	7	7	20	11	11	19
4	5	10	19	10	7	13	19	5	11	4	6	11	5	19	18	13	20	13	3
13	15	19	13	3	9	10	19	1	7	20	7	13	4	5	12	1	10	6	18
7	13	9	10	6	6	17	16	1	11	13	10	3	14	4	2	14	18	9	15
13	7	18	19	9	15	4	8	9	9	16	1	2	5	17	12	20	17	17	14
13	3	9	17	18	5	15	9	1	1	8	13	6	1	2	7	12	19	14	11
17	12	15	19	15	12	3	18	18	13	18	8	8	17	4	1	15	16	8	5
17	8	2	18	2	17	15	8	19	5	5	13	17	9	18	11	8	6	17	2
20	1	12	4	5	19	15	16	5	16	7	1	10	17	13	19	16	20	19	13
12	9	17	19	3	19	15	7	2	5	6	7	5	7	16	19	12	10	6	10
8	20	4	15	8	17	17	8	9	7	2	20	20	18	15	12	14	9	13	19
12	15	16	17	8	13	11	5	19	19	6	9	7	7	9	12	2	2	16	1
18	13	19	18	16	14	18	19	14	14	10	12	14	17	1	18	15	7	4	13
5	2	11	13	9	2	8	13	12	11	19	10	18	16	11	3	7	2	15	12
11	20	10	15	9	15	16	19	8	11	10	9	4	1	4	13	1	5	4	15
8	15	6	6	7	19	7	4	10	5	6	13	4	7	18	19	16	16	5	4
6	4	4	16	1	16	12	5	11	12	20	16	7	11	13	13	19	14	13	7
2	18	13	12	3	1	7	15	2	19	2	8	20	8	3	6	9	20	1	11
20	8	7	1	13	16	12	5	8	6	12	14	6	4	5	7	18	9	13	15
6	4	15	12	6	5	20	12	6	13	18	1	10	5	12	12	2	15	14	13
7	9	14	10	5	12	6	5	17	12	18	6	20	11	12	6	18	19	17	5
9	12	5	8	7	12	13	12	9	6	6	10	16	2	12	19	14	2	16	4
11	6	7	20	4	11	14	16	19	3	6	20	15	17	13	12	9	15	5	8
9	12	14	18	13	17	2	12	14	9	6	14	5	15	6	10	13	19	5	5
12	4	4	1	3	1	17	10	6	19	12	7	17	2	4	3	6	1	9	3
2	12	19	18	14	6	12	7	11	14	8	2	11	7	11	9	19	2	14	6
4	7	9	12	4	2	7	6	6	2	16	15	11	18	6	6	5	4	1	16
17	16	2	7	7	6	14	20	20	6	13	11	12	17	13	5	12	3	17	17
11	2	1	1	4	16	18	15	5	11	13	8	15	12	1	7	13	3	9	6
10	12	9	19	18	14	19	10	6	14	8	12	10	18	6	16	9	17	20	16
14	17	4	4	7	13	15	18	4	9	2	3	3	10	19	9	20	4	11	20
8	1	16	12	14	11	17	11	3	18	1	15	4	14	15	3	1	1	11	17
13	13	15	1	12	16	15	10	16	3	3	5	13	1	6	13	10	20	18	18
1	5	7	6	7	8	1	2	15	11	8	13	11	11	15	10	19	20	18	1
2	15	19	1	5	16	17	18	19	6	11	14	8	4	4	10	5	18	18	17
20	9	15	14	16	10	9	15	11	7	19	19	14	13	13	1	5	12	15	20
16	18	17	10	19	20	7	15	9	12	13	17	9	11	17	13	15	4	10	18
18	7	6	19	9	13	14	11	18	6	8	3	10	10	13	2	6	18	17	13
16	14	14	19	15	10	8	4	10	3	8	18	5	14	1	17	8	1	19	3
4	3	20	1	16	13	10	7	6	16	9	19	9	15	19	7	4	7	4	12
4	18	5	18	8	14	5	17	17	13	14	7	6	1	15	3	9	11	19	1
2	16	20	13	16	2	16	3	15	13	18	15	2	15	16	18	1	16	19	6
8	9	13	19	2	2	16	17	20	3	16	2	10	2	9	9	6	12	13	11
7	6	11	18	15	1	7	12	2	20	15	19	10	1	13	7	8	19	16	9
10	20	15	20	7	5	9	18	16	12	13	15	11	7	11	16	4	14	11	12
7	8	11	2	7	6	14	3	13	19	8	17	10	20	16	3	12	15	8	15
18	20	3	10	2	5	11	9	9	18	18	6	7	17	1	2	10	9	20	10
12	18	17	3	1	16	9	13	18	17	9	3	7	5	10	7	14	2	3	1
1	3	7	11	3	4	13	5	16	16	18	6	15	9	14	8	16	1	1	6
3	17	16	16	13	15	19	16	13	2	17	4	13	1	20	13	20	2	1	18
20	5	17	9	16	3	4	9	3	5	8	9	15	6	1	10	10	20	20	15
19	20	14	4	17	16	14	15	19	3	8	4	17	14	9	9	9	18	15	20
15	18	11	9	17	7	17	5	1	14	5	9	4	15	15	15	7	17	12	20
19	12	9	14	11	5	13	20	14	15	19	18	4	20	19	16	1	13	8	4
18	20	18	2	19	7	5	7	6	11	9	16	17	10	2	13	6	16	13	15
16	8	2	19	13	13	20	7	1	19	11	3	7	15	2	8	5	20	16	6
17	8	7	2	8	15	11	12	11	3	16	19	12	3	13	6	13	5	17	18
4	14	8	7	18	9	12	5	16	11	8	7	2	7	19	12	7	5	12	7
3	11	12	13	17	13	12	18	12	2	10	5	17	16	10	18	16	12	1	13
20	10	20	15	4	11	10	8	20	3	11	6	12	8	18	15	15	17	13	2
17	11	6	3	3	18	18	18	17	20	15	14	12	18	13	13	11	3	1	7
6	10	3	18	10	19	9	12	3	1	14	3	16	18	3	17	6	6	17	2
5	6	19	20	3	2	17	16	12	17	10	3	20	14	15	12	15	20	6	14
10	14	1	1	17	11	11	4	17	4	4	12	5	14	6	3	19	4	3	1
18	3	11	10	20	13	13	18	4	12	6	16	5	19	13	18	6	8	3	7
19	2	5	15	20	2	17	12	11	11	11	10	11	3	7	14	3	9	6	12
5	16	15	11	19	6	5	3	4	5	1	8	10	6	1	6	15	20	14	8
4	8	11	1	16	16	13	6	7	16	9	9	13	17	4	5	2	13	20	20
6	16	9	14	12	3	9	8	1	6	18	12	2	12	13	19	20	9	18	15
7	10	15	11	13	4	15	14	6	9	19	6	14	16	20	15	16	11	14	8
20	6	10	20	15	6	20	4	6	11	12	11	12	9	16	8	7	4	1	7
17	11	1	13	15	16	6	18	8	1	10	12	6	10	6	17	19	5	9	13
8	5	9	12	15	5	14	1	2	18	14	6	6	10	15	11	11	16	10	8
7	3	10	13	3	3	16	14	1	13	6	6	3	13	15	20	12	17	10	12
19	6	7	4	8	12	11	11	8	5	16	7	18	6	16	5	10	11	11	17
3	9	17	18	15	5	7	3	20	8	5	9	13	3	14	1	14	5	12	17
19	17	20	17	18	1	1	1	16	13	4	14	9	3	17	2	16	18	1	15
16	7	16	6	14	20	17	1	17	13	3	16	10	13	3	14	19	5	17	3


2	1	1	1	1	1	2	2	2	2	1	1	2	2	2	2	1	1	2	1
1	1	3	3	2	2	2	5	1	1	3	5	2	1	3	5	3	1	4	3