200	3	20

1	1.3	1.55	1.75	2.1
4	6.76	9.61	12.25	17.64

99	92	79	77	44	65	45	2	9	94	98	83	2	16	72	38	48	78	64	84
48	67	7	34	85	95	82	29	29	49	82	84	14	78	63	37	74	10	14	71
13	3	49	25	89	90	74	65	16	74	80	79	22	90	6	59	31	67	90	76
27	50	44	77	10	48	14	89	33	78	85	30	40	89	50	56	92	18	39	74
8	5	73	5	36	74	36	59	50	23	18	43	21	81	60	72	19	56	91	62
39	53	64	54	21	11	42	59	77	79	36	89	53	55	53	47	29	49	98	54
98	6	84	36	89	21	83	50	94	88	91	91	8	59	94	22	97	17	6	28
26	8	41	51	44	40	1	8	43	82	61	48	18	76	38	88	77	21	64	37
13	84	14	4	39	78	64	62	18	79	21	34	37	8	30	26	29	63	67	84
69	7	43	76	66	79	11	96	49	53	95	71	29	24	81	22	3	81	25	47
39	68	65	50	96	51	78	68	60	18	75	16	42	84	53	81	27	27	38	25
63	8	59	25	45	3	96	87	86	59	88	8	20	89	86	33	56	34	46	29
47	16	50	91	41	94	20	85	2	53	47	72	69	37	99	88	48	5	97	44
36	70	35	70	44	99	8	31	39	68	18	90	63	30	98	93	42	66	23	96
10	69	72	36	51	65	77	92	95	44	71	79	81	20	10	57	85	92	81	8
79	41	65	40	51	66	68	28	94	28	1	97	19	92	86	12	37	78	61	83
44	88	40	6	53	41	95	89	2	43	32	26	82	76	12	8	29	89	44	15
3	67	46	44	14	40	82	25	58	27	55	41	16	21	18	96	79	46	3	87
77	6	64	65	9	73	11	83	98	47	81	6	57	60	62	82	32	54	49	48
7	79	99	10	75	39	99	11	97	78	65	22	69	69	56	94	37	42	14	26
74	85	98	96	90	31	50	49	54	78	42	43	31	58	43	92	5	46	45	27
67	1	29	72	14	49	75	44	27	15	8	26	72	84	41	51	28	25	49	26
12	18	50	2	71	82	98	99	69	3	44	27	65	43	42	19	91	86	34	64
89	91	92	22	56	50	26	5	32	43	24	94	58	79	55	1	63	51	33	19
22	87	17	59	62	44	55	85	44	65	89	92	92	68	71	17	30	52	77	48
59	97	39	65	15	85	57	62	51	64	89	97	30	50	43	67	76	83	38	5
9	25	26	7	28	29	12	94	63	34	48	14	86	98	59	60	18	83	84	34
95	65	89	42	45	20	84	22	69	69	93	30	51	76	18	52	36	23	4	10
71	68	93	44	21	60	72	68	18	70	62	62	54	53	56	4	37	31	9	27
4	30	17	35	36	87	6	96	19	70	68	67	78	39	87	88	3	36	73	96
26	85	61	82	69	46	15	94	69	72	70	25	57	10	27	24	24	97	86	24
4	48	81	64	4	40	85	76	30	97	21	57	61	52	47	99	2	56	10	49
81	94	9	23	95	14	21	31	78	54	39	89	16	31	26	45	3	93	50	59
61	70	94	16	49	53	63	89	71	90	20	42	87	44	92	42	85	9	57	42
60	70	97	21	41	66	52	53	79	60	3	10	97	53	26	13	92	46	49	59
29	49	76	57	40	17	83	13	89	28	92	96	51	30	11	81	40	38	9	34
73	18	1	8	3	24	3	96	18	26	2	49	73	45	95	67	44	47	55	92
19	67	91	54	53	5	34	8	17	82	40	12	76	97	82	34	85	77	67	51
8	7	6	70	28	61	45	82	31	52	82	43	69	41	94	99	66	28	4	10
57	88	89	54	93	15	43	7	47	20	42	19	79	69	24	84	28	75	80	40
3	91	6	99	61	98	12	77	25	21	38	30	26	51	66	12	33	81	48	25
22	1	50	91	77	51	90	88	75	98	44	11	82	69	76	26	92	56	84	48
37	91	89	13	3	55	45	59	64	76	95	28	18	51	62	15	74	4	53	23
13	1	48	64	37	76	39	47	35	84	39	12	2	55	40	13	21	94	94	13
22	35	49	91	67	29	57	44	94	71	20	16	80	86	69	54	68	30	83	39
8	39	58	62	12	41	51	95	60	52	48	64	60	28	68	77	21	26	18	8
68	78	50	53	57	27	60	27	50	37	8	88	43	31	71	4	85	53	19	99
96	83	60	30	33	90	76	15	19	65	53	71	92	44	11	76	39	62	8	7
11	94	80	63	69	21	14	45	96	93	69	32	38	67	25	5	94	57	91	95
57	59	38	24	8	52	18	29	41	78	31	64	68	77	45	90	56	96	64	69
38	19	16	87	11	87	63	18	41	3	81	73	25	73	76	82	96	5	51	68
9	67	82	81	41	78	35	24	62	4	63	27	20	40	13	14	85	78	69	49
71	87	48	10	74	44	58	12	84	7	49	50	36	43	2	80	34	25	70	56
13	20	62	34	29	30	72	33	49	85	51	22	53	56	68	34	59	58	76	40
76	10	90	27	36	64	94	44	35	10	20	21	15	29	45	82	72	47	23	71
12	29	42	28	14	62	18	50	57	30	61	84	39	17	57	78	35	73	1	15
2	52	52	44	9	89	91	52	55	40	66	92	62	25	17	10	88	45	95	71
25	39	50	98	57	76	61	25	39	94	3	63	76	28	83	71	10	74	99	59
25	55	49	27	96	76	86	69	7	8	48	9	26	46	64	71	83	25	34	88
51	70	6	11	70	16	45	1	89	22	77	22	51	14	1	47	83	95	7	13
39	51	69	97	90	15	33	38	92	56	63	94	84	54	67	27	8	36	96	2
16	23	52	9	13	50	31	95	44	11	66	35	85	5	58	92	31	65	32	47
54	78	90	21	58	5	45	43	28	1	50	83	64	91	4	13	32	49	16	86
13	47	16	57	91	87	87	31	88	61	92	69	68	39	96	75	33	3	25	91
9	99	30	88	3	50	80	71	10	70	93	29	79	28	52	92	36	90	37	37
72	69	13	14	27	86	95	11	50	6	22	21	88	84	61	57	7	66	82	98
68	22	1	73	36	49	67	29	95	45	9	28	89	13	28	8	53	94	23	40
19	4	92	11	84	58	73	66	52	93	73	32	55	56	49	50	49	36	27	75
69	88	67	59	15	51	6	75	84	82	46	32	39	81	26	19	7	2	88	6
64	69	70	70	32	64	96	18	26	94	54	40	77	86	46	55	98	10	23	6
98	29	14	42	97	65	70	58	76	91	19	37	25	45	45	54	43	17	20	87
10	17	33	80	63	66	5	23	67	78	48	48	7	10	59	54	81	87	9	42
15	37	1	6	38	60	8	86	95	81	47	9	55	79	33	6	86	4	29	93
75	51	9	20	90	18	62	7	75	24	38	12	92	92	37	21	95	72	33	34
29	40	21	17	74	53	59	60	8	74	14	92	63	99	1	88	12	12	89	68
96	23	55	51	46	78	85	40	29	15	9	6	45	2	12	75	36	58	15	4
5	91	27	74	83	42	75	75	8	27	33	53	40	19	11	97	97	24	38	5
37	33	83	35	98	59	35	56	91	94	4	25	83	8	15	59	53	8	28	73
22	40	50	76	39	28	56	59	89	11	33	31	67	57	17	1	94	31	8	57
35	89	11	31	13	32	25	59	49	30	10	80	70	20	67	54	24	2	3	44
61	44	54	3	4	82	55	64	11	26	28	34	65	20	18	28	81	32	44	68
6	78	37	28	65	87	25	4	64	64	3	84	54	77	97	94	55	5	17	69
69	65	81	50	86	1	93	71	72	39	12	3	5	57	67	65	81	78	3	83
32	28	54	6	34	39	71	47	77	66	20	91	37	88	58	93	25	15	29	19
53	97	77	89	19	67	39	25	60	28	40	43	62	23	74	48	65	96	10	51
61	27	50	84	98	32	90	18	9	12	49	28	20	80	28	10	1	58	37	69
47	71	68	73	71	4	94	36	70	36	12	37	64	84	79	40	84	79	17	97
21	45	90	49	87	21	21	82	40	4	42	73	46	24	95	69	60	96	29	26
1	52	3	11	67	21	73	42	64	99	61	35	31	2	70	17	17	26	74	89
14	33	45	39	32	93	19	24	18	90	51	72	4	61	60	47	24	10	43	39
60	27	86	58	90	12	55	81	67	34	94	79	95	97	23	89	1	45	38	26
6	9	54	95	27	8	84	78	8	4	83	53	17	39	62	19	5	25	71	85
20	83	81	22	11	67	9	86	97	56	51	52	54	63	48	74	45	73	1	12
29	95	72	42	33	34	78	92	66	31	22	79	62	41	62	1	85	29	11	15
52	34	49	92	27	2	40	84	74	53	17	65	97	51	5	91	72	30	85	91
22	35	76	73	24	37	90	30	71	53	71	89	13	78	23	97	43	62	30	43
99	9	10	43	83	57	1	90	10	83	70	53	93	17	6	24	76	8	87	4
44	27	98	68	40	67	90	92	13	3	82	10	39	13	60	46	48	57	75	79
28	13	48	5	59	49	1	93	1	47	87	7	1	7	95	83	99	8	69	18
8	16	18	21	9	98	95	9	84	5	96	90	70	30	53	80	6	93	92	35
27	69	19	67	86	29	67	89	98	56	37	38	2	58	83	25	66	85	63	38
77	44	82	17	1	33	44	81	36	93	7	53	18	1	15	17	93	8	78	39
97	83	78	85	85	69	18	42	22	5	69	83	45	9	25	45	69	13	74	62
25	25	61	80	12	76	89	92	34	73	95	69	26	23	33	87	67	46	26	21
71	67	89	54	33	20	54	77	36	83	46	31	38	62	87	86	46	34	24	25
67	91	78	66	22	99	48	21	12	57	21	53	63	75	30	92	52	6	26	20
8	74	16	20	95	22	45	27	90	49	85	39	79	89	94	62	32	19	77	29
88	52	57	72	61	52	3	69	80	23	6	15	4	67	19	92	97	77	92	66
63	74	96	99	29	73	70	83	30	56	89	84	90	92	60	1	67	49	52	67
29	36	44	2	15	92	57	23	83	85	69	75	11	45	42	17	69	99	67	24
11	83	64	76	90	17	64	93	12	27	17	11	94	71	89	1	98	86	86	2
27	37	4	81	1	68	84	96	63	10	75	81	93	25	96	62	27	53	9	93
60	85	4	83	66	82	75	2	74	57	51	45	45	63	9	17	10	53	42	71
99	67	34	59	72	37	71	69	91	36	93	94	97	66	27	88	13	11	19	84
49	19	62	67	17	39	32	41	67	1	40	4	76	10	87	21	61	45	13	69
15	6	2	57	57	30	3	74	93	11	49	97	3	49	9	2	42	70	8	20
54	86	9	63	30	15	35	62	14	80	13	34	15	74	1	47	7	79	85	4
94	88	9	90	86	31	15	44	79	36	72	70	22	65	66	49	38	52	53	11
26	55	60	81	44	6	3	5	49	78	49	62	91	44	8	25	70	4	57	11
67	41	50	86	11	11	75	96	91	97	28	33	57	19	48	56	5	28	30	72
3	80	41	45	26	35	30	10	78	59	17	45	25	16	30	40	90	91	39	37
30	33	65	28	81	20	31	13	65	35	36	80	80	66	34	52	88	32	11	53
58	58	8	86	5	64	80	80	3	60	94	85	10	81	56	50	9	81	3	18
57	28	75	12	40	7	43	19	61	29	99	26	11	38	5	28	78	94	34	8
64	35	1	87	79	15	2	49	82	37	29	94	8	53	75	44	40	31	63	48
33	51	59	1	55	36	4	98	17	62	54	20	53	20	18	50	8	37	71	10
17	44	30	45	52	96	1	66	95	33	82	31	42	51	42	56	75	86	46	30
93	76	92	51	38	96	43	2	76	97	37	23	26	1	36	26	55	83	3	64
48	61	56	24	78	33	61	83	36	30	71	19	66	20	59	39	37	55	72	40
18	14	57	31	79	53	18	28	10	81	23	66	62	84	37	83	99	47	44	2
31	39	60	81	72	82	7	66	52	52	15	97	51	14	17	54	45	9	63	2
14	13	17	7	37	48	24	83	12	27	81	7	59	41	24	68	13	30	20	80
6	73	27	24	38	63	69	31	15	27	18	56	60	28	47	98	48	89	90	91
68	65	36	72	63	63	3	1	17	2	7	37	54	54	66	92	68	71	12	47
17	23	44	93	28	38	91	93	80	30	69	79	76	78	94	9	97	18	98	4
41	48	65	85	29	46	65	26	32	98	18	33	28	47	13	19	35	88	20	19
73	84	86	98	26	94	54	96	46	61	16	73	87	29	33	7	26	46	38	93
7	58	21	21	12	52	36	25	68	11	67	39	90	68	26	50	51	93	57	26
56	31	84	36	18	48	22	2	39	28	87	54	58	63	1	12	34	12	39	34
29	90	20	83	16	13	6	52	19	77	33	7	68	93	52	64	35	46	61	77
48	4	33	83	52	87	55	17	18	96	65	87	62	31	72	99	46	79	20	87
37	33	43	83	37	75	16	12	71	70	41	84	73	20	81	78	8	97	22	54
96	23	8	41	91	47	88	62	59	87	95	50	97	22	75	68	40	9	25	32
30	77	56	36	7	27	18	48	22	6	24	1	50	66	70	57	72	9	63	46
34	72	27	8	84	41	99	64	13	6	6	72	40	20	31	35	66	97	80	95
51	71	27	5	10	99	50	79	94	56	62	24	15	11	73	27	25	51	54	83
46	46	44	73	9	85	55	57	19	89	97	73	81	95	52	37	20	14	98	96
22	77	7	94	88	81	59	1	10	86	6	90	2	85	45	21	1	38	50	93
45	67	79	78	66	56	81	24	94	42	46	7	79	44	95	95	64	87	89	90
59	18	54	65	40	96	9	87	85	46	34	66	64	14	39	97	82	47	27	19
90	22	53	89	66	50	76	92	93	18	17	72	91	82	99	32	51	48	10	78
13	79	79	37	31	56	32	68	92	29	16	71	4	76	14	14	53	86	8	92
12	35	30	66	40	53	63	41	93	45	97	58	22	3	42	8	20	76	93	77
48	8	20	95	87	77	92	80	38	13	14	30	11	9	82	70	78	60	68	4
98	62	24	89	56	15	27	43	17	47	93	56	9	89	13	35	50	3	36	56
11	94	36	90	53	83	25	15	18	9	60	59	79	94	90	67	49	98	56	83
90	19	60	80	39	38	61	23	95	37	8	2	16	98	47	23	52	97	38	47
20	38	45	67	11	35	6	53	93	99	15	65	52	6	13	54	70	34	30	22
68	21	96	10	16	51	81	25	1	7	72	1	94	12	43	30	32	22	9	41
61	94	29	30	28	5	97	15	43	20	19	30	4	68	79	45	10	25	9	46
61	17	8	62	24	93	73	54	79	58	32	13	18	41	76	11	93	71	81	78
28	1	82	79	14	12	1	34	7	57	74	36	43	49	36	87	7	53	4	87
51	55	34	81	21	71	85	49	12	30	94	97	12	68	37	67	13	83	39	56
4	58	4	71	24	10	70	96	2	83	87	45	23	3	88	49	68	67	40	81
34	45	47	29	89	92	25	36	40	18	10	95	22	94	60	67	7	93	16	79
51	38	44	40	34	98	76	25	82	78	47	6	75	8	38	51	7	21	55	9
46	11	65	26	51	37	41	77	41	13	5	83	94	50	38	25	32	77	73	16
21	87	85	13	71	46	46	51	20	89	37	74	39	76	43	18	84	59	1	23
16	75	30	95	2	66	31	66	22	77	74	78	83	95	76	44	64	26	59	55
59	48	51	77	97	27	53	96	99	83	18	32	81	83	60	94	91	59	46	42
86	5	37	34	66	20	69	7	21	17	19	46	27	72	13	24	25	35	44	37
14	6	43	44	85	41	52	53	75	25	42	59	43	54	37	85	2	26	45	49
80	48	62	2	75	31	91	43	25	26	53	95	70	49	26	55	81	96	13	25
2	23	82	55	34	21	24	7	36	26	17	61	82	29	62	91	90	6	1	64
98	52	53	45	15	79	83	71	7	42	9	87	49	23	18	64	30	64	89	41
50	14	33	99	1	35	54	49	17	42	68	22	69	46	53	24	89	7	3	45
66	29	29	85	74	32	82	88	61	18	93	22	14	21	67	28	88	61	15	61
20	44	38	86	86	66	95	74	26	51	81	52	92	53	89	49	87	87	85	15
23	28	23	36	92	65	3	30	83	39	14	44	78	69	40	42	29	63	27	73
92	24	27	48	67	54	2	93	58	66	67	82	26	89	51	67	11	19	23	72
44	50	94	77	97	11	97	6	66	17	61	95	83	39	92	97	50	25	40	63
3	3	94	94	19	33	96	95	12	50	1	94	28	23	44	38	47	62	85	64
81	34	18	29	2	67	80	11	72	30	47	24	99	13	87	54	22	35	67	29
7	33	25	60	1	64	38	46	24	8	14	72	82	34	34	98	91	27	57	51
89	69	85	18	8	51	22	66	1	58	14	70	52	98	81	25	61	2	24	65
87	66	84	59	39	8	36	98	1	76	89	75	9	4	25	9	44	52	25	61
54	72	59	18	83	10	39	36	22	79	26	20	9	44	96	91	64	66	3	77
75	9	28	76	6	17	17	12	82	97	76	77	69	62	42	28	77	84	31	14
5	38	81	71	33	39	50	35	93	65	63	41	68	97	91	86	98	63	23	99
56	10	87	7	82	18	30	8	51	4	69	9	68	11	11	55	98	37	21	5
24	77	95	15	68	84	59	75	69	7	44	29	54	71	42	84	96	40	73	43
76	91	58	43	19	39	88	91	72	21	62	69	2	48	8	42	91	19	32	69
88	2	98	92	74	4	56	43	19	79	24	63	72	87	76	80	10	2	56	18
25	19	29	57	7	23	47	34	83	94	70	80	56	55	48	87	37	80	91	31
72	30	3	6	38	68	15	22	30	94	8	26	38	12	19	66	40	28	49	60
58	78	30	74	81	61	72	32	48	52	44	35	76	25	82	65	65	38	31	70
17	6	72	83	65	87	18	4	13	56	57	81	79	81	74	54	95	12	21	56
50	38	31	40	49	96	49	93	6	10	51	13	43	76	81	31	90	62	5	28
86	73	15	37	83	13	32	74	8	66	1	70	95	80	88	44	65	78	40	64
24	80	3	88	54	69	28	44	1	92	60	27	15	87	95	24	90	48	62	8

3	13	8	5	6	7	17	4	17	6	17	5	18	2	9	18	15	11	9	20
9	19	17	17	2	15	5	5	19	18	20	18	1	16	3	8	1	14	15	4
18	10	10	2	7	11	5	10	1	9	17	20	3	13	1	8	15	17	20	10
2	15	14	14	5	2	8	7	3	16	4	5	8	8	18	19	10	10	13	9
19	1	10	17	4	11	19	20	19	7	6	15	15	8	11	18	17	19	7	1
8	20	4	8	9	12	17	14	8	1	17	6	13	7	5	4	18	10	1	4
6	12	3	10	12	5	9	2	5	3	1	18	8	7	4	3	8	18	2	18
9	4	1	12	18	3	17	14	5	6	11	20	15	18	10	19	16	8	10	15
8	2	19	11	9	5	9	5	13	15	2	8	19	8	3	9	3	14	20	9
12	12	1	1	14	7	2	13	17	17	2	15	16	13	13	20	14	15	15	17
14	5	4	3	5	13	15	15	4	14	10	3	12	10	14	6	4	12	1	3
5	5	18	1	13	12	20	20	20	16	7	12	9	17	1	9	12	2	10	17
5	1	15	16	18	1	16	5	17	10	1	16	10	11	15	19	14	10	12	4
10	1	2	14	8	5	18	6	11	16	3	18	13	7	17	16	19	11	13	6
20	10	16	19	5	9	4	1	4	9	9	18	17	10	5	9	4	7	12	12
13	1	14	19	7	19	8	5	15	4	8	11	6	4	5	7	5	6	19	8
7	17	19	13	16	15	18	12	3	18	6	8	17	1	4	9	2	7	19	11
3	12	1	6	8	20	4	9	7	12	9	12	16	5	4	17	2	7	16	8
5	4	20	8	16	14	11	5	16	1	18	12	9	8	13	4	12	14	17	2
15	4	19	10	19	19	13	6	7	7	8	15	13	20	15	16	15	5	6	19
17	3	6	18	11	3	3	3	13	4	6	12	16	7	10	17	18	4	9	2
10	3	11	4	14	4	6	16	6	12	16	13	17	16	14	14	13	9	7	9
18	7	11	7	1	2	7	18	19	15	13	14	12	18	15	4	20	13	10	4
10	14	16	6	15	2	10	5	15	7	5	20	19	3	1	7	7	3	11	17
19	5	1	1	2	18	9	8	10	19	13	14	18	2	20	3	13	4	6	10
9	3	10	3	17	10	10	7	5	18	19	20	9	7	18	14	18	20	13	19
11	16	4	14	3	14	9	10	4	4	16	7	15	11	6	20	14	13	8	9
3	5	7	11	11	1	19	12	20	11	18	7	8	2	4	17	5	3	20	4
5	20	9	13	11	7	2	9	9	3	11	15	6	8	13	10	13	9	9	12
2	11	9	11	13	10	15	5	7	6	10	19	20	12	12	16	3	11	10	13
7	7	7	15	19	5	15	15	7	9	20	2	15	18	13	16	19	12	18	19
2	4	15	17	3	15	12	19	7	20	14	8	9	7	18	4	11	12	12	20
6	1	13	1	10	19	19	16	1	17	15	4	12	2	8	10	9	13	8	4
9	10	14	17	15	15	20	1	20	10	16	14	10	12	15	11	14	5	14	19
9	15	18	10	7	10	15	10	18	12	16	11	13	8	19	10	5	10	8	17
3	13	19	14	4	12	19	1	9	18	6	14	17	19	12	12	16	4	2	15
15	12	9	20	7	16	2	9	5	17	5	6	6	8	10	19	14	20	6	18
3	14	14	15	1	2	16	14	12	2	10	18	19	11	17	5	3	9	10	17
11	6	8	9	2	17	18	7	9	1	4	16	19	10	11	7	13	13	10	13
19	17	6	5	18	19	7	20	18	16	7	7	4	9	12	1	17	7	14	2
3	18	16	14	2	14	14	5	14	5	4	16	7	1	6	8	10	17	6	17
15	5	9	3	17	2	15	6	6	9	1	12	12	13	19	7	9	3	19	9
2	8	13	14	2	10	20	12	13	7	20	10	15	12	4	12	16	12	3	11
5	20	8	20	3	16	16	13	6	20	3	7	20	9	19	14	20	3	7	20
12	13	20	15	3	12	11	16	7	19	11	9	13	1	11	17	10	20	8	19
10	6	10	4	2	10	19	20	17	10	13	18	16	13	18	19	17	14	11	19
5	4	12	6	1	1	6	7	16	15	13	18	14	18	14	14	4	2	3	12
7	2	7	2	17	8	19	13	4	16	7	2	12	17	19	1	13	8	15	5
15	16	1	9	12	13	17	15	20	2	5	19	20	19	2	7	19	3	3	7
19	13	15	11	7	16	8	14	17	9	19	11	3	16	4	13	11	2	4	15
1	3	19	20	17	12	15	1	1	11	11	15	6	15	11	4	2	8	18	1
1	5	19	11	1	18	1	9	12	20	6	12	19	16	10	13	17	9	20	14
18	11	7	20	5	11	10	16	17	3	2	10	6	16	10	16	11	20	7	13
5	9	3	6	9	1	7	13	20	18	20	7	14	10	12	14	12	10	4	18
7	16	8	7	6	18	10	18	15	14	13	3	5	17	18	16	9	13	19	3
7	6	4	12	17	19	8	14	16	2	7	19	12	6	7	9	6	20	5	9
17	17	18	10	8	5	14	2	6	1	3	11	11	17	3	8	6	16	12	20
15	15	20	6	11	4	19	1	1	17	10	7	19	20	5	7	3	13	11	16
2	2	9	16	8	15	15	20	18	8	19	19	20	12	7	6	17	12	9	19
5	9	16	19	3	19	19	20	6	2	11	8	13	1	2	17	1	17	3	11
11	3	11	6	5	11	16	19	14	2	6	16	9	5	13	18	6	10	2	14
16	18	6	16	13	1	18	16	6	5	9	18	13	7	7	9	2	14	5	14
12	10	6	9	1	1	11	20	13	13	8	10	15	11	18	7	19	5	9	7
6	20	17	16	4	5	20	11	8	19	1	4	1	4	16	1	1	1	10	3
4	12	19	14	16	5	11	14	10	10	4	17	8	3	7	15	14	19	14	10
6	15	1	15	1	1	2	5	15	3	16	15	1	20	1	19	7	19	4	9
7	6	12	17	20	14	16	7	15	12	12	5	20	18	8	1	11	11	6	14
6	16	9	14	14	18	4	18	11	2	3	17	12	9	16	3	10	2	18	13
8	15	11	11	4	6	17	13	8	1	14	1	8	16	13	11	14	3	16	20
18	20	10	13	16	5	11	6	8	18	6	14	4	16	9	5	5	6	12	8
18	13	8	17	4	7	20	6	1	16	7	14	17	5	9	13	16	10	6	3
19	16	9	9	12	11	8	3	7	7	11	12	4	7	4	16	8	17	18	13
10	4	11	2	9	17	4	17	18	10	9	8	19	19	6	7	2	9	15	17
1	7	6	11	14	7	17	3	5	4	6	3	9	13	13	12	9	13	18	16
5	8	20	10	1	14	13	9	17	17	20	19	4	9	8	10	10	19	14	17
8	3	8	3	1	4	16	7	18	11	12	2	6	10	20	13	2	17	10	4
4	5	17	18	4	7	10	9	1	14	16	1	17	17	18	4	13	18	10	14
14	19	14	2	11	11	20	13	16	11	19	3	5	19	12	4	18	7	3	14
1	8	18	8	12	13	15	20	14	12	19	18	3	5	14	1	13	9	4	3
6	11	20	18	13	15	20	9	20	3	20	13	9	9	12	9	7	11	2	8
13	15	17	11	20	12	10	2	18	12	19	7	7	16	2	12	12	10	20	12
16	8	5	5	5	6	20	16	11	1	20	13	18	7	18	1	20	14	13	6
16	11	16	10	12	3	3	19	6	5	11	19	9	10	8	13	16	18	10	9
20	19	5	12	10	10	4	2	18	17	4	5	16	13	19	8	8	5	20	16
17	17	18	12	16	16	15	12	11	1	10	4	20	12	17	16	16	15	9	9
18	8	13	11	3	3	12	13	10	18	2	4	15	9	8	13	17	1	6	14
12	3	4	15	9	7	1	10	1	1	6	10	3	13	17	7	15	19	3	19
6	7	13	10	15	3	10	20	4	11	12	10	13	4	18	3	7	18	11	2
5	14	3	2	16	18	6	18	5	3	19	12	5	17	4	4	11	1	14	11
1	14	18	9	15	10	19	12	13	10	4	10	7	4	16	5	1	7	5	15
10	9	7	4	18	15	8	17	9	5	15	12	12	5	17	6	15	15	9	3
8	18	17	11	14	2	18	7	8	2	15	13	8	20	6	9	2	1	7	6
7	20	17	5	4	15	13	14	18	7	3	18	8	5	8	15	10	9	14	15
13	15	19	11	4	2	10	8	17	15	8	6	1	12	9	9	7	14	17	5
7	2	10	11	1	4	7	7	1	20	19	2	3	11	17	6	20	18	9	18
7	2	2	18	17	11	15	13	5	14	14	10	17	14	7	4	16	4	1	10
18	14	10	5	20	18	5	13	20	6	2	15	5	16	1	5	14	12	5	1
12	6	8	6	7	3	16	3	15	9	2	14	15	6	4	11	5	14	9	3
1	19	12	11	7	6	1	8	2	8	15	10	2	18	4	10	16	3	19	2
7	3	4	4	17	1	1	20	1	11	11	7	3	2	2	1	17	10	3	17
11	19	2	8	10	6	10	9	4	11	6	7	3	17	7	20	9	16	15	2
2	4	11	16	7	7	5	14	5	6	18	12	19	9	20	14	17	8	12	17
14	7	17	7	20	16	15	10	17	16	5	2	8	15	12	9	16	16	11	4
5	4	4	5	18	17	6	13	1	15	10	10	5	1	11	6	8	2	4	18
3	17	5	2	10	15	1	15	13	16	8	7	7	18	15	19	9	1	18	8
15	11	10	10	4	3	12	10	2	17	20	4	11	10	20	18	19	5	1	1
20	5	10	18	15	15	7	15	4	3	2	9	12	3	8	4	10	6	18	6
3	11	14	8	5	6	20	18	2	8	14	10	12	12	2	9	2	12	9	19
6	16	11	18	12	9	4	11	19	3	8	4	12	2	11	11	3	14	10	15
7	5	15	1	2	4	7	19	17	12	12	11	16	4	20	9	5	16	8	5
17	11	16	11	15	15	5	17	14	16	13	19	12	5	16	5	17	10	19	14
18	8	8	13	19	16	14	17	3	12	7	11	12	10	9	10	13	10	19	9
7	2	5	20	9	5	11	17	9	13	15	7	19	6	14	12	7	11	7	15
17	7	20	9	9	5	5	6	1	20	14	11	7	4	15	20	16	19	10	20
11	10	14	15	11	17	9	2	13	17	20	9	16	16	7	18	20	12	6	15
11	7	6	3	19	10	4	14	7	11	7	10	3	13	8	1	17	3	11	15
15	1	6	1	19	9	4	17	2	16	9	14	4	12	6	16	5	11	17	13
13	4	15	20	13	14	5	1	4	8	13	2	14	16	10	16	6	13	18	7
9	8	6	10	18	19	7	10	2	8	4	13	5	17	11	7	7	14	13	10
2	20	14	17	20	16	12	15	12	7	5	18	3	8	7	17	18	5	18	14
6	6	9	9	5	4	6	18	13	8	20	12	5	14	3	19	4	14	18	4
7	4	3	9	18	16	20	17	7	7	14	9	12	8	15	5	4	18	14	14
12	16	14	15	11	15	12	4	9	15	8	7	17	2	9	11	14	5	12	12
17	6	15	1	1	18	11	9	8	14	1	15	1	20	18	4	10	14	8	10
5	13	15	16	1	10	8	6	2	11	14	1	12	16	17	16	16	18	6	4
20	9	16	4	7	16	14	9	14	19	10	19	1	3	5	9	11	7	15	2
12	14	5	11	8	15	9	18	11	16	14	8	14	1	13	2	14	14	12	3
16	5	8	16	15	18	15	10	12	8	10	10	17	19	3	1	16	4	3	17
18	13	3	16	2	17	14	18	10	11	10	12	8	20	6	3	11	2	14	4
14	12	7	1	15	17	9	5	6	4	3	17	19	3	17	20	17	4	2	1
10	9	3	13	19	5	13	11	13	14	6	16	20	11	18	11	17	14	8	9
15	13	20	11	18	3	8	12	7	7	16	20	13	19	5	16	12	14	3	16
12	10	3	12	10	12	15	6	4	5	20	1	9	18	9	13	18	6	2	17
6	8	17	4	5	2	19	5	14	11	5	17	10	2	16	12	2	2	16	7
3	6	16	10	16	12	12	16	4	13	8	10	12	16	13	8	10	4	20	4
18	3	9	15	20	19	8	10	12	17	18	12	13	20	12	6	10	12	18	4
19	14	10	14	2	13	2	18	4	1	19	10	18	15	19	8	12	7	12	17
18	20	7	10	15	14	8	8	16	15	20	2	18	7	3	17	9	3	9	12
19	6	3	19	16	1	15	11	10	5	18	12	1	15	16	20	15	18	4	15
18	11	20	18	12	11	3	9	6	10	1	10	2	8	8	10	20	8	17	18
1	8	11	19	16	12	15	5	11	20	19	15	4	15	8	19	1	9	1	16
8	6	14	1	1	8	9	16	17	1	17	18	1	13	16	2	11	4	13	2
16	4	1	6	5	3	6	4	2	19	4	12	4	19	10	19	4	4	12	13
2	11	20	16	3	9	2	10	17	3	10	2	14	3	1	11	20	3	10	4
9	5	15	20	1	1	5	10	3	11	6	9	4	7	12	3	15	7	18	19
13	8	3	15	16	18	2	12	15	12	11	20	5	11	8	18	9	5	1	4
14	8	13	17	6	18	20	14	18	11	7	9	4	12	6	12	13	5	2	16
15	4	7	15	8	19	15	4	17	7	15	3	2	18	8	9	11	9	5	20
19	15	6	3	1	9	10	8	8	5	1	12	15	20	19	12	1	5	20	11
4	16	6	18	5	6	9	6	4	15	9	5	10	4	17	7	9	10	5	16
1	16	17	8	6	7	6	4	10	17	10	14	17	18	5	7	20	6	2	9
1	9	11	5	19	5	19	10	6	12	3	15	7	20	10	10	7	6	3	13
9	17	13	11	15	20	16	15	2	5	14	1	4	15	1	19	6	11	2	20
19	18	17	13	16	18	19	6	10	14	12	17	19	3	3	16	13	1	16	18
6	7	4	12	4	12	7	10	14	10	18	1	20	19	13	17	15	16	20	15
3	19	1	2	20	10	9	1	9	15	17	20	18	18	8	13	1	15	3	14
3	17	17	16	2	6	17	19	20	6	12	5	2	16	7	16	4	20	3	16
8	3	5	13	12	8	10	20	6	10	14	16	8	12	7	6	7	2	15	7
14	14	18	6	12	3	17	3	16	10	5	15	9	4	12	8	16	4	6	18
1	3	19	10	20	12	19	4	16	13	10	16	2	15	7	3	13	5	13	10
20	11	8	11	18	1	8	10	10	4	19	8	20	20	4	14	2	11	20	17
9	7	7	18	14	18	3	3	4	12	10	3	13	4	6	10	20	11	7	13
17	1	16	2	5	14	5	15	10	10	3	20	18	16	14	1	17	6	6	8
12	18	9	7	8	13	10	16	20	6	15	19	8	6	6	5	18	11	14	16
19	15	14	3	7	6	13	11	19	7	9	2	19	16	12	18	13	19	20	8
3	1	5	14	15	1	5	17	15	3	2	17	6	6	6	7	10	17	1	3
10	8	9	17	7	9	5	13	14	15	6	7	11	1	18	11	18	16	5	14
3	13	13	6	3	13	20	16	17	20	10	9	6	3	15	3	4	17	5	3
5	16	8	7	10	2	12	1	4	7	3	19	3	11	8	14	19	6	5	1
19	20	14	14	6	20	9	5	11	14	7	9	11	6	12	12	19	20	18	14
5	11	14	19	16	1	4	12	2	14	13	13	15	19	12	5	9	9	13	7
5	3	12	16	14	18	17	16	10	16	14	3	12	20	1	5	7	15	8	1
8	16	18	13	19	8	5	13	13	9	9	20	12	1	6	18	15	11	12	7
12	12	10	18	2	6	5	17	17	19	2	2	4	13	10	20	14	7	5	16
16	12	17	16	3	19	9	11	17	19	6	14	6	2	17	14	18	5	3	11
12	15	7	1	15	5	8	3	20	2	5	8	16	9	13	2	1	20	15	8
20	12	14	16	16	20	18	4	16	5	3	19	1	7	6	17	17	9	3	13
5	12	18	6	3	18	5	3	9	2	17	15	13	16	10	15	3	7	9	6
11	15	1	6	13	9	6	10	2	6	2	3	20	18	11	17	18	3	2	18
19	6	17	11	6	19	14	17	9	5	1	19	19	11	19	1	17	12	2	12
19	20	13	2	15	17	10	15	9	20	4	8	12	15	11	6	17	6	6	8
14	1	1	3	3	12	15	1	19	10	17	5	12	16	4	16	10	1	6	10
13	7	8	5	1	7	2	10	13	8	20	10	9	6	9	8	7	7	16	18
13	9	20	15	9	11	14	15	18	6	11	6	1	16	20	13	19	19	15	5
13	19	14	14	4	1	13	11	17	7	15	5	15	8	7	14	17	6	20	15
17	2	4	1	6	15	4	3	9	4	1	16	10	5	3	15	1	14	4	15
13	9	12	6	12	3	6	12	6	4	6	19	13	13	14	18	8	5	5	2
10	4	5	12	3	16	2	12	9	14	10	10	7	19	14	7	7	12	17	3
1	5	15	11	2	18	6	12	9	5	10	5	15	12	10	16	10	6	1	19
16	10	17	17	15	5	7	1	1	6	14	16	15	17	3	6	14	3	9	7
9	3	2	9	16	11	18	20	15	16	3	1	12	12	18	1	10	6	5	18
1	14	12	8	2	8	8	17	19	1	20	11	1	19	16	17	12	19	16	2
1	7	9	19	12	5	20	1	7	4	13	8	16	19	13	17	19	12	18	9
4	1	6	18	1	15	4	14	1	12	14	9	13	7	4	15	3	16	7	16
13	6	2	1	12	15	20	6	14	19	2	3	17	19	20	4	15	9	8	9
1	7	16	8	12	18	7	20	7	8	3	6	15	19	11	19	8	19	18	4
11	1	12	1	16	7	5	2	3	9	20	7	4	9	15	18	9	5	15	17
17	10	13	11	3	2	18	9	16	14	12	5	9	14	15	12	1	12	14	17
3	1	11	8	3	18	8	1	14	5	10	13	6	3	19	20	1	4	7	14
13	19	16	6	4	3	17	4	2	11	1	11	18	6	6	13	10	18	13	10


2	1	2	1	1	2	2	1	1	2	2	1	2	2	1	1	1	1	1	2
2	3	5	2	1	2	1	2	2	3	5	3	1	5	3	3	5	5	4	3