200	5	20

1	1.3	1.55	1.75	2.1
4	6.76	9.61	12.25	17.64

98	25	6	41	59	80	11	54	92	75	73	59	52	50	85	53	29	28	38	13
89	19	60	82	47	88	64	10	88	54	54	84	50	53	88	38	12	84	85	50
98	95	26	26	31	97	78	53	79	39	84	48	81	55	86	53	19	16	72	5
25	14	13	81	15	37	1	57	96	99	33	64	22	71	95	65	60	23	76	35
93	12	1	98	61	13	91	68	63	13	58	39	32	84	4	46	80	66	29	44
67	54	55	52	14	72	24	80	86	26	2	62	17	83	8	38	96	49	50	69
35	64	10	24	60	80	52	48	69	20	71	80	30	78	4	55	90	98	25	67
80	30	55	69	62	43	95	13	62	89	74	16	78	28	47	12	73	70	4	22
23	50	43	86	76	66	98	99	80	60	20	2	34	5	25	28	46	43	27	70
98	35	19	51	11	27	48	10	16	59	89	96	36	86	60	88	4	28	79	26
83	36	47	40	14	33	10	43	97	68	97	38	63	40	20	76	95	17	71	52
39	41	91	70	17	17	12	25	35	83	24	59	65	26	81	38	51	93	37	56
53	92	8	23	14	40	85	49	25	83	16	1	23	56	49	85	61	84	19	54
39	6	86	12	76	50	42	86	54	33	83	54	86	82	44	18	8	1	47	10
63	98	50	45	19	68	88	78	48	22	47	86	12	65	36	72	73	12	62	33
78	49	30	52	72	19	32	90	26	37	46	37	17	84	81	11	62	93	65	55
14	54	15	42	10	86	92	98	40	59	60	68	7	98	74	72	20	87	29	48
78	89	41	88	94	47	70	13	93	28	17	84	22	34	34	49	68	11	72	63
96	68	85	32	54	65	29	11	44	24	57	3	18	27	40	17	68	21	99	64
8	72	19	68	61	13	67	49	5	34	95	17	35	56	46	46	64	56	70	50
85	34	49	86	90	23	51	84	24	32	22	6	89	70	57	27	27	11	95	28
1	75	40	12	22	27	10	2	4	37	90	26	64	62	7	60	3	28	62	15
8	37	95	52	40	81	7	35	28	57	49	50	52	64	6	63	50	80	88	17
83	46	90	32	95	89	39	98	92	59	43	90	70	63	32	29	60	15	31	3
69	87	87	10	41	23	34	22	88	59	2	10	36	76	2	62	49	70	38	89
75	69	72	52	84	83	49	58	33	6	66	88	41	3	88	37	28	74	78	94
30	2	19	1	88	27	56	25	31	30	73	55	72	13	27	53	17	19	47	2
52	72	9	84	13	56	52	39	86	35	89	5	79	53	60	56	77	19	64	31
48	12	1	81	92	94	89	28	39	37	31	76	45	57	31	80	80	62	93	37
61	21	96	17	70	80	32	46	46	87	76	34	14	39	12	73	44	16	63	83
55	47	92	56	93	91	67	27	30	40	85	49	88	23	98	45	93	6	46	24
16	36	28	31	64	66	85	94	32	43	17	96	46	59	26	10	29	91	85	71
10	44	31	76	35	94	37	36	10	80	50	6	17	84	49	88	57	4	45	87
82	98	36	90	49	38	91	62	98	96	94	39	96	1	72	42	35	76	45	50
35	76	27	94	37	29	46	8	87	19	89	87	5	98	28	99	60	52	35	5
15	18	36	37	53	27	6	8	34	68	16	89	30	39	62	77	8	17	30	93
97	75	30	85	39	98	89	86	40	76	83	60	9	56	60	49	36	41	13	56
62	63	54	75	12	60	33	95	63	7	72	28	80	90	46	32	40	27	4	63
36	21	26	79	84	80	92	45	46	37	56	60	53	31	22	69	47	96	84	92
76	68	54	19	16	46	42	84	75	83	65	24	51	36	52	24	82	64	93	73
66	40	26	81	30	7	78	49	51	60	67	40	36	50	24	76	15	38	1	75
33	33	6	5	13	40	55	27	42	21	31	26	5	38	72	60	97	25	7	85
70	78	3	72	7	89	42	27	75	31	12	32	91	49	58	22	98	22	31	57
28	80	28	52	31	28	82	41	81	4	77	10	92	96	10	41	60	45	64	76
45	8	4	75	67	10	24	5	46	73	92	59	21	58	99	74	81	6	57	64
13	85	8	53	32	60	95	50	25	92	14	86	75	29	67	57	49	42	89	46
19	3	82	21	39	86	18	31	67	52	90	26	87	4	91	12	1	31	33	93
21	71	77	42	37	34	4	75	91	52	91	72	30	52	85	23	50	8	52	31
61	82	28	44	87	74	22	22	87	24	68	57	84	23	27	99	15	9	90	6
80	55	13	22	80	19	81	86	5	6	29	68	88	5	43	44	59	72	23	95
86	72	95	98	2	19	94	33	36	38	38	6	88	69	17	26	56	14	41	13
2	62	4	47	51	56	18	73	42	36	34	96	73	65	22	57	30	43	67	5
35	20	76	17	91	11	88	72	39	32	89	87	11	65	66	8	15	81	18	21
6	82	54	74	71	90	42	41	1	59	86	67	93	6	52	7	23	74	51	59
85	97	83	72	37	35	38	59	96	84	63	34	47	26	84	59	32	92	50	26
32	94	91	78	35	65	12	15	90	15	66	51	45	5	78	47	63	10	32	80
88	34	96	31	25	84	63	52	25	95	50	96	17	91	56	47	52	21	79	55
46	12	29	25	5	61	50	44	11	89	84	38	4	59	70	85	68	58	89	91
62	21	85	97	27	87	70	57	59	27	3	86	50	42	17	15	81	43	80	43
13	88	79	38	24	9	13	96	36	7	57	2	30	40	12	63	12	25	87	8
76	90	98	55	91	71	42	58	41	7	25	15	10	41	79	30	69	17	57	99
58	21	86	84	63	61	16	78	57	1	51	9	56	20	69	83	48	96	40	11
66	95	25	7	48	3	86	2	89	28	79	81	71	8	92	62	4	48	93	26
2	48	27	95	53	8	67	50	37	56	65	95	41	8	17	43	52	29	46	58
45	14	83	61	14	94	38	89	87	37	17	69	23	40	85	2	85	38	35	83
63	77	19	67	26	66	72	4	32	24	61	55	30	50	85	96	77	78	36	65
7	45	97	7	46	44	48	6	39	64	28	12	38	6	1	90	8	98	23	33
88	26	51	92	36	11	43	69	61	69	7	57	11	40	68	99	76	62	91	68
57	2	85	63	41	44	35	63	29	9	58	33	83	66	67	48	26	51	42	61
30	18	63	92	27	57	89	65	87	84	36	65	74	57	80	65	31	4	6	39
80	11	60	58	77	11	85	79	56	82	28	12	14	33	3	96	68	81	38	16
38	13	82	16	7	8	39	33	45	4	30	47	94	63	72	50	88	16	67	15
15	27	50	13	5	11	39	63	81	13	82	84	14	4	35	68	76	85	22	15
27	24	68	57	28	23	45	24	93	62	2	84	69	67	1	15	62	62	43	50
61	40	17	73	29	97	16	86	33	75	12	31	58	9	94	53	62	99	78	29
10	60	58	35	85	93	55	37	9	34	57	98	57	54	95	57	47	22	45	9
97	73	47	85	18	99	66	45	36	86	83	35	39	53	80	97	6	7	46	87
96	48	36	36	18	92	21	33	80	65	82	19	25	56	82	36	70	71	9	75
57	56	46	83	59	72	57	12	41	1	71	84	65	58	38	45	47	20	69	57
20	16	25	6	68	20	92	31	99	8	26	91	30	6	81	83	86	49	61	28
63	7	82	17	92	96	88	78	95	14	22	53	80	1	5	96	99	72	37	83
12	49	39	4	24	51	33	58	19	93	27	41	38	43	53	91	72	94	11	64
42	52	32	50	90	79	19	88	61	76	70	61	3	39	46	87	71	74	56	19
2	64	2	65	97	90	35	81	51	73	86	69	95	59	26	40	68	83	27	98
20	79	58	3	55	38	40	40	31	63	35	88	74	89	80	57	23	86	67	19
45	76	69	77	96	64	70	4	74	25	42	34	81	25	49	60	14	50	96	35
68	88	36	17	78	31	83	33	41	3	96	73	4	86	40	59	95	40	63	54
16	45	10	31	84	79	89	2	63	1	44	66	84	98	94	82	56	32	72	21
65	22	52	29	20	73	43	33	49	39	78	25	96	76	58	28	32	28	10	41
8	98	88	78	1	16	26	10	9	56	85	34	15	2	62	1	82	84	90	87
8	50	37	73	39	80	31	14	59	86	25	71	63	95	40	67	3	30	62	56
81	50	93	36	27	88	91	6	51	33	3	67	70	62	93	14	92	85	51	68
73	28	63	71	87	7	2	17	86	5	62	26	2	44	27	8	9	26	7	31
66	36	37	10	5	78	96	1	14	53	42	4	68	37	34	7	62	26	25	42
82	92	41	88	29	54	9	83	20	92	59	37	84	4	84	28	34	51	33	46
97	8	36	43	71	61	6	46	50	72	95	97	11	26	72	19	53	89	26	99
97	43	25	17	23	42	64	48	77	56	19	98	34	43	47	82	40	59	19	84
45	2	50	48	20	72	83	10	20	16	23	80	13	8	24	99	57	49	58	38
21	19	65	33	63	46	47	56	96	95	78	30	6	99	73	73	76	68	3	1
63	16	65	23	37	92	71	27	61	8	1	34	31	77	41	13	58	35	22	30
78	65	46	60	58	71	20	68	34	51	34	28	50	43	94	75	45	25	28	17
45	73	54	24	68	4	62	91	28	6	25	59	76	85	88	80	42	9	81	54
61	93	17	39	91	95	32	72	79	8	22	90	82	95	12	39	87	90	33	87
29	9	57	93	19	43	52	37	63	61	26	11	75	53	83	76	38	18	62	3
94	1	86	16	35	60	66	11	41	50	85	78	34	45	32	96	18	24	23	24
37	32	84	11	40	3	4	33	65	26	83	39	70	22	47	33	49	46	50	83
54	42	33	37	76	98	82	67	65	80	65	88	49	87	97	77	4	7	93	43
18	96	83	42	26	70	33	30	7	58	87	63	39	22	82	37	75	63	39	76
19	36	55	64	48	67	11	15	78	63	37	78	24	43	67	40	20	39	47	42
94	17	14	13	49	49	40	70	74	74	12	37	1	2	53	78	24	65	9	10
1	79	94	5	48	58	59	95	5	4	88	9	95	22	78	16	50	70	9	9
16	9	50	6	9	64	15	34	23	40	42	47	6	93	38	70	86	72	81	80
76	91	96	7	39	71	48	62	67	35	30	57	43	92	43	34	22	42	96	14
66	27	52	13	6	54	59	81	53	25	62	57	31	98	50	19	63	33	12	54
12	71	88	98	36	22	59	81	36	91	89	53	52	80	14	40	12	74	13	60
11	51	62	44	78	18	46	92	9	75	38	92	78	26	88	90	97	58	70	47
19	62	35	39	82	45	1	94	72	4	29	79	93	66	1	43	47	33	45	56
37	58	67	46	76	65	95	14	21	18	92	88	90	35	44	34	50	10	78	77
1	67	24	82	78	9	60	8	12	78	95	85	49	70	78	15	2	93	93	49
18	25	29	20	75	60	26	27	9	22	98	1	30	60	84	87	53	71	22	54
21	46	58	83	28	78	31	6	74	90	54	17	95	61	67	18	77	58	82	85
16	49	44	62	93	45	50	17	9	21	15	80	53	70	13	83	56	94	2	4
59	69	89	13	41	41	71	96	13	93	22	3	89	34	98	15	19	36	53	14
47	41	39	61	21	23	93	92	97	94	14	61	14	70	43	99	26	86	22	43
36	12	12	40	3	89	55	73	71	84	81	62	14	25	85	61	83	75	54	45
61	90	5	34	44	8	96	52	58	55	10	1	31	36	50	76	88	16	13	4
98	21	93	59	30	73	92	14	1	21	72	18	43	78	53	27	41	78	92	60
3	20	50	72	21	23	23	7	89	75	6	72	56	62	59	84	56	28	62	95
40	83	46	99	32	47	94	42	56	62	69	1	80	42	16	87	19	26	20	22
86	13	62	76	72	32	99	7	19	44	99	52	2	54	81	97	69	17	13	64
4	34	13	79	22	43	76	89	89	86	1	66	4	46	9	49	18	6	84	51
3	11	53	2	24	75	53	14	55	55	64	83	63	47	62	16	83	88	91	20
45	14	92	20	21	40	8	36	20	35	84	66	34	83	21	2	70	37	57	92
43	19	48	65	96	2	21	69	27	35	46	69	5	99	51	50	54	71	8	43
38	27	97	34	31	52	89	89	60	40	9	90	15	78	11	17	57	32	38	76
92	58	99	48	85	61	1	74	6	6	49	18	21	90	57	26	52	26	80	6
81	34	41	56	50	69	11	27	56	90	37	2	59	40	23	84	48	17	4	55
69	58	73	29	18	50	37	44	47	75	27	30	35	80	96	24	23	51	22	91
38	24	91	78	44	39	40	26	36	24	28	50	96	49	37	28	80	22	95	91
64	50	69	39	1	60	44	83	74	48	58	63	93	50	19	35	58	24	84	63
28	96	65	82	61	28	51	29	93	17	22	20	72	57	76	96	4	26	97	7
14	17	83	42	31	36	33	5	6	41	23	47	35	95	93	18	30	52	41	51
53	49	20	59	89	65	97	17	8	93	17	33	74	69	57	72	54	25	28	31
29	62	97	65	50	96	93	50	23	10	65	18	74	45	17	34	5	66	79	68
24	61	10	11	18	66	58	73	8	76	62	27	72	93	96	45	79	50	26	38
52	63	48	51	50	54	42	1	63	5	31	66	71	4	4	2	3	62	2	21
94	12	90	6	90	25	50	32	34	37	8	15	80	1	39	60	40	62	91	20
37	18	31	18	52	81	16	68	15	96	45	5	17	5	82	83	18	46	22	90
68	68	55	23	63	49	36	40	83	54	54	49	28	14	45	41	52	97	19	89
9	9	66	86	45	52	75	22	2	49	99	3	33	34	77	58	53	15	41	94
34	66	61	76	56	58	87	84	78	47	26	20	99	84	86	46	95	53	78	50
75	34	8	71	70	57	2	61	55	2	68	40	22	73	57	68	72	47	19	25
27	17	76	94	47	85	47	55	53	66	29	80	29	67	92	80	46	76	41	62
56	30	62	32	40	5	34	41	36	74	69	59	28	67	76	40	70	78	80	71
63	2	36	5	57	60	12	79	89	42	14	59	68	60	38	32	14	24	11	48
38	70	21	78	23	83	86	78	71	57	91	48	61	76	35	80	27	52	35	99
34	34	52	58	17	76	69	51	79	59	15	46	76	23	78	40	72	19	73	91
35	82	96	77	50	23	71	68	46	22	31	87	80	69	93	5	65	34	8	11
44	20	68	96	32	93	36	42	66	19	44	95	83	64	9	14	46	95	62	15
5	40	35	5	80	24	31	19	90	87	47	85	1	44	41	71	98	40	33	34
95	20	35	41	38	26	42	47	95	80	42	17	47	1	83	90	15	38	84	82
85	14	78	2	98	70	80	34	22	99	57	39	59	46	93	15	81	72	31	92
18	68	92	74	1	42	71	63	26	46	80	43	75	59	44	99	99	24	69	64
95	43	63	73	79	93	63	73	29	36	16	49	45	8	8	30	76	77	41	60
77	32	68	26	32	37	16	53	59	67	20	21	43	92	90	15	96	41	68	98
47	55	62	1	35	2	75	32	66	79	83	88	26	19	29	3	98	40	8	13
9	9	55	48	82	90	19	2	41	35	16	39	17	2	98	9	60	80	8	32
27	46	67	56	88	57	57	8	36	53	28	39	3	54	51	23	66	32	56	68
13	47	11	68	2	36	76	86	26	2	50	47	57	69	78	26	54	69	37	25
14	97	33	56	45	14	70	14	23	26	1	93	80	63	37	21	11	81	56	67
77	62	51	59	64	65	4	7	53	62	36	49	58	22	73	61	19	57	77	7
87	22	64	99	87	18	8	40	24	13	6	58	82	48	34	29	65	46	37	48
90	81	63	79	26	23	89	52	37	99	3	30	25	44	89	37	16	79	38	56
72	84	93	85	56	66	23	96	50	70	42	34	51	91	68	43	7	77	24	79
87	59	93	78	50	98	10	53	32	9	16	95	36	54	90	55	28	60	93	58
73	27	9	84	79	51	75	11	75	97	55	52	84	85	29	47	19	9	9	55
81	73	88	73	71	5	80	90	75	26	47	95	85	74	53	89	79	83	46	99
35	63	59	42	51	98	12	94	13	84	16	78	57	69	66	47	9	68	12	36
31	52	71	56	66	33	30	37	95	68	35	8	72	25	73	22	37	54	75	4
57	9	58	26	25	39	25	50	71	2	87	60	46	38	11	19	68	19	6	56
4	16	87	72	10	24	93	95	3	88	33	18	17	26	11	40	43	8	28	26
55	95	75	16	5	59	78	1	42	61	57	65	80	73	41	66	78	94	83	22
93	27	84	48	98	97	18	78	3	8	37	42	5	73	62	24	16	46	48	33
98	96	3	13	6	97	90	79	70	58	80	58	29	72	3	73	2	25	49	98
37	34	63	88	95	76	24	38	87	78	69	94	5	79	17	60	54	89	52	3
79	53	57	17	25	44	20	16	83	90	94	3	69	44	55	25	25	62	86	86
86	69	4	11	69	48	24	2	25	50	73	1	60	84	13	82	96	43	49	55
11	67	39	48	87	69	5	53	29	73	31	44	36	47	76	82	60	90	32	42
65	6	36	19	58	12	95	10	99	24	98	1	92	89	75	21	52	38	2	23
29	43	28	49	42	66	52	56	26	94	12	13	44	92	62	21	30	57	14	18
65	92	99	25	51	98	15	39	42	14	6	69	46	72	63	79	64	77	19	81
17	38	57	18	64	70	68	33	77	12	87	22	38	20	29	83	22	9	32	9
62	77	84	55	8	87	34	62	30	64	70	29	42	87	62	27	24	99	80	19
75	8	96	31	51	89	17	63	69	56	33	31	62	37	71	16	76	26	98	11
99	54	1	7	29	38	29	15	17	85	99	45	31	14	34	19	23	85	96	46
91	39	7	19	80	96	65	29	18	14	95	8	35	67	24	62	38	71	75	79
75	94	62	2	68	18	9	29	7	37	9	44	53	67	14	38	21	54	30	32
57	70	97	9	36	71	64	85	30	24	66	38	21	9	93	73	21	35	22	35
13	82	13	67	17	6	12	17	46	22	28	78	88	17	20	67	44	87	10	81
36	45	79	10	3	40	8	77	22	92	57	18	67	13	76	29	68	43	35	30

14	20	17	8	2	15	20	15	4	14	3	6	20	3	18	2	19	11	12	1
16	17	5	14	8	3	20	11	16	4	9	1	7	7	2	15	14	5	2	13
10	6	17	14	19	3	18	10	15	12	4	3	5	20	18	7	15	7	17	12
6	19	6	15	14	10	6	12	13	16	3	20	20	16	17	19	4	11	12	12
3	15	9	16	6	7	2	7	7	5	14	11	18	11	8	19	14	5	12	11
14	9	19	9	6	13	20	11	14	4	7	10	3	12	20	11	17	12	11	8
9	7	11	4	14	6	14	20	6	4	3	18	19	7	16	3	11	3	12	10
7	16	20	13	15	19	8	7	15	4	16	13	20	8	10	20	6	3	7	16
7	20	19	1	19	9	12	17	9	1	3	17	2	3	4	6	15	4	13	11
11	5	6	18	1	17	8	17	12	10	19	6	8	17	19	9	2	15	1	9
9	9	5	11	17	15	20	18	14	5	10	1	5	5	9	16	3	2	18	5
3	2	20	2	9	12	5	17	9	4	11	12	1	18	17	17	5	10	9	20
15	1	5	7	6	2	13	20	6	12	15	1	9	14	6	14	9	17	1	19
4	13	7	2	17	5	17	20	13	1	18	4	2	14	17	7	6	10	20	16
5	1	4	14	11	4	16	2	18	12	20	3	14	2	7	4	18	5	11	7
9	9	6	7	5	19	6	2	14	6	10	17	12	11	1	18	9	12	10	17
6	5	16	10	16	12	3	3	15	5	4	3	12	19	2	12	18	17	20	5
13	10	15	1	17	5	18	1	4	5	18	15	16	11	20	7	16	9	2	7
14	3	7	4	7	19	6	15	17	17	11	5	6	2	17	5	6	5	15	8
10	12	12	8	4	5	5	14	5	11	16	3	18	11	20	16	20	15	12	14
6	17	6	3	19	12	9	2	14	5	11	3	12	4	9	3	6	7	17	19
8	2	8	5	20	2	19	19	13	13	9	1	6	19	11	12	12	10	4	11
12	13	14	12	13	19	12	17	7	5	13	9	4	13	12	2	7	16	17	19
20	1	17	17	11	4	18	6	2	20	3	1	9	19	13	17	11	9	17	2
15	1	3	18	5	2	5	8	3	1	17	19	8	2	4	20	11	5	8	14
13	11	10	2	20	20	5	20	12	2	9	9	9	10	8	17	17	10	8	17
13	10	11	14	4	14	15	12	2	9	14	12	8	12	20	14	5	10	14	3
1	18	8	11	6	5	2	14	12	1	8	15	6	11	3	19	4	4	17	9
1	7	8	15	15	10	2	12	11	10	10	4	15	5	6	10	8	1	12	4
15	10	15	5	6	11	16	20	8	17	16	14	2	19	2	15	13	9	4	19
2	20	18	14	14	6	18	18	5	1	4	13	12	18	1	8	13	6	9	16
18	11	15	5	12	1	2	5	13	2	6	9	1	18	7	19	16	15	1	18
12	12	14	6	16	13	16	17	17	1	10	8	11	15	8	10	12	16	11	2
10	16	18	17	8	18	15	11	10	10	5	6	11	19	7	9	10	11	5	10
7	11	9	19	17	15	16	7	1	9	6	7	2	6	3	18	1	18	20	13
17	11	1	6	16	8	11	2	1	2	2	6	8	15	16	10	19	12	10	20
2	2	20	13	16	19	17	14	18	15	8	6	3	5	19	18	4	3	19	1
8	16	12	2	9	18	9	3	20	18	19	17	1	12	8	19	9	19	8	11
6	1	18	2	7	9	3	17	6	19	9	2	16	6	18	18	14	6	17	17
15	8	14	6	9	14	9	16	16	11	12	3	11	19	11	3	12	13	19	20
18	10	4	2	2	7	2	5	20	13	20	5	10	18	20	2	8	13	20	17
20	10	7	4	20	20	9	14	12	7	17	15	6	20	18	9	5	19	14	6
7	3	14	6	20	17	5	4	6	17	9	6	12	9	13	3	7	3	8	7
12	12	9	8	5	1	7	4	6	3	5	18	1	4	8	8	18	9	15	8
12	11	16	5	2	15	15	17	8	5	5	18	14	6	11	14	7	18	6	4
9	9	2	13	18	10	13	2	10	19	8	10	2	15	10	6	14	2	19	2
15	10	20	3	2	13	15	10	17	15	19	9	20	6	5	8	3	17	19	2
4	9	16	12	7	2	6	11	9	3	2	20	13	2	1	18	9	17	1	12
5	19	5	16	12	20	20	20	2	3	6	20	11	16	17	16	5	19	20	2
3	10	17	1	11	14	2	8	12	14	4	18	11	13	15	9	5	1	2	16
1	18	11	9	1	5	6	10	16	20	15	5	6	11	5	14	13	9	19	7
16	9	3	19	6	9	16	11	10	16	5	15	18	3	2	2	2	13	16	12
7	16	17	19	6	15	2	10	9	10	17	5	12	5	13	13	13	20	16	3
20	16	9	2	8	6	1	13	3	20	8	5	14	10	1	14	7	9	4	20
1	2	4	11	14	1	7	10	10	19	5	19	18	10	20	6	2	5	13	18
14	12	1	4	17	9	3	6	18	3	20	7	5	3	17	2	11	19	12	17
20	1	16	18	1	16	9	2	11	8	15	15	4	9	20	13	12	13	14	17
14	14	20	19	1	6	6	1	8	16	1	4	20	4	3	17	5	12	10	4
11	15	8	20	2	1	4	3	2	15	6	15	6	11	20	5	4	15	17	9
6	9	6	18	11	10	2	20	14	19	18	8	19	20	20	4	10	13	10	4
1	14	11	12	7	9	12	11	2	10	14	19	6	8	12	20	5	11	1	3
5	11	14	16	2	16	1	14	2	15	4	10	11	2	20	17	14	14	1	12
15	15	15	20	7	4	20	11	5	20	5	5	6	14	3	8	5	8	19	3
10	11	12	17	19	15	4	16	19	18	11	3	16	3	1	7	17	16	2	16
1	13	16	20	6	1	11	9	5	11	1	18	3	11	5	20	4	15	12	5
7	15	14	11	8	12	3	2	6	15	7	5	4	15	12	2	20	5	18	11
15	14	11	8	2	15	5	1	6	12	3	13	11	3	20	8	9	8	6	16
1	9	20	5	16	1	12	17	2	2	9	12	11	4	2	7	18	8	7	8
5	9	2	11	18	12	19	1	18	17	11	5	1	3	8	12	5	13	8	5
11	6	7	19	9	4	4	15	14	13	17	5	7	14	6	19	1	20	1	17
8	2	7	12	6	15	5	18	17	7	18	14	10	1	13	19	19	11	7	18
19	8	2	16	11	2	1	6	5	3	3	1	6	8	13	10	13	17	9	5
13	8	10	8	3	13	18	7	14	8	20	10	8	15	6	6	6	12	1	18
7	10	7	9	17	19	13	3	3	18	20	4	13	15	1	7	13	2	19	7
15	11	18	19	9	14	11	5	11	13	15	13	11	15	18	2	19	9	3	18
3	15	18	1	7	15	19	4	10	9	20	10	20	12	17	8	16	4	6	20
12	13	14	4	10	2	5	13	5	15	19	18	12	5	10	13	13	9	15	19
14	5	5	2	6	20	5	14	17	12	10	3	7	2	4	1	17	8	5	19
5	6	5	4	7	10	9	3	3	3	11	1	1	19	3	20	9	6	9	9
19	5	1	19	13	5	2	5	20	20	9	3	14	16	19	6	10	7	19	16
16	13	7	19	15	14	1	11	17	11	19	20	11	1	12	4	18	4	8	8
14	2	4	13	10	5	16	15	6	15	14	12	14	16	20	17	1	13	10	19
13	17	6	3	7	12	12	9	3	19	3	4	10	15	4	1	15	11	20	18
17	6	7	19	8	17	5	15	15	6	2	14	18	6	6	7	14	1	16	17
15	2	11	8	13	15	15	2	5	19	15	15	9	13	8	3	8	9	7	20
12	13	7	9	20	2	17	11	3	17	17	16	3	12	20	2	6	9	13	8
3	7	20	8	4	19	10	9	18	16	6	5	10	19	14	7	2	18	9	15
16	17	19	10	20	8	9	6	16	6	20	19	17	9	7	9	6	20	2	2
5	12	4	3	13	9	10	16	4	16	3	14	20	16	17	14	14	15	7	8
15	16	14	3	14	10	1	14	17	13	3	6	2	19	12	13	5	18	17	10
6	11	14	17	3	9	8	15	3	16	20	17	6	3	5	16	13	2	7	14
18	14	13	4	3	17	14	6	9	20	10	3	16	20	12	3	8	11	18	2
19	13	11	9	4	15	7	10	17	16	17	11	12	10	2	4	6	3	17	19
16	9	20	1	9	4	6	6	7	7	15	18	3	11	7	14	9	11	12	12
7	16	13	9	20	12	16	16	19	20	14	13	15	2	19	17	15	8	5	2
10	1	10	11	10	16	20	16	9	19	16	16	7	12	10	9	20	8	12	7
6	12	11	11	18	10	2	13	13	8	2	8	16	11	11	6	15	1	7	6
9	11	11	17	17	10	1	9	6	10	14	16	10	11	16	2	20	9	13	4
1	7	6	8	8	13	12	9	3	2	14	15	11	15	1	19	18	15	15	5
8	5	6	1	4	11	6	19	6	18	8	5	4	17	5	3	15	17	12	6
17	6	10	9	13	15	18	19	5	1	18	16	9	10	12	2	1	7	11	18
10	16	15	19	8	8	2	16	7	5	2	17	19	5	16	2	18	9	17	9
13	17	1	20	5	18	11	16	20	19	1	16	5	10	11	11	13	17	9	7
18	2	20	6	1	15	4	4	12	7	9	13	15	5	10	2	3	6	9	20
12	2	15	9	18	9	20	19	5	3	1	15	8	8	13	18	5	16	5	4
2	18	10	6	4	1	14	13	18	20	11	16	20	13	8	15	20	4	2	15
16	5	18	8	15	13	2	11	17	13	2	4	8	20	6	4	3	4	10	1
14	3	4	1	17	11	3	7	11	7	14	15	20	6	1	11	19	11	13	16
9	3	8	7	17	19	6	14	13	3	9	2	13	16	7	16	2	5	9	3
8	17	20	15	6	14	10	7	2	8	6	16	8	4	10	17	11	12	7	4
5	1	12	13	13	15	4	3	3	9	8	18	12	3	11	9	15	19	6	8
18	4	3	7	3	2	17	2	3	10	11	13	1	12	6	10	8	15	5	3
1	5	16	12	11	14	20	6	15	18	7	4	8	14	15	7	17	9	5	15
8	11	4	5	2	14	3	16	6	19	1	8	18	16	19	3	18	16	7	19
1	5	9	4	5	19	12	5	12	5	20	6	3	16	1	14	2	11	18	8
11	12	13	1	15	15	5	1	13	1	7	13	11	18	18	19	20	17	8	9
10	17	4	11	9	13	10	8	20	5	18	15	16	5	12	6	18	17	3	1
3	18	10	19	8	4	6	1	12	18	12	8	12	4	9	20	19	19	5	4
5	8	13	20	15	2	9	5	15	7	17	3	14	17	11	3	1	19	6	20
11	9	1	8	11	13	12	7	10	16	3	12	13	3	16	13	10	9	7	11
7	11	17	6	7	17	14	1	16	4	8	3	1	18	15	7	18	18	20	5
12	5	11	5	15	15	8	18	15	12	18	3	10	15	11	20	4	14	4	12
10	18	3	2	11	15	3	4	8	1	7	1	9	1	8	2	9	17	2	19
12	15	10	6	1	1	18	16	4	15	12	3	20	3	12	10	12	10	2	2
5	8	14	18	20	3	7	4	11	19	8	16	20	9	4	11	3	2	13	10
10	20	2	9	14	1	18	20	18	7	16	8	4	14	16	7	11	8	12	3
6	12	15	19	14	12	4	4	2	7	13	19	1	5	19	9	14	2	13	7
4	11	7	16	12	11	10	19	15	11	8	1	19	1	19	19	13	1	18	10
13	3	7	4	14	20	8	18	8	18	4	5	15	7	5	8	1	10	9	18
5	13	16	11	5	4	19	9	9	17	5	13	6	16	20	13	1	2	18	15
17	8	3	3	1	10	18	4	20	10	3	7	17	5	14	1	8	10	18	6
6	14	16	5	2	9	10	1	13	7	20	9	8	14	19	9	15	7	12	3
13	13	17	19	5	14	13	8	9	4	11	16	4	5	15	13	15	4	8	14
5	1	14	18	11	15	19	17	10	13	1	19	13	14	10	1	11	15	9	17
19	19	3	20	18	7	1	13	5	7	10	17	4	19	9	2	13	17	7	19
15	20	6	9	20	10	11	8	7	5	17	6	19	13	8	19	1	10	16	11
18	10	16	3	7	15	6	2	13	3	13	7	13	4	5	4	15	3	6	17
13	11	4	20	18	19	13	4	1	2	1	17	1	12	8	20	10	19	9	11
6	18	18	1	10	14	20	1	13	20	16	20	5	5	15	16	11	15	12	7
10	8	7	14	10	13	7	1	11	18	5	12	8	13	5	16	20	10	3	10
19	2	3	1	15	14	4	15	14	13	9	4	8	19	5	1	5	1	7	8
17	20	6	17	15	9	10	17	10	20	7	16	18	1	9	5	8	7	16	1
4	4	20	17	5	19	4	15	20	7	15	16	16	18	5	10	13	20	2	5
4	16	2	11	17	9	4	8	7	8	18	10	16	1	4	6	16	6	12	6
7	1	19	9	16	18	16	4	8	12	13	5	1	7	17	18	10	19	11	20
7	2	14	1	15	15	1	5	8	15	7	9	11	5	6	1	1	7	4	5
15	6	13	19	10	13	3	17	19	2	3	17	15	17	20	10	2	12	9	6
14	7	10	2	13	2	20	12	3	5	20	16	7	7	6	12	14	6	12	5
4	10	13	10	15	18	13	15	3	1	12	2	7	15	16	14	7	18	18	17
19	20	20	2	16	12	8	1	10	6	8	15	4	2	13	10	14	5	7	3
5	18	2	10	6	10	7	15	4	12	3	9	2	12	17	20	5	5	4	4
19	1	6	6	20	13	13	15	9	17	16	15	16	8	12	20	18	13	16	2
17	19	7	7	10	5	3	16	8	20	9	13	10	4	9	6	17	13	15	5
7	8	14	20	9	1	2	1	10	6	9	11	18	3	4	13	7	18	14	9
13	9	18	3	1	9	6	6	4	8	16	11	18	8	2	10	20	18	3	13
14	18	11	12	16	6	13	11	18	2	18	20	8	13	18	1	6	7	12	6
19	5	16	17	18	3	8	8	13	13	2	8	18	17	7	14	12	6	3	16
10	1	14	17	14	5	4	20	16	12	2	5	10	12	17	12	16	10	15	1
10	7	10	1	18	2	7	18	13	9	2	20	9	4	2	1	20	11	12	18
7	12	20	14	17	12	11	17	17	14	15	12	19	7	15	3	8	10	4	2
20	6	5	12	19	2	14	13	3	4	13	20	4	10	15	10	11	15	12	13
5	7	14	11	7	14	2	14	17	18	19	10	10	9	9	12	13	17	12	4
9	18	8	3	6	10	6	20	3	3	16	6	18	7	17	6	5	6	2	18
15	8	11	15	8	8	1	8	13	16	7	12	13	14	7	11	14	17	7	18
2	17	17	11	1	11	2	15	8	5	14	8	20	14	5	18	16	9	14	10
1	17	19	8	14	10	2	14	13	5	6	15	3	6	6	18	11	1	12	20
3	7	18	2	12	10	1	6	3	7	12	2	6	3	13	18	13	10	11	20
18	5	20	19	7	3	5	17	13	15	16	3	1	6	18	2	11	6	5	18
11	11	2	15	1	4	6	2	14	10	10	14	13	1	19	14	3	13	7	8
16	12	18	10	4	1	17	13	20	7	10	15	16	2	4	5	2	8	6	3
10	4	8	8	11	6	17	3	13	11	20	5	17	14	3	20	11	13	16	20
1	6	19	16	16	7	8	3	14	10	9	8	15	11	1	20	17	3	9	11
11	15	4	12	14	17	18	10	6	3	2	11	16	3	11	14	19	15	19	20
6	5	19	11	17	16	16	14	5	1	5	18	19	4	19	16	12	10	11	9
19	7	17	13	2	3	16	2	5	17	11	13	14	8	8	11	20	18	17	14
14	4	19	18	4	6	6	18	19	19	11	14	18	16	5	17	2	20	7	18
14	2	19	9	19	14	1	9	17	18	3	18	5	18	2	4	14	7	19	8
11	13	16	17	9	11	14	19	9	10	15	10	5	19	11	3	2	19	18	20
20	6	17	5	1	5	3	7	13	2	17	4	15	14	4	14	16	16	9	17
7	2	5	18	17	13	13	8	6	19	2	20	16	20	4	18	2	4	2	2
19	1	1	6	7	14	14	17	20	20	19	6	4	1	2	13	20	13	4	8
14	2	9	16	16	19	3	10	17	13	18	3	13	16	4	18	4	9	2	20
4	2	7	5	18	12	12	6	4	8	10	17	19	5	17	19	15	7	15	7
7	17	19	1	1	10	16	14	1	19	20	14	10	1	10	7	4	19	11	16
19	14	13	9	12	16	17	16	13	18	3	12	13	9	3	8	13	15	9	15
3	10	2	8	3	14	8	18	14	20	8	7	3	19	16	17	8	7	3	17
20	15	3	14	9	11	9	13	9	16	9	7	17	3	5	10	18	10	14	5
17	1	17	18	15	8	13	20	16	19	18	11	17	6	6	2	13	1	3	1
17	10	14	19	20	2	16	10	14	9	2	7	5	5	3	9	3	8	2	5
4	20	14	20	10	10	5	4	10	1	11	13	16	18	11	12	16	20	16	16
9	10	11	11	17	19	14	19	10	6	4	2	9	4	14	7	8	7	7	11
3	9	15	7	20	20	14	14	4	2	9	5	5	19	6	20	18	1	9	2
12	9	18	10	17	18	15	3	9	14	11	17	4	14	6	20	18	12	5	14
17	19	6	7	7	8	20	3	17	17	3	14	9	6	2	19	9	3	9	13
7	7	12	10	6	18	8	6	5	20	10	15	17	12	12	20	9	6	10	14
1	6	1	7	20	10	7	1	8	6	9	20	20	3	2	15	9	12	15	7
3	20	11	11	1	9	20	14	16	1	8	1	18	3	17	16	4	3	15	15
19	10	9	10	18	5	17	2	19	19	3	3	12	9	5	20	17	9	8	12
11	12	16	2	12	19	3	4	6	9	12	15	9	12	18	5	2	6	1	13
14	5	17	1	17	16	15	16	12	9	11	14	6	2	12	11	6	11	9	8


1	1	2	1	2	1	1	2	2	1	1	1	2	1	2	2	2	2	1	2
4	2	1	3	2	1	3	1	4	3	1	4	1	5	3	2	3	3	1	3