200	3	10

1	1.3	1.55	1.75	2.1
4	6.76	9.61	12.25	17.64

78	16	96	17	50	70	35	58	49	83
76	84	1	10	20	6	62	64	96	43
28	99	30	65	15	61	12	51	29	27
42	40	42	82	4	65	54	80	93	7
79	74	71	76	22	73	4	31	22	78
28	43	16	16	70	93	71	59	32	20
64	42	48	43	19	4	56	35	41	22
88	33	26	83	77	41	3	88	15	42
21	20	49	21	24	73	76	21	26	1
13	86	99	65	32	91	4	89	59	36
36	60	2	27	57	83	10	48	36	61
40	49	49	28	56	76	38	52	21	71
18	36	53	64	93	91	78	57	1	96
77	55	9	2	79	43	65	84	72	93
18	49	47	1	51	24	22	4	98	45
12	75	89	36	28	34	33	51	53	84
1	57	51	75	36	52	59	41	36	71
44	28	44	35	15	27	12	40	86	71
17	77	69	9	2	70	68	18	35	40
66	94	9	21	66	11	99	23	71	94
7	87	84	25	74	38	85	39	67	84
34	5	47	50	19	38	17	72	14	8
87	59	52	39	87	93	1	23	42	96
91	18	75	18	37	59	62	28	42	57
15	98	42	50	59	98	16	57	92	86
18	51	41	6	7	84	95	65	48	20
19	16	89	44	44	55	27	5	29	91
40	8	99	35	11	58	94	35	20	93
7	65	99	77	64	54	5	88	52	23
11	2	50	15	74	54	5	84	9	70
97	72	75	90	13	35	63	27	2	29
9	26	26	84	66	77	21	76	10	29
43	53	28	46	85	69	97	43	5	99
97	38	69	66	26	81	18	42	34	34
89	52	62	44	95	43	72	53	71	19
38	56	67	6	43	26	64	20	90	23
51	55	83	12	23	34	24	88	30	3
20	76	85	36	17	77	25	49	99	61
1	4	73	8	91	70	79	77	45	60
43	56	62	11	27	7	33	85	7	29
93	38	88	10	96	21	50	69	74	4
52	6	46	63	54	7	71	57	67	34
23	87	90	75	1	68	84	73	60	81
24	39	20	96	76	37	57	72	63	62
9	39	19	85	41	39	58	38	86	2
55	80	71	30	9	50	32	88	46	79
70	23	96	25	70	64	83	23	88	55
91	28	4	60	59	21	26	18	6	77
31	44	64	7	31	92	79	91	95	53
92	73	7	30	85	77	39	88	38	50
88	16	56	83	56	54	89	90	29	74
70	24	94	38	63	68	17	25	30	77
4	91	77	88	47	68	5	38	47	36
24	82	14	54	98	79	26	10	9	73
58	89	74	18	41	90	39	82	72	78
76	76	42	67	94	43	28	35	29	82
37	4	12	96	39	32	40	85	4	35
70	21	29	3	11	61	78	49	60	51
17	70	21	19	31	66	97	91	15	36
44	53	71	22	33	71	11	34	59	67
3	13	39	54	19	4	11	16	18	43
28	64	10	87	3	58	67	95	67	33
37	22	57	77	72	63	39	89	46	11
54	28	72	29	38	48	46	76	63	97
14	57	99	67	40	75	5	78	25	29
97	47	53	50	46	22	30	41	42	64
68	92	17	80	25	71	1	44	70	88
48	98	34	4	30	20	75	11	35	12
38	72	79	25	15	8	71	73	93	35
79	36	47	58	72	66	43	89	47	85
65	22	93	13	94	37	22	66	65	60
64	58	40	22	98	68	45	81	4	53
96	21	4	58	11	56	21	43	40	52
2	10	76	81	19	54	43	90	6	9
94	33	9	23	38	40	1	52	32	10
67	52	59	90	25	5	91	11	39	66
31	13	55	12	57	75	38	3	66	41
53	91	74	51	66	84	33	11	26	64
26	55	52	95	99	54	27	86	64	56
64	84	22	4	1	40	85	88	21	36
66	34	82	62	81	1	75	33	43	71
28	57	95	10	4	79	82	80	52	85
79	26	44	49	1	65	33	47	31	95
67	18	22	33	51	20	84	92	48	80
33	77	78	41	93	83	20	97	96	54
58	11	60	5	72	8	16	73	37	6
91	6	73	53	35	91	71	2	21	72
99	62	89	66	88	45	94	81	24	38
60	81	74	96	69	85	32	8	91	22
52	80	19	9	18	41	83	61	35	89
86	83	87	65	72	42	48	20	60	5
45	16	52	68	46	25	12	44	36	36
59	57	44	96	78	38	89	81	69	8
44	94	43	81	24	97	91	62	96	60
11	71	47	86	18	30	52	25	91	28
48	64	52	73	98	58	45	42	46	88
27	49	76	41	34	59	75	70	16	86
49	49	70	35	26	35	35	17	39	55
44	46	84	18	17	18	62	6	88	53
36	84	86	41	37	78	35	23	44	78
66	42	70	51	56	25	55	21	94	96
95	21	81	46	33	25	84	42	29	49
18	4	39	66	81	15	43	5	45	12
70	54	46	43	36	7	10	84	77	43
3	58	50	28	12	57	88	58	19	85
29	78	10	89	49	22	70	21	80	39
5	69	84	48	41	68	34	52	18	85
43	34	70	85	92	14	17	12	63	55
24	51	27	9	53	35	45	47	52	33
94	46	19	65	4	15	22	15	53	84
86	76	93	74	52	93	89	19	51	69
43	52	75	20	58	53	49	88	62	83
17	51	42	76	40	52	46	99	62	47
65	18	60	16	56	18	69	45	15	71
66	23	71	84	30	58	90	9	86	95
6	44	87	33	57	40	4	87	6	99
64	9	84	65	76	35	25	10	92	24
67	7	98	28	60	76	72	87	94	37
80	10	66	93	55	99	12	73	62	8
71	9	13	87	64	20	50	95	28	48
12	85	83	54	67	48	88	2	12	5
94	7	11	27	18	46	75	81	84	56
86	72	92	22	75	30	86	49	9	94
54	64	39	58	20	93	28	74	52	92
62	19	33	4	67	16	25	87	45	72
54	90	66	6	1	34	63	88	15	69
51	28	98	46	62	66	6	89	38	33
70	35	28	94	88	12	33	83	3	62
60	55	56	82	85	47	20	25	58	86
29	7	69	68	75	18	66	85	30	2
18	40	54	17	76	15	1	79	9	93
81	10	90	42	28	61	96	25	88	82
33	66	38	80	2	77	49	78	63	36
37	28	89	83	41	60	20	10	95	29
88	97	11	89	25	76	62	36	51	82
75	35	66	24	96	32	57	23	80	85
65	37	9	20	69	78	51	14	54	46
21	62	61	47	44	27	11	83	24	16
99	2	53	36	48	68	53	25	26	78
36	23	17	57	17	22	69	53	29	38
63	22	97	81	87	95	6	27	45	57
99	43	11	23	49	74	14	7	19	23
37	80	38	17	13	14	80	51	26	14
53	43	27	51	80	57	37	3	9	26
28	90	98	66	29	95	41	77	30	72
35	52	58	47	18	34	65	97	52	25
59	33	63	18	29	32	70	53	69	2
56	9	22	93	35	99	33	62	95	55
60	5	29	58	38	53	77	7	43	42
62	18	5	6	25	40	60	99	92	8
46	12	38	36	59	6	47	43	31	32
32	10	5	20	40	35	28	33	41	92
69	55	1	73	85	1	43	24	49	68
6	27	96	18	28	85	67	19	80	74
72	54	19	12	97	50	83	48	42	40
88	32	33	43	97	39	71	1	24	94
72	78	94	28	72	23	13	15	27	22
50	67	93	42	2	64	55	12	50	75
60	3	55	59	88	22	41	97	4	50
97	39	70	31	80	73	40	74	27	88
95	93	82	42	36	10	88	46	34	64
55	98	73	83	90	56	44	94	73	48
6	64	87	27	26	20	91	46	22	88
64	43	21	82	1	99	23	1	24	64
5	43	79	98	22	28	17	75	41	10
7	55	46	37	15	96	74	24	87	91
43	28	41	77	56	7	85	6	78	93
41	37	37	87	54	64	54	8	76	13
22	55	47	32	93	76	13	68	92	19
94	35	26	80	84	11	94	91	23	99
96	84	43	42	7	86	56	49	44	69
59	11	60	50	67	18	22	91	2	91
22	99	70	41	92	80	24	56	44	36
42	99	81	90	57	3	14	9	80	29
2	97	57	86	31	50	95	40	98	42
76	18	27	35	22	59	3	7	9	75
69	54	59	30	8	36	30	76	35	22
35	40	98	48	75	80	62	69	90	52
83	90	39	81	15	66	66	90	31	23
13	71	43	56	34	15	31	19	61	72
84	28	88	94	22	15	60	91	83	58
69	67	33	94	10	71	31	69	16	71
71	40	88	20	57	29	3	26	46	70
46	10	33	60	40	7	79	18	14	4
66	14	92	67	32	58	71	73	77	8
50	29	33	88	63	42	92	75	47	81
8	5	59	37	8	31	51	47	41	24
85	60	64	61	74	22	82	25	56	20
92	56	32	62	94	96	40	20	46	42
11	2	3	67	86	30	97	22	31	92
98	14	86	21	28	83	91	96	36	40
43	55	46	13	22	6	25	97	74	98
8	3	52	26	54	71	22	86	46	45
21	8	62	58	21	6	6	63	82	9
32	40	79	44	62	65	5	38	72	52
89	42	90	10	24	52	54	22	46	6
88	99	30	75	95	83	96	80	55	91
79	78	71	79	6	27	81	19	7	18
49	52	22	73	85	27	29	62	62	37
93	45	91	3	16	10	98	8	52	74

18	20	16	15	3	6	13	8	12	10
13	18	15	10	1	18	18	7	13	15
19	7	13	13	3	12	11	2	4	11
1	19	16	9	2	14	20	13	6	15
3	7	17	1	1	15	8	18	18	5
9	1	3	3	17	14	13	2	2	2
9	19	19	6	9	10	20	20	20	2
4	11	13	12	8	13	6	8	1	4
20	7	5	16	20	17	6	3	11	15
6	5	6	1	4	10	10	11	2	17
13	2	14	7	14	9	4	2	20	1
13	10	12	11	6	17	3	6	2	17
9	17	6	14	3	1	18	16	8	4
12	11	1	7	14	20	15	5	4	1
10	5	2	1	9	20	20	7	5	10
17	10	15	12	3	9	1	8	11	13
5	9	20	17	10	2	14	1	7	12
2	17	8	18	1	5	20	2	6	17
12	2	17	14	1	16	3	11	11	11
7	3	12	8	15	18	10	17	17	8
17	19	4	6	2	10	7	17	19	17
16	10	1	14	16	1	14	18	11	5
6	11	19	17	1	13	20	7	4	2
14	8	18	19	20	5	19	3	12	13
7	2	9	20	18	15	20	7	18	9
11	16	20	8	14	2	1	1	4	19
3	7	2	2	5	20	17	15	19	2
13	1	5	20	13	4	3	7	8	11
16	14	14	16	19	15	14	8	10	18
11	11	10	19	1	10	19	6	20	19
20	13	4	2	14	4	12	1	15	20
10	15	13	3	6	17	1	16	19	4
3	12	5	20	7	13	4	16	10	9
20	17	3	16	16	14	19	5	17	11
8	18	19	13	6	3	10	13	1	4
12	4	10	4	4	10	8	20	12	14
7	14	8	11	1	10	16	18	17	3
7	1	15	17	19	2	11	19	3	10
15	2	20	20	16	3	12	19	3	7
18	4	7	20	16	2	5	6	17	5
14	18	8	5	9	18	14	16	16	7
4	9	14	12	20	19	18	17	9	6
5	20	20	14	19	15	16	2	7	19
9	3	4	6	5	18	12	16	8	15
8	8	2	8	16	9	15	16	9	9
8	17	18	12	13	15	19	13	12	17
5	13	19	12	1	16	13	4	17	8
4	4	17	1	12	19	2	16	1	16
15	16	8	19	3	3	18	9	15	4
14	11	17	20	13	6	14	7	13	7
2	1	15	13	18	11	6	2	16	18
15	5	12	19	9	15	7	1	4	10
19	19	14	13	5	19	13	12	2	15
17	1	19	17	2	11	16	6	14	13
6	9	9	3	3	14	6	2	10	3
6	7	16	10	5	20	14	10	6	9
5	8	19	12	18	15	5	11	18	9
8	14	18	7	7	12	18	8	6	1
18	7	15	12	16	18	8	19	18	9
7	7	4	20	18	16	20	19	2	20
13	7	3	1	18	14	20	2	10	5
20	14	11	12	15	5	15	14	15	12
8	20	3	16	15	7	16	20	5	2
16	6	1	6	16	12	9	18	4	13
11	4	16	9	2	2	1	2	13	8
1	14	20	13	10	20	13	8	10	6
4	14	3	12	15	12	19	20	10	20
7	1	15	7	12	9	7	17	18	11
19	1	9	8	18	2	2	7	18	3
1	20	18	13	15	3	20	12	10	20
11	6	17	14	8	8	15	15	8	2
7	7	11	4	9	14	11	1	18	4
9	13	10	18	7	18	14	17	4	19
2	12	3	6	6	17	7	5	18	6
2	15	3	11	15	2	8	9	6	6
20	14	1	9	5	10	15	9	11	4
3	19	7	18	10	14	1	3	2	3
16	17	5	10	4	20	5	16	13	6
8	3	16	9	11	19	7	16	15	4
6	18	3	2	6	1	5	19	16	8
4	17	12	16	3	7	11	19	17	1
4	9	8	12	16	15	7	11	11	13
20	3	12	18	2	11	9	9	17	20
12	13	20	14	7	19	8	1	2	19
12	14	1	1	2	19	8	14	7	17
11	11	12	17	4	15	3	3	1	5
5	3	9	15	3	19	4	4	5	7
13	6	12	15	17	9	15	1	3	6
2	16	2	10	13	14	5	9	14	17
10	20	1	6	18	13	14	12	13	18
5	8	13	16	6	14	17	4	18	2
12	1	17	8	7	15	15	1	15	8
18	17	20	16	5	5	18	9	8	18
5	8	13	6	7	20	2	7	7	9
5	2	10	3	15	19	7	2	6	5
13	11	11	17	11	2	6	17	9	16
12	20	4	5	13	1	11	8	20	3
19	14	13	5	6	8	1	9	11	4
9	6	12	9	7	19	8	18	6	15
2	8	14	1	11	15	16	4	1	9
11	17	2	4	20	9	4	18	13	19
14	2	15	3	14	3	6	7	10	5
18	7	2	14	8	6	12	18	4	6
8	1	19	17	1	19	20	18	20	8
6	5	8	2	9	8	13	13	16	1
6	6	1	4	13	4	12	17	7	20
16	10	19	16	5	9	5	4	6	10
2	15	15	17	7	16	9	13	7	5
4	5	18	18	15	16	18	19	11	3
15	19	6	6	19	8	3	16	14	9
15	11	6	2	14	17	4	18	4	7
18	4	3	4	7	1	4	7	2	15
9	9	18	11	16	11	19	3	12	6
16	1	8	10	6	18	15	20	5	15
1	15	13	16	17	10	20	6	10	14
11	5	17	6	6	19	20	14	19	10
1	9	8	14	8	4	10	1	8	20
2	2	17	15	17	12	17	15	7	6
20	17	13	3	9	15	1	3	19	19
3	3	5	17	3	11	3	13	11	2
2	16	10	16	11	14	6	13	3	16
6	13	9	1	8	19	7	15	19	10
5	20	19	3	15	16	14	15	1	1
1	14	11	12	6	11	7	11	1	19
9	17	11	2	19	19	5	4	11	5
7	9	19	9	8	16	11	1	9	12
10	4	7	4	19	16	2	3	4	14
7	19	2	12	5	8	7	10	4	6
6	17	5	16	19	4	9	9	11	15
11	2	18	12	12	10	3	16	4	19
14	17	2	17	9	17	10	16	3	20
19	18	18	2	5	3	6	16	1	2
9	9	13	12	16	16	4	1	6	7
9	8	10	13	4	2	10	7	13	13
13	1	13	15	17	4	9	18	11	16
10	19	15	7	18	2	19	10	19	1
20	8	15	17	3	6	4	14	17	11
14	11	4	8	1	20	9	7	15	18
20	11	20	16	7	12	3	11	8	4
12	10	4	17	12	15	3	3	7	15
18	2	15	1	7	10	7	1	7	9
10	19	9	12	4	13	14	15	8	17
2	10	9	8	6	12	6	14	16	8
2	5	17	5	20	16	19	8	1	1
4	2	20	10	12	20	12	7	17	17
1	17	6	17	14	13	20	15	14	4
20	20	7	16	9	6	18	7	4	11
1	4	14	9	3	1	13	19	14	4
9	4	9	6	11	9	4	13	12	18
7	10	19	10	1	1	5	3	5	13
14	4	7	16	17	16	15	5	19	14
5	7	7	14	8	6	11	11	8	18
11	1	18	10	20	8	11	4	4	7
11	6	18	17	8	10	5	9	18	10
12	16	10	11	14	2	18	18	20	19
4	2	14	12	6	9	10	14	11	17
13	19	17	10	6	20	14	15	4	1
20	3	13	9	15	16	6	8	16	14
17	2	16	3	1	11	16	20	9	6
1	18	1	7	12	13	15	20	11	15
10	19	12	4	15	16	3	12	1	15
12	3	19	20	13	17	4	2	18	3
6	8	7	19	18	18	18	8	5	8
2	18	2	13	6	20	13	3	9	4
11	9	16	4	18	3	17	17	12	13
13	19	19	10	17	13	7	18	11	16
6	2	1	2	20	18	15	1	19	18
13	9	12	18	17	11	20	5	13	1
17	20	14	8	13	7	12	2	15	19
8	9	11	9	18	14	18	16	14	18
12	12	13	2	12	14	16	7	20	13
20	8	19	1	5	10	20	4	9	8
15	8	14	15	18	16	10	5	14	17
8	3	18	20	7	11	4	4	19	19
6	3	1	9	1	10	20	9	18	4
2	19	18	13	7	13	17	8	1	2
10	11	1	7	15	18	9	5	7	2
18	15	3	17	3	8	7	8	5	11
7	17	11	12	2	20	14	6	1	19
11	20	13	2	4	15	1	4	19	11
1	9	12	19	8	17	14	20	5	9
12	10	18	20	15	13	13	10	7	15
3	3	2	18	9	6	12	11	2	18
4	13	17	8	2	15	3	2	9	17
16	13	7	2	4	7	1	4	4	18
10	4	20	14	11	8	2	5	17	4
9	12	10	11	3	16	5	15	2	17
12	9	11	9	1	14	15	7	6	11
9	12	8	8	16	6	9	6	14	18
17	17	13	11	8	1	1	15	5	11
18	6	19	3	8	5	8	2	17	1
10	14	1	2	13	8	5	8	4	11
20	15	10	15	1	13	7	3	16	6
16	20	16	4	12	3	4	19	16	12
3	11	12	8	7	18	19	6	19	8
10	4	2	5	1	8	19	10	5	9
6	4	13	11	12	20	4	8	18	5
20	11	20	11	14	3	12	12	6	16
15	19	2	9	10	1	8	2	13	16
2	19	3	10	18	6	1	6	13	12


1	2	1	1	2	1	2	2	2	2
5	4	3	3	3	1	4	4	5	5