200	2	10

1	1.3	1.55	1.75	2.1
4	6.76	9.61	12.25	17.64

32	24	92	94	32	6	37	56	28	69
45	44	37	42	22	8	23	15	63	58
53	95	89	92	17	71	34	20	9	13
70	72	44	92	71	9	89	42	77	69
38	65	88	47	35	61	40	60	17	99
67	46	97	75	84	2	31	72	54	30
37	12	8	64	39	78	45	10	96	81
68	80	81	52	90	26	35	41	69	67
47	74	10	84	14	94	8	51	23	79
26	67	92	6	99	69	67	36	7	72
9	95	90	70	56	18	51	75	85	13
55	72	46	51	83	99	84	1	88	54
10	80	85	70	75	30	58	76	11	37
92	90	97	84	44	81	17	82	71	6
74	61	94	99	97	65	48	68	58	13
52	30	90	60	52	38	3	5	52	71
42	37	17	6	71	96	64	55	81	90
66	25	82	11	7	20	42	56	33	86
74	14	77	30	61	50	64	10	98	70
16	19	70	83	79	21	94	54	57	16
68	87	23	6	13	29	70	60	60	66
93	5	74	53	97	50	61	45	2	49
26	52	62	46	74	42	33	32	73	3
88	29	6	30	75	82	25	25	48	5
4	10	67	92	59	56	34	93	1	69
5	14	2	70	24	82	84	60	65	33
91	92	92	89	6	51	33	14	50	13
78	67	3	34	9	6	62	63	78	54
27	75	43	88	27	72	47	8	24	53
63	14	87	70	9	18	70	78	83	50
48	76	18	50	34	21	24	8	78	46
68	20	28	77	19	59	79	48	18	72
31	59	74	11	93	41	66	27	41	61
85	70	94	81	9	34	28	43	83	81
84	64	29	94	77	56	54	99	86	82
12	45	23	46	99	99	59	15	96	34
60	77	25	44	54	20	16	9	62	93
42	93	37	14	19	79	70	92	12	59
69	52	55	94	11	40	2	84	15	91
25	82	67	81	32	37	94	70	94	17
91	85	73	77	63	61	23	47	72	70
18	35	46	80	81	62	40	91	16	1
44	37	75	94	74	65	10	67	70	61
9	75	34	51	20	55	97	25	67	18
58	40	9	87	24	90	30	68	61	4
73	90	12	65	27	18	13	51	78	35
58	59	11	19	74	16	11	15	32	45
38	60	64	53	56	10	46	79	96	13
87	46	21	64	62	7	69	32	42	25
67	43	13	11	2	70	42	95	23	82
78	63	42	86	63	5	68	84	26	41
62	34	65	63	75	40	16	45	74	75
24	16	41	38	34	95	80	53	54	1
21	53	71	49	66	26	96	2	97	21
77	83	93	64	2	39	19	9	63	44
83	53	48	39	30	67	58	62	3	44
6	74	60	90	48	11	1	46	5	33
15	24	47	39	80	91	52	92	13	92
1	99	55	47	43	85	1	88	96	61
24	14	97	18	97	43	62	10	54	69
14	18	29	19	91	30	58	93	36	42
95	68	36	60	16	84	25	42	70	57
44	95	33	1	49	33	32	17	23	12
95	4	38	59	74	28	78	36	20	55
71	4	27	53	84	1	72	2	54	21
47	95	78	60	54	26	82	12	53	71
66	91	64	85	80	4	21	48	7	23
18	57	20	59	89	43	59	64	84	93
9	1	62	47	74	99	10	21	47	5
7	50	4	49	53	70	93	51	37	72
98	65	20	55	62	88	49	73	14	12
42	30	45	39	80	17	2	7	27	65
63	55	52	64	8	63	77	89	3	43
3	25	39	68	27	17	98	35	4	91
51	32	33	59	72	21	1	69	96	31
76	80	94	96	2	65	5	65	38	99
82	21	90	73	48	57	3	99	79	74
46	7	74	63	25	54	99	69	6	39
63	16	56	44	83	75	5	49	55	42
35	82	72	12	42	35	52	31	18	90
33	48	46	50	47	22	77	18	92	45
57	10	2	11	77	5	18	60	97	53
2	76	71	74	36	35	42	52	26	96
19	78	27	11	54	28	37	68	93	28
50	77	5	84	9	43	7	92	59	52
78	81	58	3	76	71	68	54	70	71
4	7	69	69	17	79	77	89	99	36
76	62	17	48	60	55	79	22	91	44
18	44	36	62	3	81	71	61	28	91
69	61	33	83	4	57	97	30	19	76
57	19	41	36	68	45	99	95	27	35
1	38	7	74	85	9	73	38	35	99
31	35	54	78	50	60	62	5	95	80
72	12	51	19	85	53	96	84	93	22
77	7	89	14	55	87	93	65	38	21
74	61	84	82	63	39	8	18	65	16
95	9	26	2	51	57	27	25	59	11
24	40	74	85	94	7	17	69	4	1
77	27	73	29	28	59	63	30	82	16
3	96	1	46	32	20	7	82	39	26
30	34	46	61	30	47	44	4	16	67
97	41	21	22	67	92	86	42	44	91
5	31	49	8	4	19	58	61	50	53
18	9	1	24	66	36	30	17	88	81
77	2	20	95	57	33	53	51	81	75
49	75	40	15	47	90	98	75	32	15
76	20	49	61	1	25	57	24	36	53
11	19	12	80	67	76	72	41	21	12
70	39	49	83	38	74	98	73	89	84
23	58	2	30	49	64	39	94	85	20
10	4	30	90	25	20	23	21	40	41
74	6	23	5	99	22	72	45	31	30
20	95	17	76	51	83	24	80	24	24
73	48	20	44	75	85	69	18	68	53
39	96	25	93	36	64	52	34	5	32
72	74	71	85	27	67	69	52	32	88
96	10	51	27	48	15	88	31	44	96
92	60	81	20	25	18	4	2	21	11
95	86	40	72	18	73	27	78	99	73
79	68	9	12	35	94	13	80	51	64
86	58	28	89	52	82	71	51	24	84
1	36	44	12	95	59	79	18	35	95
80	44	81	10	59	61	34	90	19	35
35	93	37	64	7	45	22	48	66	55
47	11	54	68	88	18	32	22	50	31
14	57	9	92	22	38	42	17	8	48
74	31	25	96	49	41	65	80	18	46
31	60	68	64	49	15	31	83	34	91
9	98	31	3	67	71	81	25	57	34
43	81	85	52	75	77	4	34	34	93
13	36	73	33	93	68	97	29	11	43
45	21	73	9	26	27	83	28	39	68
2	99	31	88	95	81	87	35	81	79
66	36	31	31	23	59	34	1	9	46
34	29	22	16	34	6	72	78	95	39
49	48	56	84	27	77	3	9	96	86
44	18	95	82	74	41	65	27	1	85
77	38	64	16	92	21	45	70	82	37
78	28	63	57	68	29	30	80	54	32
43	33	91	37	86	61	8	37	99	9
97	96	77	7	61	48	30	54	85	15
55	4	47	81	59	73	77	95	88	95
40	47	72	55	87	16	87	59	91	80
40	13	16	67	45	72	15	51	10	66
64	4	65	6	76	27	38	27	71	69
23	44	39	97	84	41	50	47	23	38
15	24	1	30	43	38	25	1	51	95
64	30	57	38	83	12	83	39	15	75
41	76	1	93	33	1	36	60	26	51
89	91	65	64	69	9	23	34	24	92
12	20	38	71	81	77	23	2	93	41
91	90	16	72	95	45	90	26	72	35
44	57	88	77	11	27	34	40	41	85
30	72	97	54	64	2	98	26	38	98
94	78	57	8	50	67	73	61	39	93
29	48	80	70	82	13	4	16	37	22
55	68	97	67	93	80	47	8	53	59
10	37	42	9	45	96	16	38	26	85
35	49	88	98	17	86	38	39	17	22
13	31	55	13	38	98	39	54	66	96
68	61	87	90	86	36	8	41	24	86
78	92	59	27	33	9	1	48	2	37
88	12	2	3	82	46	2	7	40	35
75	72	5	10	59	90	71	70	58	23
63	58	25	70	31	52	22	35	58	96
14	11	7	4	11	33	37	3	43	92
31	1	63	69	64	25	57	40	39	48
87	50	46	31	9	1	97	61	46	68
91	1	25	2	13	75	27	74	94	77
69	71	90	47	44	36	32	43	33	56
23	55	68	48	87	78	18	36	77	89
73	53	91	93	75	91	5	84	34	82
33	41	36	50	29	86	34	17	45	79
76	66	72	72	53	78	52	23	65	7
23	33	78	31	53	39	69	95	35	64
7	62	6	38	76	98	44	13	2	75
94	15	2	55	91	85	29	18	91	99
7	53	94	64	2	88	89	51	84	61
19	95	34	7	34	43	78	19	20	62
98	98	45	13	45	36	25	38	48	37
47	8	1	68	31	65	65	63	30	37
93	84	63	26	72	37	7	86	12	84
42	21	49	34	29	18	76	74	98	7
71	35	15	98	79	24	62	43	56	52
40	26	26	40	39	2	93	97	3	28
58	50	68	6	1	56	63	73	74	96
2	55	5	48	53	59	91	1	73	18
76	36	68	6	77	58	6	24	14	52
84	98	98	67	66	65	40	22	19	10
5	49	75	6	89	86	36	23	55	53
30	7	59	11	71	18	40	93	22	32
79	32	94	59	17	19	95	85	38	54
39	23	25	14	13	43	73	39	1	26
25	68	89	39	16	3	9	63	96	30
1	92	91	47	82	82	11	87	88	40
35	45	86	40	49	19	15	54	37	24
50	42	59	65	55	81	52	76	21	68
43	11	60	56	56	83	73	97	14	63
51	46	20	42	98	4	62	51	82	71
3	81	8	88	65	94	10	1	21	68

7	2	12	2	4	17	15	2	3	9
3	1	20	17	13	13	3	7	4	17
17	13	20	3	4	20	6	14	10	6
17	17	6	1	13	20	1	8	5	16
17	14	15	4	15	14	2	12	3	20
6	18	19	16	13	9	4	20	17	10
2	16	20	3	10	19	18	11	20	7
11	6	3	19	17	14	7	10	20	5
20	17	9	16	16	10	13	17	9	8
11	9	17	14	11	8	2	10	8	17
18	9	7	7	7	3	11	17	9	8
17	13	3	11	19	9	20	14	10	13
13	14	7	14	15	7	5	11	8	8
11	7	7	10	19	20	20	16	18	12
12	9	18	2	6	3	9	12	14	3
10	4	16	6	20	9	8	15	6	12
9	4	20	4	11	17	6	19	2	3
10	11	1	12	11	13	7	13	15	8
1	3	4	8	12	20	13	11	10	7
7	18	8	3	14	10	5	4	12	14
15	9	9	7	7	11	17	6	18	7
15	2	20	15	12	10	16	17	14	6
2	4	1	12	9	13	8	10	9	18
1	14	1	15	18	17	5	9	10	10
1	14	3	12	4	7	3	3	5	13
8	11	17	8	12	3	17	12	19	1
4	15	12	5	17	13	9	8	9	8
13	3	18	3	20	18	8	16	6	13
1	8	16	17	19	17	18	1	8	7
20	8	19	10	8	9	3	3	14	16
8	15	20	16	15	18	1	1	15	12
3	10	7	10	13	20	2	12	19	9
17	13	15	4	17	7	19	11	14	3
15	19	14	2	11	17	12	7	18	14
5	4	11	1	9	12	14	15	7	4
12	18	4	11	20	13	10	1	11	14
2	15	4	5	20	2	11	15	6	12
18	9	18	6	1	15	19	12	13	16
1	7	4	1	18	11	13	3	12	1
13	3	5	14	9	10	10	14	6	18
10	12	16	10	19	20	16	20	2	18
16	19	4	13	12	14	19	20	19	10
7	1	1	12	12	19	2	6	13	3
15	15	1	1	3	6	10	15	6	2
17	18	16	9	13	4	2	20	11	15
15	12	11	16	19	13	11	8	3	7
13	17	10	18	1	17	9	8	9	20
2	12	13	3	15	18	7	17	20	19
18	11	11	8	6	4	16	16	19	19
15	14	8	8	16	6	2	20	6	15
5	3	18	12	1	10	13	14	12	16
12	18	5	5	5	14	7	6	16	10
2	4	1	1	12	13	4	12	15	20
1	11	2	3	2	17	4	9	11	4
17	2	14	10	19	15	2	6	6	3
17	16	6	9	4	10	8	11	15	6
4	15	19	13	6	8	4	10	9	13
20	5	10	14	4	8	12	9	18	20
19	5	2	14	18	13	1	11	1	10
17	1	10	3	4	11	6	13	9	5
4	10	18	13	12	5	5	8	5	16
11	8	18	5	2	20	10	14	20	15
16	18	18	4	12	17	15	3	14	4
10	16	1	16	18	16	12	11	14	17
18	10	5	9	6	12	18	1	17	9
12	3	4	7	15	7	11	10	13	7
7	1	7	16	17	4	18	9	10	4
14	18	15	2	6	2	5	4	13	19
13	3	3	14	11	6	5	16	9	3
8	3	9	10	6	14	11	14	8	13
16	5	6	11	14	12	20	17	3	12
14	19	7	16	9	10	10	7	15	2
6	11	2	20	16	15	19	11	3	7
6	2	17	17	3	14	19	15	18	11
1	11	4	6	12	10	3	3	14	17
4	5	9	15	2	4	4	13	5	4
8	15	16	15	15	13	20	10	12	15
18	9	13	14	4	14	7	18	11	5
4	5	7	2	13	11	12	8	4	2
7	9	4	2	7	1	10	11	20	1
11	11	8	13	20	9	10	4	16	13
12	14	19	3	3	3	4	17	14	14
12	9	2	6	1	8	2	15	6	6
13	19	14	2	9	14	7	11	20	9
18	5	18	14	19	11	20	16	2	9
3	10	4	13	17	15	19	13	18	16
17	9	3	9	3	4	4	3	15	20
12	19	20	7	3	1	5	1	8	16
14	6	20	15	18	18	3	15	5	9
6	6	9	13	9	3	10	9	19	10
17	7	17	18	15	19	3	9	15	1
2	4	15	17	20	10	4	17	5	14
5	17	1	6	16	12	3	12	1	5
10	13	11	4	4	5	15	14	9	3
5	19	20	13	8	2	9	18	1	18
12	11	15	3	20	4	11	8	13	15
19	8	7	4	7	14	5	12	11	9
4	13	2	14	9	3	4	2	4	3
14	3	18	5	14	2	13	16	8	15
15	20	13	20	13	6	5	11	4	10
8	9	1	7	5	19	8	8	7	10
19	12	10	8	8	8	7	5	16	8
14	8	12	5	3	15	15	15	17	13
11	15	12	1	16	7	20	19	6	13
17	3	19	12	14	13	8	18	14	3
19	13	8	15	8	8	9	7	12	18
10	16	2	4	19	13	15	14	2	9
6	20	7	19	4	2	18	15	1	12
16	17	5	4	5	12	6	9	12	19
11	19	12	18	17	6	14	8	12	5
16	3	18	9	6	15	17	15	16	3
1	11	13	16	11	1	11	5	8	8
5	17	14	9	9	20	3	12	3	19
9	1	9	18	5	9	1	19	9	11
19	4	1	12	13	15	20	17	12	9
4	6	5	2	4	19	19	15	9	20
15	15	11	3	5	12	13	2	1	6
3	20	20	11	18	5	19	12	1	14
12	12	5	10	2	10	9	12	6	13
10	16	1	11	20	10	1	13	14	17
3	18	18	11	15	16	12	1	3	3
9	19	9	4	12	7	8	3	2	9
16	10	3	20	20	5	1	19	18	6
1	2	15	18	4	11	14	12	14	13
5	5	17	15	14	5	19	4	11	1
18	12	16	19	10	9	9	13	1	1
10	13	6	5	17	16	11	5	13	14
1	18	20	15	17	8	20	18	17	3
12	18	13	1	5	3	13	19	2	6
12	12	13	19	1	15	6	7	19	8
2	7	12	9	3	7	18	20	9	14
1	11	7	11	12	4	11	9	2	19
19	10	16	10	13	12	19	19	1	14
4	1	14	4	6	11	9	12	8	6
8	6	4	1	8	3	10	5	20	4
1	8	5	10	3	8	20	11	17	18
2	3	18	2	17	6	3	5	15	18
1	5	8	7	6	14	11	14	10	7
14	14	11	4	20	18	16	4	20	12
20	6	2	12	8	18	3	15	14	17
15	9	1	3	19	11	18	13	10	3
3	12	8	4	15	3	10	18	14	8
3	9	1	4	12	14	19	2	15	14
9	13	15	14	12	15	17	11	5	10
7	16	10	6	8	13	19	14	4	1
3	10	13	18	9	15	6	8	19	4
14	1	13	1	1	8	6	19	8	5
9	14	20	2	5	3	19	16	6	14
12	17	1	3	2	19	2	9	18	14
13	3	10	3	1	2	12	11	20	14
6	15	20	3	17	11	7	13	8	6
15	6	19	5	17	18	1	18	7	19
7	8	9	7	13	13	17	15	12	2
4	9	16	7	15	11	16	12	18	4
11	17	5	5	18	15	18	3	9	1
12	20	19	3	11	19	2	2	18	1
6	3	1	14	9	16	5	11	2	1
20	10	11	15	8	16	18	3	9	15
1	17	20	7	13	16	9	8	4	19
2	11	19	6	15	1	14	6	1	6
9	19	8	2	16	5	5	5	8	17
12	2	2	14	12	15	10	17	7	6
20	20	6	8	20	8	5	12	2	2
11	14	15	1	4	12	9	13	15	8
20	11	5	16	11	13	6	18	7	18
15	13	20	9	14	10	17	2	10	18
15	7	5	20	9	12	7	8	14	13
18	14	10	10	16	8	9	3	4	14
12	10	8	9	3	10	1	5	2	5
5	5	1	16	20	8	6	3	16	1
15	6	3	9	5	2	4	18	12	5
3	13	11	9	4	10	11	18	18	1
1	11	18	18	14	17	3	5	15	8
18	20	9	19	12	18	14	14	13	11
10	18	16	9	3	14	9	6	8	2
8	11	18	3	11	13	1	12	1	3
6	11	7	7	5	11	20	14	20	11
11	8	9	6	11	14	16	19	3	16
5	7	4	16	20	2	9	13	20	17
10	1	12	16	4	11	4	4	20	5
13	17	13	20	18	2	5	17	13	17
10	20	6	10	12	17	19	8	3	14
19	9	12	20	14	17	16	20	8	17
11	12	3	5	1	20	18	15	14	7
10	5	20	2	14	6	8	11	15	1
9	18	16	16	10	19	18	19	3	1
9	15	11	8	10	7	5	9	19	13
17	13	12	8	2	11	5	6	14	9
16	18	3	14	17	7	12	1	8	17
20	11	18	12	10	19	4	4	4	16
5	13	14	4	18	8	5	12	18	9
14	9	1	19	16	11	8	5	1	16
15	9	16	13	15	4	10	1	5	9
3	19	18	16	19	6	8	3	2	12
19	2	18	16	7	5	4	13	3	5
18	12	9	9	6	4	3	8	13	9
3	6	6	17	13	15	19	16	17	15
11	4	2	5	12	20	16	3	8	1
1	15	3	9	15	19	14	13	2	12
13	18	2	7	8	8	18	12	15	7


2	1	2	1	1	2	1	1	2	2
5	3	2	5	4	2	3	5	4	3