200	6	10

1	1.3	1.55	1.75	2.1
4	6.76	9.61	12.25	17.64

96	49	46	99	46	51	83	40	90	27
11	28	74	19	20	84	9	67	75	43
2	43	3	63	65	38	81	8	41	11
76	56	42	69	86	41	10	56	12	92
84	29	75	93	6	27	39	68	55	3
57	22	77	53	35	97	71	38	99	64
58	34	56	62	35	52	4	25	23	10
17	62	90	79	67	85	55	11	85	8
48	98	27	35	37	54	84	6	32	71
40	48	25	38	57	39	17	31	84	74
86	60	53	74	20	87	39	23	16	1
25	29	7	75	30	90	70	28	37	87
73	27	11	1	33	62	23	16	67	73
96	36	80	34	66	66	8	44	76	59
52	75	96	23	92	54	47	2	22	43
52	69	5	81	79	17	51	54	48	69
33	10	10	90	95	65	47	96	7	43
79	43	23	57	41	83	33	60	82	75
3	18	57	16	51	44	64	82	75	49
56	6	61	40	24	10	95	22	5	11
29	84	30	61	16	1	73	33	2	2
28	99	33	48	24	50	42	27	26	1
7	85	71	13	87	92	44	41	28	48
19	95	79	8	62	99	16	33	94	20
32	64	66	40	67	61	34	11	41	77
31	24	88	81	60	33	50	42	52	96
6	97	30	43	28	44	62	32	51	69
30	82	99	16	51	11	26	98	31	53
49	77	42	10	58	3	84	42	58	55
4	8	28	49	29	88	7	80	58	85
51	71	33	36	60	91	69	47	2	81
53	20	73	38	49	37	30	50	69	99
44	9	3	96	34	79	60	92	5	81
81	85	49	48	12	90	63	34	33	86
99	18	14	49	50	81	28	77	62	27
91	75	4	26	23	81	58	16	77	87
14	52	27	81	43	74	33	90	55	65
20	47	28	41	6	38	58	55	87	25
61	55	91	20	68	69	54	2	66	44
16	62	81	15	35	34	55	41	32	49
53	45	12	49	13	34	52	69	21	5
79	89	54	94	92	75	83	97	63	54
77	87	45	55	38	59	42	81	11	79
63	46	69	13	50	56	17	81	66	49
69	72	88	46	3	74	24	41	42	58
28	51	75	41	62	98	45	39	94	25
31	92	90	6	18	22	25	68	89	90
20	15	98	23	65	18	85	81	51	84
45	85	77	52	10	83	90	31	15	38
91	11	27	66	63	97	12	81	45	9
34	1	92	20	34	99	25	77	52	63
62	59	41	76	88	73	89	49	92	40
99	29	15	25	56	98	87	45	62	82
54	34	40	66	34	14	88	45	73	17
29	98	26	1	28	64	15	95	16	53
30	28	25	58	78	51	92	22	49	87
74	40	23	21	30	13	49	72	18	76
26	53	27	49	69	83	28	53	94	44
90	98	44	57	41	38	26	80	57	67
48	55	73	58	59	30	25	12	35	25
89	7	29	70	78	77	85	83	70	75
34	7	8	27	19	25	29	94	93	70
68	38	71	34	68	28	7	81	3	91
60	60	61	81	19	55	39	69	67	75
98	56	72	39	5	95	53	30	99	22
11	82	26	87	90	84	77	22	81	14
72	83	58	57	5	25	23	12	84	22
87	75	58	63	65	89	29	87	23	7
35	98	66	28	73	2	11	8	38	98
51	53	88	11	39	87	99	68	21	58
44	83	4	15	26	62	47	12	81	84
10	58	63	84	64	38	28	7	51	22
6	54	56	82	13	66	74	47	37	93
7	46	50	64	47	99	75	8	3	1
55	46	58	18	58	34	87	63	87	92
21	79	70	92	94	83	38	2	85	17
22	99	88	12	31	57	17	64	83	15
96	59	74	24	22	54	85	8	14	69
84	89	75	10	68	16	71	12	5	97
63	45	29	82	69	97	49	98	62	66
70	2	74	41	79	35	17	33	7	54
73	5	73	85	8	28	52	91	38	42
15	12	14	90	63	58	7	99	55	56
14	97	42	18	49	19	58	87	4	61
36	8	76	65	81	58	74	46	74	86
57	15	20	62	95	24	63	72	17	34
31	70	20	50	24	57	4	75	70	15
87	67	48	23	78	12	41	86	3	9
53	95	34	62	24	77	3	24	10	82
49	20	29	2	62	65	97	28	35	18
43	75	93	19	2	80	42	38	65	4
35	44	70	72	18	52	95	89	39	51
15	20	50	58	81	97	22	16	43	90
64	99	38	91	54	90	63	57	74	53
62	74	65	7	80	64	22	20	63	81
70	47	65	30	85	82	8	94	91	14
5	6	20	98	97	95	80	96	52	24
47	87	58	97	34	31	38	17	92	49
55	48	34	1	49	91	41	81	39	11
30	58	3	3	77	76	49	13	61	8
83	95	87	91	19	75	30	98	61	11
47	24	41	8	13	98	9	1	63	86
92	43	35	99	82	74	22	28	10	10
30	79	40	80	53	84	72	23	11	58
12	69	8	1	65	36	12	99	17	23
53	96	40	66	35	87	94	4	25	59
69	77	26	21	93	47	34	72	94	98
12	89	80	18	33	72	22	74	59	51
37	71	67	44	39	51	86	92	58	59
30	90	92	47	28	57	73	57	82	34
77	40	24	82	49	83	26	91	88	26
47	46	24	94	97	89	54	11	74	34
9	70	8	19	23	16	43	51	65	8
99	37	92	74	63	10	15	3	78	22
87	10	49	15	57	52	81	91	23	47
18	44	34	46	90	30	42	98	90	86
10	10	7	33	5	72	56	80	88	73
80	29	56	51	2	96	44	32	38	31
18	98	67	6	21	1	23	28	98	67
14	9	60	4	14	57	30	84	23	14
35	51	42	38	43	74	76	8	83	25
14	86	81	23	92	28	21	47	28	48
13	81	88	51	80	63	30	39	3	3
72	30	59	57	27	91	11	68	23	86
80	7	15	33	19	39	49	50	97	73
5	73	19	25	96	45	85	76	82	78
80	79	56	4	15	82	12	87	68	67
60	83	33	45	85	29	20	85	89	60
9	84	78	3	63	39	70	9	77	35
96	95	67	50	29	7	57	73	60	59
61	99	7	48	51	95	70	50	20	77
72	59	54	50	74	51	75	29	31	42
66	80	21	94	53	94	36	79	45	63
50	35	78	31	53	82	82	54	66	14
41	91	63	30	8	32	46	66	51	61
21	46	45	50	88	84	23	29	63	25
11	63	2	83	15	69	54	71	82	5
61	28	34	75	95	85	52	37	73	47
24	85	59	74	15	84	56	56	24	99
23	87	90	15	7	63	24	78	44	47
96	79	97	95	74	10	99	35	79	62
87	18	59	99	39	40	60	93	53	92
88	2	62	68	31	86	66	59	29	31
65	14	30	15	6	65	51	79	2	99
31	25	77	18	35	80	33	58	36	30
26	95	76	13	59	58	56	87	9	36
63	31	89	90	43	56	99	40	95	23
64	31	49	29	41	11	63	8	66	60
13	18	6	47	93	17	43	55	35	13
15	44	74	99	33	68	96	30	38	63
69	67	51	16	45	37	31	46	91	23
73	32	59	30	48	40	25	30	37	61
13	25	99	10	62	95	5	15	89	83
99	71	53	51	56	10	52	56	66	28
94	51	73	7	37	51	64	23	63	61
18	72	13	4	2	16	6	53	95	50
43	89	58	89	23	10	45	11	4	21
7	95	63	6	74	53	79	46	30	41
37	23	39	98	52	80	35	21	19	30
17	70	76	89	83	43	1	3	74	94
57	60	16	26	43	68	78	95	72	39
39	47	73	14	15	97	98	13	24	41
27	55	12	72	37	79	34	91	34	74
3	66	2	2	67	60	51	96	63	88
75	91	50	73	68	56	81	31	50	62
58	98	18	43	34	76	58	94	42	12
56	11	15	74	54	21	65	80	65	87
82	91	14	72	85	92	23	55	62	11
56	41	55	8	64	35	60	74	24	54
97	28	28	30	78	67	66	68	53	50
22	30	10	14	97	80	28	82	77	51
13	60	40	98	83	24	58	80	75	87
29	74	85	29	68	85	47	62	66	43
41	67	14	48	84	7	14	52	58	90
8	4	57	74	67	41	40	75	13	19
90	40	61	83	75	99	38	57	15	54
89	60	76	91	62	17	72	2	63	18
91	83	71	12	29	97	67	6	87	33
70	27	2	70	62	80	31	37	60	10
25	55	76	10	55	18	19	95	81	29
21	15	88	78	72	36	89	39	17	75
32	16	7	36	73	97	28	91	22	41
86	76	86	16	14	85	73	48	49	33
50	80	38	28	85	86	65	65	92	58
70	57	62	27	46	96	26	8	52	76
98	57	25	19	50	39	88	27	3	82
62	83	34	52	38	95	39	80	13	58
72	10	77	56	20	9	67	29	69	17
41	97	31	54	1	89	77	70	89	36
46	61	62	32	88	72	27	2	37	1
37	2	54	38	67	22	13	32	95	96
67	35	48	54	50	32	16	39	50	77
93	5	88	15	91	52	48	68	92	11
77	92	37	61	89	94	12	33	22	13
86	43	27	7	90	9	91	55	3	89
12	48	30	65	66	81	6	34	13	97
43	33	94	62	61	49	4	38	45	79
66	92	50	24	53	7	29	74	86	7
74	79	48	82	95	87	56	55	66	39
90	57	58	62	80	44	96	20	11	20

13	5	7	3	3	13	2	13	19	7
11	17	11	11	5	8	17	18	5	8
17	17	1	8	8	9	2	4	17	19
12	20	19	2	20	18	12	8	14	1
19	10	8	7	1	14	6	9	14	1
16	4	12	3	8	18	10	7	14	4
17	6	12	9	6	10	16	8	18	20
7	12	19	13	5	18	18	12	1	13
7	14	7	19	14	3	7	11	17	4
13	19	18	8	13	7	1	18	18	8
13	11	6	6	6	16	8	3	13	1
3	10	18	1	11	17	6	19	20	12
10	3	7	12	8	20	18	11	6	9
8	8	4	14	5	14	15	5	5	3
17	19	9	20	2	2	14	14	7	18
2	19	7	11	3	11	1	13	13	18
3	15	14	18	13	5	2	4	5	1
16	17	13	12	10	11	2	13	15	13
16	3	8	8	14	17	16	2	18	9
18	3	4	11	5	9	6	19	16	18
11	12	17	4	9	6	12	2	14	1
20	19	14	17	6	8	13	10	6	15
7	3	17	5	19	1	16	11	13	4
4	11	14	5	1	18	20	14	18	1
14	18	9	12	8	5	19	6	6	14
18	8	2	18	8	7	11	8	16	13
18	17	13	4	14	2	17	10	12	8
13	9	1	3	14	14	18	3	13	9
20	19	20	13	7	3	8	5	6	14
5	17	13	14	9	15	6	10	3	4
6	6	3	4	17	6	18	5	17	15
11	3	14	14	9	7	17	3	1	18
19	20	11	14	19	4	17	14	8	14
8	4	4	19	20	10	1	16	8	19
1	2	7	16	17	1	7	16	6	6
8	19	20	2	1	11	4	3	7	6
19	18	6	1	11	5	8	13	2	10
18	10	19	5	16	18	8	3	13	4
15	18	13	11	17	11	5	17	15	12
13	9	19	6	11	4	4	19	2	2
20	7	20	19	13	15	2	5	9	16
4	15	17	4	8	1	20	16	6	3
20	11	18	6	10	16	8	12	14	1
3	1	20	18	16	17	17	15	18	18
3	18	13	1	11	14	17	2	9	5
6	14	5	7	5	2	14	17	16	20
16	8	14	8	13	19	13	13	10	6
8	4	2	15	7	18	7	9	20	11
5	20	19	3	20	17	18	5	8	16
11	20	19	19	12	5	11	20	4	10
15	12	15	10	12	9	11	9	1	20
5	6	4	16	15	5	4	2	3	7
14	20	6	8	18	5	12	14	1	3
15	5	13	10	11	5	9	7	20	3
6	20	1	6	16	12	15	13	4	2
9	9	15	13	13	13	3	19	15	14
7	7	17	11	6	5	10	4	9	6
17	17	13	1	8	10	14	3	9	11
5	18	6	1	16	8	8	3	18	14
17	19	16	9	11	11	3	9	12	12
9	13	6	4	5	15	8	3	1	16
18	5	8	19	15	7	7	8	9	16
18	6	19	10	5	11	13	12	17	2
10	8	11	13	18	18	14	17	2	13
8	20	7	15	3	3	19	8	19	17
4	3	12	19	2	3	13	6	18	15
17	7	11	10	6	3	13	20	17	20
4	1	15	11	2	16	5	3	20	14
14	10	15	19	10	8	14	9	3	14
4	10	9	19	14	19	18	2	5	3
16	16	16	2	1	13	12	14	1	9
4	19	18	9	1	10	20	15	16	4
20	16	5	3	12	15	13	2	5	14
15	6	19	14	5	20	11	17	8	17
10	14	5	6	9	4	7	19	13	11
8	2	12	4	19	8	8	11	5	14
11	3	16	17	10	3	13	1	16	14
18	3	6	17	1	5	14	6	16	5
19	18	20	11	18	14	16	9	8	6
19	1	16	2	20	17	8	6	8	17
6	6	18	11	9	16	17	13	6	8
10	20	12	8	16	19	11	13	17	10
3	7	15	10	7	9	12	19	1	3
18	19	5	9	16	12	7	12	15	9
1	15	19	20	2	13	4	4	4	15
11	14	15	14	4	19	17	14	15	8
4	19	9	10	8	5	18	10	15	11
13	13	15	5	19	12	4	16	6	20
10	3	16	9	3	4	11	20	11	10
9	20	15	3	10	18	4	12	12	18
17	6	12	8	15	6	18	14	12	7
3	1	1	13	17	19	8	15	11	2
7	9	17	17	1	14	4	19	3	20
6	13	13	4	13	1	13	2	1	11
2	1	12	2	3	9	2	13	6	12
10	14	12	7	4	8	10	15	15	9
2	10	7	1	14	6	7	19	6	5
16	19	2	3	6	1	8	1	1	15
3	19	2	7	8	17	13	12	3	11
4	2	1	3	14	20	2	17	13	8
18	9	16	10	4	20	12	17	3	5
18	3	1	14	14	3	13	11	15	17
12	7	14	1	7	7	11	6	5	19
11	14	10	1	11	16	8	20	18	1
7	2	9	6	13	10	18	4	9	11
8	9	15	6	14	17	20	2	2	20
20	13	19	8	4	7	10	7	18	10
14	7	18	6	17	1	18	2	5	10
1	2	16	4	3	5	9	4	19	14
2	8	4	17	15	17	20	6	3	13
13	3	9	2	19	1	9	16	15	18
11	11	16	17	20	8	6	13	9	10
14	8	1	4	12	13	12	16	20	9
12	5	17	10	3	6	3	19	12	10
2	19	13	19	13	7	7	8	2	11
6	9	13	4	19	3	9	15	18	17
16	6	9	8	17	7	15	1	8	3
5	11	9	1	9	18	14	4	7	11
18	12	17	18	7	1	3	13	17	1
9	11	1	3	13	11	9	18	8	8
17	2	9	12	4	18	11	4	17	20
13	1	14	9	8	11	8	11	3	14
8	18	13	18	19	12	6	18	15	10
14	9	5	8	4	17	15	16	12	2
12	17	13	7	20	20	1	19	15	12
17	1	10	2	7	9	20	3	6	12
20	5	1	6	19	11	11	6	3	2
19	12	10	18	20	8	10	8	19	14
10	19	11	2	2	8	7	17	12	9
7	18	13	14	17	17	19	4	5	13
15	9	2	11	8	13	4	7	17	9
15	15	12	16	20	15	12	20	14	4
16	13	12	17	8	3	19	6	9	18
8	18	20	12	6	15	3	3	18	11
9	8	2	9	2	8	2	19	3	2
16	14	10	5	18	3	6	20	6	20
20	6	3	6	12	1	1	3	16	6
9	4	2	15	2	14	15	14	1	4
3	5	1	4	10	8	16	14	5	3
5	6	6	3	8	4	18	12	11	6
11	16	1	3	17	20	19	6	15	9
16	19	6	19	9	2	18	3	3	8
1	15	14	11	7	6	19	9	10	14
19	5	19	18	2	16	12	6	20	15
2	19	15	20	4	3	4	5	11	2
20	19	3	13	3	18	8	3	19	19
5	19	19	11	20	14	18	12	20	3
19	14	6	1	12	15	14	4	19	9
13	14	8	3	4	17	17	10	12	16
13	10	12	14	11	15	6	2	14	2
19	12	5	13	17	10	18	11	18	15
4	5	14	11	3	2	17	19	2	7
4	20	12	13	19	16	4	17	6	11
9	6	3	1	17	5	11	3	12	6
6	9	14	9	2	3	10	17	12	15
4	20	10	14	14	18	16	18	19	12
15	6	8	1	19	8	1	10	18	6
10	3	13	5	3	6	14	5	7	5
16	18	4	15	14	12	10	12	9	9
4	9	20	2	3	3	2	1	11	1
10	3	2	17	17	20	5	6	3	8
6	19	12	11	13	13	13	13	10	14
10	9	9	7	4	4	11	13	12	17
13	3	18	14	10	18	14	7	10	1
2	11	10	3	9	11	15	5	8	7
17	10	18	19	9	1	8	4	3	20
19	16	16	1	8	17	13	17	19	14
16	6	4	17	19	15	10	13	11	11
10	7	13	10	20	19	7	1	10	3
4	17	1	20	6	17	16	13	12	14
6	18	6	10	10	8	4	7	1	3
11	11	9	13	16	18	20	9	9	2
1	6	11	10	19	6	19	18	15	16
5	10	12	3	6	1	20	10	6	7
16	16	7	5	10	9	6	14	18	2
18	9	6	10	3	14	5	4	5	2
12	14	10	15	6	17	18	3	19	7
4	9	3	4	5	17	12	17	3	11
12	16	4	18	12	8	8	13	11	12
7	13	16	12	11	13	12	3	8	10
4	15	17	2	3	19	13	4	18	4
5	19	2	7	19	1	18	16	8	17
1	15	16	12	15	8	11	4	3	5
13	17	18	17	4	10	1	11	14	20
11	20	8	5	2	15	5	17	14	10
3	20	8	6	7	16	3	11	3	7
2	11	11	2	15	11	3	19	16	19
4	18	16	15	6	6	12	1	5	1
11	8	20	8	13	5	6	11	1	15
16	2	16	12	7	16	11	17	3	19
10	17	18	4	11	4	20	8	19	8
19	15	10	10	7	11	15	11	8	12
8	1	20	12	7	8	13	3	14	5
5	8	5	11	10	4	4	10	13	5
1	7	15	20	12	9	11	12	10	6
10	16	1	15	19	1	15	3	8	9
20	11	10	15	11	2	3	12	4	19
10	9	9	2	19	18	2	14	12	17
17	20	15	13	19	18	19	9	6	11
6	9	4	10	16	12	16	10	15	5


2	2	2	1	2	2	2	2	1	1
4	1	5	5	1	2	2	4	4	4