200	2	10

1	1.3	1.55	1.75	2.1
4	6.76	9.61	12.25	17.64

17	4	73	75	46	38	4	25	3	99
63	96	30	2	71	6	4	15	35	79
65	94	75	4	72	80	35	61	75	14
99	46	90	58	49	4	48	1	88	27
96	8	81	63	62	85	55	63	86	52
29	29	27	16	95	78	9	64	99	87
25	35	90	86	46	75	14	17	75	66
84	25	14	6	70	8	88	77	13	80
94	14	52	39	26	87	40	31	10	56
45	32	68	31	81	97	90	12	32	37
52	52	38	49	83	23	96	41	72	53
81	63	77	15	43	22	3	65	75	79
36	28	77	80	6	84	18	88	9	55
36	44	4	39	6	65	17	87	89	10
21	49	22	29	63	4	3	44	46	70
19	24	31	18	98	56	50	21	76	56
72	66	28	63	10	94	7	45	78	1
11	84	7	30	70	41	75	12	29	73
84	43	6	34	21	76	78	97	77	64
89	87	61	88	34	36	38	92	79	15
74	33	48	13	73	51	90	6	44	32
21	97	55	44	16	30	67	52	81	79
94	92	4	38	82	92	59	33	99	27
62	45	74	47	83	48	10	36	91	29
30	22	35	15	30	78	41	26	88	13
37	19	25	30	71	3	44	87	27	32
26	58	60	20	60	58	20	54	88	82
47	64	76	47	56	19	11	47	23	35
59	42	6	1	1	47	94	28	58	12
46	84	99	47	98	39	4	38	49	9
60	45	75	76	23	85	29	67	2	7
25	41	98	88	85	63	99	31	53	61
77	1	30	64	75	17	34	18	87	56
78	50	40	58	50	40	85	96	84	98
17	39	37	7	76	79	60	95	6	65
7	26	12	78	71	4	96	7	61	57
5	32	11	93	83	10	94	26	87	76
12	68	96	19	8	69	93	87	31	28
12	67	6	95	6	51	83	93	33	96
57	93	15	44	71	12	52	87	59	3
24	40	52	47	98	75	97	84	97	64
83	1	52	59	64	11	69	45	72	54
4	68	64	82	92	67	21	49	54	34
70	81	81	46	15	60	60	52	48	28
62	75	3	71	25	44	57	49	74	44
30	17	47	54	67	94	96	91	38	17
50	78	34	66	97	17	54	96	26	55
44	95	8	24	5	54	37	69	9	91
39	68	90	82	79	88	71	71	94	38
29	80	73	77	30	29	56	15	52	5
42	80	56	3	44	78	13	20	88	45
36	20	51	14	82	86	55	55	45	60
17	12	30	97	52	96	1	2	77	40
23	47	13	29	66	71	87	92	5	82
83	71	89	7	24	44	33	77	32	46
26	2	26	41	42	39	79	19	53	61
48	52	53	92	70	43	56	85	92	57
48	47	27	66	81	32	80	38	59	31
43	25	91	47	52	68	12	34	89	2
72	11	52	78	85	9	90	17	14	17
94	47	44	5	51	60	10	67	86	27
57	59	49	32	14	95	17	56	66	99
19	88	66	29	28	87	43	98	2	44
97	1	77	9	43	37	85	57	25	21
6	39	96	58	78	1	94	32	22	2
83	76	80	26	93	88	53	22	66	54
3	27	23	46	93	55	58	8	59	85
3	18	88	38	98	2	24	84	82	95
45	8	92	77	33	70	7	56	20	94
96	17	25	31	67	17	71	11	71	51
32	75	53	5	94	85	78	39	42	58
4	86	77	37	50	84	72	9	53	87
78	55	38	4	66	77	23	93	96	98
97	42	96	22	24	94	15	62	28	72
69	35	40	82	22	12	10	3	47	79
21	75	16	7	11	89	45	45	86	45
9	54	18	79	55	83	38	49	23	28
37	54	30	66	49	14	74	22	1	3
75	5	20	99	49	29	29	11	57	72
16	1	90	78	16	44	55	5	13	66
83	83	99	41	32	5	7	6	59	35
26	29	80	83	63	57	79	2	97	6
7	39	53	28	98	3	55	97	5	27
48	77	9	67	70	72	61	77	27	2
66	12	63	46	94	41	84	44	75	65
55	23	59	71	62	24	55	61	6	93
58	90	87	46	19	24	53	9	53	50
23	50	17	75	3	34	53	39	24	63
42	37	80	90	19	67	99	28	54	6
73	18	90	1	22	50	29	24	6	62
96	85	36	72	44	51	40	90	97	93
55	95	4	37	38	4	99	3	25	77
2	88	20	64	66	12	41	98	6	99
16	38	65	77	8	69	33	81	24	17
51	98	78	20	11	75	29	32	60	5
87	99	18	36	19	14	36	82	8	92
81	32	58	97	26	60	44	73	75	57
3	13	37	53	4	29	24	78	87	85
8	13	3	19	88	53	75	50	56	87
90	31	82	67	24	50	5	8	10	75
21	39	63	81	29	87	65	9	36	73
51	16	60	76	10	47	44	38	46	9
36	81	73	30	66	4	28	41	86	59
11	60	98	43	54	71	3	73	64	99
58	98	91	29	17	26	31	99	69	95
58	1	95	87	49	39	9	67	84	26
12	34	94	11	5	47	11	80	75	51
7	19	15	69	88	60	54	14	77	99
91	37	1	63	38	98	69	85	61	53
45	14	87	65	19	50	41	76	62	98
86	71	92	51	22	39	50	1	58	37
53	70	10	45	84	75	47	95	52	55
43	46	50	86	17	40	59	56	49	47
62	24	1	16	35	6	57	55	83	75
55	87	10	93	30	55	42	41	15	39
24	76	71	71	82	70	23	57	29	25
62	19	56	43	43	69	58	41	26	18
67	39	32	13	6	13	7	86	37	17
2	69	15	17	87	82	47	89	84	6
52	30	23	68	90	13	61	65	77	20
55	95	74	60	40	71	73	5	4	74
82	92	66	97	64	89	15	69	15	95
79	94	47	6	97	66	78	89	29	32
6	17	23	6	68	45	86	62	96	67
56	59	84	48	76	68	76	37	96	39
44	99	36	75	10	35	26	76	71	23
72	66	23	3	35	30	5	35	73	31
55	8	20	18	27	73	44	67	79	26
40	3	10	13	85	63	61	71	32	26
85	63	83	90	15	25	71	31	54	58
68	46	50	53	13	74	65	89	34	19
67	25	82	47	23	95	49	32	78	7
44	22	12	55	52	78	44	69	40	81
93	34	72	72	68	2	35	78	87	21
41	26	99	32	95	91	66	30	60	75
51	92	25	44	30	32	27	42	2	53
99	49	36	94	80	49	21	57	45	18
41	97	38	66	36	66	75	52	33	57
93	62	5	23	3	93	48	77	31	19
66	45	79	87	20	27	83	7	11	84
36	79	9	1	15	29	22	10	6	87
33	37	38	75	56	1	91	1	52	62
85	10	14	31	39	45	2	24	4	53
5	92	88	12	37	36	32	5	1	66
30	75	80	11	33	14	9	85	62	40
45	21	77	10	52	23	6	47	1	8
7	35	33	31	73	93	45	66	70	34
13	64	42	18	44	77	23	55	98	31
66	57	93	33	4	37	35	31	4	14
14	21	55	7	1	84	31	50	44	10
92	94	45	78	73	23	75	34	36	30
15	49	24	20	7	86	39	14	56	18
52	25	97	66	86	14	49	80	10	92
53	22	43	19	39	53	54	48	66	40
42	89	17	20	90	67	81	94	82	17
33	92	76	37	73	40	53	4	26	75
89	80	43	31	68	35	62	62	14	92
91	33	56	28	4	87	3	39	37	44
20	28	38	36	98	33	66	24	70	49
4	55	56	69	38	91	24	40	72	89
40	36	55	3	44	10	69	72	94	1
2	5	29	54	96	70	68	7	1	77
92	35	94	80	62	65	14	75	63	36
48	93	30	91	37	11	37	49	88	50
76	86	91	25	27	9	43	1	3	7
58	52	38	30	91	40	40	31	60	47
6	98	15	49	80	18	94	31	92	45
66	80	37	37	2	75	6	64	13	33
85	23	17	19	39	56	11	57	47	77
59	28	92	62	7	58	79	15	2	79
7	32	36	19	50	56	6	50	37	36
64	51	98	4	24	88	76	80	89	10
92	8	26	66	28	24	1	18	88	3
6	70	74	60	7	61	79	8	22	95
68	49	77	24	36	20	98	75	7	5
4	57	30	24	90	48	96	37	29	59
29	44	64	36	44	31	68	64	5	2
23	6	55	83	58	98	21	76	7	46
18	61	81	29	63	84	95	18	78	55
13	77	31	67	91	85	12	35	26	74
42	7	58	72	10	55	37	57	12	93
40	10	77	37	80	32	74	9	77	50
91	33	35	52	25	44	9	43	9	26
49	11	69	43	68	51	31	19	64	37
76	71	1	37	86	91	45	28	87	8
94	86	45	31	80	60	89	33	30	44
81	51	29	28	48	43	7	78	82	93
25	74	24	31	85	87	8	67	16	2
42	3	33	57	24	28	90	75	23	25
66	30	95	33	39	30	47	27	2	73
77	75	27	59	54	5	25	48	1	59
60	84	37	36	46	21	24	77	61	32
57	54	91	67	9	9	36	27	40	30
66	42	60	63	22	21	49	91	49	43
43	68	24	45	60	25	63	21	72	9
17	88	93	29	27	59	84	99	95	64
18	54	62	92	82	37	97	87	53	77
70	91	82	57	53	35	29	88	99	31
89	83	44	70	32	19	46	79	72	32
80	39	72	47	39	39	88	84	20	90

8	19	2	6	1	1	3	5	13	4
12	5	9	10	12	7	13	18	18	18
20	13	5	14	4	7	14	17	13	3
2	19	9	10	15	4	13	8	18	14
20	14	8	5	15	20	11	11	1	14
12	9	5	1	7	12	15	8	11	10
8	16	4	2	16	19	9	16	8	13
18	4	10	20	6	19	4	3	15	1
10	1	7	1	11	14	6	14	8	11
10	5	8	12	9	10	1	15	13	5
4	3	14	11	16	17	19	10	16	9
10	6	11	1	1	1	12	1	14	17
18	14	13	12	12	4	15	1	17	6
5	2	18	1	1	7	5	9	3	4
6	3	1	20	8	3	2	8	18	7
5	3	9	4	3	9	1	11	20	12
1	10	19	13	2	6	11	17	18	20
19	8	15	10	18	14	1	17	4	2
18	5	2	16	11	3	14	1	13	6
9	17	16	3	3	4	14	14	20	19
2	14	8	6	6	3	13	19	6	12
4	10	9	20	16	12	6	11	18	9
8	15	9	11	13	10	4	16	6	5
18	6	17	10	8	15	5	13	14	4
18	4	5	8	15	4	9	19	16	9
15	7	10	20	18	19	12	12	14	6
6	12	16	2	19	1	9	13	17	20
4	6	20	4	7	2	8	17	12	9
8	14	2	16	7	6	9	2	12	2
1	14	6	7	13	1	5	17	7	2
9	18	12	7	14	6	1	11	5	9
12	6	10	7	7	13	7	1	9	11
18	4	12	17	10	5	4	3	11	10
16	11	15	6	5	16	10	19	15	7
12	19	15	15	9	14	19	20	5	20
7	5	14	2	12	1	1	14	12	17
17	7	14	13	5	7	7	13	18	14
5	17	9	20	18	19	2	5	4	16
18	5	2	17	17	3	9	15	14	6
16	11	15	15	18	11	15	13	15	12
9	20	17	19	2	2	4	8	6	5
19	3	13	10	14	20	10	18	5	20
14	9	17	6	15	7	5	7	8	10
1	12	15	8	4	13	11	3	17	14
8	17	8	3	7	16	14	4	13	12
12	2	16	17	16	9	20	16	7	11
13	1	14	13	8	11	12	15	4	15
14	11	19	20	18	11	4	4	18	7
15	18	1	19	6	3	15	8	2	16
13	1	16	13	20	6	5	3	12	11
20	20	2	17	4	11	7	3	15	8
15	15	3	5	8	8	17	16	6	5
1	10	12	16	16	15	2	7	17	18
11	7	9	4	16	8	10	7	3	16
9	2	1	2	9	16	6	20	6	1
4	8	10	20	14	19	16	6	1	5
6	18	11	8	10	19	2	3	20	6
8	13	16	4	19	9	17	18	7	5
14	10	1	19	12	5	13	5	9	20
5	4	4	12	18	4	2	7	11	5
17	10	17	8	20	17	12	1	19	5
12	16	4	1	15	7	3	7	20	9
18	12	2	7	8	11	17	1	3	1
3	17	16	3	19	7	19	13	16	3
5	20	9	2	14	5	10	5	13	20
19	15	20	19	3	5	2	4	19	9
10	12	1	6	1	12	7	17	4	10
18	8	6	17	10	5	2	4	14	18
18	19	9	19	10	20	2	12	13	19
12	13	14	6	1	10	17	7	2	6
19	16	16	17	19	2	5	17	4	5
12	19	17	16	9	16	11	7	8	18
19	14	12	14	14	9	10	3	17	10
19	10	14	10	3	18	9	18	8	14
14	20	5	2	7	2	7	7	8	10
18	19	18	19	19	20	15	19	6	17
17	8	17	5	20	5	15	19	15	15
19	5	14	11	3	6	8	18	18	3
12	5	3	8	15	13	18	8	11	3
13	13	4	17	4	14	3	12	20	18
12	6	7	14	19	4	5	2	16	15
12	4	18	20	1	7	18	14	5	17
7	2	4	6	8	20	2	12	15	2
6	10	8	2	4	10	9	16	16	19
2	14	10	2	16	4	1	19	15	16
5	20	9	2	2	12	16	3	11	14
8	1	19	10	19	19	6	19	3	18
16	19	3	2	20	6	4	2	2	1
3	17	8	5	20	16	18	3	19	14
8	9	12	1	9	19	16	7	8	19
17	19	17	10	17	5	19	5	4	15
1	11	10	9	1	15	2	2	13	19
7	13	19	3	14	18	16	13	19	3
12	8	17	4	8	15	13	11	17	17
20	18	7	15	15	16	5	12	4	3
2	19	6	6	3	2	7	10	4	9
7	5	8	15	18	12	16	14	6	3
12	15	11	16	7	14	6	17	2	6
12	4	9	11	9	17	9	19	3	10
17	7	14	7	3	15	8	6	16	9
10	3	4	2	15	19	14	20	2	19
13	3	3	11	18	19	13	6	13	7
16	12	1	3	15	12	13	1	4	17
3	8	15	19	20	15	20	14	15	13
13	13	19	11	18	11	13	18	7	15
6	18	8	18	11	3	20	10	6	12
15	9	14	20	14	20	15	20	1	10
3	4	17	5	18	16	12	8	19	12
3	20	2	15	14	1	13	3	13	10
7	10	16	5	14	2	5	17	5	11
11	14	10	9	6	2	2	5	15	12
4	18	2	13	18	4	3	1	3	15
8	14	14	14	4	16	12	9	11	15
13	6	4	9	1	5	9	1	16	2
5	7	11	6	3	12	5	20	12	12
2	15	9	16	14	19	14	1	3	10
9	14	20	12	7	20	6	14	14	20
4	10	15	7	7	14	4	17	12	16
15	4	17	15	9	5	20	16	8	9
13	19	16	17	12	12	12	6	14	14
14	9	14	6	20	1	16	18	1	11
7	9	19	10	5	16	5	19	19	4
6	4	15	10	17	17	4	20	1	18
12	17	5	12	1	9	18	3	18	14
9	20	9	16	15	7	16	18	9	15
20	17	12	14	8	14	10	5	18	10
13	11	20	19	2	9	15	14	11	20
6	8	9	19	11	2	20	1	1	8
9	8	15	2	19	16	5	1	3	15
3	18	14	6	17	19	8	13	14	7
15	16	13	11	19	19	13	5	10	4
12	13	20	8	13	12	14	18	10	7
12	12	1	16	18	17	11	2	13	9
17	11	2	10	12	6	10	8	13	2
8	20	11	8	8	4	17	19	12	6
3	14	13	13	11	16	7	7	20	15
14	20	3	20	5	11	18	15	15	6
7	11	6	19	1	8	8	18	6	17
3	8	13	2	16	4	6	15	15	10
15	8	20	6	3	9	8	14	2	20
12	18	9	7	1	20	3	16	10	11
8	1	8	20	3	16	6	2	18	9
3	6	18	19	13	9	12	18	3	4
15	3	13	16	8	1	13	5	2	18
20	4	11	9	8	6	18	18	9	5
8	10	7	17	15	14	11	1	4	2
6	4	11	8	15	2	11	5	5	8
19	9	8	9	20	19	15	4	16	17
7	14	4	7	10	17	8	3	10	14
17	16	17	1	12	17	10	12	1	15
6	7	15	7	10	6	17	19	8	8
4	7	16	1	20	18	6	12	10	17
14	19	5	19	20	6	2	16	3	16
13	13	3	14	3	17	6	3	16	11
16	16	2	5	13	20	15	12	6	10
7	17	19	2	15	14	17	18	13	6
2	17	1	20	19	19	17	2	8	2
3	13	13	12	19	14	19	5	15	19
12	10	19	3	12	6	6	6	17	15
14	5	7	18	3	19	9	19	6	6
14	10	4	8	10	20	11	2	19	7
14	10	3	14	18	16	2	14	18	10
14	16	16	2	8	8	8	15	14	5
4	12	5	13	7	1	5	4	11	17
9	2	6	8	13	12	19	20	18	8
7	14	9	19	13	2	7	7	10	2
1	20	15	18	6	13	7	7	20	12
9	14	8	10	1	3	5	16	10	1
16	15	5	1	17	20	20	19	4	17
6	10	6	6	19	19	12	20	14	16
9	19	18	1	3	15	14	4	18	4
17	19	20	14	12	9	17	10	3	12
6	17	15	4	12	10	19	8	5	15
14	7	16	12	20	9	15	11	13	7
16	19	7	1	5	6	9	18	13	6
11	20	20	12	10	3	15	9	14	20
15	8	6	13	11	17	6	11	9	2
11	3	5	3	7	7	4	7	6	5
2	20	15	7	19	5	7	18	19	12
19	8	19	2	2	17	7	17	2	15
19	20	7	4	16	7	1	20	7	4
5	15	11	8	3	8	9	14	17	7
3	7	7	8	1	15	12	1	11	14
20	18	17	9	18	2	20	19	19	9
10	19	18	18	12	9	8	15	3	4
18	8	8	11	10	18	2	16	2	16
17	16	11	15	14	2	11	13	14	18
9	10	6	6	15	18	17	17	13	15
5	6	11	5	5	16	8	14	19	15
12	19	10	14	14	14	6	12	20	14
8	6	18	10	17	8	20	19	6	2
2	9	9	6	10	8	8	14	15	19
1	10	8	6	16	2	1	4	7	13
12	13	10	3	17	12	14	6	8	19
14	7	11	3	2	3	20	2	16	16
15	9	3	20	13	8	3	10	9	13
17	9	17	2	14	16	14	3	20	17
20	19	9	20	9	2	6	12	4	14
16	18	9	7	6	2	1	7	6	9
13	10	4	16	2	4	18	19	20	6


2	1	1	1	1	1	2	1	2	1
4	4	2	5	5	2	3	4	5	4