200	6	20

1	1.3	1.55	1.75	2.1
4	6.76	9.61	12.25	17.64

89	3	26	69	39	30	86	99	38	94	40	27	43	22	46	34	95	83	95	21
60	69	50	62	80	82	37	26	87	59	18	66	85	73	10	36	45	85	67	56
24	15	25	3	58	98	53	47	4	99	87	80	15	48	74	93	51	1	73	42
12	6	13	49	50	5	53	34	99	94	39	24	40	50	20	92	30	89	16	95
30	32	15	21	36	52	22	84	66	87	58	67	27	94	20	77	59	29	95	36
98	66	87	79	63	47	45	24	24	98	38	77	81	63	74	21	6	34	91	97
52	46	72	2	11	80	69	65	97	56	4	28	13	12	21	75	6	52	44	39
4	53	74	41	6	40	74	74	54	96	55	91	46	31	78	45	41	94	19	86
82	90	62	65	61	21	11	90	71	28	60	99	30	53	13	93	24	87	11	90
14	57	63	55	94	15	37	17	66	32	67	67	17	91	57	43	24	30	87	12
63	6	26	10	7	14	56	8	94	85	96	16	19	38	97	52	41	57	6	95
7	62	9	99	34	51	26	19	16	57	6	32	2	27	88	42	70	80	93	15
94	29	14	78	3	12	8	42	22	2	18	6	9	83	49	42	50	48	89	38
48	76	82	67	85	4	43	68	96	5	14	86	32	20	39	31	14	13	7	99
42	61	53	89	17	7	90	86	45	7	6	75	6	34	99	38	25	98	23	65
71	16	50	91	75	67	84	45	64	64	9	66	79	23	46	63	22	28	41	55
35	21	49	50	39	98	1	26	79	43	11	34	67	35	57	76	75	29	81	34
78	39	32	56	25	28	76	1	89	12	68	95	19	13	23	54	87	58	99	18
30	16	8	38	21	12	63	44	80	59	69	18	66	84	68	3	95	24	31	62
95	25	83	5	42	82	8	66	53	22	16	71	42	8	13	3	54	9	69	95
86	14	28	31	34	24	22	73	83	44	85	46	85	2	51	30	26	85	22	62
46	99	60	1	57	63	1	66	93	51	16	55	71	70	60	91	1	42	11	19
67	18	71	82	43	22	57	84	54	70	53	63	53	24	74	61	3	42	74	27
26	66	93	38	85	82	81	12	36	1	53	77	96	34	70	66	9	64	47	27
58	73	99	55	50	19	92	36	87	8	81	45	69	13	83	33	29	7	80	69
19	94	66	9	6	50	58	97	13	33	49	60	87	79	34	76	17	75	80	91
23	47	99	89	51	71	81	18	53	52	32	52	65	27	25	30	79	52	24	47
53	44	20	50	33	80	62	42	81	24	31	96	70	49	38	3	57	61	88	93
82	6	86	60	45	12	24	98	8	27	52	92	88	12	17	95	31	38	47	17
28	76	78	15	41	63	19	66	30	47	61	85	98	93	54	78	4	10	75	35
82	37	16	90	14	51	95	22	85	83	77	18	89	91	15	70	91	84	25	9
65	13	84	85	4	28	89	43	56	46	32	59	30	79	17	59	24	31	95	29
47	25	70	11	86	57	35	22	94	92	32	47	32	50	5	60	9	48	11	46
39	46	49	42	1	56	41	10	48	79	45	59	61	43	25	62	47	94	16	51
31	23	85	2	31	29	21	26	6	85	50	31	75	11	65	7	70	88	85	58
43	26	63	1	77	73	9	27	17	60	80	13	48	85	92	86	37	91	91	38
11	39	49	41	69	85	41	21	91	51	88	82	28	42	28	11	47	56	72	1
75	53	84	11	90	79	93	16	65	40	49	58	10	26	37	84	62	18	4	94
56	68	98	56	13	20	82	6	58	58	20	73	7	37	53	46	26	53	49	36
88	76	37	24	69	9	81	66	93	97	25	86	39	7	74	87	49	40	22	8
3	97	1	12	86	80	50	69	67	63	83	29	98	31	27	65	83	59	54	19
85	7	58	18	25	55	23	10	43	32	81	89	51	46	92	7	59	93	25	34
99	78	74	95	70	37	55	87	86	39	11	95	47	56	2	98	29	17	74	15
1	91	5	81	52	61	33	93	49	5	33	38	59	89	53	51	99	3	67	59
65	86	22	37	81	29	5	67	81	8	99	31	63	43	15	59	90	85	82	55
43	41	13	37	86	85	2	28	25	14	7	18	51	24	39	86	11	53	43	86
90	80	21	66	73	80	6	24	26	43	90	26	16	94	39	13	91	27	89	69
59	48	83	17	76	17	85	78	45	43	81	61	45	22	29	2	46	73	72	77
45	52	42	73	11	95	16	75	83	87	45	26	98	30	99	96	78	99	40	25
10	92	92	31	7	11	29	25	87	96	58	80	78	33	32	18	30	96	32	2
16	83	42	62	69	72	77	21	63	45	4	98	31	62	5	66	48	10	37	96
7	62	14	29	82	86	82	54	86	21	10	1	68	24	67	85	77	76	95	69
27	25	73	39	16	84	9	11	61	49	78	69	75	94	15	92	63	32	50	21
39	36	8	42	92	28	50	18	41	79	18	75	25	6	32	11	69	46	62	76
83	33	34	59	87	67	77	98	98	33	56	95	16	67	29	20	90	49	20	21
35	51	60	94	34	12	2	2	57	8	90	95	35	78	16	74	20	24	15	35
40	77	85	8	59	49	65	40	41	94	28	79	81	77	47	3	60	76	15	52
19	76	89	80	24	80	28	64	40	58	7	34	55	44	72	64	51	36	24	6
14	30	44	18	25	60	14	69	70	65	24	93	11	12	29	92	31	83	84	31
24	10	89	82	14	20	50	1	81	74	17	45	95	50	75	54	27	22	33	91
38	20	59	79	87	79	92	20	98	35	21	96	75	43	69	60	72	22	3	55
71	12	67	15	63	76	56	5	95	70	28	91	91	20	36	21	27	53	68	20
8	79	18	40	33	89	65	70	53	60	66	7	47	7	15	13	58	25	83	71
72	23	35	1	10	41	6	32	18	51	15	79	36	24	88	80	41	11	53	29
89	54	1	99	18	86	69	49	19	55	55	36	46	40	78	55	96	13	14	53
99	27	79	45	74	99	98	70	65	16	97	14	98	74	41	91	63	44	84	70
86	26	13	8	96	94	47	91	65	31	79	27	5	48	95	99	43	94	12	56
76	51	58	76	23	40	17	2	30	35	37	57	38	30	88	94	45	41	51	1
69	3	44	49	46	87	35	96	51	51	40	13	27	45	28	25	71	95	31	91
37	87	24	61	24	66	95	36	51	42	52	28	12	94	57	16	42	21	67	60
89	94	92	10	59	22	42	12	75	94	50	11	39	50	65	20	6	30	46	78
94	47	78	4	37	5	37	30	48	24	97	59	21	95	3	76	24	65	91	48
34	13	96	27	55	32	39	31	49	33	5	61	63	39	61	60	20	69	56	73
37	70	9	65	76	13	21	64	7	52	56	48	20	47	44	94	87	85	21	70
87	38	51	51	64	43	65	33	92	51	1	89	36	31	63	85	75	34	92	27
66	45	70	51	22	74	62	49	40	3	3	2	90	82	90	82	64	39	84	95
84	8	68	11	46	6	65	81	22	76	23	32	66	15	40	27	42	45	78	20
30	60	87	79	82	58	33	57	80	84	47	98	29	52	69	83	76	68	19	98
20	55	38	65	43	26	55	82	54	1	44	89	27	88	54	50	42	94	18	35
59	9	45	76	46	12	15	95	5	60	79	94	2	21	15	79	45	74	84	32
28	86	25	24	52	30	91	39	35	3	78	23	42	7	67	96	80	81	8	68
75	55	32	4	53	80	82	64	74	43	98	97	65	2	59	15	65	54	67	47
62	87	5	72	27	8	80	4	50	35	83	98	42	45	99	47	67	31	32	65
1	99	28	27	59	53	70	6	51	78	12	11	54	20	68	80	50	38	97	46
72	46	33	32	19	24	9	87	10	42	42	49	74	3	89	70	35	59	29	79
36	99	9	62	27	10	54	1	34	56	28	53	65	86	22	43	32	40	35	30
48	67	81	59	11	11	26	35	51	38	36	38	14	98	83	42	10	35	44	84
23	30	69	78	10	76	10	98	62	79	88	20	9	38	26	36	61	76	16	61
81	72	5	52	61	28	92	60	54	26	76	18	53	8	44	59	75	86	2	60
64	19	92	96	58	97	4	39	85	71	29	87	22	31	82	59	5	19	58	37
96	54	15	65	61	28	29	16	66	8	77	34	79	81	15	80	35	90	31	61
56	73	14	50	47	84	34	58	36	85	78	28	7	18	46	62	12	94	44	82
31	55	60	98	40	31	1	64	13	98	72	19	32	63	6	68	3	32	36	95
95	28	37	39	30	88	37	19	33	28	48	53	43	76	15	72	97	98	68	96
95	32	2	31	90	9	57	15	64	29	24	1	76	89	70	30	45	98	16	56
59	80	24	71	81	92	99	95	95	22	40	84	5	92	53	32	54	33	35	69
24	11	24	90	24	47	38	11	51	56	15	77	26	51	97	33	82	15	99	31
82	76	52	11	27	68	59	8	92	34	86	71	25	26	22	77	19	56	56	76
71	2	20	66	30	18	63	40	21	78	58	62	42	75	15	52	43	67	1	53
24	87	23	63	78	65	71	2	13	43	4	42	46	28	3	18	72	57	13	37
90	60	42	62	67	46	15	96	12	52	80	24	27	34	36	1	24	59	77	63
23	88	90	84	2	30	27	71	34	13	95	46	65	37	37	17	72	17	1	20
20	22	92	82	17	95	4	3	37	87	3	16	42	95	4	5	16	40	49	13
51	41	31	87	52	97	67	31	63	59	73	16	78	95	1	45	52	23	13	18
82	16	74	79	80	32	79	23	16	46	80	54	33	81	61	16	46	96	34	80
86	25	57	64	92	5	97	48	57	57	6	24	23	1	30	58	57	81	67	37
30	30	6	15	48	63	75	90	69	28	73	90	99	23	64	26	16	48	31	29
10	92	40	95	60	37	60	44	12	2	42	88	78	19	85	34	80	62	62	8
92	48	42	14	75	71	86	29	44	44	61	5	92	81	31	85	83	79	45	62
94	98	22	87	6	72	8	25	49	76	97	80	98	8	40	14	88	11	54	52
17	41	87	42	13	3	16	64	66	52	64	57	56	88	25	57	63	37	45	80
92	54	67	15	42	92	47	41	54	80	23	83	6	53	61	40	42	93	43	41
87	20	60	24	91	18	79	45	27	75	92	5	25	24	17	38	25	68	48	20
60	6	62	42	79	98	84	14	13	42	78	91	6	27	52	80	89	8	6	25
22	72	51	64	28	97	42	92	82	18	52	67	90	16	93	60	35	73	91	44
94	94	84	24	45	20	71	77	70	30	93	99	32	41	78	83	32	25	30	70
60	72	13	94	56	13	19	5	61	97	93	51	62	62	24	18	10	92	32	42
27	12	29	37	5	34	15	87	89	46	25	74	77	9	48	2	65	28	15	58
92	56	31	48	95	98	95	79	47	66	15	90	75	50	12	43	87	99	37	39
51	50	4	78	24	76	72	47	78	14	45	9	3	95	44	19	15	59	99	60
88	57	58	50	73	68	75	59	52	82	30	41	96	54	84	99	3	77	82	75
66	10	58	51	92	4	29	15	85	6	16	82	45	3	45	58	96	36	42	89
99	53	38	80	72	25	94	63	88	23	20	21	53	65	44	1	22	52	73	28
93	38	52	18	71	29	17	52	23	36	87	97	54	92	4	7	46	30	61	13
83	82	79	35	51	78	70	69	97	84	79	53	13	88	51	41	12	97	10	11
99	5	5	41	29	35	72	57	39	61	11	20	25	84	15	6	2	97	33	46
92	87	66	21	43	38	41	90	96	83	83	27	76	33	36	91	99	94	55	70
12	80	81	68	82	78	41	1	61	8	2	71	42	56	71	87	96	62	11	34
56	26	86	1	19	38	36	74	66	69	82	44	84	88	68	87	38	8	76	73
83	41	74	57	27	70	43	70	44	38	52	2	20	17	92	60	96	13	70	86
32	92	92	40	53	80	88	74	47	90	93	81	86	47	71	19	67	55	13	53
20	45	7	55	56	16	16	20	35	61	82	85	56	94	5	80	55	4	53	78
81	28	88	3	65	22	36	4	84	29	21	76	14	5	82	46	85	27	79	98
87	31	40	72	59	17	90	70	16	66	17	18	28	66	16	89	61	98	47	24
73	87	55	3	43	9	69	30	57	18	22	51	79	79	12	53	8	65	6	21
76	28	1	86	9	33	29	11	96	36	94	18	61	91	88	12	83	57	31	47
51	57	47	28	42	8	64	2	99	19	78	23	36	29	33	82	57	82	75	26
18	70	16	27	15	67	94	84	9	41	5	72	25	23	7	17	85	78	93	47
10	88	54	71	65	32	9	44	68	59	82	90	7	90	58	80	79	40	93	77
25	41	72	50	41	73	91	43	20	4	15	69	5	79	58	10	75	52	89	68
51	12	27	87	85	30	60	68	75	2	92	64	49	56	44	35	1	77	80	73
31	53	76	17	11	38	31	13	52	89	61	53	21	19	80	31	12	82	29	61
52	6	48	79	66	16	59	81	69	14	74	40	93	23	15	4	77	28	18	55
48	81	96	11	95	50	69	98	86	60	23	2	97	41	34	68	11	76	83	88
33	28	34	55	66	30	71	59	17	93	66	45	66	75	96	48	77	12	32	49
91	74	25	19	25	81	92	14	63	60	25	14	43	92	28	36	13	25	71	68
36	65	16	24	5	99	41	15	90	81	61	24	59	28	1	16	86	29	76	97
53	61	51	53	20	39	87	84	45	31	6	87	69	9	68	84	85	48	26	87
82	39	45	63	24	44	2	36	34	22	40	76	52	66	27	3	3	43	76	37
30	98	59	40	19	33	10	43	20	58	20	38	64	34	16	50	69	67	49	57
78	82	46	51	7	52	39	30	76	77	17	64	27	16	37	69	96	57	54	52
9	52	32	37	81	52	1	13	32	1	99	6	11	65	33	62	50	74	22	46
66	39	34	95	71	38	87	89	42	16	96	27	70	41	78	92	52	34	9	8
77	84	73	11	19	86	59	46	94	2	40	59	98	42	97	23	13	46	78	23
45	35	16	5	35	25	46	73	82	97	17	66	29	77	93	6	51	71	48	70
39	88	62	24	52	81	9	65	53	79	26	42	49	47	80	34	96	40	59	56
1	91	68	45	9	64	97	56	38	83	48	42	88	94	19	49	1	74	4	52
39	27	18	18	43	28	58	85	29	64	19	73	76	13	60	36	48	56	80	50
59	36	33	60	81	55	37	80	57	58	72	45	92	53	8	2	8	35	27	40
53	4	4	29	19	54	97	81	1	27	22	77	14	69	69	63	22	56	48	57
76	83	40	36	75	17	65	36	38	9	80	30	60	19	95	95	6	60	53	9
37	97	82	59	1	22	48	61	6	71	83	47	56	67	60	56	9	69	31	93
57	17	50	54	60	64	61	2	25	17	42	65	31	3	16	62	52	42	58	75
61	21	75	59	13	57	98	79	85	64	52	56	70	26	65	39	13	36	64	47
71	2	1	16	87	53	2	97	48	34	19	77	18	77	85	52	3	54	74	87
60	67	42	13	77	56	51	1	34	14	20	42	34	7	7	53	3	19	22	87
45	43	1	20	93	61	6	57	88	10	40	73	36	15	81	79	44	45	74	48
3	23	12	54	72	96	77	20	27	34	12	70	87	71	28	75	7	17	93	13
14	40	27	71	42	68	32	48	53	28	79	8	25	49	68	6	46	5	69	70
97	85	32	40	62	5	13	64	89	28	61	97	46	96	33	20	37	47	18	66
30	24	80	74	23	30	59	2	98	90	43	50	94	45	7	74	88	95	43	76
69	25	85	2	40	49	17	96	99	16	36	65	21	97	31	7	22	56	82	2
92	73	59	67	36	16	29	9	59	43	26	5	64	69	21	42	95	17	52	58
50	96	4	31	52	60	33	61	68	54	57	71	69	99	74	25	94	38	96	35
95	66	37	76	10	79	21	74	35	22	35	34	35	69	60	53	23	96	26	4
1	29	89	44	60	1	11	52	25	46	12	20	7	25	69	85	93	33	62	40
56	44	74	8	48	23	23	76	88	25	6	58	99	91	13	10	88	5	75	87
55	97	53	41	90	62	91	97	51	20	28	4	19	19	94	85	96	53	13	99
4	7	96	78	69	48	66	46	96	96	28	24	48	56	75	6	34	40	30	32
86	35	20	35	46	71	70	77	54	88	31	42	74	30	90	68	81	67	12	12
24	6	93	44	76	71	35	28	50	7	20	62	42	3	24	20	38	32	38	95
89	26	7	26	81	17	80	11	85	44	76	43	46	40	35	56	91	26	74	88
71	48	16	23	66	64	55	47	66	41	19	38	35	82	85	52	91	22	45	38
80	69	23	17	49	85	93	7	72	6	18	93	85	23	14	89	60	9	30	99
41	33	80	62	38	81	81	6	64	53	56	18	92	51	21	95	15	52	58	95
8	15	11	67	29	42	17	51	63	17	67	69	50	58	68	27	8	96	52	95
93	52	23	4	1	68	58	37	2	72	64	61	71	43	14	43	81	8	79	66
99	67	73	5	75	71	25	13	29	10	23	69	65	39	5	14	87	65	89	83
14	41	39	41	92	46	29	20	63	76	99	62	97	10	35	43	45	55	18	44
54	19	77	26	67	75	36	35	64	59	44	24	55	91	91	11	35	55	92	35
64	28	47	60	57	68	80	77	3	38	99	73	91	38	84	60	10	54	73	62
53	49	79	21	23	51	68	27	58	18	28	67	23	61	49	39	34	39	31	14
56	57	80	38	72	30	12	12	17	96	31	3	93	64	93	20	2	30	30	72
67	21	36	9	96	90	63	45	23	41	86	92	12	13	49	84	69	74	98	30
87	22	20	92	55	41	46	12	98	43	40	4	92	16	45	54	26	97	80	99
41	10	25	26	60	19	42	26	49	12	85	15	66	77	32	98	27	31	59	37
20	12	31	51	50	27	62	32	92	42	51	98	71	2	60	88	70	85	48	5
91	45	78	83	76	13	76	21	27	3	97	73	26	59	3	8	59	91	95	64
16	14	60	10	59	58	31	56	52	46	5	39	79	42	30	84	82	98	62	70
62	28	80	12	29	24	93	76	61	31	86	62	9	33	50	95	78	48	9	59

11	17	1	9	2	9	5	11	3	7	1	15	10	9	4	12	2	19	15	14
16	10	11	20	14	5	9	16	12	20	16	14	18	1	6	9	20	8	19	1
5	19	8	1	8	8	3	16	17	2	2	19	18	3	19	2	13	2	3	1
20	13	4	3	19	20	3	19	6	17	3	11	16	1	1	11	3	1	19	4
12	9	17	15	17	1	20	17	20	2	5	3	13	5	16	5	1	9	17	18
11	16	4	16	5	19	7	11	14	2	8	9	11	16	20	12	4	15	13	3
14	6	17	5	6	8	9	11	20	9	13	2	14	13	14	9	15	16	5	5
12	1	1	9	20	12	5	20	11	16	17	12	14	16	14	9	7	8	8	17
14	20	6	11	18	18	13	16	8	13	5	11	1	3	15	2	4	1	17	2
12	6	5	14	3	7	1	12	18	7	2	4	15	18	9	12	18	17	11	8
20	19	15	17	20	8	4	13	2	10	5	11	19	5	1	3	1	3	19	10
16	18	14	2	7	11	2	1	3	1	6	17	3	10	20	14	5	11	13	8
16	6	20	8	18	19	7	12	17	19	1	11	6	9	11	11	6	17	6	5
15	7	19	3	13	19	2	11	7	17	14	15	4	16	10	3	20	6	7	20
16	13	17	13	2	4	4	7	11	5	17	3	18	17	14	16	12	15	11	16
15	4	3	16	13	15	10	3	8	14	15	3	19	4	17	11	14	20	13	12
9	13	17	10	18	17	20	11	10	1	5	1	4	18	15	3	6	20	20	3
11	17	13	9	18	4	3	14	19	11	19	18	17	7	13	18	11	3	8	6
7	15	3	20	11	6	20	4	7	10	19	15	16	11	2	16	6	4	19	1
10	20	1	16	4	1	9	12	5	7	19	2	5	5	12	16	20	11	20	1
18	5	5	5	10	10	11	7	1	10	8	8	3	20	5	10	17	16	13	20
1	19	17	10	20	4	9	11	18	16	7	2	2	14	4	17	5	13	11	8
1	15	2	20	15	9	5	7	2	16	10	10	1	20	15	19	1	20	10	12
11	7	4	20	6	3	6	5	7	5	3	7	8	9	5	4	20	2	7	17
8	7	20	1	15	18	6	10	3	16	13	4	19	9	18	9	9	17	8	14
13	11	20	8	6	18	20	17	16	13	9	18	15	7	15	17	7	8	10	13
6	4	9	15	6	2	10	14	19	15	19	14	9	8	17	3	19	12	14	18
15	19	11	20	7	9	17	15	13	14	4	13	19	12	20	6	12	16	18	7
12	14	20	11	17	12	9	17	10	16	7	15	16	4	4	14	14	10	10	6
2	18	13	10	11	18	4	17	4	19	19	19	7	5	11	16	4	7	1	5
19	3	17	1	12	14	10	13	3	6	10	18	11	13	1	16	19	10	10	7
8	19	17	16	2	5	1	1	20	7	20	18	18	17	8	2	19	13	14	6
11	11	12	5	16	2	10	11	11	17	19	17	12	2	12	15	20	1	5	4
9	12	8	14	20	16	18	2	2	15	19	1	14	3	19	15	6	9	2	14
4	11	12	18	3	6	9	19	10	4	1	19	20	17	16	7	9	3	3	2
17	13	20	6	20	6	2	9	19	15	13	6	3	3	19	20	4	4	6	15
15	19	2	16	9	6	19	6	13	16	11	6	15	3	5	20	3	14	15	17
13	3	8	20	8	5	11	15	9	8	5	19	9	7	3	16	16	9	3	8
14	19	5	19	8	18	8	5	5	16	12	14	10	1	15	15	11	9	3	3
13	12	4	3	6	7	7	10	9	13	8	14	5	16	5	10	12	5	5	6
5	9	16	14	16	15	13	8	11	2	18	6	4	12	18	11	17	5	6	7
11	8	12	16	15	17	18	4	17	12	11	15	6	20	14	11	5	3	10	2
12	15	18	14	2	19	3	14	10	7	11	7	11	1	19	12	18	3	17	18
7	14	5	9	12	6	5	4	6	10	13	14	16	12	7	4	20	19	19	6
8	10	20	19	10	2	7	7	2	4	13	13	3	16	13	11	10	10	13	1
10	4	16	15	11	18	14	3	12	14	10	12	15	2	2	3	4	12	16	20
9	6	2	8	17	2	3	3	2	16	18	2	12	11	2	18	18	6	8	8
2	19	10	20	20	18	14	17	13	18	16	9	10	3	16	4	17	12	16	9
13	7	6	8	12	5	5	14	19	15	17	15	8	16	17	9	12	16	7	15
6	12	14	19	18	10	2	19	11	14	9	5	20	13	6	4	8	1	15	3
3	8	16	7	8	3	4	1	10	13	5	7	15	3	16	14	19	1	15	6
6	20	2	2	7	7	6	1	2	14	1	7	11	12	9	16	13	3	2	17
15	5	16	16	18	11	15	14	11	16	9	8	9	15	13	9	2	6	16	14
15	9	4	20	15	1	10	9	18	1	19	8	13	18	10	17	13	19	18	6
18	18	15	18	5	11	19	10	3	1	13	5	12	13	16	8	9	4	2	8
12	10	7	16	5	11	6	9	1	12	14	14	11	1	18	17	14	9	19	13
17	8	12	12	2	13	18	4	5	4	5	3	10	11	5	14	5	3	14	19
14	19	1	20	17	9	8	3	6	17	13	10	6	3	13	6	14	18	7	7
20	3	5	10	10	9	9	16	3	9	8	5	9	9	7	16	6	19	18	2
16	5	18	19	16	6	8	11	13	7	15	14	9	1	3	6	18	4	12	9
3	16	4	18	11	13	16	11	4	6	7	9	11	20	6	4	14	11	18	19
11	10	4	15	9	3	17	8	10	19	20	4	4	13	19	11	14	5	17	18
18	1	6	2	12	17	13	18	11	5	18	13	4	16	3	11	16	6	17	20
4	7	13	13	19	15	8	14	19	9	16	3	18	2	11	4	9	14	15	3
6	3	6	7	14	7	16	17	17	12	19	8	16	12	6	16	8	2	1	6
7	19	8	14	2	15	1	16	7	7	8	16	6	20	12	15	2	10	19	10
8	1	3	15	1	15	14	9	5	1	17	2	16	11	2	17	7	2	16	15
8	1	16	16	10	5	7	17	11	17	12	1	16	9	3	7	3	3	16	9
16	1	4	1	13	3	16	12	3	18	10	20	10	18	1	6	18	9	16	15
2	2	14	10	19	19	6	18	8	9	17	9	8	6	16	10	5	13	7	7
1	15	19	12	6	17	8	12	4	2	2	16	9	4	4	5	16	5	12	4
19	1	19	6	4	6	15	20	19	20	13	20	3	14	11	14	3	1	5	5
17	3	2	20	15	3	4	6	17	10	17	17	6	18	14	19	19	5	5	4
10	11	10	8	14	7	15	3	15	11	2	10	19	10	18	3	14	15	16	4
6	13	7	12	2	1	13	4	20	19	20	13	1	10	6	14	11	10	9	18
20	13	16	17	1	3	4	16	8	18	19	15	7	9	12	14	2	8	7	8
3	13	10	16	15	3	6	5	16	20	1	18	19	5	8	19	6	3	18	6
16	1	3	15	9	8	4	1	5	1	10	1	2	13	2	1	16	8	13	2
3	10	15	11	10	14	12	13	13	2	17	5	1	10	7	9	13	16	6	3
11	6	2	10	8	9	5	3	18	4	9	16	15	6	16	8	14	10	12	4
7	16	20	13	3	8	14	19	12	1	11	16	13	5	10	3	11	7	3	7
11	7	2	8	8	16	18	19	18	5	15	13	5	18	19	11	12	15	6	7
19	1	4	15	12	7	10	16	8	4	12	12	1	4	1	8	3	14	9	12
5	17	18	15	5	20	13	13	18	3	3	20	16	12	1	1	18	20	19	15
6	4	10	14	9	6	19	7	15	16	4	20	3	3	16	3	4	9	3	1
14	10	15	20	20	18	13	19	3	8	18	13	18	12	20	19	6	13	15	6
1	2	3	15	14	7	6	2	13	13	12	4	13	3	13	18	1	11	3	18
9	1	10	11	6	20	10	8	2	2	18	9	5	2	5	13	9	9	1	6
1	3	1	4	8	5	5	6	3	16	8	3	14	3	20	4	2	19	5	5
12	18	5	3	11	5	20	13	20	8	12	11	3	9	7	18	1	16	3	14
14	5	9	10	8	18	10	19	20	8	6	2	16	10	6	15	15	6	19	19
9	13	10	8	18	8	16	1	7	14	12	3	6	15	5	5	17	9	3	15
10	14	1	3	17	17	20	1	9	4	5	12	8	16	1	3	11	16	18	7
2	14	10	12	4	19	16	7	5	1	20	18	9	10	2	13	3	19	1	5
2	5	16	7	8	20	20	16	10	6	13	18	7	20	18	10	3	6	8	12
9	2	2	8	6	10	11	5	3	18	19	9	12	19	16	10	12	11	20	7
1	6	20	16	7	12	5	11	4	16	5	15	14	6	13	14	18	5	17	5
10	12	16	9	13	18	2	1	4	4	13	3	6	9	17	7	10	20	9	11
9	2	8	16	14	2	18	16	12	16	4	3	19	19	14	1	7	14	12	14
4	20	7	16	18	3	9	2	6	16	19	8	14	13	16	2	12	5	12	18
12	1	15	10	14	7	3	15	2	4	12	17	4	16	13	2	2	6	6	10
10	20	3	7	4	3	6	2	14	1	3	8	1	7	4	14	2	15	13	4
3	5	6	7	9	13	1	8	10	3	12	17	11	1	10	14	14	1	2	7
4	1	9	4	6	8	7	11	8	2	17	10	9	6	11	4	14	16	6	17
17	5	10	16	12	17	5	9	17	7	9	19	13	11	8	8	16	17	14	14
11	18	10	14	2	14	15	9	17	17	10	18	4	5	6	12	6	5	13	6
6	2	7	8	7	18	17	5	9	8	5	19	7	12	3	1	4	2	7	4
16	2	6	4	6	1	2	5	9	1	15	16	4	13	4	16	10	11	11	11
3	13	16	6	3	6	15	6	5	13	1	18	12	6	17	1	1	4	7	16
3	16	15	2	14	3	3	8	5	2	19	4	8	4	9	8	10	9	19	17
11	5	10	3	4	7	14	7	17	19	14	12	14	17	14	10	15	20	20	9
9	8	4	13	14	4	5	8	11	4	12	18	3	14	4	10	17	7	3	12
12	18	1	4	17	9	4	10	1	18	8	5	16	14	20	12	11	1	15	20
5	17	19	4	20	12	2	9	7	1	5	3	14	15	8	12	16	19	5	15
13	17	5	16	20	5	14	14	8	14	8	3	14	5	3	15	3	10	10	13
19	19	14	17	16	14	8	9	11	12	10	1	9	1	5	9	3	13	13	16
14	16	5	6	20	10	8	13	13	8	15	9	8	12	11	7	17	3	15	9
8	5	20	7	7	4	2	19	15	10	9	8	13	4	3	20	18	17	17	5
10	7	12	10	13	4	3	10	14	10	8	14	20	17	2	20	5	5	7	12
9	8	14	5	16	12	16	10	20	4	5	17	19	16	20	20	6	11	5	18
17	7	3	18	12	13	17	10	4	2	2	5	10	6	16	5	11	10	2	17
15	17	14	16	4	3	18	11	4	9	9	12	10	1	17	1	13	4	19	11
20	18	17	17	19	10	13	9	11	19	20	14	20	1	3	20	8	8	15	1
9	1	5	6	13	3	4	8	8	19	19	8	20	3	6	3	3	6	17	4
12	5	15	2	3	6	8	14	16	6	18	11	8	20	20	7	16	1	10	11
2	16	8	13	8	11	14	8	8	8	8	4	11	7	10	5	4	3	4	8
4	4	11	20	16	3	14	11	15	8	13	14	4	20	10	6	7	10	3	2
2	6	7	18	8	15	6	19	13	4	9	14	7	13	1	14	2	18	10	12
6	14	2	6	18	8	9	13	15	11	14	15	1	17	17	14	17	4	3	7
5	18	12	20	14	13	5	5	12	16	18	2	17	13	5	10	17	18	17	3
16	19	13	11	17	17	2	5	16	10	14	8	1	12	3	9	17	8	18	11
16	1	8	16	9	15	3	20	13	17	11	8	9	19	1	13	10	4	20	12
19	20	15	17	17	1	15	10	18	2	13	8	7	7	18	10	7	8	19	18
19	12	9	18	2	9	15	11	1	12	18	12	14	3	17	9	7	9	19	7
2	10	20	7	16	8	6	13	16	12	5	4	20	11	12	14	11	16	6	3
5	1	6	3	7	7	1	14	12	17	12	11	14	4	19	9	14	8	9	12
19	9	8	4	7	15	3	16	17	1	10	15	9	6	4	11	4	16	9	16
3	1	5	9	14	18	15	9	12	17	9	10	6	16	15	10	17	15	2	17
6	1	15	16	13	1	5	7	3	2	14	11	4	6	6	12	4	19	3	9
17	4	13	16	16	14	12	12	18	17	11	2	14	15	7	15	13	5	2	6
4	12	8	4	12	7	5	4	2	12	10	3	4	20	10	18	4	2	7	8
6	14	14	18	20	6	17	20	18	6	10	13	2	13	20	5	6	7	16	2
14	9	14	5	8	5	16	10	19	1	20	8	9	3	11	7	3	16	19	2
19	8	3	4	11	5	11	3	3	14	3	14	19	1	4	9	7	5	2	17
12	6	16	20	8	2	20	2	13	16	11	6	2	2	19	3	19	17	20	2
4	5	7	12	11	18	17	9	17	12	14	4	16	17	9	12	18	9	2	6
7	8	17	2	7	6	4	11	19	19	2	19	11	10	17	12	16	14	11	7
15	8	11	10	18	19	14	13	10	16	13	3	19	5	5	12	2	18	13	10
7	4	16	4	5	6	10	7	6	12	20	3	16	2	11	5	12	6	16	13
2	6	2	11	8	9	17	6	15	13	5	18	3	18	8	12	1	6	2	7
13	9	13	9	16	18	15	17	14	13	11	1	17	17	20	10	13	1	14	3
17	3	11	6	1	2	3	7	3	17	6	14	11	14	5	6	19	12	5	2
3	1	6	5	18	12	7	6	18	19	18	15	11	18	16	18	15	8	13	2
14	13	8	3	2	13	12	4	20	11	16	19	8	16	17	19	7	3	11	9
20	13	1	14	20	20	9	8	12	14	17	12	3	12	1	2	5	17	8	18
5	13	2	11	5	14	11	13	9	9	10	9	17	6	15	10	14	17	6	5
16	9	16	12	13	5	8	18	3	18	17	4	5	19	19	16	8	10	4	13
17	16	2	9	1	9	9	4	1	16	12	10	19	15	7	7	10	3	6	12
6	13	6	19	6	6	13	16	11	5	10	14	1	3	10	12	1	7	16	17
13	12	15	15	4	12	14	12	1	4	12	12	20	7	2	18	20	14	19	3
14	2	16	8	3	20	1	12	5	18	10	6	15	17	10	12	11	17	17	10
15	1	10	20	15	12	14	2	1	4	12	15	4	11	17	17	1	5	19	6
11	1	9	16	1	15	16	12	4	15	4	20	4	18	6	17	7	18	13	20
15	9	1	11	8	10	7	11	2	16	18	17	11	17	18	2	17	17	6	15
13	6	20	12	16	15	5	17	6	17	7	15	13	4	13	7	15	19	18	13
16	7	14	16	8	6	18	6	16	3	20	3	4	13	5	17	11	12	5	7
3	12	2	19	3	14	9	12	18	15	11	3	14	13	6	5	20	10	5	11
20	16	12	12	16	16	13	5	1	16	20	13	10	19	11	10	18	8	14	19
19	11	14	6	8	11	13	12	3	18	13	17	1	11	13	14	14	6	14	10
8	12	12	18	8	10	13	6	2	16	18	9	3	13	4	3	4	16	6	12
10	5	19	5	8	15	13	17	12	2	7	20	5	14	19	19	20	15	7	8
3	18	6	1	19	9	20	2	13	9	5	9	19	19	13	10	4	2	8	8
12	6	8	15	9	7	18	8	16	1	7	11	11	19	8	17	1	9	19	12
6	17	20	16	5	17	1	12	11	15	19	9	15	7	13	19	10	13	12	4
12	1	18	2	3	6	15	10	17	1	2	4	5	16	10	12	8	6	1	7
7	20	13	16	8	20	9	8	14	13	13	11	1	15	11	1	20	18	20	8
11	14	9	19	10	14	13	9	14	12	5	3	9	12	5	12	10	10	13	15
1	2	18	1	17	16	12	17	3	1	1	19	12	20	16	3	9	18	1	14
18	6	14	20	17	14	7	19	15	12	15	4	16	12	14	3	3	8	7	7
4	1	7	7	14	4	7	9	7	16	18	9	10	14	13	13	15	4	9	17
7	10	3	17	4	13	19	10	1	7	1	17	7	19	8	17	13	20	7	9
14	6	9	9	15	12	4	11	16	15	10	19	4	19	13	1	16	2	13	1
11	20	5	18	15	7	13	1	9	6	3	8	2	5	2	1	5	14	6	16
8	20	7	19	1	11	19	8	11	5	11	8	17	8	13	15	6	11	6	17
17	1	3	17	9	16	12	8	9	6	7	11	12	6	19	13	10	17	3	7
4	2	18	7	12	13	14	19	1	1	10	16	9	10	16	20	9	19	12	5
2	8	5	14	15	7	13	3	4	5	19	11	12	19	7	13	9	8	14	9
8	2	4	16	1	19	7	3	1	9	16	7	13	17	9	10	2	11	12	9
1	18	14	16	19	20	10	19	6	4	15	18	20	18	12	20	18	8	14	12
16	13	19	6	19	11	3	20	4	8	3	20	8	4	15	17	19	4	1	10
6	15	11	1	5	6	5	16	4	14	14	14	9	9	1	12	3	4	6	13
13	15	5	5	1	11	13	15	14	4	14	1	19	8	11	9	12	9	17	20
16	5	16	15	19	17	13	19	8	3	18	6	13	6	19	11	12	10	15	19
7	7	17	13	6	6	8	9	8	12	9	10	15	11	10	16	4	16	19	11
18	14	8	18	3	4	18	2	3	10	14	5	3	3	8	18	18	6	16	11
8	7	5	13	17	13	17	15	19	15	12	4	15	16	1	7	6	2	1	6
13	7	19	13	16	14	16	10	17	14	18	13	18	3	3	4	20	16	18	17
16	2	4	5	1	3	15	1	17	2	12	6	19	5	7	1	5	3	1	19
5	7	9	10	3	19	6	4	9	11	18	4	7	17	19	16	7	17	14	19
17	7	13	12	11	20	2	3	9	10	7	14	4	5	8	10	2	17	18	7


2	2	2	2	2	2	1	1	2	1	1	1	1	1	2	2	1	2	2	2
5	4	1	1	5	2	4	3	3	1	1	5	4	3	4	3	1	3	2	2