200	6	20

1	1.3	1.55	1.75	2.1
4	6.76	9.61	12.25	17.64

53	70	95	42	40	89	41	84	70	49	98	46	47	31	22	87	16	60	95	49
24	94	67	19	65	85	41	9	58	39	15	63	88	76	24	6	49	61	5	60
47	64	70	71	7	12	86	42	33	63	94	43	6	18	47	80	89	53	88	80
58	21	7	73	16	84	76	24	75	24	30	20	43	11	34	68	2	47	6	69
98	93	62	18	27	30	47	96	27	57	22	86	9	78	59	40	27	73	61	62
29	58	83	76	21	31	98	4	26	15	76	24	46	91	90	18	53	30	72	94
59	72	67	2	58	26	13	15	93	9	70	56	77	51	52	14	57	40	33	59
83	67	22	4	2	51	9	76	50	76	85	20	83	73	28	72	24	75	58	77
94	91	71	27	57	6	72	73	60	56	18	55	81	16	1	65	7	16	25	62
19	16	24	57	27	92	15	81	82	33	43	12	13	96	71	44	46	45	84	85
99	63	48	38	41	49	99	14	91	82	13	85	26	79	26	24	8	71	44	45
62	53	7	65	65	16	45	35	68	92	29	78	64	35	51	25	68	11	42	21
51	56	81	85	8	84	76	34	55	32	4	15	91	10	35	11	86	71	31	71
95	50	77	3	10	52	71	81	34	28	42	72	32	53	75	6	65	60	74	75
99	67	49	29	79	42	55	83	62	68	35	32	10	55	76	67	95	2	44	96
90	56	2	40	84	2	60	73	13	56	22	71	40	80	90	74	82	98	18	81
88	16	83	97	85	95	76	40	13	8	97	77	20	92	10	55	44	27	45	93
34	20	26	86	75	35	86	50	9	70	90	82	25	13	14	35	34	99	73	71
38	7	20	98	71	19	38	17	29	82	63	19	21	84	60	61	26	16	17	72
23	56	85	3	97	50	81	9	25	81	50	95	9	29	91	42	37	66	41	14
23	54	77	30	39	63	26	1	57	66	43	27	56	38	45	10	45	67	97	15
95	86	30	43	29	11	90	63	85	10	65	68	75	39	76	16	42	7	23	68
9	43	55	43	88	85	47	82	25	25	62	35	92	15	87	84	93	37	75	51
83	99	10	49	30	63	63	58	71	88	29	31	61	38	84	81	75	11	27	67
81	99	70	50	43	91	54	59	60	46	27	22	88	40	28	23	24	26	72	20
32	40	84	88	84	66	38	37	9	17	91	41	54	1	43	92	7	45	43	89
53	71	93	69	25	16	80	93	96	19	66	18	4	35	40	27	19	77	24	3
52	44	97	72	69	4	73	4	2	94	27	59	46	94	26	46	36	46	41	27
53	86	62	7	36	32	67	79	60	17	93	23	47	1	3	58	12	28	19	23
7	90	27	47	3	58	71	60	80	97	28	86	80	65	78	75	46	15	90	38
52	42	30	47	44	99	32	74	56	89	73	34	24	16	21	93	92	35	35	16
6	39	31	66	84	94	62	84	73	9	47	32	57	98	65	55	23	1	93	52
44	90	68	55	19	79	80	42	56	7	30	73	57	71	45	28	7	9	84	24
67	36	92	89	88	69	64	10	65	76	24	21	91	64	63	88	35	13	67	54
17	63	10	82	40	91	42	67	84	92	13	76	96	43	38	48	49	61	59	82
13	54	91	98	72	80	87	45	86	75	75	17	5	71	43	22	41	87	36	3
96	17	66	6	55	2	59	64	63	47	10	12	80	47	96	12	93	66	46	73
67	11	3	25	1	64	63	39	39	85	79	63	80	50	21	39	36	15	83	66
47	19	32	37	17	2	20	62	20	59	12	68	41	65	50	48	63	59	31	40
96	41	19	48	18	55	23	62	18	70	95	10	53	12	4	52	59	95	63	10
42	47	86	21	87	59	89	63	59	28	34	14	55	16	2	89	49	93	19	47
96	89	4	57	15	64	58	75	67	82	79	98	18	95	99	34	55	29	35	53
59	85	69	42	96	68	86	6	51	27	51	3	87	3	57	73	34	13	40	9
6	71	50	56	19	44	58	78	3	61	91	58	42	55	37	28	63	65	2	2
49	70	3	7	84	50	88	76	23	45	45	90	36	84	96	71	58	18	26	10
63	40	55	63	29	61	37	27	89	51	95	35	34	13	87	26	22	61	57	88
28	15	9	24	2	52	64	3	33	92	50	51	72	44	89	65	46	86	3	33
84	76	35	84	51	30	84	1	79	63	81	47	37	10	19	57	50	32	87	41
84	79	87	59	88	5	67	11	91	50	16	24	42	25	48	40	52	95	33	10
93	25	18	80	18	16	93	37	39	14	94	59	98	35	94	8	71	80	81	52
31	35	30	29	95	69	41	85	36	98	99	85	72	80	1	80	39	73	43	67
39	5	44	60	14	8	82	95	16	38	82	13	83	25	96	35	72	17	55	71
58	60	44	81	85	21	56	60	84	12	55	41	72	5	63	2	56	59	50	67
47	61	63	43	72	99	34	7	43	20	98	12	12	46	80	59	50	48	69	10
1	10	10	24	48	18	93	29	26	64	26	29	7	79	19	11	49	19	33	38
38	95	39	15	4	87	87	49	77	24	74	79	81	40	26	10	88	20	7	83
84	2	70	22	22	66	65	44	15	98	78	3	25	77	80	73	40	99	51	73
69	65	70	24	35	22	27	27	23	45	1	10	89	59	63	36	87	81	80	41
12	13	81	25	72	40	65	38	48	85	42	55	44	34	90	33	37	37	97	46
10	13	93	65	10	7	18	28	38	48	53	86	18	63	49	1	84	76	13	84
42	62	15	55	87	63	34	69	28	85	8	40	77	38	42	58	66	38	6	30
45	64	88	64	42	24	60	29	92	53	45	11	3	79	65	63	80	84	65	13
23	31	87	54	53	99	25	83	47	90	87	97	98	64	45	10	86	71	36	18
24	73	61	18	82	63	10	8	90	16	68	66	7	95	56	37	93	47	83	17
48	71	96	71	79	2	51	74	34	33	9	66	58	68	94	94	79	25	59	50
61	70	60	88	11	8	22	61	40	51	63	72	1	11	61	1	16	39	78	89
87	32	41	4	89	82	47	13	54	94	51	7	26	59	45	85	41	9	55	27
46	15	56	88	87	62	8	35	39	47	25	59	2	30	77	28	93	15	26	36
95	37	26	29	97	34	7	1	52	57	89	52	42	95	97	35	27	77	8	89
20	29	57	73	10	89	2	92	70	67	37	55	50	21	51	82	88	75	38	73
74	99	98	89	77	83	42	25	35	56	47	21	23	28	65	75	53	11	91	11
18	23	32	44	11	77	18	39	45	70	93	32	22	34	20	18	94	14	17	78
4	94	65	94	68	75	73	56	41	23	29	35	90	54	17	75	64	54	13	57
33	26	94	37	20	53	82	96	86	44	74	62	66	37	88	80	57	1	92	80
35	21	86	10	50	29	46	36	33	98	68	67	37	32	87	52	38	42	44	39
65	32	12	40	93	3	44	67	80	32	41	70	27	68	78	53	20	96	20	81
38	45	8	36	76	39	23	9	17	12	69	10	75	99	47	26	40	66	59	55
61	44	65	53	18	12	79	55	97	69	3	21	10	26	80	98	32	44	11	55
32	3	48	21	29	29	56	10	31	68	72	60	92	5	1	35	76	87	36	74
15	62	40	88	81	65	86	7	5	82	56	88	29	40	55	26	5	41	42	41
20	14	77	73	35	8	59	38	26	14	27	67	65	5	46	97	33	7	8	84
22	80	1	34	78	99	89	83	22	28	95	71	31	88	75	7	71	49	59	72
88	59	30	45	94	75	24	10	59	90	67	1	65	27	25	10	10	51	17	40
16	70	44	34	1	39	45	80	98	64	80	66	7	86	95	66	47	74	51	4
65	79	47	13	43	96	71	99	93	53	71	63	97	99	45	83	74	56	66	73
54	20	85	99	61	74	29	19	39	92	23	56	13	30	91	35	63	55	91	93
29	44	45	19	12	80	46	99	90	2	53	55	73	71	22	62	93	34	5	65
97	93	53	25	51	79	81	19	40	15	65	70	64	24	53	86	88	27	19	2
70	68	9	46	49	73	65	66	96	66	16	13	9	31	37	66	69	56	64	26
7	14	39	95	95	4	77	43	37	85	95	49	81	1	83	75	88	73	70	64
76	58	65	5	92	20	9	40	27	4	87	81	81	95	95	70	28	16	43	79
54	2	94	66	47	44	48	90	4	23	74	27	17	70	44	85	85	68	25	36
68	88	55	67	99	57	83	67	86	32	2	17	66	36	66	60	44	23	37	2
46	50	73	52	51	5	14	88	10	44	48	21	10	79	5	58	54	6	25	49
54	77	20	54	10	71	15	70	6	80	57	60	2	72	40	91	91	60	92	44
45	47	51	58	98	48	56	56	45	67	25	65	95	59	78	20	52	30	85	41
57	25	33	92	53	58	90	58	5	83	69	69	8	78	93	94	66	11	78	79
64	61	22	81	45	23	58	44	31	15	49	15	4	35	40	6	54	80	43	11
27	65	49	59	9	41	67	66	62	70	17	70	99	91	81	25	67	19	49	49
90	30	75	56	14	26	21	88	63	40	90	95	93	8	1	93	47	95	9	80
25	15	64	83	69	94	35	76	4	82	40	26	37	35	22	59	41	16	13	77
93	76	85	98	76	97	53	86	59	50	62	37	84	38	13	51	96	39	9	78
42	22	20	43	29	1	62	64	23	43	79	28	34	93	78	25	94	20	44	97
42	21	74	81	89	77	25	42	48	17	36	70	91	52	4	8	15	30	80	35
18	93	2	5	67	11	69	57	43	86	23	58	21	13	47	53	48	36	54	53
76	16	36	67	85	93	36	38	18	65	12	8	69	44	45	99	25	40	51	46
31	86	73	71	97	84	68	49	17	34	33	37	8	92	47	46	41	17	71	45
17	95	64	58	70	75	16	59	46	33	19	12	62	43	91	7	42	46	61	80
43	75	5	44	59	4	36	43	32	64	95	10	88	75	36	94	64	91	42	18
9	56	43	25	43	52	15	33	49	73	11	76	31	35	45	30	28	63	45	78
71	55	83	94	83	91	49	63	12	8	59	35	35	1	6	71	66	28	61	9
36	65	59	17	30	85	66	8	91	90	68	87	24	37	18	22	83	94	78	29
2	56	75	51	46	68	79	29	1	27	91	98	12	62	46	36	98	70	77	25
82	82	81	37	93	4	54	31	92	35	12	76	47	74	47	9	24	44	27	98
52	33	38	79	7	54	21	88	57	3	33	61	15	63	96	45	48	49	42	57
44	5	26	35	81	52	95	90	38	82	71	61	66	69	97	85	68	34	72	66
30	60	5	4	93	44	81	58	91	57	92	69	18	16	21	18	88	29	12	97
51	15	73	80	64	87	83	35	57	56	7	55	4	78	89	39	38	50	95	21
12	26	44	58	67	80	97	74	10	19	24	9	90	92	68	66	42	3	22	26
1	97	94	2	74	66	94	70	74	41	67	64	70	89	58	63	24	18	89	77
40	34	20	23	55	32	39	77	68	8	84	6	51	94	11	84	26	39	22	75
65	27	84	25	16	67	77	2	29	16	12	78	94	21	79	93	30	24	31	38
37	88	6	75	93	21	87	89	78	79	70	69	75	66	75	88	17	17	87	89
49	4	55	86	25	75	55	34	43	97	74	33	38	72	72	55	31	87	88	47
93	50	45	34	34	81	22	82	67	91	29	25	11	75	12	57	52	25	28	4
80	96	10	99	35	48	26	36	28	92	77	77	69	72	30	84	91	15	33	79
68	78	30	25	55	4	88	17	58	54	61	46	28	12	88	8	56	87	54	74
52	73	51	42	42	22	80	25	53	66	65	80	52	37	18	31	90	85	38	28
43	68	61	52	46	16	71	53	76	96	80	48	66	91	89	29	94	99	15	98
5	88	67	4	71	64	95	11	5	79	51	31	64	47	39	66	87	90	76	61
57	80	43	56	55	39	88	39	8	68	27	92	12	87	75	83	31	76	37	41
55	46	94	67	69	47	57	9	29	94	13	91	11	61	5	19	51	69	37	22
74	26	95	7	10	67	5	33	52	28	20	55	67	36	63	16	55	54	28	94
7	46	52	52	32	58	36	38	87	22	97	32	82	25	69	61	61	6	49	57
20	19	78	88	92	6	43	31	3	71	5	84	73	82	84	50	40	5	30	3
94	29	87	85	84	53	75	54	18	32	85	86	96	84	31	85	44	10	36	45
33	57	81	46	66	93	81	97	32	33	95	20	90	97	23	87	65	65	46	98
6	76	60	60	55	13	7	55	46	73	14	2	9	45	82	34	21	17	24	6
1	28	61	31	18	12	35	82	16	57	93	61	1	64	82	89	19	62	40	53
10	58	48	52	9	49	10	85	15	32	45	13	10	44	86	40	5	77	66	5
43	57	64	6	58	70	13	1	31	55	22	27	26	75	1	94	33	65	63	40
97	1	96	7	50	16	74	59	71	28	64	72	40	48	43	76	32	48	98	1
21	87	61	45	6	48	4	23	7	72	28	14	28	95	28	9	23	95	66	66
12	98	14	73	24	15	18	48	30	86	13	72	44	28	91	49	42	8	93	29
75	86	6	79	57	2	45	6	90	76	56	98	70	35	55	18	35	35	71	49
37	53	96	89	79	60	87	59	62	97	42	59	11	10	28	41	19	98	13	5
49	14	5	6	93	81	90	69	39	2	15	84	13	64	37	59	6	51	27	34
25	89	44	36	7	73	5	85	55	28	11	60	25	57	17	41	62	47	29	24
24	56	51	64	97	65	67	45	2	38	18	86	4	90	47	55	83	28	77	42
25	44	90	82	70	16	12	5	58	73	83	55	13	21	25	22	33	14	61	89
57	13	19	86	41	78	6	96	56	2	20	33	86	4	21	10	81	14	64	84
76	9	73	49	42	84	84	96	29	14	46	42	27	92	99	26	8	68	8	43
53	71	37	6	29	32	76	68	50	2	43	11	6	45	29	92	87	29	95	2
46	89	80	67	21	20	18	35	26	35	3	48	5	83	74	51	30	54	7	44
92	93	80	27	97	21	46	76	97	31	8	1	84	45	90	21	35	49	97	98
40	64	19	64	92	73	41	72	26	6	14	21	99	70	17	79	12	77	78	32
43	44	23	69	6	19	60	65	35	15	75	46	55	17	18	61	60	55	96	77
52	17	98	11	22	16	58	16	88	33	11	41	42	30	96	77	83	28	22	84
65	10	21	55	22	77	15	2	51	4	86	20	35	94	80	8	74	90	36	57
36	28	59	3	63	7	29	54	57	7	62	54	20	98	70	63	50	33	45	77
57	91	57	75	1	40	11	45	94	75	99	97	34	76	42	78	43	98	82	85
40	13	97	49	87	46	38	7	77	91	93	98	62	87	95	89	51	87	24	17
14	51	63	4	5	5	89	50	1	33	92	62	84	74	91	39	85	50	74	66
84	69	91	41	14	84	31	70	54	44	49	90	75	80	8	73	78	80	33	37
87	73	29	22	44	47	94	76	67	48	90	84	41	12	70	13	10	66	78	13
92	40	54	19	11	93	89	60	58	80	71	33	63	42	73	54	18	80	33	4
8	1	97	34	82	72	85	87	22	80	28	4	42	47	77	27	23	25	44	8
26	20	72	82	69	15	96	20	84	56	37	54	12	61	85	98	63	43	23	20
71	67	61	1	5	62	31	51	66	8	33	42	11	84	29	86	41	64	97	4
31	45	17	70	90	71	88	19	73	49	29	14	22	43	27	53	74	96	47	51
31	52	9	4	36	44	61	63	31	70	54	84	88	60	50	46	24	90	51	20
16	5	77	57	34	89	3	73	23	56	89	54	53	20	9	75	31	40	74	97
49	92	29	68	59	81	77	70	87	9	5	18	26	76	57	17	46	31	5	35
51	66	66	84	3	41	60	99	44	67	34	34	47	91	80	61	4	65	64	78
10	74	89	51	20	11	31	88	56	57	9	81	88	49	93	44	99	92	61	47
65	73	72	67	91	52	67	40	44	95	66	48	23	10	50	89	88	5	7	31
15	56	54	50	17	90	94	68	72	88	28	94	65	11	59	98	78	51	5	5
81	33	59	4	85	59	51	42	18	12	98	24	12	74	28	75	57	6	92	28
69	80	89	67	99	20	77	15	3	41	79	13	11	18	17	90	41	59	76	47
50	23	37	25	89	4	33	68	64	16	88	14	39	4	95	3	51	36	56	22
80	15	15	17	26	17	22	15	65	20	12	43	21	40	2	54	23	27	57	69
35	63	80	32	80	50	16	61	83	53	4	86	8	68	30	20	28	14	2	81
73	79	64	34	9	95	78	79	80	74	67	39	15	84	7	42	40	43	3	12
13	11	91	30	79	68	89	12	68	60	91	96	41	34	4	2	26	89	95	90
40	65	95	38	95	77	29	2	35	96	82	3	24	89	96	53	80	38	63	35
96	52	35	12	98	96	59	97	59	47	60	51	63	44	1	41	4	41	1	54
66	53	19	75	88	17	10	7	2	60	81	96	57	55	49	2	11	24	82	46
14	64	33	77	88	86	92	55	60	49	27	50	94	36	66	59	69	26	90	50
54	21	83	88	27	80	8	19	61	68	60	20	40	22	55	63	69	49	41	18
53	10	76	51	27	52	58	70	28	83	88	34	7	14	80	17	42	25	38	61
11	54	76	60	28	44	70	81	92	14	86	88	73	39	7	88	46	47	28	33
30	55	25	21	12	47	66	64	15	14	68	53	51	4	95	27	98	89	83	22
96	54	26	90	7	93	64	64	9	81	76	30	25	56	13	32	51	8	66	62
51	92	73	55	69	97	19	86	55	53	57	23	72	84	61	62	67	12	45	45
68	28	25	92	7	65	23	77	6	58	33	90	25	20	86	19	72	9	53	70
44	95	95	15	47	72	69	49	33	73	41	4	55	68	50	48	49	58	39	81
82	21	77	21	82	16	92	21	45	17	62	9	6	2	91	13	46	71	73	41
62	70	70	62	8	57	54	18	27	44	48	48	50	99	50	83	37	1	12	84
18	38	31	46	43	36	81	40	36	87	91	44	9	23	92	89	77	3	33	43
88	26	90	7	89	21	59	30	23	34	10	13	65	11	80	80	58	10	89	65

10	14	6	6	19	19	2	5	5	9	8	17	12	15	15	13	17	18	14	3
7	11	16	12	14	9	4	20	1	13	1	3	18	6	3	9	2	14	9	8
17	7	8	8	6	4	3	5	3	13	7	12	12	9	13	13	11	15	6	17
10	1	18	1	5	9	5	19	15	3	7	1	9	10	10	14	9	14	7	7
15	18	16	18	4	13	1	11	13	18	19	12	1	11	8	13	16	8	7	9
1	16	13	6	17	18	1	13	9	16	15	5	20	20	18	14	9	6	17	18
18	17	14	14	7	20	17	17	15	16	16	16	13	3	17	10	7	11	11	14
1	3	18	1	17	5	2	6	9	12	8	15	15	3	3	14	7	4	1	14
1	8	4	12	7	10	16	15	4	1	16	7	7	2	12	3	8	18	18	19
3	8	16	11	10	18	15	2	7	2	9	14	20	2	11	16	2	7	1	2
11	4	18	11	18	10	16	19	16	8	9	20	16	7	17	9	7	4	9	14
18	3	9	11	1	17	20	11	7	8	10	13	5	20	12	9	7	11	6	15
17	8	19	19	4	8	13	5	8	16	4	14	8	10	3	3	16	10	13	3
15	1	9	13	14	14	8	20	16	12	12	10	3	20	2	18	20	16	8	17
3	8	9	3	19	3	10	4	2	2	12	9	4	1	10	8	11	11	3	12
12	4	12	18	17	9	3	10	8	12	11	20	16	10	15	11	18	6	19	8
7	13	2	3	14	8	20	14	18	7	4	3	20	18	10	16	13	9	15	8
8	12	16	2	10	6	13	10	17	3	10	9	9	1	4	12	15	8	18	13
12	7	18	18	10	2	7	8	16	19	1	19	18	6	20	16	10	8	2	1
14	20	9	7	15	9	10	16	8	13	9	19	9	6	12	1	5	14	1	7
6	17	1	5	7	10	7	17	12	9	7	20	10	18	1	10	8	17	10	7
4	3	17	9	16	17	20	2	9	11	3	13	11	4	6	7	7	2	14	14
18	9	11	2	14	4	2	16	6	16	6	18	6	2	14	20	18	17	17	10
12	10	14	11	15	11	19	17	3	16	16	19	7	1	7	10	14	11	10	12
10	6	1	4	17	17	11	11	18	1	3	13	2	12	10	14	16	6	7	4
5	15	14	1	4	18	17	1	3	12	16	6	3	4	3	13	7	18	20	16
2	20	4	2	19	1	15	5	8	6	12	13	13	16	5	1	9	4	14	20
19	12	17	15	9	20	17	16	11	14	13	1	8	17	11	19	16	6	13	13
13	11	4	20	19	8	5	5	3	20	13	6	17	11	8	10	4	12	6	11
12	5	1	14	10	20	19	10	5	6	8	1	6	4	5	12	9	12	17	10
15	12	12	4	13	7	14	9	7	13	16	2	4	20	6	11	19	19	8	10
10	15	1	14	17	4	19	3	14	14	1	3	11	3	9	12	8	5	4	13
18	12	10	16	5	11	5	12	3	6	4	12	9	3	9	13	9	4	16	15
10	4	9	3	12	10	2	11	10	9	6	8	6	13	5	17	19	8	11	7
10	5	13	6	16	5	9	7	12	8	4	4	15	13	5	5	11	10	20	12
20	17	8	11	15	11	8	11	15	20	16	15	5	4	17	7	3	4	6	19
13	13	16	13	2	2	20	15	19	5	14	10	17	5	3	9	11	5	16	16
19	6	20	20	3	12	5	12	1	1	6	11	15	16	18	18	9	15	13	10
4	14	14	13	19	17	2	12	2	9	18	3	1	6	2	12	2	19	11	15
4	3	9	5	3	6	12	11	1	1	14	12	18	1	14	14	2	8	6	20
18	17	12	13	7	7	16	1	3	15	19	6	17	8	13	13	19	17	18	16
15	18	1	19	11	6	4	8	4	13	13	9	14	5	18	10	2	7	2	17
10	2	20	19	19	20	8	14	15	16	3	20	11	12	15	4	12	8	10	16
13	11	12	7	9	11	4	1	20	13	18	6	15	13	18	14	20	3	19	6
19	20	4	1	15	19	3	16	1	10	13	3	4	4	3	10	4	5	7	9
7	10	19	20	14	5	17	16	17	1	18	16	1	12	20	6	7	13	11	19
13	19	14	3	14	13	12	12	16	20	4	19	6	14	3	2	15	11	6	6
3	5	1	9	13	10	7	5	1	3	17	5	12	7	4	10	3	5	1	20
12	19	20	15	6	2	6	19	1	12	11	12	3	18	11	18	16	4	14	5
1	5	6	7	17	18	18	19	18	11	9	14	4	2	7	1	3	18	8	4
11	6	16	7	20	3	19	16	16	4	11	11	19	19	15	13	13	8	1	19
2	5	11	13	13	7	3	1	10	3	11	9	1	5	17	6	4	2	14	9
9	19	15	14	9	19	8	15	1	15	16	13	20	14	15	9	1	16	1	15
20	15	16	9	10	3	15	13	17	6	16	10	7	12	10	20	20	18	18	14
7	16	6	9	17	2	7	13	13	8	2	1	4	7	1	1	9	7	3	16
12	17	20	7	17	9	19	16	9	8	13	2	18	6	13	18	14	15	18	4
1	1	14	20	16	8	18	16	18	16	7	9	5	20	13	9	18	19	15	18
9	1	14	20	14	13	2	1	8	17	3	16	5	18	1	10	6	17	12	9
4	18	2	2	20	14	20	11	18	19	12	12	18	10	5	10	9	6	2	3
16	19	4	18	15	18	5	4	18	11	15	17	11	11	5	1	18	12	4	4
12	11	1	12	15	18	8	8	6	3	11	6	5	18	20	13	6	13	16	14
6	15	6	17	5	7	18	13	9	1	5	10	6	20	16	1	14	18	4	19
9	18	9	4	2	4	8	19	4	8	8	18	14	17	11	4	19	3	12	14
8	8	9	20	13	11	11	10	2	9	6	14	7	2	11	13	6	18	11	17
2	19	8	7	11	6	8	10	15	6	3	2	3	11	20	8	14	10	20	6
6	15	8	1	4	3	1	5	8	5	15	12	10	2	9	18	3	2	5	12
10	4	20	9	13	6	9	8	18	4	10	7	16	13	4	4	3	3	10	2
14	11	7	16	12	2	20	11	6	7	15	19	7	8	6	6	3	2	13	16
11	16	3	18	11	8	19	14	7	17	20	5	7	8	7	10	3	4	3	9
2	13	8	5	3	19	15	1	9	5	13	13	12	8	3	8	8	13	18	9
16	11	10	13	6	14	18	4	2	16	9	2	6	20	11	13	1	14	19	13
2	9	19	8	12	3	20	1	4	16	16	8	12	19	5	2	10	8	18	16
2	20	4	6	20	1	18	16	9	18	13	19	19	4	15	20	9	3	7	15
9	12	9	10	19	1	18	11	6	1	5	16	6	19	5	7	1	6	9	15
2	5	9	3	1	16	10	13	3	14	2	20	8	1	7	16	17	10	11	11
14	4	16	18	15	9	7	2	5	6	7	11	17	9	19	8	8	11	4	12
15	11	4	1	16	14	4	4	19	2	10	20	2	16	3	8	1	17	13	7
3	5	16	16	9	11	17	5	6	3	10	12	4	8	6	16	9	8	7	1
5	4	7	17	1	8	20	19	16	13	5	1	9	6	1	12	7	5	11	20
9	11	16	8	14	12	18	8	1	12	8	3	13	15	10	18	6	5	2	2
20	4	3	19	5	12	4	2	9	2	8	1	4	8	20	6	16	20	9	17
12	3	14	10	19	2	6	13	15	11	7	11	5	16	6	10	15	17	5	15
10	20	4	10	15	16	17	4	17	19	10	19	20	19	16	10	9	15	19	17
10	18	13	6	11	4	9	19	1	14	11	4	5	11	9	11	8	3	14	2
4	9	16	15	20	11	20	9	18	7	16	11	11	7	8	3	3	13	17	12
3	19	6	16	19	3	19	20	18	15	16	12	14	14	16	5	10	9	9	4
13	15	20	7	14	6	12	2	6	10	12	3	17	10	13	18	20	15	20	9
10	9	7	20	13	20	1	20	7	17	18	3	10	2	9	8	4	7	10	17
10	18	16	1	11	14	12	10	3	1	18	3	6	3	11	3	11	1	18	5
12	20	3	7	15	1	12	12	1	17	11	5	2	17	4	4	20	1	6	8
10	1	13	19	12	8	15	5	17	12	12	14	2	13	17	3	5	19	20	11
1	20	8	17	6	2	7	11	13	10	5	18	7	15	13	9	15	9	19	9
2	9	10	2	14	9	8	3	17	14	7	6	19	10	1	14	8	2	9	15
20	7	12	4	7	13	2	16	18	15	13	15	2	17	10	9	17	20	11	16
5	10	4	3	15	13	20	1	17	12	20	12	16	13	2	19	1	13	11	12
20	13	17	9	14	13	12	2	3	10	17	6	4	13	5	20	7	14	18	16
19	4	2	15	15	15	1	7	2	19	2	17	6	9	6	7	15	8	1	9
3	14	19	20	11	18	9	10	18	2	17	8	18	5	12	4	17	11	1	20
7	6	12	4	12	20	14	6	11	6	3	10	10	5	20	3	5	18	5	17
3	3	19	1	8	8	8	15	14	13	5	2	5	12	15	14	20	20	6	13
2	17	13	1	18	14	6	8	17	7	18	7	20	19	13	14	13	17	18	16
13	19	18	2	10	15	1	7	18	8	7	20	8	20	16	3	13	19	4	12
11	19	18	8	8	7	18	11	20	6	17	19	3	10	2	11	20	12	10	19
12	4	20	7	13	18	3	11	1	5	19	2	17	8	5	1	5	14	17	7
8	17	20	2	3	3	12	7	15	12	15	12	15	8	4	2	17	7	8	6
14	10	3	8	5	6	7	8	3	3	11	14	2	9	11	6	12	13	7	14
15	16	17	10	15	3	9	3	20	10	19	10	17	14	3	12	4	2	20	16
13	17	13	16	4	18	17	10	17	4	10	7	9	16	15	3	2	19	6	8
16	15	1	20	2	18	7	11	11	5	6	7	12	4	7	13	4	16	11	3
12	1	17	17	6	7	18	16	3	19	10	6	19	10	9	10	15	14	14	1
7	4	20	20	15	3	9	18	18	16	1	11	15	14	17	4	18	8	1	3
3	7	16	20	16	9	4	14	11	14	16	6	2	5	10	6	6	7	18	13
13	11	10	2	17	20	15	18	15	11	11	18	17	1	7	7	20	9	18	11
5	8	19	5	19	5	19	6	18	4	3	14	5	17	17	4	14	13	9	1
13	3	20	16	13	10	3	11	16	6	13	12	18	6	3	10	6	9	5	16
13	7	19	14	2	17	20	14	12	19	16	8	16	10	15	4	4	4	16	5
8	12	9	11	2	6	19	19	17	8	11	10	6	20	12	3	16	20	3	6
14	12	18	4	19	18	8	11	3	13	18	13	4	3	13	8	6	14	5	9
19	2	7	17	15	12	7	1	18	4	13	9	8	20	2	17	17	10	19	3
7	1	13	11	20	8	10	12	14	7	15	3	8	11	12	4	19	12	1	1
9	14	4	17	10	12	12	20	1	4	16	7	19	2	19	1	16	1	11	2
16	20	19	17	10	4	12	15	7	12	12	10	17	20	17	6	5	2	8	20
20	15	15	1	7	7	10	20	15	18	3	3	20	4	9	20	9	4	18	1
1	7	19	8	20	2	1	14	15	14	6	13	20	3	8	15	5	10	4	8
5	17	10	17	11	4	18	17	19	19	8	11	3	16	18	10	14	1	9	16
10	12	8	9	3	18	7	16	12	17	19	20	8	15	15	6	18	19	5	6
12	6	16	6	2	5	8	1	11	4	5	3	14	1	2	13	9	9	3	12
10	12	11	17	7	18	1	5	18	11	10	10	8	12	5	18	12	15	17	9
1	20	20	6	14	6	13	16	11	3	7	18	10	9	19	7	2	2	10	8
9	6	20	7	11	8	17	13	4	20	8	7	8	9	19	6	19	13	10	11
14	19	10	12	17	8	14	8	6	4	17	14	13	18	18	5	14	15	15	5
13	6	1	9	6	16	11	5	18	6	15	5	20	16	9	11	2	14	16	20
2	9	9	5	16	20	20	14	19	7	13	18	2	19	7	14	8	14	9	10
9	11	6	8	19	15	18	9	11	17	6	6	5	20	11	3	14	8	13	6
11	13	5	13	17	19	7	17	12	6	7	18	10	19	9	14	12	14	13	15
13	10	4	19	12	4	5	9	8	1	17	10	20	3	8	4	11	13	17	8
3	12	11	12	18	18	9	11	15	9	5	1	9	2	16	19	1	16	1	14
6	2	3	1	6	18	16	14	6	14	13	7	15	12	18	12	13	16	2	14
5	7	8	6	9	19	11	13	2	11	9	17	13	13	15	3	4	3	8	13
9	3	1	16	14	4	9	6	16	6	9	13	18	18	5	5	16	5	12	9
14	15	8	12	7	10	9	5	4	9	4	20	12	13	20	7	15	17	2	6
5	13	12	18	3	7	16	18	14	13	9	17	19	19	5	15	15	17	20	20
9	3	14	1	8	17	9	13	5	16	10	13	3	9	7	1	19	16	4	6
3	1	9	9	2	3	5	7	5	14	5	19	16	3	1	1	18	4	19	20
7	15	11	17	13	15	3	15	16	4	9	10	7	1	11	16	5	5	4	7
14	19	6	16	3	15	18	19	9	14	18	15	11	20	5	7	6	17	1	10
13	9	6	1	9	3	17	9	7	14	17	20	3	20	13	19	15	14	5	10
20	7	15	14	14	14	16	16	12	15	1	15	1	14	2	17	13	17	19	1
11	6	3	16	18	18	20	19	15	13	16	2	6	10	19	16	7	20	1	18
3	9	5	12	3	5	5	13	2	8	12	6	6	13	20	6	11	19	14	11
5	6	7	15	19	12	16	15	12	14	11	7	12	15	19	13	3	20	10	9
9	6	5	9	7	16	15	20	5	5	7	18	2	9	3	9	18	18	1	18
9	7	5	17	17	20	15	20	10	4	11	7	20	9	14	2	14	2	4	5
7	10	4	17	6	17	4	7	5	1	14	13	16	15	9	3	20	15	6	13
15	4	6	3	7	14	17	16	16	11	9	20	8	10	10	17	17	17	10	19
3	14	14	9	12	4	9	17	20	12	4	15	2	11	6	14	14	10	19	4
3	19	10	2	13	5	20	16	14	12	3	7	3	10	15	1	11	5	13	8
11	18	13	4	7	6	13	1	3	15	4	14	14	8	7	5	17	12	16	19
4	3	18	6	2	2	19	13	15	2	2	11	15	14	2	16	5	17	11	7
14	7	5	2	7	4	8	19	5	18	14	20	15	9	7	10	10	9	15	11
1	7	11	6	5	11	2	1	13	7	5	19	8	7	9	7	15	1	8	5
1	17	8	12	4	13	7	20	18	15	8	4	2	9	13	13	20	12	5	16
4	15	6	8	12	9	14	10	14	7	1	13	4	20	18	5	2	18	15	7
9	17	8	11	15	19	4	4	6	5	9	7	11	13	5	17	19	4	1	3
8	17	13	4	14	9	1	20	15	11	4	18	18	6	11	18	16	3	16	14
7	6	10	14	20	15	3	19	13	9	19	15	5	15	11	19	10	18	6	1
13	19	10	15	4	11	6	17	9	12	4	13	3	8	12	14	3	9	16	1
8	6	12	20	2	20	15	8	20	5	3	9	18	7	17	3	3	6	5	1
15	7	1	14	16	18	15	18	9	6	12	13	1	6	4	6	12	19	19	16
5	15	2	4	16	2	20	20	16	13	17	15	4	13	14	11	7	20	18	4
12	13	15	9	9	14	16	2	1	2	2	5	2	9	15	17	16	10	14	13
12	11	15	16	3	18	9	10	7	1	8	17	7	19	5	3	20	10	20	7
4	17	11	7	16	8	17	8	8	15	19	15	11	20	5	7	8	15	1	16
17	8	8	12	10	17	9	13	5	18	11	16	9	9	14	13	8	19	19	17
19	14	12	13	15	9	15	5	6	9	15	9	18	20	7	14	1	11	14	9
5	4	15	8	5	16	19	4	16	13	9	20	18	5	20	2	4	18	9	10
5	5	19	9	17	13	1	2	11	15	3	4	2	14	4	2	10	14	19	14
5	18	9	19	18	14	9	18	3	8	5	4	20	12	16	16	18	16	14	12
5	14	3	6	19	13	10	9	5	16	14	14	12	17	18	11	10	3	2	8
9	15	9	14	3	11	19	5	13	7	20	14	15	20	4	10	11	3	19	8
14	14	3	9	17	1	20	18	16	15	9	9	13	11	5	8	5	6	15	12
8	4	6	20	7	3	7	3	8	15	6	9	15	3	3	9	7	16	17	17
10	12	6	20	15	20	12	6	19	5	5	20	19	8	18	7	6	17	7	15
19	2	4	2	5	16	20	9	19	7	12	3	3	14	3	6	9	3	20	11
10	16	20	1	20	13	19	19	10	2	20	17	16	20	18	12	9	16	1	3
13	4	8	12	7	5	15	2	10	13	19	10	10	9	13	16	12	15	11	13
2	8	10	4	12	10	20	5	6	19	20	19	16	18	18	11	2	8	20	10
15	19	20	19	4	4	17	18	1	7	12	20	12	2	14	19	9	4	9	5
18	15	4	12	11	3	19	8	13	8	18	10	18	14	16	9	3	7	1	6
8	10	4	9	10	4	6	9	1	5	4	8	20	9	11	12	1	16	15	7
12	19	2	18	6	12	9	6	19	13	1	12	1	2	14	12	16	19	12	9
12	18	6	18	14	6	19	14	20	16	3	11	14	3	5	10	18	1	17	19
12	7	14	7	18	13	8	17	2	12	15	4	12	16	11	4	14	2	11	10
10	11	7	11	7	5	19	6	1	6	11	20	11	2	9	18	3	6	16	15
4	7	8	11	7	19	11	9	16	7	7	6	9	5	4	15	17	11	5	15
10	19	16	12	3	5	14	18	16	12	18	2	4	5	17	2	11	14	10	12
9	15	5	14	7	15	6	1	19	6	19	3	20	10	6	14	12	11	8	14
7	8	16	6	7	13	5	17	8	13	19	20	20	9	19	13	10	13	7	11
18	7	5	5	18	2	4	6	13	12	1	17	11	5	9	8	1	17	10	6
12	17	17	12	1	9	12	18	20	20	15	13	19	4	16	7	10	19	15	10


1	1	1	2	1	2	1	1	1	1	2	1	1	2	1	2	1	2	2	2
3	5	4	3	1	3	1	5	2	1	4	3	2	1	2	1	4	3	3	3