500	6	20

1	1.3	1.55	1.75	2.1
4	6.76	9.61	12.25	17.64

83	44	57	57	44	52	82	51	71	44	98	37	57	52	93	52	91	2	39	27
92	96	42	73	59	44	1	2	1	31	81	44	45	70	58	88	62	16	12	6
85	95	2	61	62	97	86	10	20	15	63	67	81	54	91	32	34	25	60	28
67	50	70	45	97	63	70	36	3	8	2	67	18	6	48	35	85	76	54	94
57	29	3	84	66	7	83	60	48	89	67	23	50	93	75	54	8	39	83	91
5	14	11	66	69	47	81	76	94	40	36	68	52	77	83	7	33	29	18	22
96	96	12	97	48	66	76	62	99	89	28	87	96	19	59	84	74	63	21	19
50	6	54	62	70	70	12	34	65	90	66	87	89	80	2	23	16	67	86	72
40	80	25	45	15	42	33	99	45	99	22	49	65	76	53	95	66	76	62	51
32	93	91	49	81	1	21	2	2	94	97	61	63	76	69	36	93	16	50	84
66	20	47	12	60	23	74	37	27	29	85	96	33	84	10	75	96	82	67	68
25	11	32	54	57	11	67	76	89	57	21	58	39	24	11	68	55	53	46	85
85	19	32	17	56	43	18	53	47	89	81	88	34	32	83	61	40	49	48	96
7	95	84	4	46	13	61	59	34	2	66	25	35	20	61	57	26	65	58	64
57	99	43	9	67	67	39	58	27	48	79	40	10	25	70	19	24	63	60	55
13	14	78	87	58	44	80	59	8	40	47	68	71	68	49	31	36	24	67	28
59	84	36	63	22	75	99	1	10	38	23	64	8	44	2	53	25	36	90	96
28	30	37	16	92	27	52	48	52	65	99	78	10	67	70	91	87	38	32	13
13	47	6	87	70	7	58	25	29	15	47	51	86	69	12	37	61	93	82	94
70	73	54	70	76	8	86	93	9	17	71	26	45	74	71	9	32	27	25	20
36	87	72	7	9	84	49	50	72	22	39	49	62	72	46	17	49	34	26	99
74	77	24	11	52	27	23	16	5	86	5	83	85	20	44	84	64	56	94	83
59	14	83	18	10	89	61	8	5	91	82	28	36	97	45	45	17	83	15	39
80	51	58	47	36	44	24	53	42	65	14	81	9	53	44	37	42	50	67	52
43	21	51	82	26	15	28	65	8	8	38	75	55	31	63	84	15	16	64	6
78	20	40	61	94	47	73	44	48	15	98	17	68	1	26	37	61	90	95	54
62	60	85	75	52	8	65	4	36	41	31	47	5	28	19	74	57	8	51	83
17	26	49	49	25	31	53	31	77	73	13	64	49	30	62	59	1	22	44	14
62	19	83	1	45	81	44	44	71	48	80	5	85	81	55	73	39	42	34	32
23	83	49	52	52	43	77	59	32	28	55	48	65	94	73	77	84	65	5	69
31	54	1	76	14	96	93	30	56	75	62	71	10	18	93	22	12	76	83	28
69	85	39	15	17	19	2	8	91	29	24	14	2	72	50	22	60	46	88	48
5	61	3	68	88	31	1	57	41	83	14	32	86	92	47	84	75	56	30	87
23	80	12	80	1	63	28	46	31	25	42	59	21	91	8	84	60	71	26	9
18	3	92	12	72	64	6	37	4	55	22	73	37	1	27	76	78	23	74	44
19	2	42	89	69	56	73	39	61	72	95	45	96	98	74	44	52	15	53	81
65	5	61	35	95	2	60	14	17	56	20	51	35	55	66	52	83	15	4	18
33	17	7	88	22	92	54	36	49	20	94	40	20	93	22	17	55	12	96	62
76	73	92	53	96	89	64	94	53	97	94	97	89	59	29	64	5	7	16	22
4	56	63	80	3	58	73	99	49	54	86	85	6	16	68	38	80	27	78	51
99	20	16	73	65	62	22	34	68	58	94	96	35	88	45	20	51	16	95	83
2	46	60	92	72	62	65	75	57	86	82	44	24	31	80	94	1	91	13	92
17	16	36	18	14	99	76	94	8	19	65	62	68	12	15	82	36	11	92	19
66	84	99	53	19	28	19	1	13	70	28	39	81	35	8	12	16	82	81	89
44	61	66	88	18	19	87	51	36	83	69	23	14	72	8	49	10	68	68	80
79	10	28	62	20	15	54	24	31	60	32	49	92	31	86	92	8	60	54	89
70	35	17	42	58	39	73	68	78	11	13	45	18	76	14	97	85	52	85	14
47	31	91	64	99	35	69	62	13	60	66	56	55	82	2	47	40	80	98	8
4	45	72	73	2	39	33	37	49	49	95	9	20	95	78	43	6	87	86	9
73	5	13	97	13	59	56	15	77	62	64	73	44	56	6	84	77	95	35	21
2	94	38	82	76	83	39	53	44	35	67	38	57	94	71	53	62	95	82	52
39	19	46	7	7	61	71	87	35	50	56	92	2	86	18	73	86	35	6	57
74	72	22	16	48	91	18	44	72	1	11	58	24	13	86	73	12	75	2	35
3	8	89	58	53	99	20	38	1	1	62	40	91	35	57	6	32	38	67	26
61	18	14	87	30	4	7	86	31	62	31	52	65	11	78	97	31	23	97	43
47	90	93	20	2	48	4	42	7	3	84	13	11	34	41	99	66	66	82	1
60	84	61	55	62	29	32	52	50	39	14	12	66	23	93	64	4	32	25	78
3	89	19	28	27	85	75	79	21	9	2	86	26	97	47	57	20	3	17	87
96	27	55	66	75	56	68	92	24	17	65	81	45	48	92	22	63	96	5	26
2	88	8	67	88	10	1	14	24	18	89	2	23	10	27	99	51	46	37	60
24	58	86	67	71	53	71	30	60	91	4	88	37	75	69	40	67	37	51	22
31	48	80	4	50	54	56	61	72	91	1	48	6	2	37	6	15	4	49	20
82	73	17	78	48	92	23	21	54	84	28	28	25	75	59	60	12	96	83	97
3	23	49	29	70	94	43	48	17	12	69	93	51	5	60	69	13	88	93	63
19	64	21	96	5	75	88	55	49	50	29	8	51	32	45	30	79	68	52	60
26	51	86	5	14	81	9	25	64	80	14	77	66	58	99	24	20	52	30	98
35	81	3	77	77	75	11	83	47	74	79	87	76	2	16	7	43	11	34	71
9	25	10	86	50	84	5	59	69	74	11	95	87	22	63	99	65	75	59	39
98	60	55	6	44	82	47	5	74	80	43	43	6	32	76	23	32	76	32	17
79	51	90	69	14	83	28	34	63	21	80	13	63	89	21	73	67	46	63	77
50	98	26	55	23	23	62	81	90	18	73	41	4	70	17	93	88	78	49	76
6	19	71	63	27	26	1	36	20	25	10	34	16	53	19	22	51	58	74	21
3	2	58	5	11	2	20	72	36	6	89	93	15	69	92	96	34	28	61	51
78	74	62	82	65	69	30	53	40	69	38	93	80	21	46	3	14	69	88	12
73	25	53	26	90	41	36	47	82	72	83	76	61	33	58	43	46	93	33	6
37	77	99	98	15	62	88	18	2	89	29	85	17	80	55	95	71	16	41	43
27	27	45	47	17	27	39	34	17	26	64	13	71	82	45	61	36	45	82	33
92	17	68	9	39	10	24	64	20	14	90	37	54	40	5	58	22	77	14	48
99	81	12	94	23	90	18	52	56	62	71	11	64	15	57	62	48	63	60	70
5	65	86	14	49	31	3	62	87	13	64	52	67	65	82	24	20	80	7	13
47	59	15	65	86	52	73	6	28	48	17	48	54	49	57	48	43	71	50	75
8	91	53	59	6	12	45	62	1	13	70	90	2	28	67	10	89	10	74	93
52	95	79	19	16	97	6	64	80	3	7	55	67	46	10	20	46	74	63	54
68	39	50	96	27	38	82	50	58	13	65	99	30	88	71	89	96	6	6	73
20	93	36	95	96	32	23	36	81	26	9	80	86	45	60	44	54	39	27	73
52	57	15	4	85	68	43	26	67	89	27	11	15	27	33	4	88	92	95	58
89	96	65	30	3	40	66	90	14	50	33	91	87	39	66	55	34	41	67	99
34	10	9	70	95	74	60	14	40	49	68	38	30	7	69	67	43	28	7	71
9	10	2	80	48	82	56	96	90	23	29	87	92	77	83	69	36	3	37	52
14	18	39	73	15	67	9	60	50	11	4	74	99	51	19	55	29	49	58	4
80	54	55	75	79	14	63	89	39	97	55	70	64	92	3	29	51	26	35	78
24	33	82	86	86	53	46	9	79	69	73	8	60	15	97	40	28	48	11	89
1	57	76	25	74	63	36	13	19	8	47	86	32	5	79	98	63	41	71	31
64	86	43	79	8	77	2	11	62	69	13	65	66	97	95	99	90	81	58	38
5	29	76	59	82	93	55	96	59	49	3	41	58	31	83	32	31	57	24	13
8	56	42	16	76	47	18	80	24	44	65	96	20	28	78	64	72	81	86	53
57	3	89	21	78	3	60	47	11	20	55	26	79	60	81	72	86	51	75	29
41	26	90	24	46	29	59	63	50	11	36	18	83	46	22	31	49	73	28	89
70	15	75	59	6	1	76	1	10	22	46	82	21	97	13	77	39	68	8	23
24	27	49	9	86	56	53	12	87	16	95	73	50	38	5	37	14	76	78	56
79	74	46	77	59	37	81	85	60	96	63	42	28	51	64	62	18	95	53	27
77	37	81	61	50	81	5	4	46	99	95	62	62	64	64	52	93	7	48	26
14	88	19	49	85	23	21	39	58	76	67	15	91	71	38	43	62	6	77	45
50	81	64	5	67	97	38	50	26	84	8	66	31	48	27	36	22	70	76	69
33	69	99	43	51	68	84	51	31	25	34	1	81	90	51	17	94	15	49	6
71	67	10	16	40	30	92	14	79	82	20	71	62	31	13	6	55	80	47	25
89	56	12	63	1	26	95	37	55	32	1	67	53	68	77	45	55	91	29	3
80	50	84	17	59	46	44	1	97	36	17	92	98	49	57	4	80	4	33	74
89	89	53	3	22	87	15	66	77	54	27	89	62	40	26	26	80	12	79	34
67	59	80	12	50	25	8	61	1	2	12	49	64	4	26	38	63	89	22	71
72	3	66	53	40	63	85	22	77	46	55	75	58	89	79	96	53	5	66	2
57	44	60	53	92	4	81	77	65	11	13	4	81	13	83	9	28	31	96	77
56	88	14	48	96	84	33	70	1	78	86	70	63	57	97	99	50	90	10	33
35	88	33	15	19	41	22	89	67	5	3	62	72	92	93	48	75	72	89	33
80	26	44	94	16	35	20	96	3	40	87	4	55	79	56	93	32	32	69	65
10	90	50	43	81	30	98	52	73	2	69	30	84	67	24	51	73	23	88	37
99	73	34	33	58	10	84	29	63	15	12	77	44	89	44	38	55	6	1	9
45	3	87	9	85	40	28	42	93	95	1	62	76	54	87	6	85	18	80	62
27	99	10	80	66	38	38	61	7	25	4	53	50	37	51	17	61	24	4	80
33	93	91	41	64	7	36	78	66	77	4	7	97	96	40	9	8	23	79	30
13	15	74	36	97	9	93	25	83	16	38	77	85	98	39	2	78	89	24	2
51	33	72	56	54	92	77	34	23	39	49	59	70	12	81	39	47	57	35	25
30	32	41	9	81	21	59	17	40	76	51	11	22	43	97	68	29	60	39	88
52	66	74	97	98	79	30	9	71	50	68	52	97	17	98	16	47	98	87	60
3	5	77	8	91	15	3	92	54	96	86	48	55	51	33	44	58	9	39	66
20	41	69	65	37	92	37	82	39	35	43	16	37	36	11	67	83	73	94	79
13	56	28	40	60	1	5	85	56	45	90	23	46	76	33	72	89	11	83	11
72	67	57	50	79	55	88	37	19	30	69	7	69	20	6	19	10	24	22	44
71	41	46	53	83	6	54	36	25	3	54	56	70	3	13	99	27	65	91	87
14	28	91	2	17	33	91	37	68	29	30	56	3	8	21	83	83	97	59	74
25	65	28	14	31	16	34	39	33	97	25	50	69	13	49	79	84	95	42	73
95	10	53	98	57	86	30	94	90	57	98	73	13	76	84	24	91	40	94	28
6	85	58	95	59	49	19	64	93	79	17	14	78	31	80	70	62	41	38	7
82	44	78	67	4	19	79	75	3	56	31	2	82	41	41	16	48	25	3	42
7	16	88	83	77	43	36	10	19	31	60	12	67	87	93	98	29	95	77	87
88	56	29	43	57	84	41	39	51	82	69	84	47	32	58	55	18	80	96	90
60	40	84	3	65	8	52	4	8	8	75	57	78	67	86	79	59	10	50	76
78	54	80	29	25	7	68	41	87	21	13	60	60	32	88	14	60	15	81	53
14	87	34	96	59	7	89	71	47	84	7	16	24	3	92	74	68	42	45	71
34	3	77	54	25	1	79	33	32	80	77	53	23	19	69	3	23	88	49	77
24	73	67	1	51	24	64	70	45	72	46	58	16	40	94	63	31	78	20	49
54	5	18	86	11	38	26	57	49	64	66	39	35	6	55	46	37	58	74	9
60	5	6	59	58	88	37	11	1	31	81	40	65	93	64	60	29	23	94	15
97	91	98	43	13	6	62	96	51	15	27	47	89	82	21	69	7	66	74	29
1	9	69	70	48	74	55	97	40	92	69	72	75	16	72	86	73	97	7	60
14	16	19	86	66	4	9	13	90	31	2	88	64	96	83	19	68	68	53	8
87	75	7	7	40	64	95	15	33	20	20	6	70	6	21	59	96	90	78	51
3	82	23	87	45	38	52	91	37	68	44	94	94	88	93	57	25	37	42	4
14	7	33	79	83	83	86	43	88	40	48	64	82	57	69	10	28	83	64	95
17	46	77	42	83	36	69	28	79	75	36	17	76	11	52	48	23	48	67	49
20	98	7	31	59	68	86	49	2	3	41	29	69	9	1	49	35	46	2	36
66	64	5	52	44	13	50	54	29	25	13	21	65	57	22	66	28	63	31	51
48	67	57	28	40	89	83	19	68	32	85	37	19	63	40	94	82	31	8	83
51	95	19	63	61	13	16	93	46	80	22	94	77	39	52	80	13	77	58	30
27	81	9	91	18	54	26	34	42	23	13	62	27	88	2	71	94	44	76	56
2	72	80	68	11	79	62	47	32	76	45	98	5	53	49	26	71	1	11	6
31	60	21	17	2	54	73	25	80	56	46	48	34	81	37	63	45	21	76	45
99	64	21	66	21	80	57	10	35	4	95	35	99	26	1	21	91	44	31	83
82	80	74	40	48	47	93	27	85	56	84	47	88	2	95	3	45	41	73	74
73	92	22	32	42	17	44	47	3	83	73	16	27	32	62	18	18	62	34	54
85	4	68	89	78	24	85	80	85	96	11	62	46	50	96	72	33	65	71	59
91	75	62	70	27	76	32	77	43	98	62	2	55	51	3	58	28	61	62	82
49	55	40	97	41	12	76	72	15	47	22	49	42	93	89	78	24	67	12	57
27	61	92	35	31	51	56	66	68	63	34	68	17	40	61	67	78	97	22	34
50	64	71	78	89	45	20	33	57	59	38	97	92	83	94	52	7	34	66	69
63	39	90	2	65	28	8	3	44	78	12	16	58	54	61	33	98	99	68	72
32	71	66	83	63	24	28	62	12	90	70	77	47	25	77	59	58	80	86	53
11	6	77	36	4	70	8	19	8	22	21	36	98	56	42	33	78	51	30	15
85	35	21	68	96	65	51	33	71	65	85	23	18	64	7	82	99	79	7	79
31	35	45	65	33	62	62	62	27	96	22	1	74	79	27	29	17	80	94	93
27	28	38	87	31	82	41	87	8	31	5	76	61	52	36	18	19	53	32	17
67	32	46	93	3	55	74	35	39	38	51	82	62	70	94	72	6	79	17	62
66	70	4	27	90	88	12	15	36	93	60	60	52	27	11	73	34	67	92	43
48	48	87	75	16	55	83	64	9	38	16	37	35	33	21	1	35	82	39	85
42	47	23	11	51	31	81	50	56	54	80	72	89	63	23	43	91	45	55	92
13	87	38	13	58	41	80	21	16	6	33	34	24	4	13	82	16	21	63	73
40	71	37	24	86	73	67	12	22	49	89	89	6	22	54	27	15	17	72	95
20	87	96	29	24	52	11	88	3	46	3	33	92	15	47	46	88	77	1	16
24	84	99	90	13	56	44	24	17	2	58	89	81	10	57	83	45	35	62	25
52	95	18	98	40	55	91	5	96	19	7	13	75	30	36	43	96	77	85	39
91	60	99	51	25	46	68	40	40	61	51	14	98	65	70	17	12	31	46	2
8	78	22	82	31	32	72	30	43	97	99	63	1	1	33	53	99	23	30	65
46	22	94	86	51	79	66	12	82	57	82	69	17	81	33	92	19	81	40	97
49	18	61	14	32	68	60	54	9	99	82	50	91	69	23	22	24	67	58	27
54	45	48	47	55	7	82	41	30	8	83	73	87	31	27	67	64	7	31	47
49	84	36	4	87	2	42	92	8	64	98	43	95	26	28	26	81	96	53	37
67	47	54	62	42	9	86	21	70	44	35	89	59	45	99	38	34	64	1	52
82	39	48	4	72	77	34	53	70	23	49	59	44	79	40	34	8	87	81	89
79	6	54	83	43	26	58	1	54	92	64	61	2	1	65	15	76	22	50	49
47	50	80	55	55	26	48	42	6	12	18	39	29	32	16	71	71	61	28	39
38	82	64	64	13	99	21	25	28	23	29	27	40	41	14	60	43	3	41	57
8	87	14	55	29	69	57	26	93	24	29	14	16	39	44	31	76	55	79	9
28	16	56	78	36	75	93	55	51	40	21	38	59	14	67	50	18	23	80	4
50	46	74	42	91	83	36	20	70	53	44	44	8	8	48	64	76	10	76	16
98	8	7	53	29	76	83	45	51	43	83	66	25	81	66	7	93	1	61	90
84	18	24	97	82	46	24	29	87	49	26	42	5	88	25	44	50	10	95	96
32	35	42	5	52	45	14	6	40	42	50	24	9	99	5	84	19	58	50	4
15	57	52	72	79	38	39	51	61	65	66	45	73	77	45	75	58	48	25	97
82	10	74	46	66	87	86	72	77	88	67	71	70	40	74	86	88	41	39	46
8	54	96	56	16	41	99	7	90	6	22	10	77	51	18	56	74	43	48	20
51	73	77	77	35	7	14	80	69	48	17	32	55	66	89	69	83	24	83	72
67	20	86	46	8	98	63	33	2	29	94	35	74	52	82	29	41	37	33	34
3	73	88	53	97	15	15	78	49	27	63	27	81	93	40	97	9	65	10	50
20	96	4	66	85	18	40	66	96	39	8	76	13	68	60	62	42	26	44	90
1	42	26	92	27	11	27	33	16	98	73	38	74	54	31	64	10	51	85	25
55	21	15	86	73	55	32	13	72	69	74	59	29	91	95	28	99	57	83	71
86	35	51	43	32	16	88	94	90	55	75	90	96	96	55	86	34	15	83	76
65	65	90	81	78	46	89	34	79	40	13	91	10	5	76	89	5	61	56	79
61	42	72	50	83	94	82	3	79	15	32	10	16	83	44	53	16	67	2	41
87	14	98	63	11	31	40	35	91	83	47	51	37	95	67	34	87	34	19	96
86	64	14	27	16	31	31	22	15	93	44	15	69	32	84	86	42	56	63	64
62	79	96	64	82	42	13	19	52	18	10	4	77	56	76	7	88	52	56	81
50	15	57	58	8	49	59	11	11	50	83	10	99	86	3	70	50	14	21	88
13	8	16	59	65	6	33	83	98	13	58	69	77	5	44	23	84	13	82	27
75	8	43	24	27	66	42	99	3	56	89	1	5	85	75	55	66	64	78	48
10	29	57	28	61	81	2	43	43	61	94	51	35	9	85	54	85	23	21	65
5	6	17	90	64	98	85	22	19	33	15	63	22	26	59	69	13	76	46	51
46	44	58	86	28	4	12	19	28	59	87	2	15	84	77	37	75	12	46	94
50	5	60	33	40	17	42	26	89	38	52	48	73	53	88	24	17	42	88	9
44	13	98	13	99	51	33	28	1	34	16	51	92	84	2	21	72	70	48	18
6	54	82	69	46	24	92	84	78	64	25	43	29	41	78	26	26	17	24	20
13	34	73	52	64	74	34	46	38	1	68	52	92	43	18	56	91	1	58	45
24	68	3	37	9	35	18	69	71	30	10	82	83	11	61	80	37	40	32	30
71	31	62	61	21	10	52	89	50	89	19	84	61	41	10	41	6	43	23	70
1	97	79	38	59	98	49	32	71	4	41	42	59	67	71	1	18	47	12	57
67	50	85	12	9	33	22	14	58	1	7	75	87	62	91	44	24	68	57	22
73	62	20	22	92	50	25	1	63	98	3	64	16	21	87	26	2	87	31	12
74	10	29	13	48	78	71	63	20	93	94	34	29	62	62	19	39	8	98	27
73	16	56	55	44	50	95	9	86	63	43	61	8	65	33	54	50	47	28	38
14	67	31	42	16	52	56	27	37	22	3	97	78	58	48	61	69	93	77	98
90	59	32	98	25	56	94	35	41	40	57	79	88	89	49	81	65	18	73	94
83	70	87	41	40	66	83	82	29	23	56	46	70	44	69	78	96	61	73	56
17	23	45	28	8	15	65	12	97	97	64	28	22	81	88	58	84	56	93	74
65	7	91	58	13	77	50	19	69	78	21	2	26	3	57	18	63	48	1	36
15	35	76	28	39	97	31	75	48	22	85	12	91	20	63	18	12	70	87	90
51	29	39	50	97	4	5	60	53	91	74	56	92	31	54	15	84	36	59	50
38	65	18	59	31	9	53	65	88	26	73	23	89	99	38	85	92	16	84	19
46	3	50	68	73	38	52	95	32	7	24	8	74	36	52	10	40	54	21	74
65	71	28	19	90	86	19	46	3	57	67	27	89	69	59	61	7	44	1	45
4	17	20	39	65	55	53	75	44	61	97	42	63	40	46	13	79	65	46	99
85	39	17	71	10	30	36	19	82	92	68	94	88	97	75	18	16	62	83	68
79	47	50	77	7	74	53	91	28	22	10	92	49	70	89	82	73	25	18	22
26	51	68	33	80	8	79	63	34	23	51	55	99	72	59	84	43	77	21	45
76	28	78	57	54	31	79	95	34	66	9	58	21	57	85	56	64	62	7	55
24	45	88	61	66	93	30	72	74	63	75	48	93	40	48	64	30	48	6	59
94	65	9	32	44	1	40	22	89	36	35	64	92	56	51	96	20	4	90	36
19	8	38	42	32	1	28	72	18	24	60	78	54	18	45	20	86	36	89	55
54	51	18	7	26	54	63	70	94	21	69	9	43	85	60	21	76	93	5	24
12	37	23	12	36	2	9	52	80	24	53	92	66	97	38	56	14	33	22	90
29	12	84	98	47	71	93	50	61	4	76	80	7	5	10	16	46	69	58	39
81	27	47	43	18	64	24	48	73	38	26	50	61	6	45	95	89	18	67	12
7	7	79	89	11	20	21	66	58	84	48	58	77	65	68	76	51	18	47	6
73	63	23	74	30	3	99	82	2	51	53	51	56	55	61	11	7	22	86	63
12	29	50	13	23	27	23	50	22	37	9	63	93	61	36	55	59	7	75	79
95	37	80	86	18	62	48	38	60	23	53	23	98	11	4	73	56	4	58	62
5	62	54	72	91	74	93	89	58	60	70	77	19	44	79	34	81	60	5	17
33	80	11	78	58	63	73	73	48	80	47	82	27	67	7	23	97	70	24	39
15	60	86	50	57	73	73	25	63	98	87	62	16	39	63	64	6	89	68	64
34	93	41	88	73	26	17	58	10	30	1	39	87	48	33	93	44	12	70	11
11	66	74	26	51	75	4	34	79	32	4	53	41	91	37	27	49	96	78	10
34	26	89	66	34	29	71	97	2	78	21	90	22	80	7	19	48	32	60	39
92	52	51	55	80	83	96	97	30	51	63	81	27	44	75	99	85	89	21	41
41	54	6	36	64	22	29	13	98	95	33	37	30	35	98	52	27	40	17	37
88	13	71	59	74	61	67	45	51	4	6	44	55	5	57	27	54	36	3	44
69	4	80	45	37	23	69	26	37	54	31	71	11	29	72	41	41	26	78	32
7	40	1	35	15	72	69	14	52	12	13	81	27	24	67	6	79	45	36	58
95	88	13	82	53	89	6	22	93	39	15	18	75	76	51	98	92	51	46	96
25	48	36	29	47	87	56	86	20	26	27	21	94	7	77	60	79	53	59	59
12	49	21	93	45	38	55	97	33	66	3	58	59	87	19	37	67	38	97	96
59	62	42	78	90	49	65	95	72	63	54	41	54	43	51	71	67	80	89	11
96	18	51	52	40	92	12	12	7	71	98	8	41	76	74	88	25	98	33	51
88	97	74	47	38	11	72	65	16	82	50	51	49	76	51	13	7	2	8	4
38	82	11	26	98	4	99	82	19	82	31	39	50	93	72	85	61	71	79	58
58	58	29	44	50	26	67	64	40	26	1	75	46	22	96	55	47	95	50	31
31	61	57	43	98	63	26	63	47	4	26	35	77	47	23	5	26	56	74	41
61	29	40	23	53	30	22	58	27	88	97	7	11	15	50	40	72	86	77	2
12	57	22	95	28	14	31	27	51	40	67	96	16	78	26	29	55	84	7	1
81	99	67	5	12	3	57	68	30	29	10	26	72	36	39	66	11	30	3	10
36	64	92	32	76	90	33	63	41	60	50	6	2	99	67	91	23	17	8	11
65	50	98	75	19	31	32	48	35	53	40	70	18	11	38	4	46	41	16	2
26	41	72	70	49	44	85	22	60	53	62	44	62	53	11	80	65	47	86	34
68	91	47	19	17	10	45	19	96	36	12	2	6	4	68	40	12	53	48	31
96	55	79	89	16	93	43	31	39	58	62	70	17	54	6	43	78	98	41	57
93	87	98	50	65	5	1	77	17	14	14	92	26	6	89	33	80	24	36	79
93	92	13	19	11	32	91	77	82	80	93	4	61	18	95	12	16	71	21	45
62	48	47	62	64	75	86	52	85	61	35	7	33	25	6	91	68	74	13	1
51	15	83	11	70	79	76	39	50	97	20	91	64	46	34	3	86	39	94	95
43	51	49	6	26	47	73	76	92	8	3	22	95	97	45	44	77	37	57	80
5	87	8	94	47	31	31	78	38	77	1	71	67	91	21	65	73	92	38	85
56	35	81	73	25	48	15	46	96	11	9	85	95	66	69	14	11	27	87	14
89	77	47	69	49	91	43	26	43	99	36	13	56	73	77	4	78	58	29	24
52	6	78	17	44	53	67	48	56	12	73	83	1	16	93	76	31	72	58	15
78	82	25	95	41	52	37	21	73	88	83	83	38	44	95	1	59	70	69	7
83	78	47	15	77	35	20	56	47	43	78	36	80	75	18	50	60	17	3	74
75	33	35	18	91	95	58	82	64	36	53	70	28	44	54	61	43	1	97	62
30	12	64	54	82	26	80	25	53	26	99	12	48	1	17	64	36	21	37	18
93	96	90	69	84	9	79	54	11	76	1	14	61	62	97	52	44	40	93	91
42	4	84	94	17	43	16	77	13	11	11	68	78	82	58	54	22	33	89	94
11	75	5	4	84	73	43	12	94	80	82	8	76	26	73	77	72	78	74	37
26	47	21	23	10	41	90	8	42	42	67	31	93	25	95	3	82	93	13	49
43	65	25	23	21	19	17	65	73	2	79	32	19	6	7	60	90	14	17	76
57	57	80	74	1	43	94	86	67	89	56	97	18	8	23	92	2	8	95	4
47	9	43	28	23	94	7	37	66	9	30	15	89	79	41	56	81	34	88	2
54	80	61	88	79	61	12	76	80	9	58	48	10	93	5	69	95	36	7	26
23	99	8	64	12	98	28	32	58	81	33	69	94	44	65	30	8	70	90	41
31	45	91	71	86	77	38	79	60	9	59	56	6	31	67	75	75	36	42	45
16	20	15	38	35	49	18	95	54	7	63	16	91	52	18	96	71	99	35	31
66	70	26	41	49	16	71	71	28	27	31	40	39	7	44	60	57	50	69	60
64	83	7	43	2	28	30	17	97	55	3	37	29	42	35	87	87	81	46	79
62	69	81	34	72	78	82	13	89	26	83	98	4	47	29	50	70	89	44	77
25	42	20	15	18	60	80	38	11	4	46	1	10	80	57	67	51	89	29	35
15	37	20	6	87	91	73	34	63	80	55	82	20	78	47	92	94	27	22	74
17	52	16	80	46	81	22	65	88	37	42	94	6	64	22	20	12	31	82	25
52	16	70	90	93	12	78	60	3	74	34	5	49	52	20	86	11	28	16	83
88	69	55	39	93	9	48	32	80	35	1	57	32	70	84	5	4	12	45	18
27	81	19	92	42	73	87	56	86	98	32	97	80	70	8	3	40	41	51	81
64	53	50	72	84	24	47	5	50	34	89	70	52	81	36	31	22	16	61	30
92	66	62	37	10	4	5	50	95	77	29	63	21	15	85	66	33	14	96	66
3	60	37	37	9	18	2	24	88	19	91	17	46	32	44	37	64	21	3	33
25	81	83	61	86	48	34	30	73	27	3	82	73	83	44	23	90	79	83	93
73	82	15	83	64	34	11	61	66	50	39	93	73	32	61	4	12	99	15	97
56	17	83	71	27	68	8	78	37	25	27	82	52	46	12	63	56	73	14	22
50	71	97	54	75	96	60	18	86	98	40	27	46	23	21	88	58	99	60	52
13	81	48	75	41	78	66	83	47	94	56	28	55	66	84	69	31	58	97	33
58	18	86	20	79	15	13	74	67	30	33	76	27	32	60	68	75	68	55	15
52	55	76	71	74	12	10	33	54	23	60	5	17	11	37	8	8	66	37	76
64	98	21	63	97	1	24	63	11	34	90	21	83	41	25	54	65	12	69	19
48	22	65	82	25	2	39	24	81	16	24	68	45	28	5	2	67	29	45	60
20	86	38	21	94	10	71	48	54	12	9	47	6	38	48	89	22	72	32	3
86	65	40	97	85	14	33	56	65	31	30	45	52	4	88	68	5	10	97	90
84	48	34	61	79	98	4	13	27	22	12	90	56	53	45	35	37	7	69	32
18	70	63	27	72	51	55	22	84	2	24	63	26	78	62	60	3	87	18	91
52	59	26	49	20	71	93	88	6	73	84	94	28	3	67	56	10	1	69	80
14	60	33	44	11	23	43	73	35	31	37	20	37	72	61	77	22	69	8	2
49	54	11	8	53	75	94	44	22	9	12	19	97	4	4	20	7	67	4	9
48	69	84	37	68	29	54	76	61	41	63	54	60	15	46	86	99	38	40	24
87	66	70	21	96	57	64	18	73	28	62	82	42	30	14	64	38	72	59	82
34	71	62	62	58	46	98	4	50	7	64	55	90	76	47	1	98	16	96	28
40	82	40	31	99	77	25	98	27	59	44	13	78	22	50	64	8	84	94	22
79	42	24	86	26	41	76	85	22	98	21	93	6	20	93	24	45	80	69	25
98	45	13	38	9	39	72	48	93	22	17	68	81	85	20	49	1	37	98	73
35	73	54	98	26	51	33	32	21	33	80	54	60	25	41	81	73	94	66	49
61	96	10	29	60	9	96	84	33	59	6	4	83	55	68	3	2	73	11	76
72	77	6	48	31	1	4	96	60	39	55	19	24	48	28	20	1	10	7	19
72	94	74	13	30	17	13	31	92	71	69	56	64	38	38	88	3	45	95	7
88	46	82	57	43	75	63	88	75	35	64	82	66	73	60	92	20	95	87	10
12	97	94	4	95	57	11	35	64	66	25	47	24	58	59	29	30	86	50	29
92	83	1	56	17	21	90	47	18	28	1	50	96	62	87	96	6	30	95	9
7	61	21	72	63	74	19	32	74	18	97	57	37	83	49	93	49	93	95	90
14	6	3	95	94	41	45	52	44	76	24	33	85	8	92	87	33	19	87	23
25	24	15	18	29	48	77	23	78	47	14	90	68	23	43	34	50	50	58	72
19	80	74	33	82	89	95	64	36	24	67	63	19	87	6	24	92	3	76	57
31	23	38	93	64	49	68	34	60	36	88	26	37	57	76	31	50	11	79	57
24	92	54	28	45	35	5	16	98	90	72	76	39	70	78	47	85	28	10	1
11	90	32	44	74	51	38	57	47	17	85	38	78	28	69	90	45	35	49	28
65	5	45	48	58	29	78	94	93	28	14	88	56	19	7	37	73	60	13	65
1	8	85	83	24	85	80	33	24	11	7	65	30	93	34	33	36	46	84	28
15	67	69	46	20	56	44	15	26	46	37	54	14	30	80	40	73	59	13	98
10	48	64	89	56	60	51	79	73	91	53	28	22	5	47	97	75	49	7	13
27	32	66	61	78	43	12	83	71	88	86	56	10	44	1	30	59	33	22	17
80	48	7	90	71	20	44	62	86	78	1	8	76	40	67	74	3	82	44	39
53	17	85	97	54	59	85	57	87	28	29	26	67	34	83	37	51	13	56	18
88	65	79	23	59	13	96	37	23	90	28	85	73	48	45	87	39	23	35	67
59	51	43	68	53	85	28	47	32	71	82	59	80	51	89	1	97	78	24	47
82	49	46	48	97	42	2	97	59	26	47	9	31	31	60	57	12	61	51	46
55	32	28	65	96	78	56	24	4	11	56	73	43	17	20	29	52	16	11	87
77	12	71	77	92	74	90	81	50	64	99	28	52	76	22	52	18	54	90	55
79	32	53	18	35	75	82	93	21	61	43	20	71	64	51	52	34	27	96	85
55	62	63	57	53	58	40	97	93	88	73	16	34	14	74	13	62	43	67	59
94	99	86	12	54	24	2	7	8	21	4	81	4	48	1	82	9	39	18	56
56	83	29	75	16	61	77	64	27	41	32	72	99	30	92	21	60	5	37	22
84	98	7	4	38	99	36	79	60	83	57	10	86	63	9	18	72	15	14	50
53	36	80	62	97	38	33	7	31	61	40	46	46	50	67	22	22	38	86	91
87	77	62	83	32	54	35	10	45	84	19	87	56	25	24	21	60	39	22	77
81	17	25	78	49	88	22	65	6	37	40	10	80	22	44	52	98	61	82	66
37	15	41	3	21	12	52	22	34	55	18	83	78	84	40	26	31	67	86	84
48	24	98	93	43	93	49	64	92	73	34	48	73	85	5	2	8	37	99	7
41	20	57	36	33	15	82	69	3	32	10	18	26	14	46	95	28	62	2	53
55	69	99	60	46	67	84	6	61	82	99	43	92	93	47	76	12	28	46	1
64	99	92	98	24	21	39	64	91	35	16	43	83	30	57	17	36	62	33	60
63	68	88	42	80	81	60	48	45	11	78	85	96	31	93	72	6	39	19	4
4	98	93	13	62	96	13	93	42	23	46	99	58	57	18	35	46	46	6	57
57	44	95	32	84	26	73	26	26	53	45	19	99	3	57	15	54	60	3	99
73	67	98	19	3	51	62	54	69	73	16	8	65	20	75	13	28	53	89	99
12	64	4	88	6	89	12	51	90	68	76	47	87	90	84	34	10	8	26	50
33	14	1	41	85	13	56	46	10	66	78	96	82	55	50	59	58	2	43	96
26	47	34	12	43	41	88	87	31	93	57	83	78	80	95	15	63	94	19	55
63	61	30	9	19	53	36	77	2	21	85	99	51	95	3	86	58	6	78	8
85	60	10	33	84	27	68	28	80	6	9	59	42	76	18	55	63	11	12	92
67	76	52	54	64	62	17	67	84	16	86	57	77	82	58	94	1	65	2	29
44	51	18	32	18	99	23	27	22	5	12	66	65	91	33	64	95	68	27	42
18	71	79	14	23	11	45	42	58	61	39	83	78	86	18	37	69	85	27	84
24	54	53	60	75	57	4	27	71	40	15	58	83	45	72	39	47	78	97	49
45	40	79	77	1	72	51	49	19	34	20	61	22	5	99	56	61	93	72	61
27	33	29	26	28	50	4	76	8	19	68	85	56	15	57	23	92	75	91	15
85	92	5	27	55	71	83	63	33	17	50	84	24	3	70	45	32	24	23	23
65	4	92	30	92	43	21	53	42	55	45	10	56	53	40	86	57	72	31	59
81	72	95	40	31	31	60	79	51	35	7	77	42	96	84	93	12	73	48	42
71	56	40	55	66	53	25	77	38	68	75	86	63	23	38	41	56	19	97	4
56	23	95	57	96	13	62	26	82	31	1	38	32	73	96	33	18	94	62	80
57	67	76	1	26	80	99	54	92	54	36	99	80	26	73	69	64	23	56	79
30	78	35	37	93	74	97	52	70	60	70	63	63	10	48	38	30	60	37	10
31	18	77	30	84	24	67	46	64	5	15	53	18	6	86	20	26	82	44	69
91	18	90	93	32	85	11	34	31	61	65	56	22	97	60	74	14	13	21	48
81	93	95	71	17	35	42	87	96	13	7	23	88	39	76	47	46	18	49	24
12	73	87	1	69	97	2	24	63	22	86	19	25	24	47	61	73	8	41	9
61	26	44	83	16	24	28	3	53	58	46	48	93	21	57	73	4	93	22	85
69	28	69	55	15	17	48	43	28	17	31	40	49	29	51	52	80	92	22	25
75	58	63	70	85	28	13	19	75	63	25	53	99	76	30	35	42	27	95	70
89	47	71	50	37	41	4	87	51	50	92	69	37	79	86	49	21	72	19	35
3	29	55	66	51	14	35	75	70	72	49	83	51	1	48	11	3	61	89	74
73	12	16	60	23	98	54	84	91	49	48	2	57	86	27	22	23	7	13	54
88	39	53	51	90	65	60	97	20	97	54	44	40	45	7	2	74	60	34	32
99	59	65	33	68	13	77	15	39	40	88	38	93	44	82	45	19	4	63	43
60	22	71	64	88	73	27	98	29	85	44	33	75	94	21	64	31	63	2	29
19	30	2	66	62	70	22	17	18	69	80	83	70	89	71	76	83	83	82	81
60	54	90	42	86	55	14	46	5	15	44	87	2	50	48	68	20	82	14	7
27	22	5	90	25	43	80	56	22	35	50	32	98	53	2	15	76	22	1	91
37	96	15	78	68	84	91	7	46	57	54	27	78	80	4	42	88	42	68	39
60	56	80	11	11	58	12	45	90	81	88	69	79	6	34	18	38	62	40	84
57	98	98	3	50	96	6	79	59	82	5	94	73	73	73	71	14	37	88	11
48	52	28	91	88	37	35	57	15	90	64	26	40	9	5	16	64	82	44	56
72	80	85	21	88	21	3	72	81	74	81	10	50	99	67	16	21	81	81	5
83	66	98	40	51	65	3	27	16	62	7	81	85	86	48	18	60	68	67	44
76	34	74	80	32	31	34	32	66	49	38	99	52	6	80	66	65	83	34	84
81	14	53	12	11	18	1	10	48	80	58	25	62	87	71	38	58	75	96	38
54	26	82	94	40	12	97	6	52	67	3	43	63	32	39	64	65	32	28	57
97	70	84	96	61	85	86	23	85	99	44	37	66	6	45	56	85	45	22	88
63	5	44	63	45	78	33	79	2	59	80	70	5	82	97	73	59	65	36	56
99	44	96	44	32	71	74	75	85	75	45	3	73	84	49	99	45	62	33	51
58	77	67	17	53	10	48	44	19	23	36	97	62	45	82	10	41	48	94	66
35	42	48	76	42	69	89	2	23	35	61	10	79	28	14	85	80	87	82	83
51	14	12	23	1	41	10	74	97	1	24	26	44	78	15	75	45	7	40	94
17	65	94	33	77	7	78	66	28	40	65	94	81	55	20	71	17	11	43	4
15	90	40	11	2	13	38	11	93	32	92	44	5	66	66	93	46	67	7	51
53	14	28	14	58	29	26	56	93	54	89	46	95	53	5	92	43	92	31	26
63	95	23	11	68	38	53	95	20	99	65	87	13	24	69	29	7	7	91	92
57	34	30	70	13	47	16	26	54	48	27	35	97	48	60	20	18	64	85	49
14	90	58	26	59	67	78	98	40	58	93	9	49	17	8	52	18	66	8	58
37	18	10	86	81	14	35	7	45	78	21	74	3	53	49	25	81	86	60	56
12	2	26	17	34	77	65	18	74	13	13	23	54	50	69	97	8	74	71	96
70	70	51	49	95	91	18	81	62	61	85	28	73	95	54	16	51	21	75	10
73	82	4	5	5	45	77	9	96	25	58	87	3	28	48	85	22	52	61	67
35	19	22	95	56	82	5	77	97	89	18	4	30	23	7	56	16	54	30	48
14	13	11	39	32	66	17	34	24	50	93	76	59	77	42	79	83	71	70	70
78	31	9	22	74	23	93	50	90	5	78	48	98	91	9	22	16	79	60	28
7	73	8	40	42	20	32	52	80	84	12	29	91	84	46	74	41	92	29	56
3	48	20	41	79	48	40	2	40	11	62	25	80	27	57	13	93	14	4	76
32	12	29	47	60	46	50	71	31	88	31	84	27	77	25	14	21	24	49	4
52	32	24	79	37	96	69	26	17	36	61	11	34	49	76	89	83	19	27	89
57	28	98	80	24	54	23	3	99	38	78	30	99	38	67	67	79	22	60	40
6	84	28	89	66	33	42	47	61	98	91	78	55	60	36	33	5	55	85	54
7	56	25	25	35	76	10	33	77	94	76	50	66	17	17	94	73	30	47	47
36	69	40	15	49	89	48	11	93	23	43	42	88	62	98	55	36	68	26	16
88	64	26	36	70	26	10	23	69	72	67	57	2	34	15	93	96	36	3	37
87	93	79	72	56	69	51	76	99	29	32	19	21	30	77	27	12	29	28	49
49	24	81	44	7	99	2	96	28	6	19	9	3	51	96	15	37	29	8	36
35	89	14	5	51	33	30	99	38	63	30	17	96	1	98	13	57	27	84	84
57	34	52	80	9	24	30	27	8	77	74	27	1	35	88	11	27	53	41	67
95	69	61	12	51	54	94	86	11	54	80	60	7	85	69	47	17	99	90	24
61	11	34	69	65	1	2	59	42	34	79	89	6	47	69	38	60	33	43	54
33	57	12	14	20	65	47	43	31	51	88	71	56	26	97	75	55	9	40	78
82	28	13	2	26	29	49	66	22	88	81	1	87	8	95	33	9	80	92	88
95	31	60	16	60	94	13	23	6	11	57	78	2	62	86	63	65	32	3	5
41	86	2	18	50	5	32	61	93	8	49	36	17	42	64	56	87	90	84	11
19	18	58	87	88	3	23	49	91	88	71	36	57	82	21	82	86	90	87	72
35	61	37	90	51	65	51	77	97	9	13	34	32	42	39	97	69	61	59	16
86	35	37	63	66	31	40	13	98	30	8	68	26	7	3	6	63	49	39	3
78	89	56	40	66	60	49	65	21	46	72	29	64	9	1	67	62	24	6	44
25	75	57	23	49	90	12	46	27	65	61	67	66	22	18	40	23	27	63	57
61	32	55	47	13	28	74	96	40	62	4	30	98	33	26	4	11	51	54	15
56	96	9	74	14	25	49	29	59	35	84	73	19	36	12	79	67	38	26	90
1	32	27	49	89	68	53	31	82	89	34	74	53	64	6	28	66	93	79	88
60	4	87	32	24	82	88	51	59	41	94	31	12	99	80	70	2	24	34	66
63	84	11	51	45	8	99	2	31	67	27	6	43	61	69	84	16	19	70	3
97	44	67	27	55	72	68	23	98	24	68	19	33	77	1	94	42	60	33	94
74	73	76	69	88	41	21	64	47	58	21	66	81	98	67	40	76	46	3	41
96	76	91	95	97	87	54	73	79	73	37	90	77	53	51	12	46	91	42	37
89	27	74	94	69	20	12	6	92	91	19	33	7	66	30	32	79	71	60	52
98	22	98	68	74	94	13	64	6	27	18	63	86	46	50	15	14	36	10	9
59	81	99	28	59	43	87	95	75	19	15	59	24	97	32	46	73	97	78	17
8	36	49	67	91	47	33	18	39	7	52	83	19	95	28	64	27	8	62	86
38	88	90	17	81	26	72	29	52	96	91	54	94	69	55	66	53	96	46	57
3	19	69	62	21	18	86	67	24	11	68	35	46	38	77	13	57	83	6	13
88	12	43	87	4	86	78	56	47	23	57	40	91	43	23	35	31	60	46	92
47	67	13	90	40	8	8	53	62	5	13	97	44	84	87	57	88	53	14	37
5	88	50	33	4	85	58	78	72	25	32	39	15	88	57	22	81	34	70	37
8	47	9	89	46	60	62	49	69	98	34	67	63	2	58	35	8	48	92	20
57	33	42	5	82	28	14	51	80	38	33	58	85	44	25	67	51	23	2	79
70	47	62	61	82	48	49	35	29	1	93	64	52	69	49	27	90	76	6	39
71	68	52	58	99	36	44	93	21	56	87	51	34	16	64	5	6	92	70	20
53	20	99	33	71	46	67	31	25	85	51	98	23	49	25	52	95	69	53	79
15	61	79	22	35	64	66	61	96	57	88	82	5	90	29	21	25	66	97	53
43	38	36	75	59	16	25	97	55	8	49	40	31	31	86	3	86	63	26	92
2	10	75	32	32	42	70	82	82	59	20	1	88	48	96	85	38	72	61	33
25	49	97	15	81	45	76	99	38	96	15	2	38	54	73	59	67	38	44	88
51	79	2	59	28	26	27	94	36	45	53	41	5	9	51	39	62	11	4	64
63	48	41	55	20	38	5	91	77	50	30	87	55	57	53	30	22	55	80	99
54	15	61	12	69	93	69	11	52	14	51	16	77	97	79	30	42	53	27	10
27	27	71	15	82	57	88	78	52	87	56	71	53	74	28	80	95	14	94	29

1	7	1	13	8	14	20	10	16	1	18	3	17	12	13	15	10	4	5	5
3	17	18	15	9	18	9	12	9	10	14	5	10	8	8	11	16	8	10	20
16	15	15	5	15	20	5	4	3	13	5	8	20	8	10	7	11	13	15	15
1	6	19	17	8	1	6	20	2	17	20	17	14	1	5	17	20	15	9	13
5	16	11	1	20	1	6	10	4	19	17	9	13	15	9	3	2	6	15	3
9	14	9	3	6	9	3	17	15	6	19	9	12	13	2	5	10	11	5	15
1	6	3	16	17	1	2	13	12	5	18	20	10	19	11	19	8	5	6	2
4	6	4	13	20	6	8	8	2	6	14	11	6	7	5	11	3	11	1	19
19	12	11	8	6	11	5	10	1	7	19	3	11	5	11	6	7	8	2	7
6	16	11	5	18	10	13	3	6	2	9	7	18	6	15	19	4	1	20	10
8	11	12	3	2	14	6	8	15	4	11	8	4	20	7	2	9	14	13	7
10	16	17	11	11	1	9	4	15	6	11	9	19	8	16	9	10	11	10	7
13	11	6	2	13	19	11	18	1	3	12	20	17	2	10	10	3	15	1	13
6	6	3	19	6	5	11	13	12	13	1	18	7	3	7	8	6	2	4	18
7	2	1	15	5	5	11	12	10	20	14	19	16	10	5	10	11	15	4	17
5	18	2	2	6	1	11	12	10	14	3	8	11	13	4	20	18	8	15	16
1	18	16	3	14	5	17	3	9	8	3	18	12	14	16	4	4	17	12	12
1	3	12	1	1	9	4	17	5	3	13	20	1	13	10	7	12	8	11	9
3	2	11	19	1	13	5	18	8	14	18	7	14	13	19	6	18	1	9	8
3	2	5	5	1	1	14	17	12	14	15	3	13	18	5	15	14	20	7	20
1	14	9	17	17	2	17	5	4	3	13	14	13	8	17	18	20	16	19	4
4	6	2	15	1	2	13	6	18	2	15	6	6	17	18	20	9	6	18	11
7	2	11	13	12	11	2	7	2	1	4	20	6	6	9	10	10	6	20	9
13	9	1	11	8	10	18	5	11	9	4	10	16	10	5	14	13	4	3	19
7	18	7	16	14	6	17	4	18	5	14	19	17	1	13	9	19	10	18	9
5	18	10	2	14	11	9	7	10	18	12	1	3	5	19	1	13	8	1	13
8	6	17	8	17	8	13	17	17	4	1	4	1	2	2	3	18	11	18	11
17	19	16	2	3	14	2	11	2	17	12	7	14	15	10	10	14	7	6	7
16	19	15	10	2	17	16	13	15	1	14	20	14	2	7	12	4	6	13	20
6	13	9	8	17	14	4	11	3	10	8	6	19	11	16	11	19	4	9	3
8	20	7	7	3	13	4	2	9	6	7	11	16	19	9	8	3	17	7	13
17	18	18	5	17	13	16	6	17	17	19	8	5	5	4	20	4	9	14	3
7	18	14	19	12	9	5	15	16	7	3	6	6	4	18	17	10	5	12	3
1	6	1	1	1	14	16	16	1	3	4	8	9	20	8	12	14	8	13	1
12	16	1	19	8	18	16	2	8	15	17	16	13	4	18	6	4	18	5	9
15	6	18	2	6	14	1	16	6	20	1	8	14	19	16	13	18	8	11	6
3	13	13	16	13	14	3	10	18	19	2	8	14	1	17	15	8	20	19	18
6	16	20	7	11	10	17	8	18	18	1	6	12	9	10	5	8	8	16	6
12	9	7	7	7	17	1	12	14	17	9	18	2	19	13	20	15	5	9	8
3	14	12	7	17	20	12	17	13	4	18	14	20	12	16	16	16	4	8	20
7	17	1	9	10	9	6	6	12	9	9	6	10	17	8	3	11	18	5	9
6	20	8	14	15	9	12	15	3	10	9	7	16	7	6	19	4	17	9	8
12	3	9	15	1	15	6	19	10	15	3	5	17	10	10	3	4	19	5	4
3	11	15	20	10	20	10	6	19	1	4	17	5	3	20	4	1	19	5	7
18	13	1	6	18	15	11	2	1	16	7	18	20	16	5	6	7	19	10	13
6	18	14	13	9	8	1	11	1	10	17	1	13	15	18	18	4	15	15	7
19	10	16	8	8	17	12	16	13	17	3	16	18	4	8	2	16	12	5	8
14	3	1	16	10	12	19	17	2	4	4	12	19	15	5	5	14	14	3	10
2	20	13	15	10	3	17	8	13	20	17	11	14	9	4	19	20	6	1	6
13	6	14	20	3	17	2	10	14	6	10	3	16	17	10	6	17	18	19	9
12	3	12	9	10	4	14	2	7	14	19	9	7	16	4	4	9	7	17	9
10	4	17	20	11	5	8	18	16	20	4	18	6	4	13	5	1	7	6	6
9	18	12	18	13	18	1	20	5	18	11	14	2	7	2	7	12	10	10	6
20	17	2	13	5	8	4	5	10	4	12	3	2	7	16	18	13	7	19	6
10	20	14	3	9	3	13	2	3	18	5	13	20	9	7	20	11	18	14	9
5	15	1	9	17	3	7	2	5	6	15	4	8	1	7	10	9	11	5	5
19	14	13	2	1	18	3	3	8	4	2	9	17	2	8	12	12	6	6	10
1	2	16	10	6	3	2	6	17	16	10	19	5	13	12	14	11	7	12	10
8	10	4	15	13	18	7	12	5	9	19	12	4	5	4	6	9	5	7	15
10	17	15	10	12	6	8	12	4	18	11	9	15	13	4	2	19	1	11	6
11	15	17	10	12	9	11	19	1	16	20	10	8	9	3	2	20	9	13	6
17	9	18	19	2	3	3	6	17	12	3	5	16	8	6	6	20	1	12	5
15	15	7	1	19	16	18	5	3	17	7	9	4	15	7	4	7	1	20	13
15	17	16	2	15	11	2	2	1	8	15	2	2	4	16	7	4	11	16	19
18	19	3	20	5	7	9	1	19	11	11	9	15	7	20	20	4	1	6	9
9	18	18	1	18	15	20	2	6	14	15	1	12	5	2	4	19	19	2	3
1	10	5	14	17	8	10	20	10	3	17	9	7	19	12	1	10	7	15	8
9	6	15	20	17	14	3	1	15	1	1	5	18	11	12	19	19	13	17	12
12	3	6	13	14	15	13	18	17	1	4	4	19	12	3	10	16	9	17	16
7	1	5	2	6	14	2	3	11	18	4	19	3	2	18	16	15	6	17	14
19	13	8	7	2	5	8	9	8	11	4	9	6	16	7	17	1	3	8	20
16	3	11	17	17	19	12	20	1	17	2	16	4	17	10	16	16	17	4	19
19	5	6	11	17	1	19	15	10	2	1	18	14	10	4	14	19	14	6	9
1	3	5	16	7	12	9	14	11	2	14	19	7	8	11	12	1	16	20	1
12	16	11	4	1	18	13	7	6	15	14	2	4	3	12	10	20	14	20	6
9	13	7	12	19	18	15	5	9	16	10	17	11	14	8	8	9	19	5	4
18	9	19	16	2	4	17	14	16	18	12	17	19	7	10	11	7	4	6	6
12	1	17	9	7	12	9	2	10	17	2	5	8	17	19	14	12	2	11	4
14	9	8	20	10	9	14	12	2	7	6	18	17	2	17	16	14	9	2	14
1	9	10	9	19	4	17	5	10	4	15	7	8	2	18	12	15	15	6	3
4	12	9	19	17	7	9	1	7	7	15	9	17	5	13	13	1	9	9	8
1	4	17	18	13	9	16	6	1	4	12	13	18	4	7	1	14	14	17	18
12	15	19	2	6	11	10	8	15	2	11	13	14	19	10	16	18	1	1	4
5	12	17	4	15	4	11	11	15	12	8	17	5	17	13	1	18	16	3	15
18	20	4	13	18	18	8	18	15	13	10	5	20	11	15	7	11	3	10	5
6	11	18	14	3	14	14	2	11	15	14	7	3	11	14	8	9	7	20	7
2	1	16	6	10	18	8	17	7	8	1	4	10	4	8	2	9	9	12	19
15	17	18	19	6	19	12	13	16	7	4	10	16	17	16	11	14	20	8	13
4	7	7	12	9	17	1	10	13	13	20	3	12	2	18	11	13	4	2	10
16	16	5	5	8	15	10	19	14	17	17	11	9	4	10	19	20	9	4	20
8	13	6	6	10	17	18	8	18	15	19	19	14	15	19	19	15	12	14	1
14	5	10	3	11	19	19	19	7	20	3	10	19	7	10	6	10	5	8	13
19	12	8	5	12	13	11	2	1	15	19	1	17	17	11	12	18	20	15	2
17	16	17	16	7	10	13	2	4	1	3	14	13	4	16	12	14	5	16	17
8	20	8	16	11	12	7	4	3	3	4	1	18	14	6	11	17	2	14	11
8	14	17	14	12	14	20	18	8	7	15	17	1	3	12	13	11	4	1	16
8	19	2	18	8	18	20	3	17	20	18	8	20	8	6	19	2	1	12	4
18	2	3	8	11	19	11	18	20	13	11	12	6	15	10	5	17	14	1	17
3	12	20	18	11	8	6	7	15	20	13	12	14	12	19	4	2	11	4	9
4	16	9	12	18	12	6	3	4	13	19	14	2	5	11	3	20	7	19	1
17	15	13	17	10	9	9	8	8	2	17	19	5	12	14	8	19	7	7	3
2	13	17	8	19	4	12	2	11	7	6	20	3	5	7	3	19	19	14	16
15	17	3	9	11	6	3	18	2	6	9	2	18	10	16	1	4	18	1	1
15	14	15	8	9	8	18	11	1	19	1	3	1	13	17	13	1	20	15	10
16	15	9	4	17	9	3	7	6	8	20	6	6	6	11	19	19	1	4	8
8	14	7	2	4	8	11	19	14	5	6	9	17	1	15	4	11	4	15	14
15	10	11	3	20	7	14	9	8	6	19	5	7	19	11	12	15	13	5	12
6	17	4	14	12	10	2	9	1	3	1	15	12	9	16	15	14	14	5	13
1	14	18	19	19	5	8	13	13	6	2	17	12	6	6	3	17	20	4	13
14	7	5	8	10	17	15	17	10	10	14	3	4	8	19	18	20	19	12	14
18	3	11	10	14	18	1	13	3	7	4	15	11	19	2	14	5	2	6	12
18	10	7	12	7	3	17	2	8	14	14	3	13	4	6	1	8	8	19	7
10	9	6	15	14	11	6	9	16	8	11	3	20	1	19	8	17	11	3	16
11	9	6	5	1	5	3	19	9	13	4	18	4	14	13	9	13	14	18	9
9	1	19	17	20	3	16	17	16	15	13	4	4	2	18	4	16	14	1	10
11	6	18	4	16	5	19	8	3	7	7	8	14	18	9	13	9	19	7	17
10	6	18	14	18	5	5	4	11	16	11	14	15	6	11	6	6	13	3	12
17	19	12	1	11	18	18	4	4	20	13	19	2	5	12	11	14	17	13	2
18	6	20	8	4	14	1	11	6	12	19	12	13	15	1	12	13	14	20	6
18	17	15	9	19	4	19	12	18	18	17	16	6	17	18	16	19	10	13	17
5	17	5	2	17	12	6	6	7	3	17	2	19	3	10	6	10	7	16	1
19	17	13	14	3	7	14	9	11	14	16	14	1	18	10	16	5	6	16	18
6	6	5	11	5	17	6	20	1	11	11	19	9	3	5	11	3	6	16	4
10	20	12	14	12	13	8	7	12	10	7	11	1	1	1	3	18	9	13	4
10	20	15	15	14	17	17	15	19	3	9	2	17	2	13	19	4	4	4	16
5	20	15	18	4	12	19	17	18	10	20	3	17	5	20	8	10	6	4	6
8	15	18	18	9	2	18	11	20	19	19	15	14	15	12	6	3	11	13	20
9	13	16	12	2	14	9	6	13	5	3	7	8	1	12	20	8	14	18	9
12	7	10	4	8	16	20	13	10	19	5	13	11	3	2	11	18	4	10	4
5	5	6	16	7	8	10	20	1	18	14	14	10	3	4	13	12	18	20	14
5	10	8	7	10	2	8	15	11	18	12	18	10	16	18	20	13	15	20	1
10	2	5	10	1	3	5	8	1	17	5	16	8	14	6	14	10	9	11	1
15	18	4	10	4	5	4	19	3	11	18	4	15	17	14	16	9	18	18	4
12	7	4	6	18	7	2	5	11	17	3	8	15	13	7	4	1	18	6	8
8	13	12	8	16	3	19	16	15	16	4	11	20	1	15	17	15	17	2	19
19	4	4	17	20	4	8	6	12	6	17	11	5	17	14	15	19	6	5	2
6	5	4	1	20	18	5	7	15	8	19	8	11	8	1	8	1	11	3	11
7	12	18	13	8	11	6	17	3	4	13	18	15	17	1	17	13	5	9	6
10	3	19	18	10	17	12	7	19	2	3	14	13	15	11	6	3	9	16	5
12	10	4	10	20	7	10	17	8	7	9	3	5	9	9	13	15	12	5	5
8	6	4	16	20	17	3	8	13	12	2	15	3	18	18	20	20	3	17	14
5	17	5	14	13	17	8	13	5	17	19	19	10	8	20	4	15	15	13	11
4	18	16	5	7	7	6	5	20	2	8	3	2	8	3	7	7	16	8	13
2	10	9	10	18	9	12	16	1	4	7	7	14	8	2	16	16	18	8	7
17	6	4	4	1	6	8	14	6	18	2	9	19	17	15	4	3	10	10	15
13	2	12	10	12	16	19	16	10	20	5	17	12	14	7	11	13	2	5	5
11	8	18	14	7	19	7	4	3	16	8	13	15	5	6	10	3	2	13	1
15	10	5	15	4	8	14	4	5	16	6	14	20	10	16	10	10	2	6	5
13	6	4	9	9	2	13	9	9	18	2	20	14	2	2	4	3	11	15	12
19	6	6	15	4	11	9	8	15	16	7	3	16	4	8	20	5	19	3	11
20	18	14	20	15	1	19	8	11	18	3	15	7	14	1	2	8	12	5	2
5	5	8	7	9	2	13	6	10	15	1	11	18	11	13	7	18	12	3	16
13	10	14	18	5	3	17	15	13	4	4	13	5	18	19	2	18	13	12	18
19	5	16	7	13	4	11	9	11	8	15	5	5	9	19	10	12	4	12	20
6	14	15	12	4	6	14	4	5	14	12	19	8	7	12	13	12	19	18	14
12	19	19	5	7	14	15	4	17	6	2	18	7	13	15	20	9	17	9	15
13	2	18	15	18	18	10	14	5	13	10	17	10	3	20	2	19	10	14	20
15	6	2	11	7	10	2	4	20	7	7	17	13	18	13	15	1	9	16	19
19	4	17	20	2	17	11	9	6	15	18	14	14	7	4	7	7	3	3	2
16	14	4	13	1	20	8	1	5	1	3	1	16	14	5	9	6	16	19	4
6	15	2	11	13	8	3	10	17	18	9	19	9	4	12	1	1	5	8	16
15	20	12	19	9	3	17	11	17	13	14	12	4	19	4	17	13	4	4	9
3	14	2	5	20	11	12	19	15	10	12	9	19	12	7	6	17	15	18	7
6	3	8	19	18	11	1	20	9	8	3	13	11	9	5	10	20	10	5	7
7	12	11	4	14	4	13	19	19	9	15	8	16	10	20	12	14	1	15	7
4	15	13	13	15	11	5	1	15	14	16	17	2	7	16	4	10	2	4	16
15	6	19	14	18	14	5	2	18	12	11	6	19	9	4	5	5	2	2	1
2	1	20	8	18	17	1	12	11	4	7	13	11	13	2	6	1	7	2	12
1	1	7	14	17	5	1	18	6	13	6	13	14	20	11	9	17	3	18	20
2	19	13	2	1	16	3	13	20	5	20	20	11	6	15	1	2	7	4	13
9	17	10	15	10	6	1	9	15	17	3	4	20	9	17	20	10	15	10	5
11	2	9	18	10	5	4	11	11	9	5	20	14	3	8	19	20	11	19	11
14	12	8	5	15	20	1	14	4	2	2	12	10	7	2	11	8	2	10	11
13	19	11	13	10	6	18	2	4	9	12	7	2	11	20	2	6	4	7	18
9	17	7	10	16	15	10	5	5	1	12	20	3	16	3	15	13	5	1	3
6	1	3	7	12	5	19	5	9	10	1	10	12	17	6	8	14	19	14	10
3	16	6	14	10	15	10	15	19	18	18	8	11	13	10	9	20	20	4	19
5	20	9	5	9	3	10	19	2	3	8	9	1	9	9	8	12	16	14	8
9	12	14	16	10	11	4	14	5	17	11	9	3	13	11	7	20	6	3	18
5	9	5	11	5	15	19	10	13	1	9	11	12	16	7	20	18	5	13	15
12	17	15	18	1	2	7	15	6	8	7	17	20	8	18	13	10	17	3	19
18	19	11	19	15	19	19	16	5	14	1	13	12	10	18	1	17	6	2	6
18	19	9	18	3	12	19	3	5	19	6	12	12	14	5	18	3	17	2	4
6	14	17	5	6	11	10	20	10	18	17	15	9	4	2	1	5	3	1	19
10	18	5	13	1	8	10	2	15	11	16	13	6	13	7	12	7	17	20	13
3	10	9	9	2	12	9	7	2	9	11	4	8	2	5	11	14	19	16	10
4	4	3	19	17	16	16	17	8	11	19	20	4	10	15	18	9	3	9	16
2	13	9	18	2	4	15	11	6	10	17	8	20	4	7	9	1	17	19	7
3	17	20	20	5	20	10	18	1	19	8	5	9	4	8	4	10	7	9	11
10	6	12	12	8	14	16	4	20	20	4	11	10	1	5	1	2	11	13	2
18	13	3	13	18	12	10	3	13	8	19	1	3	5	1	11	4	15	7	6
13	3	6	19	16	11	18	7	20	3	8	5	4	2	8	18	16	18	16	5
19	10	2	18	17	13	8	3	14	9	6	5	1	7	1	7	15	6	12	15
18	12	3	16	2	10	13	2	13	5	9	2	6	11	1	8	5	12	8	3
10	2	13	17	13	18	19	9	15	7	18	2	13	7	3	14	17	12	20	17
11	7	2	5	19	16	4	11	2	12	12	4	4	13	19	19	7	10	17	19
3	20	12	17	18	8	4	9	5	4	10	17	18	8	10	2	2	15	14	17
8	13	17	3	1	15	7	12	19	13	20	19	17	9	20	18	8	20	20	19
2	19	2	1	11	14	7	2	8	19	18	19	12	8	6	13	13	2	16	20
15	15	15	7	19	20	8	15	20	7	2	14	14	6	3	8	9	7	5	20
4	14	16	8	15	20	3	9	20	10	12	15	15	6	18	3	1	17	15	18
20	19	3	5	16	17	8	17	16	15	15	12	6	13	1	17	3	2	9	7
8	16	3	3	15	8	9	3	1	7	2	1	8	15	19	1	5	7	19	5
18	4	4	3	18	2	15	16	11	13	1	12	7	20	15	6	12	1	7	13
12	3	20	14	13	10	4	15	9	15	15	2	16	8	11	16	7	13	12	4
11	19	20	20	9	6	11	19	1	5	4	13	20	9	16	19	18	2	6	2
18	8	15	10	15	14	3	8	10	14	11	14	13	4	9	12	2	6	4	16
5	10	5	5	20	15	1	8	8	13	15	11	18	16	18	14	13	14	7	4
11	15	15	10	10	15	6	17	18	16	5	1	14	11	12	1	13	8	2	11
10	1	2	18	16	6	7	11	14	9	1	1	8	15	7	3	8	9	1	18
11	8	13	8	5	15	16	1	3	11	18	20	9	17	2	2	8	8	1	8
3	8	2	20	2	19	5	8	8	12	17	3	6	11	18	6	3	20	20	6
9	14	8	1	16	18	1	10	9	9	8	6	18	15	17	2	19	12	6	14
15	1	1	5	3	15	9	17	18	19	4	1	12	1	2	7	4	5	18	20
19	3	6	16	6	9	2	12	1	12	9	20	14	8	8	18	2	17	1	16
16	16	18	4	5	14	2	10	19	6	6	8	17	8	14	2	10	9	20	4
2	1	14	11	7	5	12	8	8	4	19	10	12	10	9	16	20	16	11	16
19	7	4	1	13	5	18	11	15	9	14	8	18	2	20	4	7	18	7	9
20	7	4	2	8	7	2	19	17	2	4	1	3	16	16	5	11	2	15	11
15	10	6	2	9	7	2	8	18	5	8	7	15	20	16	16	20	4	12	16
12	9	12	4	13	17	2	11	13	14	3	8	1	8	16	17	18	17	4	7
9	13	3	16	10	4	2	7	4	19	12	1	10	9	13	4	9	4	14	19
20	16	9	6	7	14	15	16	11	8	19	7	17	20	10	2	16	8	9	8
20	4	11	6	9	14	20	17	10	13	1	2	7	11	2	14	17	20	10	10
12	13	6	18	1	20	2	15	6	11	18	18	14	6	17	20	2	14	15	15
5	5	8	15	3	12	8	17	2	20	9	18	3	12	16	9	13	7	5	6
12	15	10	4	16	2	19	8	11	16	14	6	18	13	20	19	6	19	18	15
4	1	18	20	19	9	14	18	6	19	5	12	8	10	19	11	17	19	10	9
5	15	17	18	5	1	5	3	19	7	5	16	2	16	14	17	10	13	2	9
15	4	3	20	10	19	13	8	12	14	19	12	12	7	3	8	5	10	10	20
4	17	16	15	5	2	12	2	12	13	2	3	10	7	18	14	10	12	16	7
14	20	9	16	12	17	6	15	18	8	8	4	15	9	17	16	2	19	19	7
12	20	16	5	8	15	3	15	9	6	11	11	20	10	19	15	2	1	7	19
12	8	1	16	10	5	19	10	14	4	12	8	12	13	9	14	15	3	19	10
17	5	8	7	15	6	15	4	3	17	12	19	15	18	17	18	7	8	3	11
16	6	5	7	14	2	4	14	17	2	3	6	16	6	14	6	18	15	7	15
1	20	4	15	18	2	11	15	7	12	7	20	12	13	3	15	9	14	19	10
20	18	6	20	13	3	6	7	18	14	9	17	13	16	9	6	4	18	1	9
15	5	6	9	6	6	15	19	13	9	15	8	5	19	3	16	15	10	18	2
15	5	17	6	16	16	8	11	13	8	9	5	9	15	19	3	4	9	10	3
6	20	16	10	4	7	6	19	12	8	12	17	5	18	17	13	19	2	6	13
15	11	15	6	8	4	16	6	15	5	18	7	14	9	6	12	12	8	11	1
7	20	11	17	17	20	13	4	14	2	8	12	9	10	17	10	8	10	5	12
11	5	2	8	19	3	15	8	5	14	9	5	20	9	3	16	6	13	4	7
16	6	18	18	19	2	19	18	16	6	6	12	3	7	6	8	9	4	9	8
14	18	5	14	20	2	6	14	1	4	7	15	4	7	7	12	7	18	10	3
20	7	6	4	2	20	4	12	2	17	11	13	11	18	13	19	18	16	15	19
10	15	13	14	16	3	4	19	19	1	18	13	5	11	6	4	11	11	6	4
6	7	16	14	10	4	17	7	12	18	3	4	3	12	1	7	2	19	17	3
7	6	17	19	17	5	1	12	10	14	13	7	16	5	1	15	14	9	8	11
9	5	12	3	20	10	19	14	16	16	10	9	4	8	5	20	20	15	4	7
17	3	19	16	1	18	18	9	19	17	6	1	5	16	20	16	5	5	12	12
17	7	12	3	13	12	5	2	18	6	18	11	14	3	19	16	2	17	20	20
11	20	9	15	14	16	19	11	3	17	10	1	12	17	2	14	20	3	20	2
15	17	9	7	2	3	2	17	6	5	4	11	20	1	14	15	17	12	1	12
1	6	13	5	16	15	14	3	18	6	16	17	17	9	16	12	12	2	20	4
14	20	3	15	9	14	15	15	8	17	17	1	9	9	3	19	5	4	14	20
18	9	3	9	13	19	12	9	1	11	14	15	9	19	5	4	19	8	16	8
15	18	7	19	9	20	15	8	3	15	4	10	11	13	1	8	14	5	8	11
1	4	7	6	1	13	3	16	3	20	17	19	17	5	5	2	15	15	20	12
16	7	12	2	1	14	20	10	5	10	4	5	10	1	1	14	3	18	14	18
4	14	6	11	9	12	1	8	3	11	11	3	4	20	10	15	16	3	8	4
12	17	1	8	17	16	13	9	18	1	2	20	15	4	6	18	4	16	13	20
20	10	2	17	12	14	18	17	17	5	17	14	14	14	4	6	5	4	8	2
5	4	18	10	13	9	4	15	8	12	9	9	11	4	7	5	5	4	4	7
9	1	4	5	18	14	9	19	10	11	19	10	20	11	8	14	19	11	6	10
14	10	15	18	15	11	1	6	3	12	14	7	5	16	1	6	19	11	19	10
5	4	19	5	14	6	3	7	17	9	18	12	2	16	14	10	4	20	15	4
14	7	9	14	18	8	12	6	20	1	4	1	4	1	2	19	14	14	4	20
6	4	7	5	5	19	20	3	19	7	17	7	14	13	8	15	16	20	6	6
7	15	6	14	18	4	9	20	20	1	20	19	4	4	19	14	18	18	14	17
19	5	10	2	9	1	1	14	12	15	15	5	16	13	20	7	6	16	2	12
10	6	4	11	11	19	4	18	15	19	9	7	16	6	20	16	16	13	12	2
1	4	5	18	8	7	4	3	18	7	9	2	19	17	16	12	19	7	7	3
4	1	3	4	19	17	1	11	14	12	8	2	9	1	8	4	9	19	4	18
4	1	2	9	16	7	16	19	9	20	12	19	11	10	17	3	5	8	5	1
10	11	14	10	6	10	8	1	13	11	19	4	19	1	15	4	20	9	3	14
8	1	15	12	17	13	16	3	5	16	15	7	4	16	14	8	9	11	5	19
5	9	14	17	6	12	10	5	6	5	20	20	17	10	6	3	4	15	12	12
16	18	15	1	2	1	9	11	16	14	7	2	1	8	1	1	12	12	5	9
10	7	10	14	7	14	2	17	8	14	2	15	14	3	1	6	4	12	14	12
7	12	7	5	5	4	12	10	10	3	8	8	11	12	18	2	1	15	3	9
20	15	7	4	16	4	6	15	11	11	11	14	16	16	6	10	14	6	2	8
8	3	9	19	6	3	8	9	8	10	18	9	2	11	18	8	3	6	20	1
16	19	15	8	17	10	20	10	20	16	4	8	19	5	1	6	13	9	14	11
2	10	19	1	16	12	5	15	16	19	14	7	2	6	15	16	3	13	9	15
11	12	13	2	5	20	18	20	6	9	2	1	4	7	11	19	12	3	10	19
1	8	13	19	17	12	15	1	15	11	14	9	7	20	17	20	9	8	17	18
4	15	8	12	20	3	12	16	7	18	20	15	20	15	13	15	9	8	11	15
20	20	15	19	19	11	12	11	20	1	10	12	1	16	12	4	8	4	4	9
2	19	6	18	15	10	20	17	13	16	11	15	15	9	19	8	7	16	20	12
1	14	12	14	18	7	18	9	3	11	7	7	18	1	20	6	14	18	19	20
12	6	15	2	14	13	5	9	13	4	5	16	1	11	2	13	7	14	6	2
6	8	14	19	16	12	20	13	11	12	6	16	7	7	20	15	10	18	6	15
1	20	17	7	14	12	15	19	9	19	1	8	10	1	8	10	9	2	3	6
4	5	12	12	18	5	4	6	15	6	20	10	15	15	3	12	14	12	2	14
20	1	14	13	8	12	19	3	19	5	19	20	12	17	20	14	20	19	7	11
8	19	18	20	19	16	1	11	7	18	3	16	13	20	11	2	4	14	19	5
15	15	12	2	1	14	3	15	2	6	2	3	8	17	8	11	15	3	9	6
4	20	9	10	5	20	17	2	9	12	6	3	7	12	9	2	17	6	17	19
2	3	11	7	19	2	15	4	10	2	18	9	12	16	14	19	2	2	7	19
5	10	10	20	17	11	15	7	5	19	19	10	18	14	6	19	20	16	6	9
10	16	20	7	20	7	17	3	8	13	9	13	13	10	1	6	5	20	17	11
12	7	3	1	9	16	20	5	2	2	12	20	8	11	8	20	2	3	16	11
14	18	8	13	6	16	4	3	5	18	15	3	12	2	9	3	6	6	5	11
4	10	6	17	6	20	9	15	7	2	1	14	1	20	3	6	6	12	18	6
10	3	15	1	8	1	9	1	6	19	11	15	11	19	9	16	13	7	10	8
2	10	8	13	8	19	1	15	1	8	20	17	8	13	9	8	11	18	5	11
17	5	13	10	16	7	14	13	4	3	18	1	6	3	5	3	13	3	11	10
6	17	14	2	13	16	20	19	9	11	9	20	20	19	13	12	10	9	11	4
19	12	8	12	17	8	14	8	4	16	13	2	7	8	8	15	13	15	17	4
15	17	7	16	16	11	10	18	7	3	8	1	9	2	2	18	12	2	16	10
14	17	8	1	7	16	6	4	5	10	12	8	4	20	15	8	5	3	4	11
11	15	3	17	19	15	14	2	5	19	15	3	20	10	7	12	18	12	8	8
14	2	17	3	1	4	3	11	14	5	15	20	20	7	7	10	10	6	15	9
14	12	18	9	12	5	15	3	11	15	14	12	9	11	20	19	5	20	13	2
4	10	7	15	10	20	18	17	5	8	12	13	6	7	12	13	13	3	1	19
11	4	12	8	1	8	7	13	15	12	6	17	15	11	1	6	15	3	15	19
15	12	4	12	19	4	9	15	17	9	11	16	15	8	5	20	13	13	5	14
19	20	12	3	3	7	14	6	11	5	17	2	13	13	3	12	18	19	9	13
15	16	18	5	20	2	1	14	18	19	10	8	6	7	12	14	12	8	2	4
9	10	3	19	12	18	2	18	12	4	2	4	7	15	8	3	3	12	16	7
3	5	7	6	16	2	16	4	19	1	11	15	5	6	20	9	4	4	17	14
11	17	16	12	2	13	16	12	10	3	14	17	12	6	1	18	1	7	16	6
8	17	7	19	19	18	12	18	20	18	8	10	6	10	2	18	14	11	14	9
13	11	2	10	5	20	7	12	15	7	1	16	16	10	2	2	16	3	5	2
16	4	4	19	2	7	8	18	15	8	18	17	1	20	2	2	11	14	17	11
11	3	3	8	20	13	1	15	13	4	11	18	7	13	12	16	4	8	5	20
10	17	17	9	3	10	10	12	17	20	3	10	15	12	8	18	17	18	9	9
16	13	10	15	7	11	17	7	14	8	18	11	11	13	8	10	20	13	12	7
1	3	13	7	18	14	8	10	6	3	5	15	18	9	14	4	13	8	3	2
9	14	20	4	2	15	8	5	4	15	4	10	1	3	9	3	17	1	20	18
3	7	17	20	9	15	7	17	4	14	12	4	19	8	7	8	8	9	7	2
1	19	6	17	14	15	4	9	14	16	17	2	6	11	17	12	4	7	14	14
3	12	18	12	13	6	7	6	1	14	8	2	14	19	11	16	7	4	16	9
2	19	20	19	17	2	13	7	8	14	2	3	5	7	16	6	16	10	6	7
3	12	16	2	6	17	10	16	5	3	9	12	3	15	10	6	8	3	15	3
12	20	14	3	9	7	9	6	16	6	9	3	8	18	4	19	11	14	13	3
10	19	17	17	4	18	4	3	13	4	11	3	19	9	12	5	17	12	7	7
17	19	8	10	11	13	12	7	1	5	11	6	8	18	8	7	2	15	4	3
18	18	13	5	3	1	17	14	16	9	1	14	11	13	17	9	8	2	19	3
11	6	7	11	9	10	7	17	10	18	10	15	8	17	9	5	20	15	14	19
11	3	14	1	6	1	6	11	15	2	15	10	13	3	16	20	19	15	20	1
8	2	9	15	6	1	12	6	7	4	11	19	11	2	9	12	9	17	14	20
20	3	6	5	1	9	14	5	2	18	7	14	10	17	11	18	8	13	14	10
10	19	18	1	10	11	7	9	15	2	14	12	14	10	7	11	17	16	2	17
18	9	14	9	9	1	7	18	15	1	20	13	20	3	10	7	2	10	15	20
13	3	1	8	14	4	13	9	17	10	4	4	11	4	15	2	14	3	15	16
9	9	2	15	11	15	6	7	17	20	17	5	5	12	18	8	9	9	4	5
6	9	6	17	18	12	9	12	5	20	18	9	7	3	4	13	13	9	19	4
7	3	19	16	5	18	6	13	4	1	11	12	7	2	12	11	6	4	9	1
5	2	6	8	2	17	10	18	10	2	10	20	14	6	11	4	12	17	5	7
10	4	14	15	7	1	18	9	13	5	2	5	19	15	16	18	4	13	4	8
9	3	15	10	8	8	5	10	12	4	5	12	1	14	8	14	16	17	8	1
1	1	11	3	7	11	1	5	13	20	4	12	11	18	5	16	12	9	14	5
12	16	17	2	14	13	4	14	8	17	5	13	10	3	5	13	17	12	15	16
15	5	5	2	6	19	11	8	3	8	5	15	17	16	12	14	15	15	10	19
15	13	10	13	10	14	9	5	18	5	10	1	13	20	14	11	12	6	18	15
10	16	18	3	8	2	18	6	12	11	6	3	15	16	3	15	17	14	2	3
3	17	9	2	10	13	15	7	19	13	1	12	1	6	7	19	4	12	18	14
17	8	2	1	2	11	13	1	18	10	1	2	10	3	6	14	3	6	6	11
14	6	6	11	17	20	1	17	20	7	13	10	8	9	18	10	13	14	18	8
14	18	18	5	4	20	18	5	2	12	18	9	20	5	17	2	2	10	1	5
3	10	7	8	2	9	3	7	19	14	6	9	6	17	1	16	8	2	12	1
7	5	12	15	20	7	20	12	8	20	10	8	11	4	3	3	11	19	11	10
6	13	6	10	15	6	6	9	6	7	1	14	2	4	8	20	8	3	13	12
19	9	14	16	8	17	20	7	15	5	20	9	12	1	16	6	14	3	14	14
11	19	9	17	5	15	7	16	13	13	8	14	2	12	14	12	3	16	19	6
18	1	19	7	14	7	7	18	19	12	1	18	10	7	1	4	3	14	9	12
12	4	16	19	11	20	6	7	18	11	6	19	2	13	19	17	1	17	10	6
12	13	8	11	9	17	1	19	19	15	17	8	10	3	15	9	1	15	17	5
14	16	14	7	9	7	5	19	8	15	17	8	7	9	3	9	11	13	5	4
17	3	12	8	11	13	19	6	12	1	9	2	9	5	5	13	18	11	2	14
16	7	11	20	8	15	6	1	14	20	11	1	6	2	20	4	15	13	17	2
12	6	2	9	20	16	17	15	6	16	11	4	8	20	15	3	1	17	7	14
2	16	4	14	4	11	3	14	13	11	16	2	1	8	2	15	13	5	8	14
19	4	12	11	17	18	15	5	17	20	11	6	14	9	12	18	7	13	13	9
20	15	7	3	14	15	9	5	14	16	20	9	3	15	5	1	2	2	7	15
1	4	13	5	7	15	4	12	6	14	5	20	20	4	9	13	2	5	9	12
11	6	10	8	12	19	10	17	16	7	13	9	10	2	14	13	9	15	2	4
7	20	6	10	15	2	5	13	17	14	12	1	17	11	10	17	17	5	18	18
1	8	20	4	2	7	11	10	8	18	6	14	17	13	3	5	10	15	10	1
1	3	4	15	8	7	8	2	4	12	14	19	8	20	14	9	6	5	19	9
17	11	19	17	18	15	10	11	1	18	10	11	10	7	3	12	15	15	15	14
11	7	1	18	4	7	9	10	14	15	19	14	7	5	1	8	19	4	4	4
11	13	7	12	10	4	14	7	2	11	18	6	18	2	5	9	12	9	16	11
11	8	10	20	10	2	16	19	12	3	3	15	12	1	14	11	4	5	12	18
3	17	3	9	9	19	1	7	11	1	8	13	15	11	12	12	16	1	9	17
13	16	6	7	17	12	15	10	2	6	12	8	1	12	9	17	12	2	4	12
15	12	8	9	3	2	5	1	9	16	3	11	1	18	16	2	17	6	16	8
18	17	9	7	13	2	18	16	9	3	15	17	6	6	19	1	2	2	12	1
14	7	15	13	19	13	13	16	3	16	5	13	20	2	2	6	5	11	7	18
16	17	1	13	1	3	11	14	12	1	17	19	10	19	8	11	13	15	11	6
15	15	1	6	14	9	8	15	4	4	17	3	17	7	12	5	1	19	5	14
2	15	14	19	13	2	2	8	11	4	16	18	17	11	19	11	17	1	1	16
2	11	2	6	19	5	7	6	3	4	3	16	13	11	1	7	18	2	9	20
13	4	11	14	15	18	10	13	9	5	18	20	14	12	11	12	15	11	1	3
18	11	20	15	8	17	6	20	18	10	10	17	17	11	8	4	8	20	1	20
14	3	18	5	12	13	12	10	9	7	5	3	16	8	12	6	15	7	5	5
2	17	11	17	15	11	2	15	10	10	13	1	13	6	18	12	6	4	7	19
12	14	18	4	3	2	17	17	11	16	9	10	2	9	18	12	19	12	4	20
9	20	16	3	14	4	17	19	13	4	19	16	14	17	18	15	3	2	12	19
17	3	2	16	6	4	15	10	3	11	1	3	13	15	12	6	20	2	7	13
19	11	19	4	15	3	13	16	15	14	10	17	12	13	14	7	15	6	3	8
2	1	20	6	13	6	7	5	18	13	7	14	7	8	2	16	11	15	15	12
11	1	20	9	14	1	16	6	11	17	1	2	1	12	16	9	13	13	4	14
18	13	9	4	6	16	13	8	14	15	9	7	16	4	7	19	14	4	18	16
15	11	18	5	17	1	20	2	14	11	5	7	2	5	2	2	13	9	11	4
9	1	11	7	6	20	5	5	16	3	17	5	12	9	14	16	3	8	3	19
7	19	16	14	13	12	16	13	16	17	12	19	19	15	9	11	17	14	5	6
15	6	4	16	18	6	5	2	8	15	14	19	13	12	7	18	14	7	14	9
8	11	16	8	16	14	1	17	6	20	11	20	18	12	6	19	5	8	1	20
7	10	12	14	7	11	13	1	6	14	9	14	10	19	8	3	17	18	3	18
10	16	17	14	1	14	19	8	20	14	18	19	5	16	15	11	20	13	17	5
6	18	3	19	19	17	8	5	11	18	1	3	1	18	2	13	16	19	11	12
5	6	14	8	15	19	16	16	20	20	18	17	18	14	1	5	18	1	3	6
6	8	15	8	16	8	9	2	2	16	20	20	15	5	10	9	2	2	8	3
2	2	5	15	18	1	3	18	19	2	2	3	19	10	2	10	4	15	10	17
2	3	19	18	3	14	8	17	14	15	4	9	10	14	7	19	5	11	10	2
5	8	12	1	6	14	14	19	3	16	8	4	18	1	5	18	11	17	7	1
16	8	8	19	6	12	5	9	8	9	2	20	19	5	5	3	12	4	16	18
13	18	13	5	10	10	5	4	3	6	19	6	5	10	1	1	4	1	6	8
8	6	4	8	6	7	9	16	20	1	20	4	3	19	5	20	13	17	17	15
11	6	17	2	20	9	3	17	17	19	7	19	4	18	11	1	10	4	17	20
6	6	9	12	13	18	17	11	8	1	8	6	14	10	9	17	3	11	3	14
20	15	14	17	2	19	6	18	16	1	18	11	19	15	10	6	14	8	18	8
17	17	13	8	13	10	11	16	12	5	19	14	15	1	4	6	10	8	4	10
16	10	17	4	17	7	3	8	6	2	10	19	20	5	12	1	9	13	19	9
19	18	16	11	17	6	20	4	4	18	17	19	17	2	4	4	20	9	7	4
20	16	9	16	18	19	11	6	20	3	17	20	2	14	4	19	5	20	3	4
17	12	6	3	20	19	7	7	18	10	8	13	15	10	2	20	16	15	5	3
20	7	8	2	20	19	15	5	6	15	16	8	11	10	10	19	13	3	4	13
4	3	17	2	16	7	3	11	5	20	9	1	13	14	7	3	17	15	15	7
17	8	7	12	2	19	14	14	5	13	16	20	11	14	2	5	4	16	15	15
17	18	2	11	3	6	12	1	1	19	20	12	17	12	11	17	17	13	2	8
16	17	16	15	7	12	7	20	9	11	3	7	11	13	19	17	16	8	9	2
11	3	20	19	9	14	2	8	5	15	2	10	11	14	9	19	5	7	8	13
14	16	3	14	10	6	4	1	10	3	10	7	15	4	9	16	10	18	16	10
7	12	3	8	9	13	12	17	20	14	9	9	13	20	3	7	12	16	6	20
9	11	3	12	5	15	16	13	1	15	18	8	20	14	3	16	5	1	14	2
8	3	7	2	13	16	7	14	1	19	16	7	10	17	14	17	10	5	4	19
16	4	8	15	19	4	2	3	7	2	8	2	15	14	14	15	14	2	11	18
11	4	5	14	13	18	20	19	15	2	19	15	8	3	2	16	19	17	17	16
15	11	12	16	13	7	17	3	11	8	2	18	2	18	1	12	16	7	11	7
15	2	14	14	4	2	19	12	7	18	3	15	3	1	17	3	18	14	6	3
9	13	14	5	7	3	19	9	5	19	1	14	6	16	1	16	13	10	8	1
8	17	16	2	9	9	8	13	2	13	3	4	3	17	11	16	4	8	10	16
17	8	18	14	13	13	18	1	8	17	10	3	8	12	14	8	8	7	9	9
4	6	7	18	14	5	4	7	4	13	2	13	2	8	19	6	9	1	2	10
3	7	11	2	4	8	2	3	20	12	2	5	4	5	17	10	5	18	9	17
16	7	14	4	8	3	1	17	4	18	12	18	4	15	10	3	11	1	5	9
1	2	8	7	7	19	2	18	14	9	18	19	8	18	9	11	5	7	2	14
8	13	19	13	1	17	2	16	19	16	6	15	2	10	18	11	14	5	3	18
15	20	13	17	12	2	9	7	1	7	19	18	1	19	15	9	8	10	9	1
6	9	11	13	8	17	17	18	10	20	5	3	17	19	6	9	1	4	12	17
2	2	4	3	6	2	19	9	6	11	18	14	9	20	19	11	13	16	7	17
5	13	3	8	1	18	4	9	19	18	1	18	9	6	7	8	1	10	9	16
2	7	7	16	18	15	7	16	9	12	1	9	5	8	6	5	12	2	12	13
20	9	10	4	17	1	16	3	9	5	7	17	6	15	15	19	4	1	14	14
16	2	9	1	18	18	9	3	3	12	4	9	13	9	11	11	8	13	11	2
6	19	14	19	17	4	2	20	20	19	13	20	2	3	9	12	9	15	20	1
12	18	14	17	12	2	19	7	3	18	4	6	10	11	1	10	5	13	12	10
5	18	17	9	15	1	12	10	3	11	16	6	12	20	19	19	10	7	8	8
8	18	1	17	13	17	13	8	20	16	9	4	9	14	9	3	4	5	3	8
18	9	4	9	11	14	17	3	16	12	7	2	18	11	12	20	17	4	13	7
6	4	1	10	2	11	16	10	17	2	11	10	1	1	19	5	16	4	12	15
8	6	15	3	10	18	19	18	18	7	11	19	15	13	12	16	1	16	14	13
20	18	5	8	1	13	6	2	11	10	13	1	3	5	12	14	12	20	11	10
16	2	12	18	12	18	8	5	10	2	20	7	9	13	4	3	3	1	19	13
1	4	15	12	9	7	3	7	9	2	13	7	6	10	19	7	2	10	20	5
13	11	5	12	2	12	2	9	2	15	8	20	8	16	1	4	1	6	3	7
19	19	7	13	17	2	11	20	4	9	19	17	18	15	1	15	12	16	8	6
18	7	16	19	2	9	4	6	6	11	5	19	4	10	13	18	18	13	15	11
4	5	18	4	20	12	13	19	19	10	7	10	17	16	13	1	10	12	20	10
5	3	6	5	19	5	9	20	11	6	15	8	19	16	20	14	12	7	2	6
16	6	20	1	4	8	18	10	10	10	16	18	15	19	15	20	16	11	4	9
10	9	4	18	7	13	10	5	8	10	9	14	7	20	16	13	17	9	8	7
20	7	1	12	12	5	13	16	17	20	13	5	19	6	2	12	1	15	5	9
5	16	5	12	12	20	1	5	5	12	13	11	14	5	6	18	7	4	9	1
20	1	13	10	2	17	13	10	12	2	16	14	12	18	19	18	5	19	8	13
4	10	20	6	15	8	1	11	1	8	17	3	14	9	19	17	3	4	2	12
15	10	3	4	15	7	10	14	10	6	15	14	11	19	14	8	15	12	14	7
13	10	5	20	9	3	17	2	16	18	2	18	20	12	9	5	9	18	18	14
9	15	5	5	14	13	6	14	12	11	18	7	18	6	4	14	8	7	18	11
5	10	10	7	19	5	20	3	15	9	13	7	19	5	5	16	16	19	18	18
18	19	18	11	17	17	10	4	15	5	8	17	2	15	3	2	13	14	13	14
14	3	10	9	18	7	3	14	2	1	8	2	4	10	1	19	20	15	2	16
2	6	9	7	16	5	2	10	11	6	10	16	3	9	19	13	19	15	13	16
20	3	19	6	17	5	2	6	19	4	9	6	19	15	12	3	9	16	4	9
6	15	13	4	3	8	7	2	8	4	14	5	16	7	11	15	9	15	13	14
5	8	4	15	8	15	11	13	5	1	16	3	19	7	18	4	12	1	19	17
11	5	20	18	12	1	12	6	7	20	15	19	10	15	20	6	10	16	9	14
8	15	12	5	3	17	19	16	14	19	9	9	12	1	4	8	7	4	6	11
13	5	20	16	14	10	10	13	3	4	20	20	2	19	12	13	15	16	11	13
13	19	3	3	2	15	18	6	2	10	17	3	5	8	14	10	20	18	7	12
4	6	12	4	10	4	15	18	2	15	2	14	1	14	13	10	10	15	20	19
2	20	1	15	20	13	2	5	18	10	7	9	18	20	13	4	1	2	15	5
8	6	13	5	2	18	17	3	1	9	19	15	11	2	2	19	14	8	7	2
3	3	2	4	9	5	8	14	7	12	16	9	19	16	15	16	13	13	18	2
8	2	7	10	7	14	7	2	2	17	3	14	19	11	15	1	7	16	3	15


2	2	1	1	2	1	1	2	2	2	1	1	2	1	1	2	2	1	2	1
1	1	2	5	5	3	5	5	3	1	2	1	1	2	5	1	1	3	3	2