500	6	20

1	1.3	1.55	1.75	2.1
4	6.76	9.61	12.25	17.64

31	82	85	26	57	61	68	72	2	42	74	10	93	64	28	10	33	68	77	95
69	26	5	15	31	85	65	69	47	99	53	70	3	57	45	99	97	58	36	12
23	35	24	50	71	26	66	17	8	2	62	29	34	24	74	69	29	71	49	10
5	41	89	3	25	83	46	68	21	30	13	21	44	20	89	34	32	87	63	29
21	46	97	69	70	65	19	5	55	74	95	11	27	48	64	10	36	20	69	78
41	22	33	82	75	17	31	34	20	57	19	49	82	95	86	71	5	48	67	79
71	53	74	56	51	46	59	66	22	18	88	15	92	24	42	21	13	71	76	47
61	70	76	74	40	49	52	20	40	58	44	32	98	29	27	83	11	62	31	95
73	22	7	51	72	96	10	83	61	49	51	53	63	60	81	79	55	36	56	90
75	65	97	2	19	84	67	26	20	47	96	36	44	95	17	47	23	32	39	89
87	1	15	83	32	1	25	67	44	26	31	98	68	75	18	66	49	27	52	42
55	27	88	49	84	60	62	92	9	57	86	72	30	17	26	60	88	22	49	69
98	61	87	25	98	14	94	64	93	70	62	20	46	48	11	19	17	93	73	65
47	89	85	5	71	17	29	58	30	87	23	57	57	18	4	90	57	3	46	97
32	56	13	5	50	38	28	21	58	7	57	39	19	40	41	92	12	1	94	14
6	75	12	65	92	3	23	19	65	29	9	89	65	31	95	11	81	44	50	32
11	76	21	15	43	62	9	10	88	63	51	35	90	92	26	95	35	91	15	59
48	77	68	67	4	32	71	92	59	52	46	46	9	9	73	59	62	46	19	82
56	9	73	1	35	50	91	2	5	16	36	57	24	20	91	83	24	72	26	97
47	65	25	72	11	25	46	33	68	11	70	9	89	95	57	84	37	72	33	16
5	12	28	82	31	92	68	81	10	96	77	11	61	37	24	93	34	30	33	33
77	63	80	78	75	28	47	2	6	89	95	42	96	45	3	9	23	9	27	84
83	18	33	30	1	17	98	90	76	30	17	30	28	74	51	37	18	39	75	80
2	80	87	25	39	81	80	39	4	71	84	23	12	4	84	77	64	30	31	45
27	81	26	43	90	36	9	29	55	34	32	83	77	8	91	89	50	40	99	23
45	46	30	97	92	5	71	85	63	71	77	76	21	45	22	39	27	15	76	85
76	83	51	58	8	70	22	79	49	28	51	4	21	75	13	84	6	8	40	51
39	76	82	88	36	66	36	3	99	92	25	28	69	98	3	29	32	81	57	98
15	60	17	7	92	24	49	7	87	69	40	64	40	20	73	85	22	24	36	69
94	1	29	37	42	72	24	61	42	65	42	4	47	30	77	24	68	18	46	95
68	53	82	6	96	57	33	99	58	25	86	59	60	53	31	90	53	75	19	96
45	3	3	98	60	31	39	68	22	66	22	15	39	15	56	95	23	6	46	61
40	82	70	46	52	76	55	38	31	47	81	83	77	96	83	38	23	43	76	92
71	69	94	70	9	29	83	38	6	64	2	55	48	24	17	94	14	28	33	75
79	97	64	47	49	24	80	49	33	49	19	69	91	93	51	51	7	96	49	97
86	79	67	90	85	97	88	49	27	44	5	88	41	1	58	11	5	8	52	85
99	18	72	90	43	90	64	33	28	36	17	8	74	39	57	89	68	12	5	43
47	29	9	27	47	56	18	79	6	83	6	30	49	43	42	22	22	58	61	9
21	19	43	57	51	10	2	48	2	78	29	91	81	34	94	18	80	36	10	42
98	21	5	4	24	96	25	80	70	32	60	92	39	11	69	87	84	8	40	86
67	93	17	51	97	12	99	37	63	83	82	51	93	26	25	11	93	18	80	93
26	73	98	48	93	82	45	5	91	7	44	56	25	60	52	74	29	23	51	89
28	80	47	28	46	96	96	69	19	40	61	6	94	58	1	6	68	98	76	77
4	99	18	17	17	19	89	63	79	74	25	55	37	27	47	38	49	84	69	42
14	25	1	19	54	83	50	64	6	28	38	50	24	81	56	18	13	45	10	65
90	84	28	1	29	62	37	15	79	23	31	84	93	41	70	20	74	44	52	53
14	95	45	29	51	6	85	30	13	6	74	60	95	34	78	12	40	1	16	90
87	41	58	50	14	31	95	99	88	61	7	25	77	79	99	79	67	44	16	85
11	89	76	52	70	80	44	65	79	17	80	59	36	40	80	97	32	65	81	78
67	99	24	61	16	30	5	71	86	73	57	55	31	48	40	7	65	41	82	23
86	6	88	45	53	1	56	72	61	66	4	75	29	76	47	31	58	84	81	60
18	55	48	24	8	75	44	83	42	43	52	27	33	71	79	86	91	95	74	79
61	56	73	82	66	98	17	77	27	70	15	72	95	17	11	82	81	17	79	6
68	46	43	54	47	29	71	88	74	41	70	77	65	92	48	91	70	7	4	81
53	86	74	61	75	94	50	80	33	44	91	84	14	66	56	2	51	7	85	30
12	53	47	61	19	34	65	21	44	44	82	9	93	24	35	4	28	82	30	33
28	40	26	55	28	85	1	60	61	79	95	75	14	48	9	77	22	58	36	48
80	37	21	37	61	28	24	80	93	21	27	44	10	80	81	35	18	65	32	61
31	9	41	42	16	13	29	73	37	90	45	98	94	61	18	26	6	38	62	81
92	73	19	96	44	12	1	63	80	96	59	52	24	78	71	72	59	32	43	15
7	46	25	46	43	38	86	6	93	14	43	68	25	10	53	51	59	40	51	3
73	81	19	62	39	37	53	81	52	80	43	17	41	25	93	66	26	29	55	2
35	76	20	64	57	68	94	22	94	34	60	90	24	54	73	29	36	13	13	27
9	99	34	9	42	50	44	51	35	9	81	80	1	99	94	41	34	11	69	58
63	25	32	22	97	17	7	27	83	85	76	49	14	42	45	18	12	43	70	50
52	20	94	70	68	96	58	1	75	18	93	54	65	86	28	67	23	79	5	22
90	69	49	16	60	21	62	48	28	71	86	82	52	96	90	45	90	14	42	34
99	42	6	47	76	42	87	93	45	57	34	94	4	26	80	76	29	52	42	34
18	68	14	11	37	93	6	94	1	82	22	58	67	70	63	17	20	23	16	78
71	30	42	22	18	22	84	52	24	68	92	8	65	23	18	87	18	88	49	96
19	3	83	12	59	8	74	98	26	10	76	79	83	87	78	82	61	58	76	35
86	79	12	22	89	22	87	22	94	82	71	33	83	96	56	2	55	87	61	93
97	54	16	82	98	95	98	81	30	16	19	73	21	77	90	67	44	23	3	36
40	82	74	19	62	56	24	88	11	35	94	16	49	84	30	56	27	3	27	90
29	73	68	41	15	71	83	1	99	93	48	99	1	63	54	49	32	44	43	18
2	98	65	17	29	64	56	28	33	60	18	98	69	71	72	26	65	78	91	60
6	39	36	80	17	9	42	45	29	9	33	61	62	61	77	25	51	42	41	96
82	10	44	51	23	86	60	50	90	71	22	75	61	47	51	1	88	3	81	76
94	5	27	59	63	9	12	23	28	8	52	64	55	36	42	61	7	16	85	57
22	7	31	73	3	61	29	83	10	72	9	94	27	44	95	49	15	94	89	73
72	6	49	57	49	15	46	68	18	77	77	54	33	87	8	34	28	55	96	3
39	40	43	11	34	39	77	31	17	32	65	51	9	67	20	63	71	63	91	76
33	64	58	86	12	69	89	84	6	53	2	17	15	92	67	88	71	81	79	77
97	65	11	52	12	19	36	2	96	81	75	5	38	89	39	10	48	24	91	59
95	9	26	39	51	82	15	91	73	35	89	70	68	96	75	70	74	75	45	24
99	66	81	94	17	68	29	52	21	12	56	64	67	15	46	98	96	69	79	1
72	16	16	8	13	58	37	12	27	70	68	53	42	73	47	70	89	42	40	19
35	30	17	60	28	51	26	35	62	76	59	58	67	16	62	67	90	24	75	53
83	13	90	11	26	45	77	28	40	69	31	9	85	93	18	19	70	65	15	99
12	8	75	60	90	23	88	97	28	70	3	72	69	34	13	72	26	94	71	47
3	12	85	31	4	76	8	76	33	17	37	12	32	89	67	2	82	50	6	26
62	29	59	59	45	4	86	25	15	63	18	61	98	16	56	23	65	19	30	76
48	95	56	70	88	63	91	83	86	37	94	38	7	18	90	83	4	42	40	71
80	66	73	51	4	59	12	85	22	45	50	90	10	59	47	24	47	63	5	71
4	77	29	94	15	90	94	39	98	2	87	15	84	7	92	64	32	61	6	17
60	62	55	80	81	24	74	13	38	36	81	6	23	23	48	84	22	72	84	4
20	15	36	50	8	53	48	46	62	62	94	76	44	53	14	92	36	11	6	65
40	36	4	39	29	76	50	30	83	40	49	91	6	67	81	16	47	92	94	38
98	69	22	37	73	69	78	87	33	43	57	69	5	10	93	8	5	17	39	92
62	34	26	29	65	22	98	11	66	34	98	23	38	81	33	82	36	62	41	2
34	70	28	32	69	44	24	69	23	55	41	21	40	36	88	75	18	81	35	1
42	22	96	16	44	18	8	65	39	43	68	73	87	30	72	56	96	87	87	6
55	49	32	67	79	89	10	32	44	63	54	28	57	92	6	32	70	70	26	72
72	82	48	31	59	23	46	15	70	30	65	14	3	83	12	30	57	12	95	67
5	7	99	71	96	64	47	62	36	3	64	18	64	17	14	6	42	33	65	77
59	40	79	85	82	66	12	59	20	82	2	51	28	11	5	37	15	7	6	2
14	73	35	20	8	66	73	46	37	61	85	64	52	58	41	34	89	69	15	30
27	39	71	87	53	75	76	24	74	20	51	24	3	35	62	82	91	84	48	46
77	43	44	8	10	45	49	22	41	82	27	80	34	72	53	10	11	55	53	64
31	87	13	29	19	59	46	22	83	3	52	5	63	12	6	2	3	12	24	9
7	46	17	2	16	42	84	86	47	31	75	73	74	93	75	5	11	32	89	83
94	22	40	29	17	28	66	73	2	27	95	81	99	91	83	1	46	12	10	51
52	98	7	8	45	96	33	90	49	86	8	67	97	53	25	96	1	25	72	28
23	27	69	71	79	48	83	40	22	54	65	57	90	82	65	21	7	7	4	28
26	51	4	60	15	17	16	21	69	90	38	43	67	37	6	15	70	53	30	29
74	59	4	51	77	27	9	41	26	23	13	70	44	35	59	96	66	65	35	94
77	56	14	44	52	8	47	13	98	40	3	80	72	23	60	90	61	73	90	93
84	81	58	6	89	26	70	77	35	56	10	59	84	96	18	53	15	17	87	35
40	94	43	12	81	39	3	22	80	23	83	70	93	56	37	82	61	45	56	40
8	90	6	94	59	79	1	47	43	50	36	79	53	76	83	76	86	3	35	58
59	19	38	48	40	16	50	90	82	6	15	98	17	16	4	81	65	19	8	14
45	65	22	25	20	51	33	68	57	13	75	61	8	21	17	37	79	97	47	47
30	54	55	74	52	10	19	57	96	85	67	74	34	34	23	57	83	90	90	34
12	46	71	84	15	91	43	86	97	13	75	42	29	56	88	87	91	16	72	28
84	57	25	90	63	48	91	65	80	16	36	75	80	19	9	82	52	67	82	20
8	88	29	86	25	98	19	88	6	7	63	61	61	46	27	20	84	59	52	23
95	50	18	74	75	19	98	75	69	77	63	98	59	50	87	13	47	23	86	5
6	74	95	54	92	83	50	96	64	7	82	24	73	16	47	51	94	97	47	66
65	50	10	41	48	61	53	12	36	99	47	71	21	4	4	54	29	50	36	95
79	91	36	41	82	65	74	59	86	55	3	31	61	70	82	41	82	4	93	30
14	50	72	87	50	29	80	63	4	26	63	8	13	98	61	47	59	49	8	2
88	64	67	60	56	80	83	87	67	74	7	32	18	71	3	74	29	90	25	30
3	23	86	83	44	51	9	51	97	58	85	10	61	24	9	91	69	90	34	58
78	36	15	98	54	56	27	76	28	21	47	55	9	99	82	58	42	86	71	11
43	76	51	34	38	22	69	50	34	35	25	64	50	97	29	72	74	45	10	68
93	73	71	47	62	69	36	61	63	54	93	17	24	62	47	31	22	51	18	83
70	15	18	62	14	18	16	6	68	58	35	4	39	65	51	67	45	9	76	43
38	75	15	61	64	78	91	49	40	86	98	32	84	47	82	38	76	30	26	89
27	53	80	79	1	84	22	77	90	66	35	6	49	93	10	74	92	26	90	15
53	29	26	87	14	34	74	41	70	5	50	30	69	2	19	76	85	87	76	28
54	3	52	36	1	82	38	24	88	80	44	1	2	10	27	5	33	68	91	75
16	62	78	69	26	20	92	91	69	30	43	25	46	71	45	46	40	10	88	23
74	23	47	8	21	40	5	36	27	8	23	71	44	66	47	99	76	36	27	63
91	22	64	23	61	4	52	94	9	2	57	97	78	61	32	93	15	78	8	48
80	4	66	91	70	49	4	80	33	32	90	51	37	42	9	57	48	1	82	3
77	43	70	51	5	11	78	3	43	30	95	35	88	13	92	19	74	59	29	88
53	28	52	84	4	27	56	54	93	98	8	40	63	74	66	35	36	41	75	27
69	33	19	89	91	88	82	63	65	6	36	37	33	31	20	16	75	96	84	43
78	29	3	87	76	85	31	64	36	89	40	88	97	53	70	17	43	13	1	75
80	85	85	81	81	84	10	76	62	93	94	48	96	46	75	76	37	30	66	75
61	38	11	69	31	2	79	3	47	23	55	78	16	4	91	8	34	88	9	27
48	33	79	25	18	59	23	65	79	78	19	29	11	62	22	22	23	72	6	47
18	76	53	68	59	82	95	56	46	63	22	70	32	16	62	85	94	54	53	80
20	83	89	18	54	21	5	14	73	9	44	65	98	30	15	27	56	88	77	86
71	42	35	79	19	16	81	43	22	82	86	93	1	42	75	53	29	20	80	3
48	86	75	68	71	33	81	49	38	12	65	26	46	85	51	15	88	62	20	70
11	50	81	4	48	82	3	18	31	85	64	57	52	27	8	30	93	43	29	38
50	23	41	87	87	77	21	76	36	48	29	67	7	77	23	98	43	65	63	12
39	19	37	28	33	55	34	12	14	45	69	34	65	52	22	57	76	23	76	87
90	41	29	79	20	76	7	15	21	78	33	93	69	42	51	89	71	57	71	43
9	1	83	46	74	94	33	9	66	68	38	86	46	75	19	91	98	47	27	96
1	87	78	51	13	92	13	68	22	70	11	71	69	91	84	43	70	74	21	80
45	60	11	65	2	33	99	63	76	69	85	84	71	71	40	33	32	27	45	46
95	84	24	5	97	98	62	24	2	81	42	53	23	31	40	91	31	96	45	25
99	95	48	45	82	49	81	13	57	20	49	6	95	14	37	11	27	62	61	16
88	83	77	49	73	54	12	65	70	73	55	52	64	61	36	31	58	48	27	64
49	75	88	53	50	28	99	35	67	94	37	88	61	17	22	82	62	45	49	99
96	27	30	74	72	3	38	9	11	24	86	59	11	42	70	12	99	68	19	78
20	73	42	85	74	69	88	70	1	77	7	20	60	68	52	84	61	37	12	34
83	78	33	79	68	39	42	86	88	93	29	46	39	90	95	87	18	57	60	73
7	87	64	85	9	15	93	63	2	40	17	6	99	38	30	38	10	33	50	10
3	22	80	64	9	71	48	59	26	94	29	49	46	65	34	99	41	21	2	25
58	38	39	76	37	27	74	21	42	78	34	57	59	5	92	17	89	39	74	68
69	76	46	75	45	43	48	51	9	15	1	73	90	59	21	34	31	91	4	99
98	67	12	56	53	88	33	20	98	64	17	18	84	52	8	57	40	12	89	38
76	70	18	67	93	74	94	93	80	52	80	80	84	28	71	80	37	85	32	23
93	75	98	44	90	49	39	57	4	64	18	99	56	74	60	71	57	3	31	32
13	68	39	56	66	75	5	77	92	51	2	96	2	74	27	10	1	38	70	57
7	3	19	40	2	80	31	43	84	91	16	30	18	49	79	89	28	27	76	73
11	12	49	53	43	32	52	43	16	34	76	74	17	90	86	32	88	22	35	84
92	66	51	33	21	47	49	51	53	23	65	41	9	20	79	33	12	65	68	11
56	22	1	56	22	56	76	20	3	84	45	15	66	81	95	56	61	94	33	33
64	62	73	24	75	17	33	57	25	28	87	5	4	58	63	19	91	97	31	81
86	34	75	71	43	4	50	31	32	72	39	11	22	72	91	70	49	50	20	76
76	73	60	72	15	50	91	16	30	52	66	21	76	46	43	84	34	5	67	90
65	65	48	93	64	27	71	43	7	53	87	41	84	75	33	20	70	92	95	54
92	72	95	77	57	62	43	40	70	60	93	22	35	65	1	27	62	54	2	27
67	54	86	7	40	8	74	1	8	96	75	11	82	55	79	7	5	9	73	63
99	85	15	27	33	20	16	34	82	46	16	91	89	96	58	75	4	97	75	41
52	6	45	91	75	12	36	98	94	85	94	46	43	54	68	72	77	89	99	12
16	44	72	52	62	95	31	11	48	99	46	54	38	20	62	45	18	88	62	58
75	82	50	78	68	18	60	38	39	29	6	4	86	41	29	11	43	40	4	97
23	18	29	89	51	12	28	54	98	33	47	96	74	31	40	63	1	37	90	16
22	45	71	77	75	12	1	75	58	56	88	70	65	33	92	38	10	2	86	24
73	53	53	35	39	71	40	51	86	80	39	10	63	39	49	52	38	24	9	76
1	66	46	85	90	7	2	57	76	48	27	1	28	53	57	23	27	30	72	36
28	60	55	67	87	35	59	4	31	75	78	26	85	61	17	2	30	64	38	17
64	3	49	31	32	20	47	13	31	79	10	11	20	36	90	92	81	85	17	76
51	3	74	52	76	56	90	25	82	80	40	72	22	49	88	99	13	43	53	87
17	17	36	18	53	36	57	75	39	6	22	15	50	10	47	81	47	5	91	91
93	33	87	1	77	33	14	39	61	75	78	16	79	40	50	57	41	23	45	54
58	37	65	75	66	79	16	49	66	95	3	38	52	46	45	3	79	8	13	21
44	45	5	75	75	68	53	73	39	93	10	87	96	38	7	42	76	98	67	54
84	89	21	25	85	17	3	95	85	42	31	92	13	46	21	6	31	47	66	40
28	31	83	29	10	23	90	9	88	8	2	65	53	65	73	52	43	35	98	4
9	96	31	36	30	7	26	33	95	61	29	70	67	41	34	89	6	44	18	41
75	15	45	6	5	64	84	61	11	67	87	63	96	79	44	83	93	16	75	59
38	28	95	88	2	18	84	25	75	40	75	17	10	82	90	35	12	41	24	4
43	56	29	64	97	85	57	4	87	51	45	61	32	18	25	76	61	52	49	28
52	22	65	65	81	96	93	42	15	26	38	35	17	5	80	75	96	55	86	12
17	51	27	90	63	23	92	47	19	77	39	24	36	39	90	44	20	43	86	50
24	60	31	58	15	88	33	89	41	86	62	33	54	51	53	42	82	95	75	77
78	34	74	95	57	51	65	24	98	41	81	24	20	25	21	15	10	22	65	19
12	66	15	8	25	85	23	36	49	5	76	71	35	18	96	97	94	83	96	15
31	58	4	95	34	49	55	10	98	17	57	63	92	21	86	70	53	64	65	12
56	55	84	64	80	10	72	55	49	79	10	29	84	72	68	53	30	50	81	72
34	1	76	56	68	21	62	26	17	79	18	78	97	22	19	70	28	91	74	74
88	93	53	40	36	11	43	47	63	97	13	7	93	64	35	53	30	17	59	85
73	11	13	72	7	29	54	19	52	91	10	51	99	84	46	82	16	39	75	24
4	87	91	50	74	29	34	73	96	74	51	64	35	29	12	35	37	66	85	79
13	18	80	52	15	77	45	28	82	99	98	73	8	90	77	81	52	32	36	11
84	20	83	93	57	97	6	46	16	26	3	45	30	50	61	15	19	30	36	67
72	90	71	46	5	68	49	33	41	46	72	10	95	6	85	83	64	4	69	28
62	60	16	80	90	88	96	98	86	97	21	27	28	73	39	17	95	62	90	95
38	14	20	89	81	77	91	85	71	97	32	67	46	72	29	82	29	53	73	31
50	65	48	42	73	21	7	42	5	10	44	21	66	52	66	17	83	34	53	20
41	39	4	27	34	73	92	90	66	90	39	17	46	77	8	69	1	11	2	22
77	13	51	82	2	28	78	7	91	78	80	98	55	35	47	98	85	91	3	49
61	16	15	19	44	30	95	35	28	79	13	83	56	66	7	37	92	39	35	81
81	20	96	68	59	40	77	50	12	90	80	68	83	93	44	41	70	34	5	5
68	76	25	50	21	27	90	21	5	98	56	7	85	90	13	28	72	24	87	90
33	43	10	34	42	56	78	51	15	96	2	57	92	30	8	37	70	95	35	28
98	72	42	38	89	73	20	69	29	78	38	73	83	89	37	63	79	71	2	53
87	39	12	92	81	84	88	30	27	99	70	62	14	2	42	94	49	46	50	26
63	1	66	67	25	64	43	24	44	92	34	49	35	26	94	75	65	9	76	68
54	97	29	26	34	54	94	54	8	58	37	42	18	43	18	28	47	16	98	14
76	72	6	89	60	99	33	92	85	45	56	47	85	33	29	47	39	83	15	88
25	32	29	2	80	59	23	78	18	85	19	38	46	98	58	4	28	77	42	93
36	5	86	23	74	71	81	28	56	54	97	28	11	5	67	23	40	45	49	66
67	33	84	16	38	30	94	26	22	39	53	85	22	42	18	26	95	52	49	73
2	32	38	42	2	34	12	7	69	44	73	23	48	81	12	81	77	33	15	17
38	12	44	11	28	28	4	43	39	99	92	50	60	3	61	30	53	60	9	86
48	4	69	44	22	4	49	54	41	97	3	5	58	52	11	25	36	91	13	97
7	80	11	98	41	56	60	22	85	94	15	69	68	73	95	19	71	91	35	8
36	98	44	38	47	88	88	59	14	10	93	51	17	78	63	26	10	57	84	44
1	59	19	73	87	17	93	96	56	79	37	64	5	19	68	69	23	97	22	39
16	53	91	17	40	99	44	90	96	37	51	35	46	92	64	99	86	1	76	3
54	94	63	48	19	68	78	18	68	21	90	84	49	74	64	59	58	7	66	13
58	24	84	62	24	48	53	86	49	45	36	24	52	31	3	51	43	61	3	20
41	33	4	80	89	21	96	36	21	37	28	64	59	89	95	80	8	99	35	36
16	33	80	24	36	44	41	51	74	44	5	1	12	70	46	49	60	65	53	78
72	95	18	40	7	1	41	14	47	12	90	71	64	65	35	22	10	73	25	18
74	84	10	3	92	50	61	84	18	16	39	60	3	79	62	38	59	87	10	4
21	44	93	29	39	19	66	54	16	36	16	92	29	51	12	86	72	29	75	27
34	48	23	29	43	19	27	91	18	98	39	38	10	62	93	12	55	72	88	81
11	16	17	87	75	41	55	82	40	73	38	84	11	4	6	62	60	45	92	97
63	47	45	22	92	52	82	40	38	58	39	60	94	52	67	61	83	62	20	12
77	60	9	29	91	24	37	27	28	84	23	27	54	62	2	43	8	74	38	66
97	37	2	80	69	37	31	35	68	12	79	23	71	98	91	81	33	68	34	32
27	53	28	52	9	13	71	88	11	23	51	1	44	97	83	52	32	92	16	99
55	78	9	66	36	47	86	14	31	96	33	96	84	12	56	28	29	30	30	94
37	28	92	83	87	40	26	1	74	51	31	10	84	43	20	69	14	80	87	3
73	16	19	90	25	28	92	40	99	49	25	49	8	85	64	36	8	24	89	63
50	48	69	22	15	44	51	62	27	67	34	60	89	38	33	39	6	14	15	9
71	93	64	97	5	51	91	57	74	46	52	51	96	16	27	75	30	76	19	12
54	67	41	95	37	56	47	31	48	40	50	31	97	68	81	1	37	25	4	22
27	23	64	36	91	39	78	42	4	36	17	76	69	87	79	58	77	34	50	46
50	60	10	1	14	88	76	68	5	60	13	54	18	52	1	50	94	12	87	30
96	70	7	78	76	27	24	9	57	80	79	34	63	50	46	50	50	43	41	72
22	55	8	69	51	19	7	63	30	89	94	44	77	39	15	35	62	31	26	88
41	77	51	97	80	15	98	14	9	21	16	8	75	24	30	51	46	20	30	22
26	28	64	89	6	90	36	58	44	46	87	34	91	36	83	44	25	22	13	81
88	28	79	86	2	82	67	83	92	69	73	49	22	58	78	90	12	10	26	55
81	2	20	43	67	91	36	23	7	94	47	87	19	20	13	28	76	20	43	46
5	17	55	76	10	53	57	69	18	13	23	25	75	10	11	52	50	79	20	85
42	83	34	13	23	48	97	63	60	97	46	89	32	87	27	17	20	6	12	16
20	34	51	53	13	74	19	84	98	39	10	3	67	38	83	17	33	76	97	52
68	86	41	41	67	67	33	6	75	71	51	78	54	22	32	28	3	85	13	33
82	30	75	94	62	93	45	13	61	11	7	83	51	14	78	11	85	9	72	49
81	87	26	21	18	15	85	20	66	65	51	53	37	68	51	30	27	81	39	92
47	2	83	83	99	79	19	37	64	37	67	26	7	30	91	64	84	40	88	40
17	65	45	10	63	45	99	3	73	68	11	38	53	3	17	20	89	51	11	78
51	16	94	50	69	46	58	40	44	35	6	51	76	68	14	59	48	44	17	85
45	52	78	75	61	59	26	22	18	20	94	18	67	88	47	85	39	99	95	39
59	32	52	51	47	25	11	15	77	77	36	91	34	59	62	87	67	12	25	36
16	8	71	80	42	43	74	8	52	28	12	93	28	7	99	47	97	65	42	70
2	16	14	56	69	41	62	40	83	95	44	33	18	46	47	11	6	4	35	68
21	10	30	59	23	67	67	69	82	4	13	57	17	25	15	30	81	76	45	82
28	8	80	68	70	16	3	57	90	9	38	27	57	22	73	42	15	71	91	66
38	59	51	24	21	8	20	5	1	22	33	78	11	38	59	22	14	33	3	85
77	79	99	31	18	26	92	35	98	18	50	85	5	85	61	50	51	39	40	99
13	54	79	62	41	25	29	81	47	4	93	65	16	48	5	81	82	61	20	88
65	91	65	6	44	10	98	49	7	96	39	44	62	95	92	38	97	28	20	56
47	79	85	27	84	6	21	31	66	72	68	19	49	12	3	70	73	73	20	21
4	19	50	80	45	3	15	77	77	67	30	81	59	98	74	7	16	79	19	11
56	78	10	95	50	24	48	83	59	45	54	50	90	81	51	79	4	95	93	33
67	39	69	33	11	72	3	63	45	91	78	80	51	67	32	52	64	36	59	59
28	45	66	4	82	18	92	47	60	81	32	47	21	75	55	29	43	69	67	74
4	90	72	47	56	1	47	52	36	21	78	91	30	88	67	72	84	91	53	30
63	22	1	79	41	12	64	9	74	29	53	16	37	45	88	51	88	69	73	15
41	19	63	34	1	46	25	89	67	28	60	68	14	60	62	10	90	80	62	53
72	58	96	38	55	17	62	68	97	21	14	96	48	12	24	69	13	13	36	33
24	78	15	25	35	59	69	42	43	63	32	51	29	47	80	9	43	21	23	36
48	51	27	8	68	9	87	58	81	85	21	74	50	72	30	69	30	42	27	31
82	17	35	91	72	99	18	70	95	69	2	98	92	91	40	9	39	72	44	40
15	50	65	83	33	78	60	84	58	10	31	88	71	5	95	16	31	70	73	11
63	31	58	80	31	11	16	20	55	88	6	61	23	28	42	52	48	96	48	5
86	4	41	53	34	91	36	81	3	15	10	92	1	86	87	35	26	54	49	68
42	62	18	23	16	37	2	40	95	78	23	20	21	78	70	93	94	67	38	23
39	39	29	14	75	6	49	21	28	4	19	85	69	80	60	68	30	82	46	39
92	21	74	50	95	55	34	14	95	4	88	67	14	54	7	93	71	70	65	78
50	42	14	32	44	80	13	62	16	66	48	14	28	84	58	26	78	1	80	68
30	46	94	52	61	93	42	80	78	31	13	86	77	83	94	37	42	58	55	15
48	76	99	17	96	47	46	75	23	60	41	52	87	86	37	42	54	78	55	40
49	44	44	99	81	51	78	36	97	57	29	51	72	13	81	57	17	63	83	46
13	12	13	13	85	68	92	16	17	89	16	47	26	91	40	76	34	11	55	10
62	96	54	9	58	31	55	38	24	95	71	11	6	16	14	98	37	44	29	23
98	52	32	9	60	73	85	83	4	81	49	14	68	41	69	9	47	81	76	67
34	57	7	81	56	45	92	14	38	36	12	10	55	18	63	87	41	48	49	28
24	67	86	67	4	62	44	63	32	33	10	56	48	55	46	76	46	5	98	92
39	6	68	20	72	50	91	4	72	90	50	71	45	12	19	14	32	17	40	86
38	2	60	95	65	74	56	14	72	93	37	48	17	11	25	17	96	92	87	13
73	67	25	41	51	13	59	43	72	42	71	86	57	91	14	4	57	70	18	65
4	96	58	67	46	37	70	99	47	56	97	27	76	61	20	97	39	34	34	71
78	95	90	34	95	3	64	48	66	71	33	22	76	67	22	58	86	30	91	16
67	89	96	90	88	93	42	42	42	40	8	28	3	20	9	17	78	51	5	23
46	76	61	11	98	40	75	69	62	75	74	65	81	75	66	99	59	84	15	7
81	44	18	11	66	20	72	1	32	44	12	92	82	91	66	25	18	58	77	32
51	40	85	43	87	31	44	25	44	32	66	75	71	10	68	6	45	41	58	97
18	28	22	5	70	4	49	41	19	34	60	97	30	50	3	90	59	83	76	91
12	77	16	6	1	59	4	13	92	56	45	24	56	50	40	67	52	82	48	75
28	91	54	9	21	56	31	54	67	15	37	35	83	25	52	51	25	27	96	25
10	77	72	19	38	83	15	38	14	67	77	31	64	83	57	28	89	44	67	41
43	83	82	98	63	38	66	41	13	48	99	73	57	7	13	50	4	53	94	56
50	97	99	35	44	38	55	1	92	16	23	80	9	66	35	72	22	32	74	7
82	59	33	10	57	70	68	19	36	26	24	82	52	60	12	37	59	45	60	6
20	37	48	5	74	28	23	10	74	24	59	94	68	92	94	37	28	44	98	86
44	93	79	5	45	30	85	7	15	77	39	30	29	2	21	40	41	54	31	27
50	60	73	57	13	25	52	3	36	79	69	23	94	10	75	51	94	44	31	5
40	63	20	26	99	19	20	87	65	63	91	98	39	21	73	44	30	42	76	51
59	42	11	2	64	94	87	24	90	37	44	99	80	2	83	13	8	25	15	36
23	45	98	56	3	16	15	58	91	42	79	34	16	32	43	95	15	30	39	33
52	9	9	75	57	77	93	25	58	89	27	68	28	73	66	59	13	36	76	39
66	57	31	54	3	99	7	6	22	92	85	89	75	70	20	86	8	13	57	64
33	27	60	1	92	53	16	57	98	58	15	76	11	32	48	62	3	45	93	79
49	40	57	87	87	90	49	50	76	39	46	58	43	50	34	40	49	48	63	9
71	85	71	95	1	52	40	85	25	80	61	13	53	59	66	41	45	6	20	59
37	34	79	14	14	33	1	47	49	37	36	72	53	27	35	97	26	60	8	67
34	87	82	7	64	31	59	29	99	13	99	29	83	3	34	36	74	83	90	18
50	13	14	92	73	9	22	29	7	92	36	20	92	20	41	37	40	2	94	18
98	48	97	32	77	22	93	74	28	94	9	21	74	10	65	56	48	9	51	32
60	3	29	50	91	77	38	62	88	30	41	71	19	38	90	68	67	4	66	92
2	2	91	82	75	37	59	32	97	54	3	16	84	46	33	47	73	93	68	62
18	55	50	87	14	21	64	43	3	29	61	65	7	31	46	19	81	11	65	24
13	19	57	1	61	63	4	38	67	95	83	93	36	15	2	64	28	59	3	88
90	13	5	14	86	83	2	3	74	74	5	31	12	85	51	26	43	40	25	51
48	16	21	76	55	46	39	4	7	83	52	53	32	28	72	14	70	3	62	90
98	74	79	39	49	58	85	9	51	20	65	83	70	80	72	79	20	92	15	60
57	85	83	9	59	6	31	35	68	86	57	84	17	85	88	92	79	26	31	51
24	73	3	88	25	95	70	15	42	72	16	38	53	77	26	72	14	32	27	30
67	34	45	41	65	10	64	28	76	77	71	12	43	32	61	79	18	46	51	12
91	35	45	31	50	13	54	68	82	71	61	72	70	93	50	90	19	27	86	38
97	60	75	21	64	63	98	35	30	25	90	16	16	42	21	31	97	19	26	95
32	93	1	42	34	72	8	87	76	7	86	26	45	90	54	67	97	56	44	48
13	14	72	39	55	90	21	45	85	93	96	55	54	52	78	23	58	97	24	21
8	2	74	59	77	87	50	21	76	35	17	4	13	56	92	7	69	66	49	56
44	62	51	81	73	64	17	60	80	45	52	11	35	84	34	91	21	6	50	55
40	72	36	99	7	2	48	42	3	73	48	76	96	83	13	99	47	3	53	39
70	9	13	91	21	73	77	72	96	48	15	90	64	87	76	59	59	55	76	13
51	54	90	25	19	17	33	30	57	74	85	56	36	13	57	37	16	99	59	7
82	94	92	82	30	90	29	74	66	13	10	33	13	15	69	64	43	49	51	31
51	13	8	50	91	81	36	94	64	13	43	97	23	29	11	27	83	76	41	78
40	80	71	43	97	54	97	55	31	45	72	43	96	87	27	83	50	97	15	45
74	54	53	76	41	3	63	2	85	19	8	18	44	22	13	16	58	62	95	79
23	67	32	55	12	78	30	13	45	53	90	30	18	16	38	87	14	18	32	46
42	79	42	11	8	46	17	81	81	67	17	69	6	15	97	5	11	63	88	53
1	96	23	56	67	4	92	90	39	81	77	35	24	91	34	11	37	15	82	47
79	71	83	18	88	74	34	49	24	74	7	58	26	46	31	73	21	30	9	84
53	21	92	4	37	77	7	9	70	8	3	96	20	96	8	36	19	57	85	34
92	45	5	37	48	5	96	91	42	29	78	20	60	48	40	65	46	87	94	92
80	6	46	90	87	71	58	65	70	74	99	78	82	68	78	90	56	20	55	17
81	35	89	37	6	42	97	11	30	69	4	54	7	81	96	85	86	70	15	41
65	73	6	80	1	67	16	45	11	88	69	2	35	93	35	16	37	56	93	84
31	72	27	23	6	49	99	56	38	1	59	9	78	38	86	94	8	58	81	40
66	24	60	8	7	89	68	17	97	71	94	84	56	17	25	55	7	36	99	53
61	42	96	86	92	43	31	21	79	37	69	7	35	85	46	69	52	57	9	36
80	29	46	27	86	69	24	19	19	98	83	1	89	34	33	13	28	59	14	77
8	50	80	17	31	88	95	79	16	14	85	8	28	2	66	47	9	17	34	99
45	37	4	74	61	55	55	20	22	20	26	71	89	75	25	4	58	62	81	91
83	9	26	71	47	18	38	60	67	24	4	36	73	31	63	76	66	99	47	75
17	30	35	49	36	32	92	4	90	32	37	64	10	29	82	26	23	82	89	55
59	18	91	45	25	66	86	37	62	59	14	76	5	20	33	72	52	21	55	59
64	11	70	2	81	2	96	44	41	88	36	89	84	18	52	63	10	89	49	6
48	9	40	18	90	91	3	17	40	25	34	68	62	21	66	62	49	11	71	43
15	40	44	54	89	79	30	66	92	27	83	68	22	21	43	60	58	59	3	17
27	85	29	91	11	41	13	72	96	20	86	91	72	71	57	27	97	13	39	75
35	94	63	6	94	76	36	81	10	22	86	16	19	87	64	77	44	91	14	62
25	80	50	88	30	99	4	26	30	87	64	56	91	95	21	97	67	57	35	92
29	89	4	94	80	29	55	68	80	80	80	7	12	83	29	92	77	85	74	67
43	18	29	26	12	2	98	38	1	29	39	60	40	95	30	93	14	3	77	9
29	50	90	21	58	1	66	97	25	32	35	17	17	5	30	61	99	78	54	2
57	84	30	58	64	62	93	94	31	74	98	88	55	28	29	15	47	22	89	66
7	22	54	98	29	15	55	41	63	45	38	88	14	90	38	22	26	9	6	78
14	44	69	40	39	90	89	47	34	1	40	35	5	26	33	5	34	94	25	63
90	89	47	91	54	57	75	77	17	80	75	13	58	19	38	18	99	47	37	28
74	67	54	17	52	30	93	90	2	61	67	70	26	66	69	80	48	83	38	13
51	39	22	66	56	4	34	44	13	90	94	91	5	48	37	77	45	52	65	84
96	26	67	94	11	81	58	22	5	10	3	88	44	79	66	34	46	62	67	59
31	93	52	92	29	75	9	19	27	52	57	9	78	37	10	77	36	83	26	53
54	65	66	47	51	84	35	98	91	85	77	15	89	10	19	80	82	61	37	39
33	72	64	29	91	18	31	18	30	45	12	17	55	48	73	65	47	75	98	9
97	6	39	82	68	17	20	31	97	60	26	57	17	90	89	18	60	7	63	77
96	28	22	63	24	29	70	27	26	5	46	42	6	76	78	53	78	37	81	13
76	54	67	36	59	56	88	31	49	64	59	47	78	39	66	28	98	67	76	16
44	89	82	34	63	43	56	83	43	9	43	15	62	41	37	39	78	40	56	60
87	20	19	72	96	45	4	31	29	49	66	33	86	29	33	32	79	19	4	57
2	10	47	36	95	31	7	43	20	92	94	34	92	43	9	70	84	29	36	5
1	38	49	18	1	77	68	89	41	62	76	67	96	57	6	97	23	78	81	2
53	11	43	13	17	2	56	10	73	42	34	57	90	29	17	32	83	79	23	86
10	60	82	76	95	66	27	61	7	55	59	38	20	48	30	28	69	98	10	87
81	50	89	80	98	66	65	78	4	44	24	64	22	36	50	4	15	60	40	49
54	83	24	51	22	92	14	81	71	41	14	2	36	80	33	32	41	68	66	47
26	14	9	35	84	40	13	94	39	99	32	81	32	10	38	40	56	24	23	81
54	23	70	66	56	46	50	3	1	71	86	2	30	87	34	35	68	74	76	53
43	92	82	14	85	23	76	25	36	90	90	94	85	40	80	41	88	77	52	17
73	37	2	35	96	29	77	63	30	80	41	4	22	45	28	48	96	50	69	52
47	89	43	64	63	39	74	23	34	49	19	84	29	72	88	63	26	62	24	61
17	98	39	31	48	69	37	24	25	57	43	29	87	35	36	7	45	61	91	61
89	80	91	79	70	67	42	55	82	44	97	35	26	99	50	37	11	73	97	61
8	41	9	74	99	58	92	22	22	37	25	39	19	28	37	34	77	64	69	39
10	69	14	40	20	7	33	79	76	31	81	66	68	19	93	38	8	74	50	54
1	53	60	1	14	15	67	18	92	60	66	43	84	11	54	24	85	47	60	32
10	53	33	30	30	65	9	13	75	33	5	2	70	12	12	84	31	24	26	47
62	65	3	50	44	85	71	20	25	19	76	28	75	44	67	69	57	26	71	93
69	21	45	14	99	10	48	80	11	33	81	67	49	90	84	18	10	66	13	16
42	74	77	77	52	46	79	62	79	33	56	4	77	43	83	75	81	61	74	34
72	9	87	87	64	95	8	73	5	67	42	35	29	17	45	23	91	14	34	49
83	53	82	82	81	96	82	55	97	28	12	34	73	75	85	41	42	56	41	98
12	7	48	49	6	11	99	90	92	62	98	88	73	2	89	3	48	82	69	34
53	56	82	40	33	75	16	6	38	85	43	79	4	91	36	42	12	78	46	53
21	26	37	3	65	17	95	30	97	81	75	78	71	32	7	67	43	15	78	54
19	14	32	15	96	87	84	91	50	90	41	67	83	90	46	47	25	20	2	95
1	72	2	83	71	34	11	82	97	11	22	85	49	24	63	38	73	21	90	29
73	26	76	4	33	40	24	66	24	52	85	61	65	25	91	2	84	34	76	70
24	87	71	70	27	61	80	39	63	38	21	4	34	7	41	82	58	33	75	44
14	89	76	9	64	84	76	76	4	35	78	95	5	4	87	37	57	79	66	79
77	23	62	60	72	70	31	71	93	60	39	22	97	72	92	57	41	13	10	22
90	1	76	89	91	96	47	39	54	16	46	68	32	54	59	44	32	43	29	96
8	15	20	61	89	7	47	97	38	2	88	5	32	11	99	53	23	34	21	63
47	69	20	46	80	61	88	7	52	86	96	12	26	30	57	76	89	25	51	98
28	63	83	9	22	44	52	30	61	57	82	17	73	80	53	79	93	33	10	29
16	9	95	79	14	35	75	98	3	69	62	21	25	15	99	91	25	78	51	73
72	51	38	99	13	92	83	55	27	36	8	91	23	21	84	20	64	13	56	44
92	13	26	99	97	67	30	27	6	21	70	38	99	75	37	30	51	21	9	42
85	43	37	18	74	61	85	26	95	19	34	87	3	41	30	55	48	46	20	55
53	50	64	71	93	78	2	43	65	65	81	11	75	48	90	71	23	65	77	30
37	67	28	58	21	90	18	92	54	24	20	56	76	57	40	81	73	56	95	11
49	34	63	83	77	21	8	48	10	34	57	36	42	32	82	9	47	64	45	6
53	44	92	63	19	40	49	45	87	16	55	95	97	86	59	16	34	99	47	10
75	46	94	89	46	36	23	33	27	77	48	41	78	61	87	3	37	46	27	7
43	13	94	88	19	64	53	33	56	11	28	16	45	89	91	27	19	17	14	40
34	36	27	96	77	37	5	39	4	95	93	26	31	92	83	60	73	91	16	14
65	63	76	67	81	93	49	53	14	55	33	52	17	24	54	39	27	24	4	35
35	83	8	51	41	92	29	92	52	25	11	44	74	6	67	41	25	95	99	1
34	21	96	88	66	55	41	68	95	34	5	9	30	1	64	19	16	82	55	36
40	88	74	16	99	80	69	38	22	19	17	20	50	59	43	20	77	19	75	65
74	33	11	93	42	51	54	75	24	69	22	91	56	11	61	39	65	22	35	8
67	44	84	70	34	15	13	37	49	41	52	22	61	5	73	38	93	50	81	74
43	36	87	34	59	12	43	35	7	47	71	43	2	31	39	80	6	10	10	54
74	18	58	75	41	71	58	83	89	14	76	20	34	11	72	85	4	22	94	41
15	63	89	95	47	81	79	53	15	1	87	33	51	30	14	3	50	72	33	92
6	72	31	36	54	86	59	60	94	69	14	44	40	6	14	61	34	89	27	88
50	79	26	5	97	11	48	92	74	37	41	96	17	27	55	16	57	21	25	89
78	56	82	84	3	56	12	89	95	94	88	90	49	62	52	34	69	88	10	60
92	19	48	23	95	34	23	89	82	38	48	29	98	1	36	61	40	7	74	50
64	3	51	27	60	93	85	20	40	43	11	68	28	50	27	20	65	9	51	2
54	99	23	75	40	45	83	31	67	93	79	40	63	36	77	85	33	27	14	24
26	96	27	19	2	22	27	37	42	64	27	19	22	80	10	46	7	38	69	2
65	51	48	45	49	50	81	18	41	56	77	47	79	1	48	62	38	31	55	73
51	97	64	15	59	25	85	59	90	56	59	55	5	16	99	65	3	55	99	87
44	35	29	42	17	24	34	68	77	28	80	36	63	10	93	6	49	1	68	72
74	58	98	19	53	27	8	1	96	10	76	77	67	15	34	14	52	44	54	51
38	75	32	33	77	89	51	37	41	8	2	34	55	60	65	42	18	42	92	72
45	49	27	95	74	85	73	63	25	24	78	4	50	31	86	91	78	6	13	4
94	45	50	58	7	21	96	88	66	22	61	88	91	42	35	67	13	61	11	22
36	32	58	59	7	67	70	60	49	86	49	27	51	89	98	31	82	87	98	67
35	9	98	2	22	98	42	15	60	57	47	91	41	30	8	97	31	49	83	50
80	33	12	27	45	44	46	58	32	14	30	75	35	12	75	86	21	54	89	91
90	8	16	73	33	61	69	71	22	93	36	99	3	87	65	69	18	3	8	79
56	96	47	86	68	73	46	69	25	14	85	40	32	28	12	68	6	9	29	45
52	94	94	5	77	26	51	62	27	90	37	75	68	55	52	3	93	11	68	15
42	92	40	79	90	8	68	18	60	16	60	76	44	6	92	92	16	67	75	62
52	6	79	60	78	8	63	52	71	57	27	55	78	84	29	29	93	26	47	38
71	56	55	77	81	71	45	80	29	41	61	76	70	61	87	79	56	55	91	20
91	80	97	61	58	46	4	83	8	10	75	25	49	83	86	50	3	74	86	32
16	4	76	97	9	10	54	56	59	14	16	52	49	90	22	19	14	85	25	64
14	23	75	52	73	84	15	98	92	14	34	86	94	97	98	29	83	46	16	92
14	22	76	77	44	51	81	39	1	51	17	20	70	89	78	79	47	62	52	42
8	75	45	24	71	82	82	44	47	15	68	43	6	74	53	59	34	80	67	1
89	83	40	79	43	61	56	19	43	98	88	53	81	41	80	37	36	59	65	29

12	17	11	2	14	5	3	20	1	2	19	19	19	17	10	5	1	13	17	3
9	11	4	19	10	20	15	14	17	3	12	12	6	6	5	18	8	5	2	18
13	3	15	16	1	12	9	1	9	18	13	3	10	4	20	6	17	5	5	7
20	15	15	15	14	18	17	19	6	6	14	9	10	5	15	6	1	7	20	1
8	19	9	15	11	4	2	5	13	2	6	3	20	15	8	15	13	6	18	18
5	14	6	4	2	17	18	2	4	17	7	12	7	14	4	11	13	1	11	15
8	1	15	7	16	7	18	17	7	13	16	19	17	15	14	11	7	19	20	9
6	1	20	20	2	3	4	16	9	15	19	14	5	12	14	3	14	18	8	18
1	13	12	7	4	9	15	14	6	8	1	9	16	14	12	15	19	11	14	4
20	10	15	18	11	3	15	10	14	19	8	3	19	10	4	17	12	11	18	6
8	9	1	1	13	17	12	9	5	2	10	6	12	9	13	14	11	4	15	11
2	18	2	20	15	10	17	9	12	3	11	15	15	16	4	18	7	19	4	12
17	4	14	18	15	10	6	3	18	17	17	9	18	20	1	15	19	11	15	7
6	9	15	18	16	12	3	13	5	5	16	16	19	1	17	14	6	2	7	6
6	12	15	7	7	20	13	18	2	8	16	4	3	7	14	11	13	7	15	1
5	14	4	3	3	5	13	20	9	20	10	12	11	15	5	19	9	7	6	17
2	20	8	11	18	10	14	6	6	19	9	5	15	4	17	2	16	1	4	13
7	19	20	8	18	5	9	6	11	13	19	20	8	3	3	10	3	9	2	7
4	14	5	9	10	19	19	18	6	1	2	19	3	14	16	11	1	7	17	5
15	2	5	20	17	9	19	4	7	12	20	20	13	4	17	2	17	18	16	12
19	18	3	9	13	4	11	8	12	15	10	17	2	14	4	10	16	8	13	11
14	17	14	17	3	19	6	15	6	11	11	10	13	11	2	10	2	6	17	7
4	13	17	13	6	13	6	9	4	3	19	5	9	2	16	17	20	4	20	19
12	1	15	10	9	7	9	19	2	3	4	9	14	3	8	20	1	7	13	6
20	13	2	16	16	19	12	13	16	2	12	17	6	1	16	13	9	13	4	4
8	9	16	10	10	3	17	12	4	16	7	10	18	9	6	15	19	7	19	20
16	6	3	5	15	8	13	6	16	18	8	15	20	4	13	5	5	4	3	17
13	16	6	7	5	5	17	14	12	2	16	12	1	11	19	3	7	16	20	19
14	4	18	13	15	13	5	9	14	14	10	3	14	2	15	20	16	13	1	17
5	6	1	9	7	17	6	10	10	4	18	12	20	5	20	2	20	12	10	6
18	7	8	18	10	14	20	9	8	6	17	8	17	3	15	4	9	2	5	16
12	18	16	15	10	19	3	14	7	3	17	4	4	4	7	20	8	19	3	15
7	6	18	5	8	9	2	19	19	13	20	7	8	13	3	20	12	16	18	3
13	19	13	14	20	14	4	17	15	20	13	10	4	5	4	12	18	15	7	10
12	11	17	7	13	1	19	17	5	20	9	18	15	1	4	5	14	14	11	9
9	4	9	14	3	6	15	15	3	20	16	5	12	14	11	3	3	17	10	10
4	15	12	1	9	12	3	8	2	3	2	1	2	7	20	8	10	3	13	14
10	19	11	4	3	6	3	2	7	16	10	7	11	4	11	11	1	14	13	1
10	8	12	12	11	6	4	9	9	10	16	2	14	20	16	18	15	11	18	15
5	7	7	6	5	8	13	10	8	13	18	4	2	7	17	6	9	7	7	12
11	6	15	15	4	16	20	4	18	13	1	7	3	9	12	2	4	10	9	17
17	3	16	5	5	3	14	16	9	2	5	5	7	9	3	2	14	13	7	17
4	2	16	16	6	11	3	13	14	5	12	11	10	10	12	9	16	8	1	6
15	19	13	18	7	13	1	12	16	6	16	10	7	8	15	6	8	17	13	4
4	11	12	1	14	14	9	18	19	6	3	8	10	8	3	18	15	12	14	11
8	11	16	4	12	16	12	14	15	17	9	19	13	2	5	19	18	2	4	18
9	2	18	7	19	4	3	8	4	16	11	4	8	12	1	9	11	2	10	14
13	6	8	14	10	19	15	15	3	11	2	20	2	16	19	5	2	15	18	2
15	6	18	6	12	1	13	17	6	4	16	20	5	2	14	8	15	12	10	12
1	19	20	7	7	1	15	7	1	20	15	11	5	10	8	1	12	19	5	11
20	4	14	14	1	17	8	8	9	7	17	10	10	6	6	14	14	6	17	18
18	16	7	13	17	6	5	9	13	12	7	3	13	4	9	6	17	16	16	18
8	17	10	12	20	8	19	11	1	17	19	17	6	5	5	14	14	17	10	14
14	17	11	7	13	15	7	13	18	16	20	15	16	13	4	9	13	11	6	2
4	8	10	18	3	15	9	7	17	2	16	7	11	10	17	3	8	11	14	1
17	11	2	13	3	18	3	6	8	18	14	3	16	17	16	20	6	14	3	6
2	1	20	1	2	9	8	17	7	20	12	11	16	5	7	2	14	6	17	5
13	2	1	1	10	6	6	4	14	15	6	12	18	5	2	4	15	8	14	15
12	4	7	3	12	16	17	2	2	13	17	6	18	15	11	6	17	9	2	11
17	19	19	11	12	7	6	7	5	9	14	18	1	6	18	17	8	7	4	18
13	2	10	18	17	6	19	19	18	11	3	19	8	11	11	4	19	10	16	1
19	15	12	9	14	18	10	1	11	10	18	13	2	9	1	19	8	19	17	8
20	5	13	13	13	1	16	18	9	8	20	17	2	6	5	16	11	16	11	16
13	16	4	9	10	15	10	6	18	6	12	9	12	9	16	12	13	20	9	5
17	3	8	17	9	10	10	19	10	3	12	3	4	9	9	4	13	11	20	13
6	14	13	7	9	14	2	8	13	17	7	18	7	7	17	14	18	12	13	8
10	14	4	9	11	6	7	4	14	2	14	19	9	6	7	8	18	16	13	8
6	17	19	2	20	19	16	4	5	18	14	17	20	5	5	10	8	6	3	19
6	18	1	6	3	4	9	1	4	9	10	1	6	8	18	14	12	19	11	9
17	11	7	11	14	2	15	4	8	6	16	18	14	6	20	6	19	13	6	5
1	2	7	12	10	14	16	6	3	3	20	14	17	17	1	19	17	10	13	16
5	5	16	9	1	12	8	2	2	16	15	16	9	11	7	11	17	6	4	2
19	10	2	16	19	2	11	8	3	19	4	12	12	17	7	11	2	10	10	8
4	1	15	8	6	18	14	18	7	11	5	2	5	8	8	15	3	3	1	6
4	7	17	20	20	18	19	17	14	10	6	12	15	19	10	12	9	11	10	10
15	13	6	5	11	5	11	17	8	7	12	8	6	19	12	9	6	10	20	5
2	6	11	3	12	1	11	19	3	9	13	11	10	4	14	4	1	1	2	5
12	2	10	7	6	11	18	17	18	13	6	20	1	1	6	7	17	2	12	13
12	20	16	19	11	19	13	11	8	6	14	4	16	15	11	18	16	4	4	4
5	19	3	10	8	7	14	5	18	1	15	18	17	1	19	15	16	5	4	11
20	15	6	14	6	7	17	18	13	3	14	11	10	19	7	14	15	1	1	7
9	16	9	19	17	6	17	10	16	10	8	9	18	8	17	13	15	8	8	14
2	14	16	9	5	2	20	2	1	14	2	3	16	6	13	9	15	11	9	8
4	14	12	12	12	15	18	8	13	4	18	8	7	10	13	14	9	8	4	1
18	12	19	14	20	11	19	5	12	11	14	5	4	13	6	4	11	19	14	18
3	13	11	10	19	4	10	8	8	1	12	15	20	20	5	3	1	4	15	7
1	17	8	14	5	10	3	16	3	16	11	18	20	11	4	14	20	9	4	6
9	18	12	3	16	2	7	8	3	6	17	10	11	8	3	10	9	14	7	15
11	6	16	18	2	11	17	14	4	8	2	6	7	3	4	4	14	14	4	13
4	6	7	11	8	20	2	2	20	11	11	3	18	19	16	8	18	14	6	2
11	9	11	1	4	8	19	17	8	11	8	16	13	17	11	7	18	16	6	11
2	12	17	6	1	5	14	1	3	3	14	13	6	11	10	10	12	14	4	9
13	18	3	20	9	15	1	3	1	10	7	10	9	17	17	10	1	14	10	9
14	8	18	7	10	10	9	8	3	11	6	8	18	13	17	17	9	7	7	20
17	5	19	9	13	9	13	8	11	10	20	11	12	2	17	10	11	5	18	11
1	9	3	15	13	16	8	3	8	6	9	16	8	1	14	10	12	14	6	15
6	18	18	13	5	13	11	12	14	7	3	10	15	19	3	14	6	13	19	3
18	16	7	19	13	12	19	2	2	11	15	10	14	12	11	2	14	1	8	14
19	9	13	10	19	11	3	4	7	17	10	4	18	18	18	1	6	1	15	3
11	12	13	15	17	17	5	19	20	4	9	18	13	1	10	16	11	16	14	13
17	14	13	18	4	14	12	12	16	6	18	2	3	13	7	2	3	7	9	11
13	8	16	11	8	14	15	16	2	10	18	2	19	6	19	16	18	13	10	9
9	19	20	6	14	15	7	20	5	1	7	11	13	13	5	18	19	2	7	14
11	3	9	19	18	14	10	15	12	5	17	11	19	14	8	5	12	3	14	14
5	16	16	16	1	5	8	12	10	15	13	17	5	6	17	7	20	6	14	9
20	2	19	6	1	7	9	10	16	6	13	13	4	14	11	3	11	2	8	3
11	11	1	20	11	2	9	16	14	12	19	9	5	4	19	9	14	18	14	18
2	5	13	14	3	7	3	9	17	8	9	9	9	9	14	15	18	7	12	3
7	18	13	16	13	18	6	11	1	2	4	13	20	18	13	2	15	2	18	11
2	19	10	6	10	11	20	10	14	19	11	2	4	10	1	10	13	2	16	6
5	2	19	2	13	7	16	17	11	14	16	10	16	5	20	11	9	4	14	11
13	14	8	9	8	13	6	20	20	17	4	5	5	5	9	6	9	13	1	13
15	18	11	2	5	5	16	15	9	5	14	14	4	18	18	9	6	10	6	6
4	17	17	19	19	8	1	15	14	19	20	9	9	15	13	2	2	9	13	1
3	1	11	12	12	3	17	10	4	4	19	2	4	17	11	9	7	8	16	8
16	20	5	3	9	16	14	12	20	9	17	6	2	4	18	2	5	11	3	11
14	15	19	20	5	5	6	10	12	10	3	7	4	10	11	6	3	18	19	20
4	10	18	7	4	4	3	19	15	1	6	10	13	16	19	20	3	20	3	13
1	20	16	15	20	5	1	2	2	15	5	17	12	8	17	16	8	12	15	9
3	6	1	20	1	2	13	11	8	8	11	16	14	20	13	3	2	2	6	11
6	14	19	12	14	5	3	20	2	19	6	10	15	17	3	11	3	4	16	20
12	16	7	14	6	8	2	10	7	17	11	1	13	6	9	15	20	13	9	18
9	16	13	5	15	9	2	2	1	3	11	10	6	1	14	1	15	9	20	8
17	18	9	14	1	8	5	9	12	12	19	11	15	10	3	17	16	1	8	19
9	16	7	3	6	4	5	8	9	14	11	2	19	5	11	19	12	16	11	15
19	20	19	6	4	5	1	7	12	7	17	4	10	6	18	7	7	2	18	12
5	1	17	9	12	19	2	5	4	2	19	17	8	13	1	16	16	18	12	16
11	12	18	13	12	16	2	8	5	19	8	3	8	13	7	18	2	12	11	18
15	13	8	19	9	4	14	19	17	5	18	14	12	20	7	1	3	9	5	1
16	14	19	10	18	6	7	18	9	17	3	9	16	17	11	9	7	5	3	18
4	19	14	11	12	1	11	14	9	7	20	2	1	15	18	20	12	13	15	18
9	9	7	2	16	3	2	18	18	5	9	14	18	6	18	8	10	2	17	9
12	5	9	19	4	14	7	14	3	14	1	4	12	20	8	5	13	7	10	11
10	17	1	8	18	18	19	11	14	2	7	1	15	9	4	7	4	4	7	19
14	8	6	14	19	12	12	14	13	12	17	4	1	12	7	4	13	11	3	16
11	1	6	7	10	18	18	6	2	8	5	16	9	20	13	11	12	7	11	14
4	9	18	17	14	9	10	8	15	2	9	13	2	4	8	12	7	14	12	16
4	8	18	6	7	9	3	1	4	18	18	3	16	15	9	12	17	17	16	5
5	4	10	19	19	7	9	6	2	19	19	15	13	8	8	5	6	2	10	2
11	17	7	7	16	18	7	8	4	6	12	2	19	20	14	13	10	2	6	1
6	11	10	11	15	11	4	14	9	12	19	15	15	1	4	2	4	20	2	20
10	7	16	15	7	16	13	12	5	3	17	8	2	18	2	19	7	18	6	3
2	9	8	18	3	2	5	10	6	6	15	15	3	13	3	3	2	10	8	15
4	7	17	11	8	5	20	16	19	17	7	5	9	3	17	14	2	12	12	14
8	16	17	13	12	15	15	16	11	1	17	1	11	7	18	7	6	1	14	16
9	20	20	13	3	2	3	2	9	4	7	13	5	12	15	16	13	7	13	11
10	9	13	6	16	14	11	1	5	3	6	2	15	20	7	18	20	16	12	12
4	7	6	9	14	11	10	5	11	16	10	12	18	2	14	14	17	6	13	12
13	1	17	7	13	20	15	13	5	14	4	15	4	2	11	13	10	6	16	11
13	3	18	1	19	19	13	20	6	5	16	2	14	2	2	6	13	17	3	13
8	17	4	16	16	5	20	19	3	1	16	12	11	15	1	10	3	16	2	12
12	10	3	12	11	2	13	20	17	6	6	8	19	5	17	9	15	16	6	12
19	7	10	14	15	10	1	15	18	19	19	17	1	6	5	3	1	19	2	12
15	7	14	16	8	20	12	2	10	15	16	20	2	11	12	10	18	5	18	16
15	2	7	12	20	10	17	4	12	6	6	15	12	1	9	19	13	8	5	12
14	8	15	19	4	19	20	9	2	20	1	8	2	6	12	11	6	14	1	1
9	1	14	18	17	16	17	20	16	17	6	14	7	17	7	18	6	15	2	10
8	10	7	11	2	9	3	19	18	2	4	15	10	1	18	19	19	15	16	20
19	6	8	19	16	14	5	19	18	20	14	2	19	14	12	19	14	2	7	11
4	3	9	9	2	16	9	7	11	7	14	19	3	10	3	18	18	8	14	9
4	8	1	6	6	1	13	1	6	4	9	18	3	19	12	4	16	8	8	12
2	11	5	7	8	18	5	14	2	10	20	10	19	7	17	4	2	12	15	1
5	3	9	6	18	11	13	18	2	6	10	3	12	18	16	9	9	12	6	9
7	3	9	7	13	4	8	13	13	10	6	2	13	9	16	5	12	6	1	2
3	20	1	15	3	7	4	14	6	11	17	11	17	8	17	9	5	5	5	19
17	8	2	13	5	17	20	9	16	15	17	7	13	6	15	1	4	15	18	7
12	12	19	5	6	18	20	18	9	4	20	14	4	9	1	14	15	18	6	13
13	12	6	18	8	1	5	15	16	19	10	6	17	4	17	18	19	11	5	20
10	19	1	9	8	8	19	17	13	5	12	8	9	9	3	15	14	9	11	8
12	16	8	3	1	16	15	10	16	14	10	18	5	18	8	4	11	7	14	1
10	8	5	15	5	7	9	2	15	15	18	16	3	7	1	19	3	3	12	1
17	2	17	20	10	17	10	11	3	7	7	4	1	7	7	10	6	15	18	5
3	19	9	15	11	3	11	16	2	6	8	2	16	20	17	9	19	6	10	10
14	17	7	7	13	16	6	14	8	13	5	16	9	15	3	5	12	8	8	18
2	20	17	12	17	5	10	14	18	14	6	18	6	18	19	8	6	20	16	6
8	18	18	6	4	18	13	5	2	1	10	8	17	8	8	6	6	6	12	10
19	4	6	3	15	15	15	1	12	16	5	9	11	8	7	12	4	11	18	6
5	6	2	15	15	7	3	6	12	9	16	4	19	15	1	10	14	19	9	12
20	1	8	14	19	8	9	14	3	8	7	14	8	1	15	2	3	5	17	10
6	7	18	8	12	6	2	16	7	1	9	10	15	7	8	1	16	5	7	14
11	8	6	8	18	16	16	12	12	3	20	10	14	15	13	10	14	6	17	7
8	9	13	15	11	9	1	10	19	13	6	16	4	17	11	17	8	15	4	8
6	3	4	15	13	5	4	8	2	11	17	18	13	14	1	9	14	10	13	17
1	3	11	14	2	15	9	9	8	2	2	17	4	20	13	15	20	6	8	6
4	3	16	15	11	17	13	16	17	9	1	9	10	14	6	1	1	13	5	15
4	15	4	5	4	13	15	17	10	13	14	3	2	17	15	13	2	18	17	13
12	10	8	7	12	6	4	18	18	13	18	12	18	5	16	13	8	7	4	2
7	11	17	8	8	15	2	16	2	19	16	2	11	16	3	16	17	18	16	18
7	3	8	14	7	4	11	1	20	4	7	13	11	15	20	2	10	11	14	1
5	13	4	20	19	10	19	5	6	7	17	14	14	17	9	4	14	14	10	18
6	10	10	17	18	6	16	14	15	17	10	2	8	10	1	14	13	20	13	6
17	3	12	12	10	7	2	17	13	7	5	19	10	5	17	1	13	5	8	15
11	19	2	5	13	14	19	9	3	5	7	1	4	12	20	3	6	8	5	5
5	9	9	18	12	13	17	13	14	8	15	15	3	18	1	9	2	20	18	2
1	9	10	11	8	15	15	8	3	7	3	17	12	6	18	16	19	9	11	20
7	13	20	6	2	8	17	9	8	5	17	11	9	16	16	6	13	7	18	13
3	11	15	11	1	4	4	19	20	18	20	19	4	15	17	2	1	19	19	11
20	4	17	15	13	18	13	5	10	2	16	13	16	10	17	18	15	17	15	4
8	5	3	10	2	1	11	14	19	17	3	16	5	19	13	16	3	14	13	1
3	14	17	17	20	14	6	9	3	13	6	9	13	3	10	20	16	4	10	13
5	12	17	12	20	6	15	17	14	1	3	12	18	18	1	15	14	6	16	15
8	3	18	5	15	13	16	11	20	7	15	20	16	5	7	9	1	4	12	14
4	1	5	16	19	5	5	11	5	7	8	11	3	14	3	4	19	11	20	15
7	8	17	5	9	1	16	8	12	9	1	18	1	14	14	1	6	14	11	17
18	14	13	18	7	8	8	8	14	6	16	7	12	3	19	6	7	6	6	11
13	12	11	5	4	4	7	6	12	12	9	9	8	10	19	15	18	2	12	11
2	7	11	11	13	2	7	11	8	17	4	13	16	10	6	15	13	15	12	16
19	4	16	9	15	11	19	2	16	15	20	15	11	17	11	10	20	4	5	18
1	8	12	8	11	9	15	10	19	7	2	15	8	1	17	15	19	19	11	9
14	6	10	7	15	20	17	9	6	1	5	2	5	12	7	10	14	3	6	16
10	8	19	16	11	19	14	7	1	15	10	14	15	12	1	3	10	10	8	8
8	5	10	14	11	16	9	12	14	14	19	5	14	19	3	16	6	9	10	12
2	1	1	17	1	19	11	13	16	18	18	14	3	11	12	19	5	15	6	17
14	5	18	9	16	6	15	7	20	5	3	20	10	13	1	12	11	20	1	13
13	5	2	1	18	15	2	4	5	10	13	4	4	1	7	12	12	9	2	2
5	14	5	13	19	18	13	16	18	7	8	8	9	19	1	8	18	2	14	8
18	14	20	1	14	3	15	19	3	15	20	10	6	13	16	1	20	2	5	6
1	5	11	17	2	3	10	4	9	18	8	5	3	15	6	13	14	8	11	17
15	4	15	1	6	15	9	6	1	1	3	14	20	16	11	9	10	6	4	20
20	16	4	12	1	20	16	12	6	15	6	15	12	15	12	7	9	17	11	16
4	1	18	6	15	18	6	8	19	15	5	16	16	3	2	3	17	15	7	17
6	3	6	10	3	14	15	9	6	8	7	1	13	18	7	13	10	2	4	6
3	13	20	1	7	2	4	12	9	1	14	1	2	15	12	9	10	2	5	16
1	18	9	11	16	2	17	16	7	9	1	6	9	1	4	12	3	16	1	17
3	15	17	7	15	10	14	4	17	12	16	13	20	12	3	9	6	5	18	17
20	16	12	1	3	7	20	11	11	13	19	4	15	19	5	15	12	13	16	1
7	9	10	11	12	5	3	17	16	20	2	8	19	8	18	18	20	11	4	19
7	3	7	13	2	4	3	6	18	5	2	19	4	8	16	2	18	13	8	20
4	18	11	17	2	15	7	8	15	17	3	10	16	13	6	19	16	15	7	1
9	18	10	17	19	12	6	6	9	9	6	16	17	4	1	18	18	3	3	20
17	13	14	14	11	19	14	9	16	11	13	18	15	14	8	15	16	1	7	2
4	8	14	8	18	11	7	14	16	19	8	15	18	18	9	16	7	18	8	17
12	9	8	14	7	14	19	1	12	1	1	4	7	1	15	11	12	10	3	15
3	17	1	14	15	20	20	20	12	19	11	4	20	10	16	8	14	19	2	16
8	6	16	2	19	18	9	12	6	9	2	1	9	6	5	11	18	1	14	4
13	18	3	1	13	13	6	20	15	11	4	9	15	4	10	20	14	20	19	8
14	7	1	10	19	13	14	4	15	5	17	8	19	19	19	11	6	9	7	14
2	10	20	12	11	6	20	10	6	17	2	13	3	4	2	11	1	12	16	16
8	3	15	9	7	13	10	3	9	10	16	4	18	11	17	14	6	12	1	10
13	19	5	1	10	9	15	1	6	12	10	18	16	10	4	3	13	17	12	4
8	17	14	9	3	4	15	13	19	13	10	10	13	16	6	15	2	12	13	13
10	13	9	10	5	11	19	6	12	16	10	2	8	15	10	10	12	14	13	13
7	2	17	10	3	20	16	19	3	18	18	11	11	13	9	6	3	3	9	12
5	11	6	6	12	14	11	15	19	17	6	17	4	13	14	19	13	19	8	6
14	4	3	13	7	3	14	4	4	11	18	5	18	10	9	19	11	15	12	12
17	10	18	16	15	20	4	11	18	1	2	20	14	14	4	6	3	7	3	10
10	4	2	9	3	13	2	6	3	8	16	5	14	6	3	10	11	8	3	18
9	15	9	6	10	9	20	3	14	4	2	13	15	10	17	16	16	3	13	18
20	11	18	3	10	13	12	16	1	6	20	14	16	6	9	14	8	14	1	14
11	1	13	1	18	3	18	13	14	18	14	18	10	3	17	5	9	8	7	10
1	10	16	7	19	20	1	10	17	1	12	9	17	7	7	15	16	4	6	9
3	15	1	20	19	2	9	6	10	16	16	16	4	6	5	14	3	9	4	4
4	2	2	3	1	14	11	7	9	5	12	10	19	17	7	17	10	4	15	13
17	12	2	10	13	15	2	8	13	11	15	8	12	9	4	11	14	10	13	7
2	7	15	3	18	2	14	6	20	19	13	3	14	9	8	7	12	3	7	13
2	6	5	11	4	2	2	14	14	8	4	3	13	3	17	2	20	11	2	18
14	2	8	13	18	3	1	16	18	18	11	15	13	11	19	16	8	10	16	19
13	1	2	11	6	3	3	8	20	3	17	11	18	19	5	1	3	13	17	17
14	14	1	19	3	14	14	13	1	9	19	12	15	6	8	16	3	12	11	18
3	18	12	2	14	16	14	13	7	18	14	12	6	14	2	5	11	5	13	7
7	18	16	4	11	7	3	16	10	6	7	8	12	20	9	15	18	17	15	7
11	9	1	15	18	15	1	19	4	17	12	7	19	11	11	8	17	5	12	6
3	11	5	1	2	4	11	5	11	15	11	17	9	16	7	6	18	18	10	16
20	13	9	15	1	8	7	9	6	13	13	9	15	5	19	17	4	2	11	16
9	4	7	5	18	17	15	9	20	13	4	12	13	7	13	13	8	12	11	7
10	19	10	18	7	20	20	7	3	12	11	11	12	17	19	20	15	10	4	18
8	12	18	17	4	12	9	18	8	12	13	18	3	1	1	6	6	16	1	16
20	16	17	7	13	5	10	11	9	8	1	9	3	15	6	15	3	6	6	17
3	20	20	16	10	1	15	8	6	17	2	2	1	9	18	14	9	13	14	9
9	6	1	3	12	4	12	15	1	1	7	16	17	18	20	14	15	20	5	19
14	20	19	9	19	12	10	16	3	10	13	18	7	16	14	17	12	12	5	16
11	16	18	8	13	20	16	17	12	9	13	19	5	18	6	13	11	4	12	6
10	14	3	5	13	10	15	6	15	10	20	4	2	7	3	19	8	11	10	14
2	19	11	16	3	14	18	16	6	4	5	2	11	16	5	18	17	4	3	9
18	17	3	8	2	1	1	2	2	19	19	16	8	1	4	19	10	18	4	13
18	10	2	19	6	6	16	12	8	7	14	11	1	9	5	14	15	3	18	14
17	2	13	17	13	10	16	19	1	10	6	18	7	13	6	8	10	18	14	13
12	14	8	16	1	19	3	2	15	2	9	4	1	13	20	6	20	15	12	6
5	16	3	1	17	18	12	4	8	12	17	7	3	15	3	1	13	8	4	14
7	7	13	3	11	15	15	2	6	20	16	16	3	12	1	19	5	5	17	14
3	12	17	18	10	20	7	2	14	16	10	3	3	5	10	19	12	16	7	6
11	19	1	20	16	9	15	7	2	11	16	18	15	4	10	15	9	5	6	1
19	16	2	10	3	19	18	12	13	9	15	18	11	13	4	10	20	18	4	9
13	20	19	14	13	1	2	9	5	13	18	20	9	14	19	4	14	1	19	12
9	11	2	14	17	1	3	17	16	7	12	3	20	18	18	20	12	6	17	3
6	15	16	18	14	9	10	11	5	17	12	1	15	5	16	6	13	18	17	9
7	8	9	15	4	11	18	18	9	7	19	4	3	14	2	17	4	4	1	19
3	6	3	20	10	6	19	19	18	1	1	3	16	11	6	3	4	4	16	5
10	1	4	7	6	18	9	11	16	17	5	4	19	4	18	20	1	5	2	2
7	5	10	11	8	3	5	1	10	2	16	1	19	6	20	12	15	4	5	10
17	7	15	2	6	2	10	10	13	5	8	10	11	5	16	10	15	11	20	1
1	18	18	3	4	6	20	1	11	18	9	11	2	18	6	3	5	1	20	15
16	15	6	7	12	19	16	4	12	1	18	4	8	11	5	7	1	4	3	12
6	14	14	9	13	6	19	17	18	15	9	12	15	11	3	1	18	8	4	7
11	13	10	18	11	14	15	4	4	11	11	4	9	1	11	13	1	1	12	5
19	1	13	14	8	6	9	17	20	13	13	8	10	1	12	3	5	13	8	3
19	3	13	2	4	4	12	1	10	20	6	14	13	16	1	19	18	9	3	8
1	9	6	20	15	2	2	11	6	17	14	17	3	12	2	5	6	4	9	11
12	12	11	3	11	7	11	4	17	2	20	12	11	14	12	14	14	20	1	13
5	7	4	14	8	8	13	16	9	15	18	12	15	17	6	9	14	2	16	10
3	2	10	19	2	14	13	4	4	12	5	15	10	4	20	12	19	5	1	15
6	11	11	11	19	16	19	11	18	17	8	19	11	9	5	2	5	18	4	10
12	13	17	12	9	17	1	7	17	17	20	1	17	7	1	11	15	11	7	15
16	15	18	2	2	14	17	17	10	1	20	1	11	4	15	8	20	15	9	9
19	20	19	1	11	15	14	8	5	9	5	14	10	19	19	14	6	14	18	19
12	19	16	15	10	10	9	12	9	14	20	3	14	9	16	6	3	13	20	1
1	16	14	19	12	16	12	2	5	13	19	4	9	20	19	19	15	6	13	12
7	11	16	20	9	2	1	13	8	10	2	16	14	8	19	9	9	8	16	5
4	8	12	12	13	20	15	3	10	20	1	3	14	7	14	13	8	1	14	19
7	18	14	16	14	7	17	2	16	15	2	20	2	20	15	8	2	1	10	18
11	8	20	6	4	17	3	6	1	6	13	7	5	20	18	3	17	10	8	13
6	9	6	18	4	4	8	18	11	3	8	2	5	12	10	12	8	1	12	19
4	10	13	14	18	1	6	8	7	9	12	8	5	11	2	1	11	9	14	14
12	20	9	5	6	2	18	18	11	12	13	19	6	8	15	4	4	20	6	18
18	3	9	5	7	10	4	12	14	16	4	7	9	6	6	7	13	17	13	17
7	18	8	11	3	7	18	19	15	10	5	13	15	1	2	15	3	10	3	17
11	19	6	7	9	17	9	4	5	11	18	16	18	12	19	8	9	3	17	14
1	19	17	3	19	18	17	15	17	6	4	19	6	10	14	19	12	6	18	15
10	7	4	17	16	9	8	19	5	1	12	9	20	18	11	9	10	16	3	15
13	9	15	11	2	14	12	1	9	14	15	17	4	3	7	8	13	14	13	10
18	14	17	18	13	6	19	6	16	19	3	19	17	9	10	8	3	3	15	18
11	7	3	17	17	18	3	13	16	1	11	5	5	19	12	12	4	1	11	17
16	12	20	18	19	11	13	8	14	1	13	10	16	11	5	17	4	15	11	2
4	16	14	16	6	1	19	14	16	5	20	8	19	4	1	3	9	9	5	3
7	7	17	10	15	5	1	2	5	18	1	18	3	14	2	9	12	8	13	13
10	3	18	20	9	18	19	11	3	17	4	2	15	1	4	11	15	9	14	15
10	12	9	1	4	3	14	12	11	12	5	3	13	13	7	7	15	2	20	10
12	16	12	9	4	1	9	8	20	13	9	10	6	8	19	14	15	19	15	1
4	11	1	5	1	17	9	14	3	9	8	9	8	18	15	4	11	20	5	5
8	5	4	3	5	6	3	14	10	19	16	7	14	19	14	16	8	19	3	20
7	18	10	3	15	2	18	19	14	11	8	9	16	15	8	8	1	10	8	14
14	16	3	20	16	4	11	5	19	12	2	6	16	6	15	2	3	2	8	18
7	12	12	14	19	17	7	14	18	9	15	6	1	7	12	11	11	1	9	4
2	16	12	2	16	13	5	17	3	9	8	18	1	9	10	1	7	3	17	5
7	3	1	19	18	20	3	13	3	4	17	17	8	19	15	18	14	19	15	17
16	12	8	8	1	6	15	1	1	5	13	4	20	17	18	9	16	18	13	3
8	3	17	1	4	13	2	2	10	3	11	4	2	10	19	4	4	8	11	15
12	17	19	10	18	8	9	1	17	10	5	11	17	1	15	5	12	4	9	1
18	3	5	12	3	14	18	18	8	7	10	20	12	13	3	16	15	14	12	19
16	11	1	5	16	10	7	16	9	10	14	12	6	18	17	19	15	14	19	6
5	17	18	10	11	11	16	1	5	8	15	10	20	4	4	2	13	20	18	10
11	2	1	10	3	5	8	6	4	6	8	20	5	11	2	16	10	8	18	17
10	10	9	5	5	19	4	11	2	1	12	19	19	2	17	20	1	19	4	13
11	14	8	14	20	11	15	3	2	5	7	10	18	14	16	18	16	14	17	4
8	6	12	17	11	6	10	14	1	8	12	5	8	13	10	17	7	12	16	19
12	9	18	13	4	5	8	17	7	18	18	2	5	7	20	13	14	4	8	11
6	11	5	10	3	19	10	1	12	15	14	13	2	8	15	13	13	9	16	8
1	17	16	1	17	19	16	5	10	19	3	6	17	14	2	8	2	18	20	13
19	18	16	10	9	4	1	4	19	17	8	9	9	1	20	15	18	14	2	16
1	3	16	12	3	2	5	9	5	10	13	13	10	7	2	4	4	3	10	11
18	1	12	1	7	18	8	5	4	9	19	10	13	2	20	19	19	20	13	7
12	20	11	2	16	19	4	9	18	12	18	1	20	14	17	10	18	2	9	4
19	8	5	17	9	6	7	7	10	16	16	10	8	5	2	4	16	13	19	5
2	16	17	5	1	16	11	9	15	1	17	6	16	6	4	16	4	3	11	12
3	9	9	12	14	15	19	20	8	18	17	15	2	11	17	6	5	19	10	12
12	5	5	7	11	12	15	18	17	4	16	14	9	6	19	19	15	8	12	18
13	3	10	15	10	8	1	20	14	12	10	14	3	10	4	7	12	20	6	12
13	11	2	4	14	7	3	14	13	1	20	6	10	1	17	17	12	9	8	17
11	9	9	12	2	1	19	15	18	6	3	7	13	19	19	15	17	12	2	12
19	11	14	2	1	5	9	4	19	1	5	15	14	19	4	8	8	10	7	11
6	6	7	9	20	6	13	19	20	6	20	17	19	20	18	11	8	10	17	6
15	1	13	3	16	7	18	15	12	15	10	16	15	9	15	18	16	20	18	6
4	14	4	6	16	5	15	2	2	1	11	2	9	3	15	1	14	1	3	7
4	7	18	4	7	20	1	9	18	2	6	1	1	17	12	9	15	20	19	10
11	18	7	5	17	2	9	16	8	18	4	10	6	1	20	17	6	3	7	20
5	20	7	20	3	18	17	7	19	13	16	13	2	10	17	15	8	12	11	6
18	13	19	8	16	11	4	19	16	6	16	6	17	9	4	10	5	4	15	14
2	7	9	5	3	19	15	20	13	11	17	9	8	18	3	6	5	8	7	14
12	10	8	15	4	18	1	3	2	1	2	19	18	13	1	4	6	11	9	9
2	2	17	1	11	13	6	19	5	15	18	3	19	5	9	11	16	2	5	7
1	17	5	13	12	12	4	15	16	5	7	3	8	5	4	20	14	20	10	3
19	17	10	16	5	9	18	8	16	18	18	12	19	18	20	1	15	6	19	1
4	1	2	18	5	20	16	19	19	4	15	16	9	10	14	15	13	19	13	20
13	10	16	14	4	16	11	16	19	3	17	13	12	6	1	14	12	18	13	11
12	12	16	20	13	2	13	7	8	11	14	19	8	6	6	5	19	16	19	6
20	17	6	10	8	16	9	8	20	9	17	2	5	7	13	9	19	8	6	19
12	9	6	19	10	5	4	15	3	4	19	10	10	1	9	3	15	1	2	17
20	5	19	16	13	5	7	7	11	16	20	16	2	12	16	10	1	10	19	20
5	16	10	5	1	4	9	1	2	4	4	8	18	14	18	17	1	9	9	3
2	8	2	15	5	17	5	8	16	17	7	12	19	10	2	17	15	11	8	19
1	5	20	18	11	8	15	15	13	17	13	4	17	11	2	3	10	14	20	11
4	2	15	5	7	18	17	14	11	6	4	7	14	6	13	3	14	6	5	2
19	15	5	9	1	19	19	16	6	15	17	15	13	15	17	19	19	19	20	4
10	3	2	8	12	1	11	8	6	17	10	3	7	14	20	9	6	4	9	19
11	3	5	16	13	9	18	18	4	10	4	14	8	13	15	18	11	8	17	14
16	14	7	4	9	3	3	16	20	8	13	15	2	14	4	1	6	18	6	20
6	1	11	14	4	9	20	12	2	13	5	20	10	17	11	12	7	5	13	5
19	9	9	7	2	3	5	20	2	9	3	8	18	17	4	10	5	18	20	20
18	20	10	17	20	8	18	20	2	2	1	2	15	10	2	5	3	11	3	1
13	12	18	5	12	17	7	7	1	8	6	19	6	13	3	4	15	2	6	8
6	18	13	1	4	10	2	4	13	13	5	7	3	18	20	3	1	9	12	5
12	20	8	16	17	4	9	11	2	17	16	16	2	3	16	14	2	4	10	5
17	11	6	3	11	17	10	18	1	2	7	3	7	9	12	11	18	19	15	15
4	6	18	4	12	20	18	11	2	13	4	11	17	10	3	2	4	10	17	19
17	15	4	5	10	2	5	16	4	2	10	12	16	8	11	14	12	10	4	7
7	10	4	2	11	10	2	6	20	13	8	13	16	20	17	2	1	14	1	15
8	18	3	14	6	5	9	17	14	4	5	8	10	7	7	1	14	10	16	11
3	12	1	15	6	13	6	19	2	20	3	1	8	14	5	9	1	1	7	15
3	17	10	9	17	20	1	4	7	3	18	5	1	12	9	4	8	4	4	11
6	8	14	15	14	12	18	3	1	20	2	10	13	19	14	15	14	9	17	4
19	18	19	20	7	13	3	15	20	6	19	14	10	13	18	2	11	2	9	10
1	5	6	8	7	1	14	1	2	3	1	20	16	11	12	19	9	9	18	15
4	6	14	7	9	7	11	10	15	15	8	19	17	20	19	3	2	12	16	16
7	19	2	9	13	1	12	12	7	7	18	14	14	1	9	15	6	3	15	19
19	19	10	20	9	10	6	5	10	8	11	10	10	15	1	20	9	13	10	7
2	11	9	2	11	14	11	12	8	19	16	20	16	12	13	16	7	4	19	5
14	12	17	8	16	2	19	1	3	2	1	16	3	9	4	1	10	8	19	1
20	19	3	19	6	5	1	4	2	16	7	19	6	11	10	10	13	18	1	15
13	11	10	6	11	13	7	13	19	16	4	8	13	1	13	5	10	19	4	1
7	14	15	15	17	10	14	17	13	8	10	3	20	9	18	14	19	18	14	18
11	2	5	5	15	10	4	17	18	13	2	5	15	7	19	11	16	19	8	1
16	19	20	5	4	7	6	10	16	12	5	15	6	6	18	12	13	3	3	16
8	2	10	10	9	1	13	13	16	9	18	13	17	8	16	4	16	2	8	10
4	13	20	6	5	17	10	1	10	8	4	19	3	17	13	19	12	5	12	8
6	20	9	14	18	10	14	13	13	5	12	8	17	10	2	2	2	12	12	13
17	4	6	6	20	14	9	19	17	20	13	3	3	15	16	11	19	19	1	16
3	5	8	18	2	8	5	8	1	5	6	17	10	20	11	4	18	11	2	2
10	17	4	1	19	8	14	17	5	12	5	1	9	11	19	1	17	11	8	17
14	17	1	12	1	8	18	5	20	16	18	17	15	2	19	8	6	11	11	3
2	10	19	4	3	5	12	3	14	9	18	20	8	7	4	14	11	18	17	7
20	4	16	16	14	15	13	7	17	9	13	9	6	12	13	13	12	6	9	20
16	12	5	9	2	15	14	5	2	17	11	19	7	16	20	9	3	8	14	19
3	14	17	4	2	9	18	8	20	9	5	16	5	7	14	7	18	2	15	13
10	15	3	19	15	7	3	7	17	2	13	13	6	18	14	4	18	5	11	10
2	7	4	3	9	13	4	1	14	3	18	5	2	1	2	1	16	6	5	15
2	10	8	11	16	5	6	11	6	14	20	19	16	18	11	16	20	18	16	18
12	10	16	3	7	7	3	2	15	17	7	16	11	3	7	16	9	2	5	19
4	16	19	1	17	14	16	15	3	10	18	4	7	8	3	18	16	5	7	10
4	17	11	1	10	18	9	12	18	10	9	7	1	4	9	17	2	1	5	8
9	17	19	1	4	3	2	20	15	12	7	13	2	17	4	2	11	18	4	3
14	6	11	17	7	2	9	2	20	18	15	9	16	13	12	1	19	3	5	2
8	2	15	12	14	10	20	9	12	5	20	7	18	16	19	2	17	19	12	2
4	7	10	3	7	3	11	13	17	19	13	4	3	19	2	12	11	10	16	8
9	18	11	19	7	10	20	4	16	4	9	16	17	1	19	5	16	13	2	17
3	9	17	9	18	10	13	13	1	11	1	6	15	5	18	7	20	2	16	8
8	3	11	9	5	20	12	9	18	8	9	20	4	4	9	13	15	20	12	14
7	1	18	6	20	1	18	13	20	17	2	19	20	10	11	20	1	17	2	9
15	4	11	11	3	14	15	19	7	18	19	2	2	8	17	19	19	10	15	5
6	17	12	5	16	1	7	10	6	10	1	3	8	13	17	8	5	11	12	7
11	18	7	10	18	13	14	19	14	3	3	3	16	2	1	17	13	15	8	20
9	10	2	13	14	18	2	7	19	8	6	17	10	14	9	4	14	11	12	15
4	5	7	7	9	10	15	2	14	4	19	17	19	1	12	9	10	20	6	15
7	11	9	5	16	14	7	17	20	11	2	10	12	10	5	18	19	17	11	17
20	13	13	12	16	9	20	13	8	12	18	10	15	10	12	20	5	16	8	16
8	7	16	10	1	3	11	9	14	2	11	2	9	1	7	1	16	13	17	17
13	16	20	20	13	1	16	18	16	20	14	10	16	9	20	8	19	2	4	6
3	8	16	17	1	6	15	19	20	7	10	11	7	3	13	2	3	9	15	5
13	12	4	6	2	15	2	14	6	18	4	18	1	9	16	14	8	18	16	11
5	1	8	3	3	10	6	4	4	3	13	20	13	7	8	1	6	8	19	1
13	12	4	4	9	12	3	1	19	16	11	18	11	12	20	2	18	9	7	3
5	1	3	8	5	4	8	18	7	7	9	6	13	13	13	17	8	5	15	15
4	1	5	14	14	18	2	3	15	8	7	4	2	6	20	9	16	20	12	15
7	1	11	2	20	4	13	17	13	7	3	9	1	7	13	17	11	13	6	15
5	2	15	14	17	12	10	9	12	20	8	4	4	20	10	20	2	19	13	2
17	2	10	5	10	12	1	2	16	10	16	18	5	11	6	13	6	4	15	10
7	2	13	4	4	14	8	15	13	9	4	20	1	3	4	11	6	17	12	6
1	13	2	7	16	16	8	16	17	15	5	17	4	4	10	19	19	2	12	18
1	10	9	19	6	15	19	19	19	4	11	1	16	13	15	8	1	15	16	13
12	7	5	13	10	3	18	4	16	16	2	19	20	18	20	9	18	14	10	9
15	8	5	15	12	10	11	20	16	16	17	1	12	3	14	4	14	2	17	18
16	4	12	7	2	13	4	7	11	1	14	5	9	15	20	20	6	7	7	17
9	2	18	20	12	7	15	4	19	4	18	18	17	11	7	15	6	11	9	20
12	1	2	6	17	13	1	5	1	14	2	6	15	5	13	19	5	8	13	20
9	20	14	5	3	1	20	19	12	18	15	7	19	5	18	20	16	19	20	13
17	15	16	4	4	4	5	5	14	11	20	1	16	7	17	15	16	16	5	2
16	7	9	20	12	13	9	2	14	10	8	18	10	18	7	15	13	17	3	3
11	1	17	9	8	1	17	5	16	3	11	3	6	19	1	15	2	4	11	7
13	8	14	5	1	8	4	3	1	17	20	15	19	10	6	19	9	5	17	12
6	7	12	14	1	6	5	5	16	14	6	11	11	11	4	2	1	8	8	13
14	11	19	12	20	11	5	19	3	8	1	9	19	19	5	18	15	15	5	4
19	9	10	18	17	15	8	3	3	8	3	8	18	19	11	12	15	12	8	12
17	4	1	14	20	13	10	8	10	8	13	9	8	6	18	16	18	18	20	17
6	12	17	3	7	16	16	11	19	4	16	6	18	14	9	2	12	6	12	7
5	16	7	4	13	16	11	9	10	3	13	10	7	14	6	5	12	15	11	7
3	12	2	3	8	6	15	18	11	6	18	8	9	4	1	7	1	19	8	4
12	9	20	4	6	19	3	15	11	1	18	12	3	8	16	13	15	4	10	17
14	18	20	13	6	3	17	10	15	17	1	20	10	3	1	7	1	18	10	20
2	7	5	10	7	4	7	17	9	16	13	1	4	17	20	11	9	15	12	20
20	10	19	3	5	14	18	4	13	13	7	16	5	4	9	10	9	14	6	18
16	13	16	1	1	15	4	12	10	12	6	18	16	18	4	17	18	10	19	4
19	13	1	7	5	12	12	10	3	19	18	18	12	10	17	9	6	6	9	10
4	16	18	9	20	1	8	17	13	5	19	15	10	6	7	17	7	17	3	20
10	15	16	7	13	17	19	5	20	12	12	12	8	1	8	12	3	12	8	18
8	9	19	2	13	10	5	3	19	10	18	16	13	19	14	12	1	12	14	9
13	9	5	7	3	4	4	8	10	19	9	12	10	3	14	6	11	14	1	14
13	17	3	11	18	6	5	3	2	1	2	20	12	7	1	1	18	2	1	14
5	8	6	5	15	4	12	18	19	9	8	1	5	1	15	15	18	11	12	15
18	2	20	3	1	20	11	13	20	14	15	19	1	8	3	14	20	3	8	9
8	2	4	13	16	5	14	14	9	12	8	1	13	15	19	11	16	20	11	18
1	6	13	6	7	19	4	15	13	9	3	18	18	5	7	6	12	6	7	6
2	16	3	8	9	14	3	10	13	3	8	7	11	12	1	2	1	8	16	7
14	3	9	11	16	14	8	20	9	8	18	14	20	16	3	12	10	9	18	4
1	11	11	6	17	1	1	19	11	4	2	6	6	15	19	15	1	2	9	11
1	14	6	15	7	10	20	3	16	12	4	14	9	1	15	4	2	12	15	3
20	3	19	3	9	19	6	17	20	11	19	8	19	2	5	13	3	16	12	6
14	7	8	20	5	4	17	11	9	12	12	12	7	18	6	18	14	3	19	1
14	12	12	14	7	2	13	4	2	9	20	13	3	18	12	5	5	13	4	15
18	11	7	7	14	2	8	13	9	8	18	9	17	20	11	2	8	20	9	12
11	6	10	9	16	6	4	14	15	2	10	2	11	13	19	4	1	9	13	10
4	18	1	3	9	13	10	19	15	3	5	20	19	13	20	16	7	11	13	11


2	1	1	1	1	1	1	1	1	1	1	1	1	1	1	1	2	1	2	1
5	3	3	3	1	3	3	2	5	3	2	3	5	2	1	5	1	3	1	3