500	4	20

1	1.3	1.55	1.75	2.1
4	6.76	9.61	12.25	17.64

56	82	20	16	52	92	12	53	3	77	53	2	76	68	60	70	42	62	49	63
87	89	60	44	78	17	31	85	76	62	70	64	94	60	69	25	37	80	75	27
51	22	80	11	92	20	35	83	14	31	17	82	10	67	45	86	72	49	53	32
42	2	67	51	54	44	37	33	37	98	28	67	34	62	68	17	10	95	77	47
38	89	54	21	26	79	56	63	54	86	96	67	80	34	31	46	13	68	64	5
75	84	93	93	9	65	40	56	40	4	13	80	12	97	25	7	16	65	80	50
5	91	47	76	1	14	93	95	26	91	40	63	10	51	5	90	77	89	25	84
75	88	32	91	97	71	72	56	8	76	55	44	54	77	44	80	92	45	99	33
6	87	39	35	60	94	18	40	67	71	34	62	2	38	1	26	39	67	65	66
6	24	62	71	60	47	70	69	30	82	60	16	48	31	47	3	94	78	13	78
17	47	98	47	97	49	98	53	63	40	11	72	69	78	66	43	36	1	29	72
33	93	75	28	39	93	68	32	80	16	56	10	1	96	60	49	51	75	1	36
71	83	37	17	95	15	5	79	42	5	67	37	84	16	69	20	77	86	2	40
6	51	76	12	6	7	87	68	91	65	38	23	68	10	90	29	69	44	15	31
87	83	40	93	86	67	75	44	60	71	66	95	6	8	69	79	54	28	68	67
69	95	78	9	82	88	38	78	81	55	61	5	63	71	85	49	5	75	92	14
16	37	1	7	58	54	48	76	55	17	59	47	65	2	38	46	1	16	41	71
9	15	33	75	2	14	81	62	69	10	80	55	64	12	7	74	7	75	32	43
91	13	7	11	64	65	69	84	94	88	5	89	71	74	48	98	54	16	46	18
77	89	90	15	13	26	19	3	36	80	85	96	50	87	5	38	56	33	17	46
95	14	60	86	93	32	35	75	60	6	77	20	76	46	28	80	1	70	17	9
83	91	79	1	25	58	46	95	91	99	43	46	52	50	48	1	37	31	33	25
12	29	90	72	4	10	34	92	70	62	46	25	60	31	37	24	67	68	87	56
68	23	43	89	77	41	80	60	6	74	74	19	2	79	55	18	73	23	49	27
49	84	8	25	57	64	15	76	44	29	76	65	68	76	67	37	41	10	46	84
95	51	48	85	68	34	13	57	23	87	13	76	52	42	65	1	27	15	61	12
64	47	5	7	69	48	98	23	43	10	17	16	58	46	74	72	21	19	85	20
51	98	3	44	5	97	29	93	42	23	48	80	63	91	98	22	12	33	51	60
86	1	39	37	36	51	21	64	96	53	93	95	8	23	8	91	66	94	19	50
83	85	46	66	91	64	63	75	78	11	59	84	86	49	80	21	82	3	3	14
30	63	63	13	37	32	73	84	22	42	64	26	97	45	99	11	45	93	38	64
72	16	93	94	2	71	46	20	24	79	74	46	4	64	64	44	69	48	63	1
19	74	70	47	43	30	64	30	77	94	48	47	42	90	71	4	64	59	79	44
48	77	80	91	81	22	48	18	93	93	56	12	36	23	92	34	77	53	85	22
86	29	27	64	23	28	3	54	25	52	45	72	40	46	87	24	63	15	83	23
56	24	67	70	25	44	50	19	39	17	2	13	46	19	8	79	81	71	92	16
12	3	96	98	92	59	83	89	49	74	58	69	14	8	83	59	25	33	12	49
80	20	51	56	99	25	99	65	27	45	70	57	8	75	38	65	75	22	57	35
28	82	51	60	50	84	99	78	66	12	67	42	81	70	98	48	65	39	52	97
61	91	78	32	12	65	88	25	55	79	7	47	5	13	16	44	45	68	51	12
20	95	53	62	90	33	18	13	10	72	81	32	61	80	13	82	27	30	34	4
71	54	24	37	40	66	79	9	74	89	29	60	47	58	89	85	40	93	53	38
22	84	13	41	34	53	97	82	78	9	49	29	60	35	22	72	7	54	89	21
87	61	32	38	42	24	12	41	40	14	59	53	65	59	47	41	12	81	74	4
90	56	66	51	99	68	2	68	34	81	53	28	75	54	77	71	58	41	43	14
38	20	82	40	96	91	31	74	14	51	25	18	71	63	45	47	58	71	60	8
70	80	89	94	83	31	19	2	36	73	59	84	10	74	23	73	20	58	41	59
25	39	12	70	69	14	22	14	96	30	87	91	65	23	58	3	79	31	64	67
58	57	36	52	92	52	88	4	32	64	20	94	83	71	26	45	9	83	20	21
38	94	32	38	40	42	72	8	39	65	82	51	80	30	96	13	2	95	51	52
82	62	3	54	74	38	6	9	88	57	9	98	12	28	72	61	33	79	81	86
28	32	59	65	41	1	93	57	78	5	32	15	13	57	17	1	91	90	15	12
93	91	35	21	33	51	49	92	37	31	82	21	81	35	21	18	25	79	91	62
78	49	60	73	58	40	69	11	10	41	53	87	37	62	42	52	61	44	91	74
35	45	16	26	61	60	57	96	15	6	70	69	23	41	49	64	96	99	34	45
77	30	75	45	90	31	50	60	74	57	69	16	37	29	87	67	17	45	6	34
64	73	41	60	2	44	25	29	34	87	85	26	67	46	88	50	8	57	81	65
5	84	13	41	66	63	12	31	86	78	80	89	61	19	64	89	90	46	61	17
44	86	13	34	26	34	64	39	21	32	54	31	19	6	19	27	55	38	11	64
18	49	63	3	73	11	38	77	81	3	31	84	2	72	35	92	19	62	23	88
29	31	22	5	18	99	23	85	13	43	42	85	52	36	54	55	33	76	91	97
53	8	71	93	66	24	23	10	82	9	13	75	39	64	92	13	42	24	96	74
98	79	32	9	47	11	12	14	17	68	4	48	62	88	2	14	42	87	34	69
72	87	28	35	56	59	3	86	29	24	98	77	33	80	5	48	91	2	74	84
83	98	36	88	32	66	94	39	73	87	2	42	39	64	70	81	36	70	28	34
37	14	20	79	5	78	48	45	16	70	8	99	84	30	12	25	12	73	4	3
83	8	99	77	13	34	21	45	11	48	85	3	88	76	64	12	49	76	2	53
59	43	28	1	92	49	60	89	43	33	4	72	60	55	16	12	63	5	59	55
40	35	14	4	95	8	9	97	94	47	67	99	56	62	26	24	48	59	44	45
50	52	58	77	76	7	45	78	44	23	74	66	28	82	40	98	48	84	98	38
23	64	10	15	79	56	26	59	49	86	25	47	51	1	48	36	45	72	14	21
4	6	73	70	66	84	21	70	28	51	23	57	94	70	85	15	25	69	27	37
33	21	66	8	17	15	89	94	28	62	42	74	52	99	18	87	34	66	56	11
36	44	78	1	32	31	98	64	9	86	89	68	11	65	11	36	89	82	64	20
46	2	42	32	29	28	8	13	37	2	62	78	28	80	61	52	6	88	79	90
11	66	61	13	7	2	20	48	90	36	45	91	19	3	7	13	22	16	44	80
87	13	27	80	67	97	30	24	37	11	15	64	99	93	17	29	40	17	88	85
63	12	25	82	30	41	76	34	38	84	90	12	28	69	44	84	39	64	67	12
60	78	62	89	18	63	44	14	6	92	38	9	66	12	37	48	28	78	97	54
56	13	64	87	55	20	85	61	53	19	31	32	37	14	88	91	75	19	22	12
3	56	29	54	91	95	48	22	83	10	21	62	95	23	84	99	21	38	88	18
4	83	17	39	58	23	28	73	76	31	40	60	13	12	20	63	17	11	74	74
57	44	77	97	16	37	71	7	83	54	35	37	48	50	50	88	37	83	57	80
37	15	83	9	96	85	1	87	43	26	70	26	69	54	1	28	80	3	24	48
59	48	1	57	71	39	36	82	2	4	20	76	86	61	4	10	60	6	12	12
18	35	17	93	6	67	98	51	80	5	42	92	91	11	78	43	45	16	24	53
45	80	28	73	11	96	28	58	40	24	31	84	87	63	13	34	45	82	30	62
33	1	44	13	63	89	54	61	95	41	30	25	19	78	35	23	94	39	12	81
57	69	80	70	13	22	60	41	80	60	87	15	97	98	54	60	86	30	70	18
2	74	27	5	48	9	14	56	86	78	22	44	45	76	25	49	21	44	82	15
80	95	11	15	61	48	84	28	87	83	65	42	33	8	83	30	31	76	99	84
74	55	53	25	9	78	46	85	77	53	16	96	5	59	85	89	76	69	13	93
61	35	7	91	31	72	35	94	58	47	69	81	62	64	59	55	16	87	20	31
72	29	69	81	8	70	71	47	97	88	50	96	26	86	74	33	60	83	31	65
50	82	31	52	82	91	21	37	62	32	40	91	82	61	45	76	41	91	1	28
70	25	70	24	66	33	34	61	5	10	52	98	34	79	10	11	69	60	32	53
46	71	90	69	7	33	23	55	12	72	88	57	40	10	23	69	20	21	70	81
97	21	23	94	13	9	12	33	87	1	84	82	99	76	53	72	8	89	1	76
53	59	48	78	35	42	4	1	5	69	39	85	50	62	62	47	15	91	32	24
12	15	99	43	27	29	81	45	97	19	36	47	53	90	5	60	20	62	91	67
89	4	11	40	39	69	20	92	80	88	21	10	26	42	73	86	47	51	4	56
63	23	45	80	59	81	73	37	49	15	96	2	44	50	10	61	26	13	49	59
17	80	28	23	42	40	67	10	29	74	42	50	60	57	3	97	63	89	24	33
61	19	47	5	20	65	56	29	85	10	62	85	56	97	57	64	50	14	59	32
94	5	69	55	91	48	80	92	7	4	91	44	59	2	51	5	70	85	96	54
22	51	11	31	66	73	30	59	95	44	66	62	29	36	97	25	13	41	95	80
30	53	91	35	42	94	14	40	76	99	11	91	3	77	50	13	24	62	60	32
68	66	48	34	5	46	90	82	71	70	30	76	56	56	57	52	4	94	94	74
88	26	73	66	17	35	45	70	9	46	61	76	14	21	37	93	36	9	8	77
29	17	71	33	89	28	14	20	55	43	11	79	48	3	87	87	7	48	79	63
96	79	29	55	99	23	29	35	95	84	3	50	82	42	47	65	88	73	58	17
10	17	24	47	90	21	90	71	96	4	58	82	75	88	97	98	24	21	57	27
61	77	74	79	1	62	33	17	40	41	32	77	68	31	13	60	87	15	57	25
53	95	49	59	70	26	76	58	11	21	24	35	73	54	64	24	78	42	36	77
64	76	13	68	11	22	93	88	28	81	17	5	87	79	50	74	13	33	25	9
82	88	53	17	75	24	33	59	45	49	49	20	35	43	9	1	99	39	9	93
79	53	81	85	96	43	16	89	66	38	82	85	50	26	7	42	61	49	13	34
34	21	45	53	3	17	58	89	2	50	6	72	43	71	50	13	69	90	40	80
84	25	39	29	85	54	84	24	28	33	37	83	11	62	22	54	55	91	63	43
34	50	73	40	89	83	45	62	24	77	20	43	41	40	13	73	50	65	48	44
51	57	23	96	42	97	76	7	79	82	75	88	52	34	60	54	54	50	7	24
17	62	15	28	25	90	27	29	64	42	10	83	66	34	18	58	24	93	43	66
22	49	32	25	54	40	81	23	10	69	44	58	2	8	11	68	12	18	14	2
69	66	97	8	62	67	7	71	36	77	2	41	32	60	96	54	28	19	38	77
44	60	64	14	94	96	28	8	32	58	4	45	69	3	68	75	64	4	68	30
40	24	25	72	73	98	48	34	34	36	53	28	32	94	70	23	71	77	94	25
31	20	6	80	4	17	28	45	99	63	50	11	72	45	5	37	63	8	60	86
78	34	80	57	86	19	66	97	47	94	10	62	37	24	51	35	75	35	3	44
92	34	32	81	92	74	85	34	64	22	11	33	58	45	31	27	12	73	75	9
84	34	23	7	41	72	19	18	98	32	53	93	71	12	11	1	24	32	30	13
23	64	71	34	96	88	45	84	43	56	14	10	3	56	57	37	74	83	54	83
67	21	97	79	80	51	98	53	47	96	18	31	43	57	10	84	21	76	36	61
44	76	28	48	20	78	77	42	95	24	54	72	38	53	20	55	22	42	21	95
48	89	54	27	6	6	38	8	45	25	23	22	30	80	70	44	61	2	94	73
68	37	72	79	57	20	92	95	29	33	29	19	77	25	44	6	8	60	93	15
7	59	67	79	7	54	69	33	89	93	42	62	56	27	19	98	77	60	99	12
52	36	6	69	86	26	54	34	12	48	53	14	81	21	18	3	47	90	59	50
36	75	61	41	58	10	60	77	96	42	95	93	39	96	5	60	21	62	66	95
73	46	72	24	14	3	44	42	48	69	88	96	44	58	1	26	96	25	21	32
17	53	29	37	93	62	48	79	95	29	93	56	81	18	71	2	67	35	75	5
84	20	20	3	77	41	90	10	26	24	70	91	58	57	1	12	15	29	44	51
80	44	46	72	56	83	93	50	96	95	73	2	19	71	51	95	70	22	32	1
38	73	49	99	15	69	63	37	45	18	18	15	20	31	66	39	78	72	36	6
62	2	48	71	69	17	61	66	43	3	2	98	69	14	85	73	51	94	28	65
32	75	36	53	93	45	72	25	77	84	27	21	3	2	33	55	86	83	28	95
52	53	71	4	42	44	79	69	43	62	85	30	73	48	57	38	56	35	26	94
35	82	57	79	7	29	15	84	68	81	20	52	54	52	84	14	96	5	35	57
69	29	29	33	35	77	61	35	48	43	10	46	43	92	6	97	14	50	83	83
3	74	4	54	70	59	34	54	87	8	23	90	54	30	39	46	17	37	68	49
43	93	71	36	83	17	84	73	10	53	64	93	33	21	29	62	49	39	49	93
64	13	10	52	35	30	73	12	85	54	80	42	1	72	97	91	21	38	26	76
81	24	31	6	42	84	11	94	89	16	27	56	29	18	57	89	38	41	6	63
51	16	57	60	65	41	65	13	18	67	80	45	30	3	49	95	90	50	34	90
60	29	22	2	40	32	42	85	27	36	10	84	47	79	41	18	15	31	81	77
33	90	79	28	43	33	49	83	18	8	6	59	47	29	8	47	64	55	51	41
45	30	73	1	30	23	20	88	30	68	81	25	84	36	5	75	58	55	70	21
13	91	80	54	48	84	61	89	68	36	72	3	75	78	80	3	27	20	81	19
60	77	18	28	7	17	9	68	33	97	24	23	36	23	91	43	27	44	5	31
92	55	64	58	98	40	59	35	99	25	16	67	44	77	12	19	93	72	19	26
63	52	10	46	99	63	59	28	25	53	33	28	95	31	38	25	24	6	87	19
68	53	95	66	47	18	56	43	20	85	62	72	73	70	20	95	36	2	83	80
52	28	59	32	15	74	31	61	90	7	45	73	30	83	5	37	87	16	95	12
77	39	23	2	77	88	90	88	37	86	58	95	56	12	60	40	68	32	51	63
2	3	92	61	1	69	43	73	9	87	46	70	14	6	93	96	18	18	32	75
59	81	7	98	72	82	27	37	64	1	26	93	57	34	89	94	35	63	75	34
84	55	31	62	95	53	50	83	77	42	76	9	10	98	3	66	7	26	11	10
29	11	55	84	94	12	22	29	90	21	20	40	45	24	95	26	48	40	71	70
82	8	1	73	23	10	41	94	6	10	28	49	88	75	55	39	72	91	33	66
67	18	42	34	14	14	49	50	21	35	75	40	61	79	94	94	11	40	58	27
54	7	11	59	99	90	38	35	82	9	20	78	73	96	19	39	43	67	58	30
88	22	28	4	14	88	3	21	55	34	89	37	25	61	38	76	82	43	38	63
46	62	31	75	35	64	99	65	1	20	84	88	79	47	68	57	45	82	78	39
67	89	69	64	45	93	35	89	84	13	85	96	45	49	79	85	34	27	49	53
53	44	49	63	78	14	69	97	58	98	24	58	87	87	40	78	43	37	73	30
53	59	42	51	74	78	96	52	68	68	32	2	61	76	90	41	74	88	43	83
61	94	19	83	54	65	27	16	16	4	61	96	91	61	34	57	8	86	96	86
53	98	68	92	93	99	66	47	4	58	70	99	21	73	51	7	82	78	63	13
34	23	87	68	39	69	2	7	65	8	59	59	49	13	90	29	85	50	88	92
5	88	40	48	6	77	69	45	20	2	13	69	37	57	47	72	27	21	45	65
39	12	59	11	64	21	91	66	4	96	60	17	89	74	50	74	15	52	79	40
45	88	17	68	2	72	72	6	12	36	67	79	80	3	15	93	4	60	22	8
73	13	4	59	66	48	3	51	34	19	73	94	20	47	36	9	24	15	64	4
94	27	25	22	34	43	44	96	1	70	96	66	74	85	41	88	53	38	94	96
11	51	5	91	69	91	47	90	63	26	62	79	5	38	38	59	14	30	94	86
21	99	39	45	42	6	7	61	18	34	11	1	76	60	82	83	33	60	67	7
53	82	14	54	82	7	26	43	22	31	62	29	71	42	44	15	19	63	60	62
82	40	64	28	9	80	4	85	1	99	23	57	35	10	33	53	12	82	71	55
86	71	67	69	95	26	69	4	46	80	44	7	18	31	84	73	99	88	94	4
83	49	83	57	34	77	71	23	81	76	21	33	67	83	35	7	43	34	75	56
98	74	71	40	78	27	6	58	91	96	82	48	71	71	70	43	98	56	17	81
57	59	13	61	17	93	5	8	24	84	9	68	38	43	24	49	5	83	43	73
72	35	67	67	67	54	35	29	20	54	35	98	18	58	57	38	11	46	7	63
1	13	1	13	47	75	26	62	41	98	20	74	95	93	99	77	23	36	72	3
55	75	63	58	94	83	12	83	17	66	96	30	86	96	2	12	61	4	77	92
86	87	93	38	89	79	62	85	85	25	88	16	83	69	18	83	7	52	26	77
4	91	2	23	60	97	12	74	62	8	16	74	39	23	77	46	44	41	5	9
25	34	92	69	88	62	7	54	98	53	35	71	11	79	62	67	33	75	48	7
5	56	11	69	89	9	69	49	10	54	92	35	72	96	28	30	16	39	93	67
42	24	14	65	89	88	56	93	73	91	6	41	3	10	65	66	45	31	13	3
81	73	50	21	86	59	58	92	72	65	2	71	96	57	93	51	39	41	51	78
88	86	59	9	41	48	12	56	19	25	66	14	69	56	47	93	50	60	38	84
68	51	97	98	15	40	7	10	78	56	51	18	80	81	47	1	40	78	39	18
16	13	62	15	67	23	88	70	57	45	97	7	77	26	82	7	97	15	75	94
52	62	1	19	84	45	15	17	76	53	29	61	60	22	63	38	61	81	69	19
31	91	48	13	4	87	35	2	75	97	74	41	18	92	46	22	76	40	83	69
42	79	5	49	22	56	72	80	30	88	16	60	43	37	52	43	94	28	97	70
21	26	33	64	37	39	74	79	79	23	77	72	53	10	85	11	18	56	94	27
2	69	27	59	73	1	93	16	68	86	25	60	61	81	32	17	77	16	76	18
77	77	41	45	15	79	62	10	45	59	17	14	70	14	22	97	96	70	38	89
2	85	44	59	98	7	17	55	14	27	7	58	82	6	58	66	40	57	39	40
19	71	13	46	45	8	2	94	55	9	61	26	76	82	53	45	74	53	20	22
59	64	30	93	11	32	95	2	20	10	88	64	70	84	33	81	47	75	12	1
31	80	69	13	44	28	7	46	72	34	90	8	72	25	34	6	52	74	93	23
29	37	19	62	78	13	40	40	23	2	45	73	8	35	63	88	28	68	75	38
65	44	91	42	84	83	59	1	45	32	31	22	14	15	26	74	94	11	11	89
37	14	59	36	95	16	7	41	25	29	12	14	51	86	93	32	35	75	55	87
11	45	31	63	70	87	75	10	96	69	3	52	99	29	73	62	90	32	79	75
9	35	20	56	81	91	89	58	39	77	49	48	94	39	45	31	38	92	48	11
61	86	68	65	20	99	1	5	57	63	41	41	36	20	21	3	37	28	27	47
61	29	9	82	41	26	97	71	66	1	13	45	72	86	66	77	90	25	15	40
65	15	27	63	40	95	9	80	68	20	56	80	35	67	2	50	70	67	84	18
61	13	58	8	35	40	12	52	70	66	4	82	74	89	51	56	89	18	58	52
4	23	4	82	28	2	25	15	66	15	35	49	43	52	18	48	14	34	40	47
51	88	7	66	18	39	49	42	93	12	68	40	8	16	32	69	38	36	45	39
7	56	41	38	68	34	9	2	68	33	46	22	9	49	46	21	42	15	15	54
53	47	62	36	98	5	77	29	69	19	18	67	99	36	44	21	20	58	81	43
60	57	70	94	73	20	77	49	4	10	10	11	78	43	14	70	30	38	26	23
23	84	48	21	35	36	56	30	88	1	79	19	87	9	12	46	44	39	22	37
6	1	1	54	10	65	43	12	88	26	53	33	19	78	25	27	6	48	84	87
25	83	71	81	86	78	36	99	96	30	9	69	33	42	65	61	94	40	74	50
65	9	50	79	27	93	25	33	89	57	34	33	6	99	90	82	64	60	48	45
99	98	2	46	91	53	26	3	52	77	74	98	34	57	82	24	18	44	89	50
90	67	2	31	68	96	27	35	42	9	5	35	61	90	37	31	43	92	29	32
7	96	81	20	54	12	53	37	20	70	56	37	8	61	14	40	70	36	81	40
45	33	8	19	40	88	34	90	33	56	18	89	94	63	47	99	93	35	93	67
81	44	68	80	76	80	1	7	41	12	9	14	38	54	34	6	81	8	48	53
78	77	9	50	43	18	87	91	18	47	90	43	41	15	61	12	48	64	1	48
87	4	33	36	83	16	35	23	19	75	57	38	53	65	30	58	81	69	95	3
90	4	40	91	71	21	46	55	68	81	18	47	21	73	94	10	61	97	16	91
33	93	99	4	21	44	88	73	76	26	64	62	1	99	72	2	29	56	57	37
92	31	94	74	55	22	78	88	27	63	86	66	99	86	50	60	57	5	13	99
24	12	45	53	76	71	40	67	94	38	82	90	77	48	90	70	81	64	97	93
38	70	32	97	61	71	93	32	13	13	82	38	73	57	89	80	42	2	11	94
38	56	98	78	76	22	36	21	16	66	39	2	22	9	28	47	77	99	25	83
53	76	94	36	22	34	62	41	30	76	3	85	19	6	19	91	28	77	42	89
10	39	62	91	52	29	30	90	93	47	35	9	66	80	90	48	96	77	26	34
21	4	66	32	2	26	61	33	78	76	43	91	17	36	15	45	71	58	88	69
53	20	97	45	88	80	24	94	62	40	37	43	4	1	53	6	13	45	23	89
34	41	34	33	13	11	79	21	33	27	58	98	95	84	26	5	8	50	43	90
26	38	33	75	15	15	77	82	32	50	46	70	17	21	9	80	35	45	93	67
18	66	73	46	74	95	25	12	90	24	42	14	52	55	9	14	86	2	15	1
72	32	7	90	54	18	18	52	5	3	28	14	89	51	23	59	40	95	72	40
28	36	58	52	25	34	27	3	14	7	95	48	71	37	35	60	19	65	42	17
24	25	23	50	77	36	81	92	32	34	34	13	11	88	23	46	58	25	74	48
2	91	21	59	2	61	51	4	92	43	82	54	55	97	44	94	16	79	87	64
30	12	46	31	36	85	26	90	73	68	17	3	8	54	74	76	9	89	58	31
8	84	74	65	4	31	27	13	48	82	56	30	44	18	96	77	61	23	57	22
67	61	21	77	58	88	20	72	86	30	4	74	21	94	73	94	19	13	60	4
45	21	94	34	11	61	10	61	12	45	88	6	80	64	77	45	56	98	27	39
31	59	49	32	61	93	34	40	34	74	40	9	62	28	19	45	62	45	37	60
54	58	61	62	27	86	83	66	56	20	12	93	55	69	85	6	48	29	45	58
32	20	75	32	44	11	33	77	85	79	24	17	20	31	80	66	6	51	49	24
7	58	32	71	35	56	83	66	29	56	8	53	97	58	99	25	95	58	13	71
21	21	22	66	95	60	19	3	2	61	41	30	61	1	16	66	69	49	9	97
84	81	25	53	94	65	41	34	26	62	98	6	97	61	39	4	30	50	78	49
35	94	58	85	73	62	29	71	86	37	97	87	12	3	1	17	44	39	7	49
42	19	78	46	94	11	38	73	79	59	28	29	23	13	55	31	34	19	25	6
58	37	41	16	55	61	86	21	83	21	8	32	78	97	41	61	61	86	78	7
89	82	90	6	56	57	20	1	92	90	26	22	68	66	56	70	10	14	87	33
23	83	4	51	35	39	19	9	18	67	36	68	61	39	53	24	51	84	99	77
83	68	44	36	48	34	55	56	96	10	74	6	92	69	83	81	84	42	97	22
82	54	67	18	78	29	72	31	45	89	77	58	83	22	61	13	18	79	30	38
50	6	48	51	89	99	2	98	52	85	82	71	7	8	50	20	41	81	37	88
75	47	43	95	66	12	12	60	13	34	13	2	94	72	13	88	98	77	68	53
43	87	21	37	1	17	44	80	25	47	6	7	46	38	76	63	51	53	15	95
2	9	37	63	80	13	23	93	36	30	12	58	40	66	3	11	33	97	10	7
75	28	52	32	9	83	65	86	83	95	61	11	36	50	76	4	76	93	73	53
21	24	18	25	10	32	71	76	93	10	79	36	71	10	29	39	35	86	5	49
17	30	36	7	30	79	73	74	81	34	26	10	82	74	59	39	87	25	84	97
5	76	39	6	93	36	81	37	72	33	62	89	24	25	23	30	14	51	63	43
65	30	30	34	56	47	33	97	37	66	12	69	63	88	98	15	23	98	41	82
22	23	54	75	42	80	89	60	23	88	16	94	78	40	37	83	42	96	6	96
90	11	40	14	46	29	10	98	52	78	59	90	32	92	99	52	41	9	74	90
66	15	54	3	40	45	3	2	60	33	88	46	56	26	10	27	35	33	92	77
12	66	13	57	26	10	34	65	87	73	28	73	42	98	3	68	2	45	81	49
74	37	2	26	55	66	84	70	74	64	89	75	55	12	48	83	36	5	27	64
10	60	50	96	78	40	75	29	33	13	35	82	14	68	51	22	78	62	48	89
63	44	65	91	20	18	87	94	4	32	7	21	81	47	62	54	74	13	67	68
33	26	44	15	90	33	45	50	57	91	75	84	86	92	82	71	50	58	92	16
20	85	91	84	66	72	98	71	93	89	1	21	14	61	43	72	44	56	31	94
11	83	39	79	11	95	25	79	42	1	50	91	40	74	53	5	94	54	5	78
95	95	72	23	11	38	12	2	66	32	98	22	52	72	32	59	4	41	41	86
13	1	98	10	41	78	64	59	72	71	79	98	80	42	28	17	40	85	66	75
2	95	93	39	6	76	11	33	12	44	53	91	40	89	45	4	19	45	53	47
11	56	56	28	51	2	1	44	16	34	2	48	37	76	75	90	3	86	13	18
78	17	37	34	68	56	52	68	56	64	74	31	78	26	19	63	66	55	86	29
43	6	9	97	36	90	89	21	37	24	91	3	17	34	85	15	69	84	21	31
47	89	84	25	89	43	84	49	26	84	95	89	56	26	73	52	4	46	10	48
21	27	77	71	14	69	51	12	43	86	31	82	37	86	52	77	15	34	24	99
32	83	86	96	10	69	2	47	95	93	26	60	37	28	64	21	24	7	58	53
1	41	83	95	16	37	87	96	46	26	35	88	5	97	71	57	15	65	6	49
61	64	24	77	91	41	86	9	99	19	41	5	23	46	39	20	60	36	37	6
63	28	40	59	25	34	50	50	64	17	18	26	31	77	49	94	61	60	85	82
23	15	69	6	15	98	63	91	78	10	27	5	44	10	2	26	50	87	42	28
43	13	15	57	52	33	31	66	25	28	53	52	58	7	91	98	17	79	84	14
84	45	9	3	6	29	27	54	48	3	93	12	33	12	1	19	80	15	37	31
10	66	35	42	16	21	85	92	45	26	96	7	79	5	30	8	26	97	83	22
13	32	83	23	86	86	66	39	29	81	30	5	13	23	84	73	79	73	78	99
32	27	71	66	92	87	50	77	11	52	21	86	35	71	41	53	96	12	15	25
25	20	75	4	59	86	19	99	82	36	64	85	29	81	27	54	70	70	33	29
12	99	21	58	41	75	66	84	77	69	3	37	47	84	38	84	34	24	34	64
88	2	94	73	94	82	22	16	50	52	27	99	26	90	77	49	6	68	47	80
60	13	6	57	36	65	86	7	17	82	55	91	23	81	56	15	87	5	47	72
17	78	71	83	75	88	11	70	84	35	37	19	54	87	78	97	22	24	90	32
3	13	91	33	76	82	29	25	82	46	39	93	45	11	34	3	50	30	35	92
76	92	6	30	15	66	40	53	9	33	33	71	76	49	89	38	19	11	57	33
86	51	12	22	79	86	5	78	34	39	75	16	75	37	67	37	90	62	75	21
80	70	49	24	82	28	84	67	2	50	88	23	52	92	11	32	54	20	73	16
36	99	97	80	89	77	59	41	47	42	53	18	87	87	60	52	49	99	32	93
12	77	47	68	32	92	56	48	61	10	34	4	8	42	2	92	3	21	10	54
25	44	37	87	4	58	25	22	31	25	54	44	67	92	58	72	43	51	62	57
31	15	96	47	89	52	94	29	86	10	45	34	31	35	38	6	52	15	11	62
51	22	63	77	7	72	57	30	49	57	98	93	46	74	40	8	24	94	11	97
69	22	96	36	93	87	69	28	78	20	4	53	62	18	58	66	27	85	45	2
29	21	89	33	98	78	9	38	52	37	66	61	57	27	94	22	15	94	51	12
61	97	9	13	87	71	28	89	48	64	41	54	93	23	4	58	70	86	58	51
95	69	37	60	3	41	10	18	76	66	24	57	70	44	81	71	15	38	28	4
95	94	82	15	78	53	37	45	94	60	18	79	98	51	99	83	97	22	95	24
23	28	62	83	65	61	20	14	61	35	61	12	45	67	60	70	60	94	77	25
16	72	47	66	78	90	91	70	64	71	69	50	26	39	71	95	48	7	87	25
10	60	89	47	98	77	63	55	82	64	23	37	66	50	69	41	76	1	39	56
68	75	91	64	32	66	92	51	45	53	53	64	97	92	62	38	43	70	7	64
25	54	91	16	49	70	95	64	51	69	85	47	23	14	13	10	15	39	91	32
22	56	28	25	82	92	57	55	17	86	39	42	71	60	60	72	68	20	70	25
56	20	17	31	79	5	30	64	54	90	23	43	27	60	2	87	96	82	99	86
87	17	27	74	78	47	29	77	62	15	53	13	27	62	81	83	47	63	31	53
80	58	26	94	28	4	91	41	63	79	98	7	62	29	42	83	33	85	17	70
50	61	38	21	76	61	6	31	75	8	6	6	56	37	34	72	15	31	15	52
18	70	10	27	14	62	63	77	95	42	58	36	57	6	13	16	29	67	57	54
80	15	47	43	14	94	27	24	29	66	86	56	85	60	31	4	53	25	91	71
85	79	25	74	92	53	45	65	21	18	46	9	7	53	10	40	47	18	73	42
96	31	20	74	74	85	35	22	31	90	11	24	96	34	23	13	75	26	33	6
27	13	49	45	98	31	58	69	73	1	23	11	12	49	38	2	25	29	23	20
96	74	42	88	80	61	15	42	24	13	66	3	83	15	86	90	88	8	70	39
61	49	80	10	6	46	44	1	86	7	11	5	39	49	44	58	86	21	74	79
47	21	55	15	2	14	84	80	90	64	42	28	1	46	41	89	74	69	82	66
32	46	19	60	29	40	28	62	16	45	93	28	64	16	26	68	98	70	98	32
87	67	12	16	52	63	53	6	34	80	43	37	20	99	61	77	58	95	71	56
22	19	25	20	79	79	60	6	4	62	70	89	5	98	13	18	51	27	48	81
47	31	99	17	16	51	82	4	73	53	3	30	18	9	71	62	6	22	8	99
49	60	45	60	59	70	28	24	93	64	19	83	12	32	82	4	87	11	33	7
41	6	35	76	49	7	62	57	28	58	42	35	98	4	3	94	24	68	74	31
96	79	67	18	58	42	85	38	24	12	48	29	94	94	9	52	16	67	32	26
32	94	4	44	91	65	61	53	40	86	54	66	79	41	66	49	46	47	9	48
16	20	96	54	77	32	82	66	79	30	59	82	30	39	96	37	62	25	10	24
65	74	56	28	42	26	17	45	48	90	36	7	2	29	54	96	72	9	59	70
59	98	9	74	18	87	80	83	51	35	10	25	14	13	11	15	41	78	70	92
74	65	47	40	12	1	35	93	82	11	58	48	15	25	18	57	14	72	17	9
78	15	8	41	91	85	32	70	17	15	32	52	16	56	92	65	1	97	3	76
39	58	23	21	29	85	55	76	43	95	82	86	54	27	43	80	6	14	42	83
81	28	43	57	33	90	87	87	40	90	49	99	16	87	82	12	76	1	43	47
34	20	50	69	93	25	63	52	9	17	25	7	39	58	10	45	95	49	72	70
2	50	96	53	57	43	56	21	1	28	19	58	42	76	50	26	74	40	90	1
94	47	2	71	58	25	69	59	4	58	20	3	46	41	38	57	60	79	49	68
92	23	34	78	99	59	25	86	91	71	9	13	63	81	24	92	6	72	15	64
51	61	55	6	1	75	15	38	38	17	69	35	97	14	4	32	59	3	31	52
52	10	34	31	93	58	7	72	68	99	14	6	59	27	31	77	37	63	17	44
41	3	49	45	96	52	34	99	57	69	78	36	15	14	87	21	87	83	42	84
43	60	41	93	28	72	57	88	60	34	32	64	70	20	32	25	27	94	36	13
5	12	42	83	89	95	11	68	45	8	84	15	26	76	59	90	52	83	18	3
74	9	69	71	27	67	69	78	26	93	9	27	73	90	24	9	4	45	17	87
90	13	68	43	27	25	99	29	84	36	10	97	40	16	21	19	60	41	66	39
37	44	27	65	8	14	36	57	57	62	96	89	23	89	43	70	6	68	1	39
93	99	12	83	97	62	5	22	57	42	26	25	34	54	81	64	80	91	74	54
85	44	38	85	6	54	3	68	93	36	68	63	76	80	11	60	32	31	11	9
90	63	47	98	94	57	83	60	52	51	83	89	45	28	48	13	88	54	77	48
22	42	92	43	31	13	99	26	1	95	32	4	22	35	51	47	60	41	8	26
18	63	53	93	43	43	38	44	93	76	42	99	26	21	38	69	31	87	89	83
1	38	85	63	1	82	64	15	8	61	29	2	50	29	9	2	55	41	96	81
85	84	4	27	79	93	17	44	86	66	30	16	87	79	47	8	58	72	65	99
30	87	29	58	20	45	25	13	27	28	36	76	21	65	2	3	86	94	76	72
7	11	31	81	48	57	57	80	25	10	34	88	30	2	28	72	14	14	68	9
65	56	95	60	69	87	17	50	31	40	51	34	54	36	2	61	60	48	52	85
67	41	83	61	43	53	43	84	78	62	9	63	50	70	58	33	24	67	2	83
72	3	77	2	82	92	46	97	93	41	14	85	41	6	76	44	49	63	14	91
58	28	93	96	69	39	91	14	85	22	74	8	36	48	96	46	4	76	93	63
20	30	81	60	60	71	89	16	68	35	3	54	76	25	46	32	1	76	39	91
16	3	30	72	60	9	53	61	42	28	40	28	20	55	7	24	49	35	77	51
80	28	25	49	68	87	18	43	18	73	90	90	21	41	25	26	10	95	74	22
3	48	22	15	86	73	22	41	97	89	15	63	6	70	28	84	93	30	80	45
77	47	38	64	10	19	77	47	63	87	10	36	42	90	50	10	43	46	96	6
86	88	21	21	33	64	89	72	85	95	6	48	5	19	60	16	98	77	48	17
13	68	42	11	20	47	38	94	86	63	59	16	19	87	19	38	82	9	65	54
79	38	39	66	17	37	12	37	8	82	85	19	18	16	31	67	86	21	61	67
21	56	3	40	8	90	90	40	9	65	55	24	42	68	20	96	96	13	72	29
8	71	32	76	3	18	35	83	97	14	14	80	57	77	4	74	56	85	92	39
73	92	85	17	31	26	63	67	94	45	51	20	31	31	36	40	3	29	98	18
83	98	52	16	72	20	13	66	5	55	23	42	4	6	10	95	89	6	22	99
7	81	74	94	43	52	71	18	87	90	4	41	40	32	96	21	65	33	74	96
19	16	86	68	70	53	72	93	97	62	14	11	2	53	29	17	17	30	8	29
14	37	96	37	48	30	1	86	71	33	97	4	82	75	16	54	39	65	68	52
94	53	20	12	44	51	42	83	91	68	57	7	79	59	10	47	99	22	90	80
56	23	42	36	81	56	99	52	21	56	62	44	76	82	60	9	73	45	94	48
94	5	6	85	2	44	12	82	35	89	58	87	60	81	88	14	33	37	91	51
57	54	73	98	20	14	58	29	75	73	62	50	43	43	67	31	37	63	1	25
2	71	37	48	6	97	18	18	32	23	63	71	2	37	78	61	95	83	28	50
30	8	22	91	59	4	34	64	96	65	99	48	77	71	90	18	64	12	25	96
25	67	17	20	89	75	26	14	42	63	56	70	46	4	62	52	96	1	9	76
14	21	81	31	89	85	32	29	83	16	60	19	51	93	52	53	92	35	26	99
17	4	43	15	4	86	27	28	1	68	45	85	57	68	76	95	77	63	30	8
24	17	33	19	7	82	39	66	8	61	42	60	25	36	95	18	25	98	4	37
90	91	13	19	67	23	37	44	93	37	9	66	6	50	90	68	57	65	6	34
51	99	31	30	80	95	74	69	9	5	39	59	41	1	15	64	16	44	24	8
35	74	64	28	68	46	81	34	34	44	41	38	22	82	55	53	66	8	81	13
99	42	18	35	1	17	56	76	55	45	55	37	63	92	23	32	43	55	67	10
78	61	22	13	72	25	97	6	91	26	65	55	87	12	65	59	7	44	57	51
66	93	78	92	89	47	52	38	7	38	64	42	15	76	3	12	78	26	21	58
32	83	28	48	83	83	58	42	94	58	80	46	68	21	32	63	16	21	2	33
28	78	48	10	96	7	29	64	87	25	55	72	39	69	2	7	61	47	88	6
38	98	59	20	98	56	90	25	88	27	55	88	61	40	57	19	53	31	71	13
15	73	39	76	8	30	32	81	57	88	54	26	38	71	93	39	80	56	12	34
75	96	75	86	63	80	22	84	83	89	82	1	49	2	75	64	39	4	23	59
83	14	74	75	50	41	5	12	39	39	1	9	79	61	46	27	79	72	59	23
80	22	39	25	73	64	83	59	23	26	7	43	6	83	63	28	54	17	18	28
12	84	60	5	45	59	51	3	71	38	26	61	61	66	23	28	44	93	85	38
89	23	55	93	28	28	64	22	4	37	82	41	93	26	61	16	99	65	83	25
93	79	64	44	56	36	2	18	75	53	16	21	1	68	9	41	68	26	74	77
56	65	66	47	39	53	85	98	8	73	84	30	81	42	98	4	5	80	58	33
4	73	66	53	61	70	6	7	33	52	15	37	68	44	16	64	36	14	12	70
30	20	72	22	51	25	95	89	70	92	11	11	94	18	41	47	62	96	54	2
35	95	92	10	70	29	56	78	10	15	84	31	67	24	10	88	10	51	31	66
72	1	95	5	48	35	85	75	2	93	44	71	82	88	73	99	37	69	80	86
8	41	58	78	46	26	53	20	29	92	87	82	62	29	60	7	11	88	22	64
85	88	92	79	73	41	73	21	83	7	24	44	10	65	14	42	9	38	89	55
41	10	30	65	27	1	38	91	50	61	45	82	65	5	49	1	59	98	44	21
35	11	44	54	94	15	60	68	18	87	37	3	67	66	23	99	90	2	75	37
39	92	63	66	92	32	89	41	98	13	48	30	67	58	31	72	61	19	92	22
88	84	50	75	68	96	78	42	86	96	57	63	27	18	92	62	54	71	56	70
14	41	14	54	13	42	29	82	19	97	46	68	70	36	51	16	89	31	49	91
88	50	65	74	83	99	91	2	17	10	6	22	88	58	44	19	51	8	86	70
62	76	36	9	11	78	96	57	81	40	70	91	30	95	32	65	38	76	53	51
36	80	87	71	66	57	15	41	24	51	79	11	12	57	80	65	73	98	69	74
99	17	36	1	39	25	28	54	9	32	81	34	3	55	94	26	93	38	4	99
69	37	74	51	23	96	98	73	28	6	95	60	16	12	57	44	46	57	78	92
66	40	61	22	77	75	13	89	13	75	15	40	57	31	32	82	97	10	69	73
11	69	80	60	90	5	72	71	72	76	31	6	16	27	99	13	3	31	34	30
49	62	81	1	95	76	24	9	18	35	37	25	13	46	54	68	56	9	91	99
68	77	29	25	27	5	68	9	5	64	27	21	12	9	91	37	12	41	6	59
44	63	83	47	68	65	80	36	78	9	25	52	51	48	67	82	52	30	9	28
40	21	27	97	10	27	87	14	27	59	42	51	93	77	33	35	76	72	74	91
44	63	25	27	48	24	88	6	65	73	62	17	16	39	9	98	16	83	43	29
24	47	78	9	28	90	47	54	28	44	37	64	33	39	11	91	29	17	91	13
63	13	88	24	27	81	16	91	65	73	34	91	22	16	18	73	66	16	14	88
2	91	13	51	77	50	40	99	64	32	19	6	8	37	78	89	87	18	1	99
3	95	45	32	30	84	40	70	33	83	16	40	63	5	85	71	61	71	42	17
40	14	42	58	83	13	46	83	28	69	39	50	46	6	96	97	40	89	59	77
53	74	53	66	54	61	11	45	21	84	55	25	8	4	67	17	73	63	98	19
9	11	47	4	63	40	45	98	42	35	70	93	19	77	56	31	83	6	52	61
23	67	37	55	54	19	31	91	57	24	81	11	76	1	29	35	8	32	34	38
11	2	95	6	19	56	79	35	90	73	66	81	87	79	77	53	47	75	22	9
11	79	8	59	22	2	11	98	71	62	47	58	8	58	87	81	5	7	22	61
69	99	89	35	64	64	97	67	78	70	34	39	43	89	55	37	33	88	87	76
60	23	63	60	72	8	50	19	57	27	31	74	77	53	35	91	98	90	43	48
60	4	1	32	80	80	59	12	23	85	17	80	25	57	39	39	98	17	31	61
33	27	62	4	2	81	85	75	9	19	16	72	38	16	66	70	33	93	31	95
30	64	28	16	37	88	91	81	60	65	62	43	71	13	5	18	4	14	97	61
75	94	50	43	68	61	67	98	82	55	76	64	8	31	93	78	20	38	96	25
57	89	38	35	56	61	29	86	89	63	97	4	80	27	59	44	19	10	70	68
83	52	88	18	53	24	2	48	51	19	80	72	73	90	56	5	32	20	43	37
18	41	90	91	12	37	48	1	29	9	63	93	63	51	22	66	73	89	60	82
20	73	35	61	17	99	8	8	37	69	79	47	52	87	31	92	70	37	97	64
76	59	60	44	91	3	3	12	88	79	92	48	91	1	60	46	75	1	9	77
15	9	8	1	6	37	37	85	51	93	70	67	8	92	51	9	84	82	70	55
25	34	59	43	9	1	57	52	77	31	4	22	42	77	62	4	84	14	78	79
38	48	62	20	85	60	15	60	17	54	97	20	84	97	11	50	50	41	95	14
35	47	98	84	60	71	60	91	93	31	10	62	53	25	60	96	76	38	54	29
29	83	15	75	1	86	52	9	83	85	80	4	58	74	55	78	1	26	56	18
75	79	38	47	17	27	15	38	49	80	67	83	55	46	23	60	89	73	26	7
5	81	12	74	58	24	4	30	94	6	2	5	23	23	93	31	75	7	99	49
5	50	39	34	74	79	17	27	3	40	79	99	50	53	25	73	80	51	97	96
13	90	81	82	80	96	65	17	34	78	5	79	54	91	38	59	81	4	56	99
45	98	31	80	56	20	68	59	52	75	27	68	48	22	52	94	64	12	41	58
30	25	21	47	77	41	52	63	45	32	92	66	62	74	47	80	20	9	37	50
64	91	92	88	83	94	86	34	51	67	77	30	77	68	24	58	46	71	79	25
82	89	13	53	66	74	17	51	81	14	26	49	9	99	2	20	61	65	53	11
22	47	22	2	29	90	7	74	82	99	42	14	55	9	37	77	73	91	47	59
48	29	86	22	17	34	63	58	32	83	75	70	83	90	90	80	57	32	82	29
98	55	10	54	34	89	54	97	53	34	62	50	77	26	7	63	15	66	47	42
64	12	94	21	75	36	67	91	55	86	81	25	42	13	95	73	74	15	84	76
91	51	66	60	20	85	46	92	1	7	13	18	95	83	38	3	65	32	84	97
6	10	29	11	15	75	26	29	19	51	32	17	32	64	24	63	51	95	9	30
37	32	28	22	85	81	61	46	44	6	97	98	81	17	81	77	38	10	64	79
35	75	96	98	16	23	13	47	21	73	9	67	2	74	24	32	57	9	57	34
94	80	70	48	91	60	36	16	27	4	82	45	46	53	2	51	63	8	42	47
98	30	87	92	78	49	38	50	73	70	6	20	39	88	36	67	1	67	23	1
94	38	71	24	54	83	48	82	47	60	81	12	39	31	71	73	5	81	21	63
53	19	28	36	41	82	59	73	85	64	76	56	89	35	29	51	12	12	90	86
42	55	48	98	94	53	49	72	71	54	72	74	28	46	48	73	37	99	44	87
79	70	74	17	52	50	84	21	90	13	56	32	38	4	17	19	89	71	13	5
4	15	57	6	4	65	92	68	50	89	77	73	35	70	63	4	72	65	97	73

18	6	9	11	14	19	7	11	11	8	18	17	10	20	15	18	1	12	4	12
6	1	17	10	8	16	16	17	19	10	16	2	8	19	15	1	15	10	12	3
14	12	19	19	19	17	5	12	19	19	18	17	11	11	11	8	15	19	3	14
10	3	3	20	4	4	8	10	9	6	6	18	18	1	13	4	2	15	14	19
17	11	17	2	3	10	2	2	14	2	16	13	16	2	16	14	7	9	14	4
11	18	19	1	20	5	8	14	6	14	13	16	16	13	18	9	2	5	6	9
2	14	18	18	9	1	15	17	18	11	14	8	10	1	9	7	11	14	3	10
2	1	8	5	5	13	1	16	19	20	5	19	18	12	3	15	20	2	11	7
13	2	19	19	2	17	5	1	15	13	4	13	8	5	5	1	20	19	5	13
18	14	14	19	9	2	10	10	6	12	4	16	13	9	11	16	1	13	19	13
2	8	4	9	4	5	3	4	11	15	1	14	5	15	17	4	20	2	6	8
3	18	18	15	7	10	20	20	9	16	1	14	3	16	5	18	20	13	6	11
20	5	11	2	4	15	7	9	20	19	17	4	4	13	18	14	2	8	20	13
2	1	1	6	13	20	15	13	6	14	10	12	8	7	13	19	12	1	10	10
12	9	14	5	7	19	15	7	5	20	8	13	17	12	12	17	7	1	13	4
7	11	6	14	1	12	6	20	2	10	4	12	5	2	16	4	12	14	16	7
9	4	8	19	3	12	5	1	11	8	4	5	8	16	13	8	12	16	5	17
3	6	15	14	11	13	14	12	20	15	9	20	16	19	8	10	5	5	7	4
10	11	15	6	12	4	14	13	6	14	17	4	1	3	2	8	5	10	10	5
4	11	17	14	20	12	10	13	17	17	20	1	13	3	13	14	1	19	15	20
20	18	7	19	14	10	20	6	6	6	2	8	9	18	10	7	4	5	20	18
15	10	16	7	15	15	3	5	17	20	7	5	15	15	4	4	16	12	13	2
7	12	7	12	5	20	17	6	4	15	1	10	14	11	8	2	10	10	12	17
10	15	16	18	14	7	15	4	5	15	12	1	14	16	12	15	14	19	17	5
1	7	6	17	15	15	9	4	9	19	3	2	8	7	18	20	16	11	1	19
16	18	11	13	1	3	2	10	2	9	7	12	9	5	17	3	13	8	4	15
17	15	18	11	1	20	1	14	9	19	3	7	19	2	2	18	12	9	1	8
9	11	10	15	10	15	9	10	19	11	6	9	17	3	8	2	13	3	20	3
2	11	17	19	5	10	12	3	19	14	13	8	14	12	11	14	19	10	14	20
13	13	4	14	7	20	3	2	2	10	20	3	16	6	16	20	12	2	11	10
6	3	11	4	9	15	17	17	15	11	15	11	5	2	8	12	10	5	18	9
13	3	10	2	18	17	4	11	9	16	15	5	6	17	4	10	1	4	5	18
10	1	18	20	3	5	1	7	7	2	17	1	3	13	1	10	12	8	14	16
5	17	17	15	8	10	8	15	19	8	8	17	19	10	12	5	1	18	3	12
6	6	14	11	6	1	15	10	12	17	8	10	11	6	18	17	16	10	12	9
6	10	14	13	4	18	18	19	1	4	13	9	19	10	14	8	15	11	15	7
13	19	17	10	10	15	20	14	18	5	20	5	12	2	12	3	18	9	5	6
17	3	2	8	12	9	5	5	8	11	15	7	9	17	19	2	16	9	7	18
11	13	14	11	4	15	20	1	3	16	7	4	10	2	2	5	9	18	5	16
19	8	3	17	8	8	7	15	6	16	3	20	18	18	13	19	15	8	15	5
16	7	3	20	20	12	7	13	5	15	17	9	9	10	14	4	20	10	16	13
16	17	3	20	13	9	14	17	9	18	2	15	17	15	11	7	3	14	14	19
10	17	13	7	3	9	18	5	12	6	5	10	8	14	6	11	4	13	19	9
19	16	7	8	20	11	6	12	1	7	7	12	11	5	3	9	19	11	16	6
19	17	7	14	5	11	18	6	8	15	16	13	7	8	6	15	17	11	5	20
20	19	18	19	7	13	11	17	13	2	5	1	2	3	5	14	15	3	2	19
4	1	11	6	2	12	14	12	1	7	4	11	14	13	12	9	12	18	13	10
4	17	3	12	15	1	7	11	10	1	14	6	3	4	18	5	2	17	16	1
16	16	5	11	9	8	17	19	5	15	8	6	19	14	7	7	2	5	11	13
3	16	14	2	5	15	6	16	20	13	5	20	10	18	14	5	3	4	13	8
18	19	1	19	2	18	16	14	16	4	11	4	14	1	5	3	1	10	1	12
16	4	17	2	7	2	11	1	2	7	17	11	5	4	11	10	13	14	18	4
7	6	16	17	6	18	10	4	8	9	9	10	19	4	6	4	4	8	20	10
17	10	1	20	5	5	7	8	3	19	13	8	3	4	15	5	11	13	16	4
8	18	12	19	13	4	16	17	6	1	15	8	3	20	13	10	2	12	11	1
8	20	19	9	20	1	10	8	13	2	14	2	14	17	8	1	12	5	10	10
18	10	5	7	3	20	13	6	6	6	17	14	3	12	4	13	20	12	18	12
3	2	6	12	7	7	9	17	6	10	12	6	4	19	14	17	17	15	13	15
11	2	18	1	19	10	9	16	20	4	15	17	20	17	10	17	9	5	10	2
7	6	8	14	17	8	3	14	2	13	1	15	7	11	17	5	17	12	16	14
19	13	9	12	6	19	16	19	12	1	17	12	15	2	6	13	7	17	20	17
15	20	6	13	4	17	12	10	9	10	2	17	8	10	7	4	2	2	9	13
8	13	11	9	4	15	1	5	19	4	11	5	7	19	2	4	7	12	8	20
6	2	12	20	2	12	4	17	6	10	19	10	4	11	19	18	19	6	20	19
12	1	18	6	2	2	3	20	9	12	7	7	12	8	17	15	19	14	18	12
10	15	7	5	6	2	10	9	1	6	7	20	20	5	12	18	14	19	14	9
8	20	17	8	8	17	11	17	15	15	4	13	16	3	13	18	8	18	10	4
17	14	6	7	2	19	9	8	13	5	15	8	12	17	8	12	11	1	5	17
4	15	2	8	5	5	1	2	6	2	6	8	5	13	5	19	1	19	3	3
13	9	19	12	16	9	17	15	5	7	18	6	15	18	9	19	19	14	14	4
4	3	16	7	4	4	6	9	15	6	9	10	1	19	12	3	20	18	1	13
8	13	12	10	14	14	14	3	10	11	1	19	2	6	5	9	6	16	7	18
4	1	18	12	4	17	20	11	2	16	16	4	3	9	14	8	9	1	5	15
13	19	18	1	1	4	14	6	11	13	18	8	17	20	3	1	2	9	17	4
19	13	18	10	16	19	17	7	17	12	13	7	17	19	2	13	18	1	6	15
14	16	13	19	2	7	7	1	9	4	12	7	6	15	6	2	5	16	8	9
14	9	8	11	13	1	18	6	15	12	20	11	12	5	15	13	14	8	20	7
18	9	6	20	18	1	18	16	13	13	15	19	18	13	10	10	18	10	5	8
2	10	1	11	20	4	10	7	9	11	15	4	16	6	10	20	7	20	14	19
7	19	20	13	12	13	15	14	3	5	10	14	2	8	2	16	11	17	16	6
15	5	8	14	17	7	10	15	5	1	13	3	18	18	16	20	17	9	7	11
5	4	16	19	7	20	15	1	18	9	1	6	9	6	11	19	8	14	7	1
6	18	14	2	7	9	17	2	9	6	7	20	16	7	9	4	2	17	17	16
2	2	19	1	9	17	6	9	2	8	8	5	15	4	8	3	18	19	9	10
17	16	11	7	17	16	17	4	11	19	18	10	4	7	8	5	16	20	15	1
2	13	14	6	15	10	13	17	15	12	8	4	7	1	19	20	5	14	3	6
20	17	4	6	13	15	2	3	6	1	12	14	16	18	10	13	17	11	11	15
7	8	16	8	4	11	14	18	10	18	15	20	19	3	2	20	5	8	14	14
10	8	5	2	17	4	1	5	18	8	15	9	18	5	15	6	2	8	1	1
5	17	12	1	6	2	15	3	1	6	2	5	5	5	9	12	8	7	1	17
11	20	13	16	16	9	6	9	2	1	1	15	7	6	16	1	7	16	5	2
13	5	19	14	16	8	7	9	16	20	19	4	9	14	15	14	18	2	5	10
8	18	14	14	19	20	9	6	10	18	3	16	5	14	1	19	17	20	16	18
9	6	19	10	4	7	15	12	20	20	7	12	11	5	6	5	9	10	3	17
12	2	13	10	11	14	7	7	11	12	8	11	14	6	16	14	16	2	8	17
20	9	8	14	14	20	20	5	8	12	1	10	18	9	10	16	9	1	6	20
4	8	13	12	11	11	16	13	16	8	19	3	7	15	10	4	13	20	6	15
14	4	13	17	12	16	9	2	8	6	13	12	20	16	6	4	8	10	2	7
12	7	12	7	2	10	4	2	18	10	10	4	7	12	4	10	11	10	10	5
14	1	16	2	17	15	11	11	1	17	8	18	10	17	4	2	10	1	10	20
17	11	9	4	20	4	18	5	5	15	18	4	2	15	14	20	11	12	18	20
8	10	13	16	6	5	2	6	18	3	13	14	4	6	11	13	14	13	13	15
20	11	10	16	10	15	3	18	17	19	12	4	3	15	12	14	6	19	8	19
14	1	2	11	16	14	18	13	9	6	15	12	8	12	13	10	16	4	19	9
18	10	1	15	6	18	4	3	8	7	4	18	3	1	10	20	7	16	19	16
11	18	7	1	18	10	15	11	3	15	8	7	4	6	20	16	17	11	7	5
2	19	18	9	7	9	6	15	4	9	2	12	16	8	17	5	15	4	13	16
9	2	17	14	2	11	19	13	1	16	15	15	20	10	3	5	4	8	11	16
8	4	6	13	7	12	12	14	3	17	15	10	20	7	2	4	10	13	8	18
19	15	12	10	2	9	2	12	2	11	7	4	10	16	18	5	12	10	6	8
6	16	1	18	6	18	16	10	6	3	16	1	7	4	2	9	12	6	19	10
13	9	20	3	20	9	9	5	19	15	8	13	20	10	12	9	17	9	5	6
19	11	9	20	5	13	16	11	10	18	19	1	11	3	19	12	14	8	12	15
14	17	13	3	7	7	16	1	20	14	5	11	10	6	16	17	15	15	17	8
17	18	1	15	17	19	19	14	13	5	16	18	18	1	3	4	14	6	16	3
7	11	12	3	9	2	11	1	3	5	3	15	12	20	5	18	3	4	4	10
7	13	8	19	4	2	2	7	18	2	17	8	15	1	14	14	20	3	8	13
3	9	7	15	4	4	11	3	14	13	2	6	3	10	1	17	2	14	16	10
18	9	8	18	19	3	11	9	16	2	3	8	1	16	13	17	14	14	20	7
9	15	18	17	20	20	12	11	7	8	3	16	20	4	19	18	18	10	16	9
15	16	2	18	11	15	20	16	13	8	13	14	5	9	8	2	18	2	18	16
1	7	8	11	1	19	9	11	18	19	7	5	13	14	10	19	8	14	18	5
4	19	10	15	9	9	15	8	3	9	20	7	20	18	9	17	4	12	18	13
6	7	8	15	10	7	6	4	15	13	7	13	12	10	6	6	13	5	5	9
3	12	3	5	12	16	4	16	15	8	13	6	20	19	11	8	19	14	7	8
15	4	3	12	3	15	9	6	19	14	3	16	9	6	1	17	8	3	14	10
12	15	12	12	3	18	12	1	15	10	7	19	6	13	20	5	5	18	10	6
11	1	3	15	5	20	7	7	14	20	1	15	3	6	8	8	3	9	17	6
9	2	4	16	13	14	9	2	16	6	20	18	14	8	19	4	8	6	9	10
20	2	20	15	9	6	13	7	10	8	1	7	18	19	12	18	19	8	12	9
18	11	18	10	12	17	5	10	15	6	5	14	13	20	15	15	13	15	19	3
16	20	16	17	17	15	8	18	15	15	15	7	11	3	14	14	18	16	12	18
10	15	1	11	15	11	13	12	4	1	12	20	18	7	2	3	13	12	6	18
10	7	2	11	9	17	16	4	11	9	15	3	8	20	7	18	4	4	19	13
17	14	19	7	15	19	12	8	17	15	5	17	19	20	6	3	14	8	17	12
19	20	14	11	11	4	1	9	13	18	18	3	14	5	2	15	11	9	6	10
3	15	16	20	8	9	2	7	12	20	7	10	1	8	9	15	15	9	1	2
14	16	14	4	4	1	8	14	14	15	16	1	9	19	14	12	16	8	13	18
1	20	8	9	6	10	2	2	5	2	7	18	13	7	16	1	17	5	2	15
9	2	11	10	4	7	1	3	13	1	12	17	20	9	1	14	5	16	3	10
20	1	7	10	13	10	10	19	12	12	6	15	4	20	17	3	17	7	17	7
15	8	12	3	14	1	19	6	17	6	17	8	8	4	7	20	5	3	12	20
2	12	12	1	18	2	14	17	8	3	15	4	7	13	3	4	4	10	18	11
16	5	4	14	14	12	5	4	4	12	15	19	9	4	6	10	2	20	18	5
8	8	17	12	2	20	3	14	6	20	18	11	14	19	14	4	16	13	12	10
15	5	13	8	13	13	8	20	12	8	5	10	10	15	7	17	8	10	18	8
12	4	6	12	6	15	17	11	14	4	6	8	2	1	17	12	4	2	19	10
13	1	19	2	10	12	9	5	17	2	1	18	15	2	9	19	18	20	3	1
7	8	12	2	10	3	6	3	15	19	15	9	3	10	6	20	4	18	8	17
16	13	13	14	13	16	3	10	17	14	12	14	1	8	16	19	10	11	16	20
17	7	9	17	11	4	19	9	2	1	5	14	15	19	3	14	2	18	8	17
11	20	10	14	2	18	17	9	15	13	15	15	13	19	16	14	8	8	5	13
17	13	13	15	19	18	2	8	9	11	20	10	15	10	17	4	19	12	7	6
2	12	18	10	10	17	16	11	17	6	19	18	19	4	10	15	17	15	4	6
4	5	20	17	5	5	1	13	12	2	3	4	19	11	8	14	18	20	8	20
5	7	16	8	10	17	7	11	3	20	15	11	6	16	15	6	12	6	13	1
2	4	19	1	5	9	1	9	2	9	15	7	4	19	5	4	16	3	12	2
18	5	18	14	2	6	8	11	13	13	16	7	16	17	7	3	10	20	6	4
13	17	11	16	4	13	11	7	16	14	12	14	18	19	10	7	15	7	18	2
13	11	9	9	17	1	4	9	6	9	10	10	8	3	17	16	10	7	2	15
11	18	5	10	10	5	8	12	15	11	1	8	13	15	13	7	11	5	16	7
15	7	19	10	6	4	5	5	8	15	20	11	7	7	16	4	20	4	18	17
3	7	4	13	7	6	16	10	1	4	13	16	13	16	12	9	20	14	2	1
14	12	3	5	17	6	5	10	1	10	3	7	13	4	15	7	12	13	11	4
14	12	13	13	7	17	1	8	14	4	14	3	7	9	12	7	2	1	13	8
9	18	2	7	18	6	12	1	19	4	8	15	9	7	4	15	6	11	6	7
5	8	15	19	8	3	15	20	12	14	15	4	14	7	3	2	7	17	2	16
18	15	2	5	1	15	10	5	13	2	20	5	19	16	16	13	2	10	7	16
7	20	7	14	4	11	10	6	16	15	3	2	13	6	18	7	9	20	12	11
19	9	11	14	5	8	6	12	7	10	19	14	9	12	3	2	3	1	11	9
18	11	3	19	11	9	2	3	6	18	9	18	7	14	6	6	11	13	15	20
16	20	17	15	5	3	6	19	17	5	2	15	14	15	3	20	1	7	1	13
2	7	16	9	19	15	10	3	5	10	10	19	11	13	17	9	5	18	2	9
15	8	13	11	6	14	6	3	15	19	5	7	1	12	6	5	9	2	3	17
10	8	6	13	18	7	14	15	14	2	10	2	3	17	18	8	11	8	18	18
1	1	14	20	15	16	20	18	15	9	12	11	14	20	19	2	9	17	12	5
14	13	4	14	7	5	17	8	17	13	11	5	17	1	16	1	10	14	19	6
4	20	17	16	6	14	2	7	8	11	15	11	15	5	9	13	2	1	14	3
1	5	15	7	2	16	11	7	15	13	2	8	18	13	18	18	3	3	20	11
13	13	14	1	2	5	13	5	15	4	5	5	1	5	18	6	3	4	4	1
19	6	4	9	18	13	10	13	14	10	9	12	19	7	8	11	17	5	15	6
1	16	1	3	10	11	3	20	9	6	16	20	9	15	15	9	13	15	1	16
12	5	3	5	13	16	8	9	16	13	11	13	18	2	13	11	17	7	16	13
14	14	12	11	16	16	16	20	17	2	18	18	13	4	7	6	1	6	17	19
16	9	15	17	9	6	12	6	4	17	3	4	11	2	17	16	4	12	20	8
4	9	15	13	19	5	7	15	7	13	11	19	5	14	12	16	5	17	5	12
13	18	9	12	1	4	13	6	10	14	6	8	18	9	15	18	8	20	14	8
4	19	19	15	13	3	7	14	18	18	12	18	4	6	13	17	16	12	5	11
13	14	7	17	1	19	11	19	1	20	9	14	5	11	19	9	7	6	14	12
10	5	14	10	11	2	8	6	3	10	11	14	9	9	16	4	3	20	13	8
2	3	9	5	12	9	15	8	7	17	15	20	8	3	5	2	14	1	9	5
13	8	9	18	6	13	18	5	20	20	18	18	15	1	1	8	19	10	4	12
12	15	3	12	14	9	19	4	13	5	13	10	20	16	2	9	16	7	14	19
2	8	14	17	8	18	19	14	10	9	4	19	3	2	18	4	2	11	4	19
19	10	2	13	17	17	8	2	2	5	5	19	14	12	10	17	18	5	8	13
3	3	18	20	13	15	18	2	14	17	2	17	4	7	1	17	20	10	13	20
9	17	19	12	2	14	4	1	3	20	15	10	15	7	5	3	8	8	11	12
8	3	8	3	3	1	3	10	20	12	6	7	20	14	17	19	8	6	7	16
18	20	11	15	14	2	16	9	14	4	18	17	2	12	12	16	14	19	14	4
1	20	20	18	1	13	9	19	17	17	17	6	4	19	15	7	17	18	20	3
15	8	3	6	14	6	16	1	13	14	14	3	18	1	7	1	18	20	11	6
3	7	4	20	19	6	3	5	8	20	4	13	17	20	18	3	4	17	19	12
2	13	2	18	1	1	16	19	20	17	6	6	15	2	12	13	19	20	11	4
1	20	9	19	11	13	8	11	14	19	1	16	13	5	11	12	6	20	4	1
14	2	19	12	4	3	11	19	8	18	12	15	10	5	7	4	12	10	13	16
15	2	13	14	15	9	8	3	2	18	5	16	15	11	11	17	3	19	1	9
11	16	3	8	20	8	3	19	20	18	8	3	19	12	10	7	17	17	10	20
6	18	8	14	14	11	8	8	8	10	13	8	20	5	12	16	20	8	5	19
13	12	9	4	19	11	17	10	9	12	16	15	16	14	17	11	20	11	10	13
19	6	5	13	14	2	3	3	15	4	13	4	18	2	12	16	1	2	7	2
6	12	12	17	11	13	17	7	5	20	20	11	7	11	10	8	15	16	20	20
8	19	19	19	9	10	20	6	8	2	5	19	3	19	3	20	6	17	14	9
2	8	14	1	4	16	11	15	1	4	15	14	7	13	1	14	8	2	19	15
5	1	3	20	12	5	12	6	4	8	16	15	16	18	15	6	9	20	10	14
1	2	5	19	1	14	12	19	1	4	19	10	5	9	17	9	3	11	9	1
10	19	15	19	20	11	3	20	16	19	7	8	10	14	8	16	2	8	10	12
13	16	11	18	10	8	17	11	9	16	2	8	14	3	3	3	12	3	9	14
5	11	16	10	20	12	2	20	4	6	14	13	11	10	16	15	9	8	16	11
2	4	17	7	7	14	16	6	17	10	20	17	18	20	7	10	18	8	3	2
6	20	2	18	6	12	5	15	6	17	19	13	11	8	15	9	6	16	5	20
9	17	10	15	6	10	2	6	13	12	13	12	19	16	11	20	5	16	7	19
20	6	10	14	16	5	19	9	2	11	8	2	6	13	17	14	19	7	16	1
6	1	7	19	11	14	4	15	8	17	15	2	3	2	14	16	3	7	18	6
11	13	12	12	10	18	1	19	15	15	13	10	2	19	4	2	10	14	17	1
9	13	15	19	8	18	17	15	5	18	16	19	18	6	7	15	20	15	16	3
9	16	18	12	13	16	3	2	1	8	14	7	20	1	12	17	13	14	10	19
18	14	11	7	9	8	17	2	5	1	2	8	17	1	1	13	12	3	19	20
18	3	5	20	4	18	16	6	17	16	19	4	18	10	9	1	8	20	10	14
19	6	2	6	20	7	14	15	8	1	14	7	16	2	13	12	8	16	1	12
17	13	8	5	6	17	11	9	9	20	18	7	6	6	13	9	18	20	15	14
12	10	8	16	17	6	20	19	3	17	18	15	4	4	18	12	10	18	18	12
4	10	13	11	10	4	4	7	7	5	11	13	16	7	11	15	1	18	11	1
2	15	14	19	18	2	2	9	1	19	4	9	1	1	20	2	20	12	6	7
15	4	14	1	5	9	4	1	9	13	6	3	8	7	20	18	15	3	10	11
4	10	14	17	20	9	7	1	8	7	19	6	6	12	4	17	5	6	4	1
6	13	10	5	1	7	14	18	12	1	11	6	1	2	9	6	14	6	4	13
13	9	3	14	8	6	20	9	16	14	17	3	5	7	18	19	1	12	10	1
11	18	6	10	8	20	3	8	20	7	15	16	6	12	9	3	13	5	15	2
4	3	3	13	8	17	10	4	5	11	15	17	3	13	13	3	18	6	2	7
11	11	16	2	7	7	5	12	10	11	10	16	2	14	18	17	20	10	8	12
7	10	16	15	18	4	3	14	1	19	7	8	10	19	12	9	16	6	9	19
6	10	4	15	17	9	5	10	1	20	16	7	11	13	20	19	17	20	5	18
12	9	1	18	19	17	7	5	7	1	8	7	12	19	2	20	18	7	19	18
17	19	16	3	3	4	5	7	6	17	8	8	9	11	2	14	17	6	13	2
6	15	7	5	19	17	17	11	8	6	20	4	16	11	18	3	11	12	14	15
6	6	13	12	3	12	18	2	8	3	7	14	3	7	13	7	4	6	12	6
1	13	15	15	13	7	9	5	15	13	16	8	4	8	5	11	19	8	13	7
19	3	13	8	9	8	13	13	15	18	11	11	6	10	8	3	9	18	1	5
5	6	5	5	14	14	4	16	14	10	10	1	12	13	14	11	13	6	8	8
18	16	12	10	8	2	19	1	20	20	9	1	20	17	2	3	20	6	8	5
17	1	10	13	8	17	1	18	8	1	5	10	20	4	6	13	3	4	2	1
6	19	13	6	5	20	20	16	11	6	17	14	9	10	5	5	16	11	10	2
13	15	6	17	11	9	12	19	11	17	16	5	17	8	17	5	16	1	11	20
19	16	15	8	10	18	10	16	12	12	8	14	6	8	10	17	20	3	2	17
19	4	19	13	12	14	9	15	18	12	10	11	16	19	15	15	8	2	2	17
6	15	13	15	20	4	10	19	7	10	20	8	2	1	9	20	14	10	1	17
5	14	3	9	19	19	9	1	16	20	8	12	10	3	5	3	11	10	16	9
12	16	9	2	2	15	15	10	11	4	10	11	8	9	5	20	16	8	8	11
9	12	1	3	5	10	6	2	12	20	14	1	7	1	6	18	20	20	18	11
16	18	20	7	3	7	20	11	20	20	17	6	12	4	7	6	2	11	19	3
13	3	1	4	16	2	5	12	5	1	9	17	12	1	17	12	14	17	19	12
14	4	15	3	5	9	15	12	18	6	2	19	9	11	18	14	9	3	18	17
12	17	4	2	9	20	16	15	12	4	8	5	18	16	16	18	19	5	4	2
1	12	17	20	10	8	12	5	18	3	1	1	14	1	5	18	13	3	15	17
3	10	20	3	2	6	13	10	5	7	5	4	20	1	1	13	20	4	13	6
2	9	17	12	20	19	20	18	9	7	20	7	5	13	1	13	18	10	10	20
11	4	3	5	1	12	10	7	8	18	10	4	4	1	8	4	1	11	20	10
11	15	6	9	15	5	2	14	9	16	6	9	17	19	3	3	13	8	15	8
5	15	8	17	1	20	18	14	11	5	9	15	17	13	18	6	7	6	9	11
12	16	7	20	8	20	8	4	8	17	16	18	19	4	20	13	13	13	19	12
20	9	12	10	5	10	19	7	5	5	11	13	17	4	6	7	4	8	2	14
16	12	13	18	19	12	1	10	2	18	17	16	4	9	16	5	8	9	16	16
2	6	12	6	6	12	20	18	2	1	2	19	19	13	18	2	7	6	8	13
1	9	7	16	15	2	7	10	2	5	18	17	3	16	20	6	9	11	17	15
13	12	12	16	4	3	16	15	4	10	9	19	5	4	19	4	2	20	1	8
12	19	10	11	10	19	19	18	3	1	16	10	17	16	18	18	7	3	2	10
6	18	13	13	19	13	9	15	7	8	10	2	10	6	20	14	20	12	6	7
15	19	10	2	1	19	13	12	4	6	20	10	4	9	5	15	13	1	15	15
14	9	11	16	9	9	4	11	12	5	5	1	13	5	10	2	17	11	20	7
8	5	8	11	17	6	3	19	12	16	10	7	7	6	18	3	11	16	15	12
4	16	11	8	10	4	11	3	12	3	13	14	1	17	4	11	11	10	5	8
20	1	11	20	15	9	8	14	16	6	14	12	4	8	9	17	20	2	20	4
2	20	16	7	19	11	2	19	19	5	9	3	18	3	20	8	18	14	18	17
6	11	10	16	18	17	10	14	17	5	20	4	10	7	8	16	9	18	19	4
20	3	6	2	3	16	12	1	9	11	17	4	19	5	4	11	1	5	8	5
2	1	16	16	20	19	6	3	16	16	9	4	14	7	3	1	12	9	1	15
18	10	2	7	17	13	13	3	18	11	5	13	6	18	3	15	19	1	10	13
20	20	18	15	18	15	9	3	9	7	7	19	1	1	2	2	20	18	2	5
20	15	12	4	3	6	10	1	16	14	17	8	8	17	8	8	19	7	9	3
17	5	11	9	12	11	6	3	3	4	8	8	17	10	6	7	11	19	1	8
19	3	4	20	1	6	18	9	10	12	18	10	2	1	5	19	14	9	20	13
8	8	20	9	13	16	17	18	11	10	1	10	10	19	7	14	9	1	4	5
4	15	1	9	9	19	11	16	13	6	3	3	6	15	2	9	5	1	17	17
9	18	4	13	8	19	10	11	5	16	17	16	3	7	12	17	2	19	17	18
19	11	11	20	13	6	16	2	16	12	17	2	6	4	11	17	15	6	13	4
2	10	15	2	17	12	13	17	2	3	1	10	3	4	4	1	5	12	12	4
12	12	6	3	17	7	12	15	3	4	9	8	15	14	3	3	15	15	16	20
2	3	5	15	2	11	10	7	19	18	20	16	1	17	5	15	10	6	18	11
15	2	5	10	10	10	9	4	1	16	9	5	10	20	8	10	4	8	19	4
15	11	17	1	16	2	2	10	9	8	1	6	7	15	1	12	2	20	19	15
3	9	17	12	14	14	15	12	2	7	6	14	2	12	7	15	7	12	13	10
13	15	15	12	16	1	10	11	15	16	10	1	4	14	6	16	4	1	5	4
4	17	13	14	8	6	1	18	6	14	9	8	2	14	5	6	17	3	1	10
17	16	1	15	5	15	16	3	17	5	10	9	20	9	8	5	5	10	6	15
19	20	6	1	7	15	14	8	2	18	2	1	9	19	10	5	7	14	3	15
3	3	20	11	17	4	18	18	6	9	20	1	3	1	13	7	9	13	12	15
16	9	14	5	3	20	3	7	4	13	2	17	8	9	4	12	11	15	12	11
18	2	15	8	13	4	9	13	9	4	2	17	5	16	2	19	17	17	4	1
18	10	13	3	1	19	20	6	10	13	8	5	2	20	2	14	20	4	19	6
9	1	13	4	15	16	8	8	15	19	3	11	3	1	8	8	10	12	18	10
17	9	15	2	17	12	2	20	19	20	6	9	8	11	17	4	12	3	16	16
13	15	12	16	14	16	8	6	19	3	14	12	17	2	18	14	2	1	2	13
3	5	19	7	2	6	18	3	8	4	18	7	17	11	1	8	10	2	20	8
2	11	5	10	17	6	16	4	6	7	11	2	7	19	11	8	19	7	9	10
11	20	8	11	5	5	12	3	8	13	14	1	19	7	14	15	11	2	17	6
12	10	10	7	3	13	9	5	10	13	2	16	2	7	3	7	9	19	12	7
1	16	12	4	2	12	13	12	16	3	14	3	20	12	2	18	12	11	6	1
14	6	6	10	17	15	7	13	13	18	18	1	20	11	19	10	4	8	8	9
19	14	1	2	3	3	2	8	16	19	7	11	1	2	9	1	14	18	4	7
6	14	15	11	15	5	4	8	5	15	3	19	19	14	3	5	9	18	1	19
16	9	10	4	3	4	4	20	15	6	3	8	20	1	20	11	2	16	11	19
20	13	12	12	19	18	8	11	9	20	19	14	12	13	4	6	20	6	17	7
5	8	4	10	15	7	9	19	17	15	15	10	4	14	1	4	19	15	2	10
15	14	17	1	6	14	20	17	10	12	4	19	3	16	2	15	8	6	17	3
15	1	3	19	2	14	14	3	5	4	14	11	4	4	10	15	8	18	9	9
17	15	10	19	3	6	20	8	15	20	11	17	6	17	7	3	8	4	17	15
13	13	13	13	6	5	13	14	19	14	9	9	13	1	16	14	7	2	12	17
15	18	15	20	12	6	10	15	19	1	10	14	13	19	7	9	2	5	12	9
10	3	6	17	4	3	7	10	10	5	20	20	18	1	20	5	4	9	8	11
2	1	14	18	19	5	19	8	6	15	13	19	18	19	11	6	17	15	19	5
18	13	20	14	2	12	7	8	9	13	9	10	15	20	11	10	5	2	7	7
6	7	3	20	15	11	6	11	19	10	17	3	4	17	19	20	2	15	1	3
8	3	18	20	10	10	16	20	9	13	15	20	16	9	17	5	8	13	6	13
7	11	20	9	1	8	8	11	19	9	7	7	9	14	13	14	1	10	3	10
17	2	13	1	12	4	17	17	2	1	11	3	13	17	9	16	12	16	10	11
19	12	9	5	10	7	5	8	20	1	11	10	5	1	8	12	13	10	10	14
4	18	6	7	8	20	14	20	12	7	6	7	16	6	14	18	15	4	1	8
10	10	4	16	10	1	14	15	3	4	3	1	6	8	7	4	1	4	2	4
20	11	7	20	2	19	8	15	6	1	14	9	14	1	20	3	15	14	17	17
5	20	9	2	20	13	19	19	18	14	1	4	13	9	14	19	9	19	4	12
13	13	15	1	17	13	9	13	12	20	1	3	15	13	1	9	18	10	1	16
7	19	5	11	19	11	5	10	10	3	10	2	2	20	6	9	7	3	18	6
16	10	12	13	19	20	9	8	12	20	10	9	9	11	15	11	18	15	17	14
6	5	4	4	3	8	15	1	20	14	16	8	20	6	12	7	16	10	6	1
16	19	11	7	10	7	10	6	1	6	4	14	20	13	14	5	8	4	11	3
3	2	1	9	3	9	20	13	11	8	10	11	4	17	8	13	12	12	11	3
12	9	14	18	6	7	14	11	13	17	4	17	16	1	4	18	19	11	5	6
2	3	1	4	3	20	5	14	14	8	19	15	4	15	18	18	10	1	11	19
18	17	10	18	10	1	8	15	15	9	5	11	11	9	2	15	19	7	20	19
18	16	13	10	11	16	16	3	7	20	13	15	16	18	1	4	19	7	9	7
6	19	10	14	14	5	16	4	7	14	14	18	17	17	9	9	12	4	10	5
19	9	6	10	7	10	17	14	17	9	4	8	3	11	15	18	19	16	2	15
6	12	16	4	2	6	4	10	3	19	4	1	17	7	7	15	5	15	2	3
13	18	10	18	5	11	15	5	10	20	9	3	14	8	5	2	3	15	16	8
10	20	6	4	5	2	9	8	8	20	9	9	14	3	1	3	8	15	16	9
8	10	13	13	12	13	12	1	4	9	3	17	13	4	3	10	3	18	17	17
19	1	15	11	14	11	2	20	19	13	7	10	8	4	5	12	18	12	12	20
19	5	13	12	15	20	19	19	6	18	20	2	2	8	16	13	9	14	11	2
3	10	8	4	19	9	15	15	18	7	10	2	1	8	2	7	20	10	1	13
10	8	5	8	15	2	18	1	7	15	9	3	8	17	12	10	7	19	14	11
3	9	12	1	6	1	17	2	5	19	19	1	18	4	16	9	11	5	3	17
12	14	15	18	5	17	1	14	12	16	13	9	6	16	18	3	17	4	15	18
3	9	8	3	19	8	12	19	19	15	10	1	10	6	10	14	17	16	8	17
5	17	8	5	5	14	18	9	17	4	9	8	5	17	19	4	9	11	15	8
1	5	4	20	20	14	6	17	2	2	12	10	2	10	9	10	5	6	4	12
2	9	15	3	14	16	2	15	15	11	15	10	3	6	7	17	9	2	5	12
7	11	17	7	18	10	2	10	10	10	7	15	12	17	9	3	15	17	4	16
3	3	15	14	7	3	13	14	11	13	4	11	7	17	17	17	5	5	5	19
2	15	7	11	11	15	1	6	2	18	6	6	3	11	3	14	8	5	3	10
11	15	18	10	18	14	11	6	17	12	15	20	9	15	18	8	6	19	4	14
16	8	15	4	9	14	14	4	7	6	19	17	11	7	6	16	13	15	14	12
1	13	9	20	20	4	5	11	18	12	18	1	13	3	15	3	2	20	19	12
9	7	2	1	14	19	11	11	20	7	6	20	6	14	14	19	16	9	20	17
2	3	11	13	5	20	2	14	3	1	13	1	7	3	15	16	4	15	20	1
6	2	17	11	7	2	5	19	3	5	11	9	16	6	8	7	1	20	14	8
10	6	14	2	10	6	12	1	4	8	14	14	5	17	19	18	7	13	14	7
20	18	9	9	4	8	19	5	20	6	11	1	16	14	14	1	8	16	1	15
7	14	1	6	13	16	13	1	17	4	15	18	6	18	5	12	18	14	16	15
11	8	19	8	14	16	15	7	3	5	1	3	12	12	20	12	12	2	17	5
15	13	11	18	5	5	18	18	12	13	16	11	12	11	19	4	14	20	14	19
19	9	12	13	18	7	15	4	9	14	15	2	17	3	2	3	8	7	13	11
12	12	15	4	7	7	20	17	4	18	8	8	6	18	13	7	13	19	18	16
1	14	7	3	7	17	2	8	19	7	11	11	5	18	18	1	9	2	11	20
2	13	12	19	16	1	8	9	3	19	10	19	7	2	16	19	9	1	19	14
5	5	12	5	8	10	3	11	18	17	15	5	13	8	18	7	10	20	8	1
15	3	14	20	13	12	8	9	17	17	17	17	3	16	5	16	13	12	7	11
9	13	9	5	15	8	13	18	5	16	4	8	8	12	14	1	3	9	1	2
16	13	1	14	18	19	3	7	3	7	7	19	18	11	19	3	13	4	5	8
12	15	20	15	19	6	8	15	10	6	9	3	3	8	5	3	7	1	9	10
6	6	4	18	1	14	7	8	2	17	9	3	5	14	8	17	12	14	17	19
11	6	20	1	6	15	7	17	20	16	15	19	12	14	12	12	13	10	15	12
1	18	19	12	17	5	4	2	12	5	12	15	18	20	3	13	2	16	3	9
18	9	5	4	15	14	18	14	11	18	17	5	2	15	13	14	5	19	10	6
12	12	20	3	10	9	18	11	7	3	2	8	18	2	4	14	5	2	8	17
14	12	9	16	19	2	9	19	12	14	6	17	11	16	14	2	3	5	3	6
15	6	9	4	7	14	16	11	10	13	4	20	8	11	2	11	13	13	20	20
3	7	20	16	2	11	7	9	3	18	7	1	19	3	1	6	11	10	14	19
8	6	11	8	14	11	11	18	14	20	6	2	3	13	13	17	9	14	5	7
19	17	13	5	7	16	11	15	18	14	17	8	18	3	18	19	16	14	3	19
15	6	19	19	20	4	5	17	20	3	6	15	12	17	19	11	10	11	17	18
19	11	14	4	8	15	10	14	16	1	15	11	15	9	6	2	17	19	10	7
16	6	19	12	5	18	17	5	20	15	10	16	8	20	8	4	13	18	16	4
2	11	15	16	4	16	3	8	15	16	10	10	14	9	15	13	18	15	7	7
20	5	5	18	6	9	11	20	8	2	6	2	20	9	6	4	3	14	12	14
9	19	5	3	13	16	12	17	9	2	1	5	5	5	5	15	10	10	1	13
7	12	14	5	16	19	15	6	2	19	13	19	6	6	12	17	9	13	2	2
9	9	6	14	11	17	19	11	12	16	12	6	19	5	14	13	18	8	16	8
14	10	3	20	5	4	1	6	12	18	19	2	8	17	5	19	19	2	6	14
9	18	1	6	19	17	16	16	5	17	5	3	7	4	19	10	12	8	17	8
3	14	13	3	14	11	6	8	11	1	7	15	9	17	12	15	19	1	18	5
16	7	9	17	17	7	20	17	15	5	13	6	5	19	9	19	4	5	10	1
19	4	8	10	12	20	4	19	10	20	13	9	8	14	19	7	17	15	4	13
9	10	5	10	9	11	13	1	16	1	7	7	17	4	16	10	3	14	16	16
12	9	8	13	10	10	18	14	17	1	8	4	10	9	19	11	19	3	3	20
16	19	16	17	10	9	2	7	20	7	18	10	2	5	10	17	2	10	12	15
13	14	17	17	14	18	17	17	2	12	5	8	4	15	15	18	5	17	8	11
1	13	14	13	14	7	4	6	10	11	19	5	2	5	7	6	3	11	7	20
7	13	14	3	10	18	8	2	17	10	20	19	18	13	9	10	12	4	6	4
7	3	6	16	2	6	9	18	11	2	19	17	9	2	20	14	7	1	8	12
16	2	8	7	10	5	7	20	6	17	13	19	18	16	16	20	2	8	7	13
11	20	3	14	19	12	19	8	3	10	5	2	20	2	10	17	15	2	8	12
4	9	10	14	1	1	3	17	15	17	10	17	7	1	15	18	18	16	5	9
14	10	15	19	10	2	12	11	15	13	8	2	19	17	12	20	20	11	17	2
13	7	4	6	2	6	5	17	16	5	19	9	7	19	10	11	3	15	13	8
18	19	3	15	15	15	9	2	16	7	3	18	14	11	9	9	3	6	3	7
11	15	6	11	12	17	1	17	17	3	5	15	18	10	11	3	1	15	1	9
2	11	19	13	3	8	9	7	19	10	4	8	13	12	17	11	19	13	14	14
16	13	3	7	18	19	6	19	7	18	13	18	12	13	18	5	3	18	2	8
16	10	19	11	18	19	4	9	20	17	16	15	9	1	12	17	11	1	4	20
8	11	9	19	20	2	6	18	15	2	16	16	11	10	14	8	17	15	16	1
8	12	4	13	9	4	6	15	4	19	20	8	19	6	6	14	3	19	7	12
11	3	12	11	2	3	2	12	3	7	3	2	17	6	15	16	17	9	5	19
15	19	19	10	7	17	1	18	10	17	16	11	6	11	8	4	17	2	10	17
17	11	14	2	20	3	18	3	10	11	16	11	5	7	19	20	20	6	8	2
19	2	18	6	4	4	14	5	8	15	14	9	20	11	8	4	10	1	16	18
1	5	11	1	13	8	9	17	3	19	20	16	11	5	9	10	6	10	19	18
18	16	9	4	19	10	3	1	9	16	13	6	20	7	5	20	2	12	6	5
11	11	2	14	18	13	12	20	14	9	14	13	3	16	6	16	18	15	9	4
4	4	9	11	16	9	7	7	7	2	7	4	11	3	10	8	7	7	3	7
14	14	9	3	18	11	3	8	12	4	19	20	5	17	6	15	8	16	3	6
19	8	1	11	5	1	1	19	15	10	11	1	4	18	8	6	11	8	10	3
4	18	3	7	6	8	18	18	18	3	4	12	1	14	5	7	9	8	5	1
9	9	1	17	14	8	17	13	20	12	7	17	5	17	11	15	15	5	11	15
10	13	2	3	3	1	5	8	4	10	4	10	12	17	1	4	8	15	7	3
6	7	10	11	5	20	12	9	14	14	13	19	6	18	14	10	8	20	14	6
11	19	13	14	15	7	4	15	5	12	14	2	13	13	10	7	10	9	5	5
2	7	1	20	13	19	3	10	10	15	20	20	15	11	12	16	11	20	19	16
18	12	12	11	3	20	19	14	17	17	6	10	19	4	15	17	18	16	12	17
4	6	8	9	6	3	7	12	7	11	19	13	17	7	17	15	11	12	12	11
5	9	8	2	20	18	10	5	20	2	6	5	9	6	19	3	7	2	5	19
3	19	4	10	9	4	19	3	7	16	4	13	15	16	3	8	12	10	8	1
11	3	4	6	5	4	3	9	18	9	10	9	2	10	3	18	6	7	16	19
11	11	3	6	4	2	3	4	19	5	1	5	17	20	9	6	13	18	13	13
6	5	16	10	8	3	7	10	1	17	7	12	13	15	17	1	2	17	6	2
5	20	3	20	4	1	12	8	16	17	16	16	7	5	2	5	20	11	17	5
12	10	16	8	8	7	6	19	9	11	13	10	11	7	17	17	2	4	16	4
20	19	18	8	11	11	1	20	1	17	8	20	17	9	11	3	11	18	12	20
2	18	16	13	4	19	16	2	19	2	2	13	11	16	2	18	11	1	7	15
4	4	17	9	18	11	14	12	11	8	13	7	19	20	1	13	8	1	13	3
1	2	20	14	3	15	12	15	3	15	8	9	2	2	7	13	8	16	12	5
4	9	17	11	8	14	1	8	8	8	5	7	3	1	4	4	2	2	3	13
16	18	13	12	15	8	11	14	20	4	2	8	20	8	4	4	20	17	17	12
15	8	16	11	4	19	19	13	2	15	12	13	16	9	2	11	4	1	5	17
10	8	2	15	5	8	13	10	11	1	13	1	4	3	9	17	7	20	15	6
1	10	3	5	11	16	1	17	18	8	10	16	6	10	12	5	3	7	18	17
18	11	19	13	15	11	18	4	9	2	6	9	11	1	17	18	1	14	4	18
5	16	14	6	14	20	8	9	2	2	1	7	11	6	4	4	16	3	12	20
20	3	3	15	2	6	3	14	5	6	3	3	6	2	3	2	10	5	19	3
8	2	15	16	10	4	9	16	9	19	7	10	17	3	11	15	1	14	2	17
9	16	1	11	6	1	8	6	2	17	13	13	4	9	17	10	7	11	18	3
18	10	3	18	6	2	1	3	11	11	17	12	8	12	14	8	10	5	10	4
4	14	20	10	6	14	6	6	17	14	11	14	12	2	8	3	18	13	13	19
7	5	11	12	9	9	15	11	5	4	1	1	15	17	9	12	6	9	11	3
8	6	5	12	14	5	4	8	16	13	9	14	9	4	15	8	8	20	10	2
14	9	3	20	13	5	3	2	13	2	8	10	20	9	9	16	8	3	7	15
3	6	18	1	19	17	19	11	9	15	11	15	12	6	5	15	2	18	9	15
14	15	20	18	4	12	19	3	3	13	18	11	19	18	14	3	14	8	9	5
2	1	4	11	2	19	18	2	8	15	15	17	15	15	1	12	2	5	17	3
14	3	2	10	14	12	10	14	10	16	14	4	20	5	14	7	8	18	1	20
14	16	13	18	10	5	11	9	7	4	15	8	15	8	13	13	19	10	18	20
1	14	13	9	10	13	8	8	18	5	18	3	1	12	2	19	5	20	12	1
20	14	20	9	15	3	12	17	7	17	9	12	8	8	5	18	16	10	6	11
3	3	5	20	18	18	12	9	19	14	19	4	4	18	2	1	2	11	2	20
9	20	16	13	16	20	13	17	2	1	20	12	4	6	14	16	18	14	18	13
2	11	13	7	1	2	20	7	5	1	3	12	16	6	6	2	8	3	1	10
13	15	6	10	20	9	9	14	18	10	20	7	13	20	13	18	2	10	9	6
5	3	2	4	14	18	15	12	4	6	10	3	14	12	2	9	8	2	4	20
18	6	5	13	10	7	2	3	4	10	10	13	5	1	18	4	15	18	7	2
19	15	7	14	14	1	17	18	8	7	15	16	19	19	12	11	4	16	12	18
5	20	7	16	4	11	2	18	5	5	20	10	4	20	11	19	16	13	3	4
16	14	3	14	20	11	20	15	11	1	18	9	8	18	10	14	5	11	5	8
8	11	20	14	4	1	4	16	20	10	1	8	18	12	15	12	12	16	13	16
4	4	1	13	14	4	10	11	19	3	14	10	11	20	10	12	2	12	19	9
12	6	13	11	12	14	9	4	13	19	7	1	2	20	18	11	8	12	14	3
4	11	7	1	11	8	3	18	6	1	18	4	8	3	18	14	4	4	12	12
14	6	11	16	1	4	8	11	4	15	10	15	14	8	9	9	19	7	1	18
18	19	16	8	15	2	1	7	4	19	2	14	4	15	6	18	10	20	20	19
5	19	19	9	13	9	16	8	10	7	12	18	13	8	10	20	6	18	1	1
18	8	12	3	1	19	20	18	9	4	7	1	3	1	4	20	11	9	2	13
4	7	15	9	4	15	12	17	7	9	2	6	14	10	9	8	8	13	10	20


2	2	2	2	2	1	2	2	1	2	2	1	1	2	2	2	1	1	1	1
1	2	5	4	3	5	5	2	5	1	5	5	4	1	2	2	1	4	4	5