500	3	20

1	1.3	1.55	1.75	2.1
4	6.76	9.61	12.25	17.64

95	46	60	90	22	87	1	46	26	25	72	68	48	18	34	50	86	34	19	12
95	21	3	64	6	44	97	32	66	60	44	20	67	83	35	60	36	29	70	96
74	75	5	40	78	55	9	60	31	81	32	45	2	15	68	27	72	36	96	15
33	88	73	62	78	33	31	92	59	27	53	22	12	83	18	27	95	78	56	73
32	26	12	74	74	65	88	5	14	93	59	94	55	26	97	32	34	41	48	37
75	33	24	33	97	77	86	5	50	81	32	7	53	76	35	80	87	1	72	27
30	63	10	60	1	20	16	82	32	98	22	97	50	20	36	54	48	51	2	99
40	35	84	76	61	15	57	59	63	96	99	86	44	30	25	40	2	38	87	62
19	11	57	34	46	33	10	57	90	67	61	34	18	40	17	69	31	92	80	69
42	68	72	70	23	61	18	90	6	7	78	95	5	11	14	21	66	43	61	93
49	25	81	26	35	21	31	23	70	40	13	89	92	25	36	98	90	82	57	89
66	89	93	95	1	15	57	62	37	64	43	53	3	67	51	48	75	13	67	79
9	53	4	64	69	70	45	13	71	44	94	10	84	46	22	25	58	82	17	24
57	97	89	44	73	69	62	42	36	23	90	67	64	73	74	5	99	94	16	36
96	55	50	66	81	6	87	80	82	70	70	50	21	91	71	47	30	49	51	23
99	26	37	9	75	29	50	71	53	86	62	19	77	92	39	82	83	34	89	62
10	3	19	44	36	34	62	86	1	45	73	77	11	58	70	28	43	38	2	44
29	94	56	60	73	72	68	60	72	96	20	93	71	36	81	50	40	98	39	9
16	54	31	39	80	14	21	35	8	2	67	42	39	17	73	32	91	84	62	21
14	14	77	16	64	32	80	54	51	42	46	12	46	74	52	65	73	42	71	27
87	91	13	36	77	81	57	2	58	36	67	45	4	31	19	6	85	55	96	20
67	25	94	46	2	18	11	92	76	41	11	23	93	26	33	19	34	69	13	57
74	25	65	81	7	15	41	17	78	98	49	9	82	90	93	6	39	27	78	71
79	84	83	60	40	44	49	38	28	45	50	39	51	29	82	65	23	10	19	66
56	18	99	89	89	30	43	3	61	68	59	47	78	84	51	88	83	60	72	3
86	55	47	3	80	43	40	7	67	85	66	38	40	27	36	52	20	60	26	78
39	37	22	96	24	14	42	55	2	52	88	7	95	14	8	35	13	49	73	5
75	39	1	10	29	20	83	60	53	18	77	7	86	72	50	55	98	74	88	77
65	12	23	5	69	60	9	61	59	22	87	10	32	78	9	84	12	38	95	67
88	56	42	28	68	17	24	73	75	1	16	32	54	46	61	29	1	35	93	57
1	27	43	56	56	50	17	97	58	73	27	81	35	20	8	77	3	14	91	60
77	46	83	79	23	92	99	9	23	21	12	63	56	88	53	44	66	74	15	41
41	69	40	82	99	75	96	84	78	67	85	69	72	3	14	64	7	19	30	39
80	79	40	40	34	60	69	31	93	39	39	1	85	76	44	81	78	41	33	32
98	5	96	58	89	33	21	96	16	2	48	42	94	12	17	7	30	12	26	16
29	15	13	54	60	83	62	74	86	90	29	44	19	85	12	18	8	90	6	67
76	7	92	69	41	71	98	35	22	85	42	95	24	28	50	64	44	69	63	89
19	99	27	51	10	17	29	80	29	20	74	17	12	86	16	78	11	67	83	16
14	85	4	67	21	49	81	13	96	43	26	21	63	84	2	28	34	68	55	10
63	91	36	68	24	17	94	87	94	81	36	11	55	4	20	71	67	38	28	62
23	25	21	7	38	22	24	97	41	57	80	10	94	44	29	64	20	83	27	19
42	75	29	64	49	20	7	77	8	90	27	80	62	36	87	73	24	28	47	32
26	95	92	34	77	98	94	98	55	21	69	80	25	77	34	16	77	95	20	33
47	53	65	89	84	49	3	47	96	78	23	95	6	26	4	50	54	22	3	45
33	88	25	20	28	59	41	4	19	35	79	53	91	70	20	65	93	15	58	98
78	14	32	68	77	2	30	79	40	54	83	82	56	94	16	79	19	88	46	99
5	52	14	51	56	88	5	29	38	38	3	88	3	53	3	76	29	77	58	64
46	94	95	71	59	33	6	71	63	48	45	30	92	10	86	34	60	96	44	19
86	20	3	36	79	97	31	89	9	54	39	99	3	66	84	16	37	56	59	63
28	84	91	34	70	18	6	89	42	57	55	67	34	34	70	28	80	57	39	82
81	91	71	43	53	22	62	64	44	5	13	51	53	69	9	41	32	82	68	83
23	17	33	76	92	31	43	60	33	80	80	88	76	46	55	74	55	94	29	97
95	14	96	43	94	90	10	15	31	54	39	54	95	10	1	35	90	32	46	79
49	33	92	65	22	46	57	51	22	68	9	19	70	6	51	28	18	3	98	91
87	81	3	88	20	53	14	46	26	49	5	8	52	40	46	4	68	11	97	24
59	48	51	17	61	82	84	22	87	1	8	58	44	26	85	86	31	72	24	56
40	95	72	4	15	33	68	49	79	46	97	84	27	44	71	90	2	38	72	73
38	71	42	76	75	95	91	31	70	35	49	57	58	63	66	94	49	48	91	44
2	59	97	22	68	74	86	62	48	20	86	7	27	83	10	53	90	80	64	58
29	73	26	92	29	52	4	51	22	29	26	44	88	49	67	73	76	93	22	84
35	73	43	48	86	95	59	3	17	29	97	86	68	28	21	58	53	88	5	97
97	5	31	67	82	26	63	26	35	81	18	90	37	21	27	62	59	14	70	18
54	45	49	72	53	96	93	78	33	16	37	12	5	97	96	76	85	70	45	87
92	43	5	32	88	45	81	84	73	45	27	6	42	71	46	81	97	26	39	28
47	97	51	71	57	97	28	97	31	5	4	40	50	14	59	88	97	24	12	95
38	6	86	78	6	63	36	52	77	82	86	71	7	14	43	73	91	41	27	41
51	12	32	37	33	15	17	9	97	41	70	96	33	19	1	78	99	36	70	15
83	40	31	8	56	56	12	25	11	95	37	62	97	9	64	5	57	80	46	79
48	10	97	30	19	17	23	82	86	52	27	85	50	16	76	2	31	31	46	76
43	33	58	84	40	9	52	58	3	33	18	14	59	19	85	45	59	28	48	62
86	81	49	69	73	5	85	23	92	73	66	69	11	58	36	60	29	4	85	68
91	8	78	52	7	17	64	96	82	13	74	32	5	72	16	39	44	49	74	8
91	71	18	12	16	72	97	2	30	78	88	83	41	62	93	13	18	38	91	93
24	69	69	96	3	20	87	11	40	5	13	3	37	92	44	10	54	11	99	28
74	83	50	3	9	65	14	29	35	43	60	56	21	61	22	70	78	83	95	42
87	43	31	29	11	74	60	16	48	17	73	65	64	49	1	73	89	21	66	16
70	44	59	45	49	62	21	94	30	2	67	91	61	54	86	61	25	51	97	74
93	99	38	8	46	39	82	31	21	33	51	21	60	30	84	61	23	73	93	73
64	36	82	83	60	12	78	94	4	70	88	25	93	9	81	87	39	42	83	23
60	31	89	78	25	15	36	12	95	68	84	36	91	7	70	54	53	61	99	52
42	53	73	44	67	7	30	52	11	89	20	8	5	87	73	64	92	83	13	90
36	86	60	31	52	59	97	15	94	96	23	49	12	54	63	77	13	87	34	11
58	3	46	32	36	90	38	24	36	1	30	16	65	6	56	70	60	29	91	50
93	23	45	63	52	60	52	13	81	30	49	35	30	85	25	56	84	9	43	57
42	76	94	94	45	75	71	58	19	40	31	57	33	60	22	4	38	79	64	90
19	29	88	35	35	4	27	47	23	11	11	81	18	46	49	63	9	14	99	45
57	21	80	78	2	88	71	99	21	86	60	12	41	46	55	85	41	77	57	35
92	33	51	3	89	65	52	79	35	93	90	63	38	44	24	30	32	44	48	66
12	67	88	61	47	1	90	2	35	87	46	39	39	50	70	61	24	28	69	45
29	77	94	30	92	37	68	32	14	22	82	87	27	80	36	48	90	9	54	35
49	48	53	26	47	59	24	66	4	84	93	10	22	36	29	92	82	15	57	22
30	32	61	52	81	14	3	41	10	89	24	7	68	4	83	95	69	35	31	8
95	10	47	54	65	26	56	70	22	81	85	64	6	7	82	88	80	97	34	57
35	54	60	26	9	60	50	86	86	6	56	32	16	37	1	79	91	93	88	30
69	83	59	85	77	47	33	67	45	82	49	82	2	4	39	96	19	49	53	63
8	2	79	43	76	77	75	72	49	15	60	93	30	96	87	57	67	38	50	52
15	8	96	4	10	93	55	78	63	44	49	70	74	91	13	10	78	10	50	15
37	45	27	71	44	19	64	25	88	78	18	6	26	37	66	19	47	31	96	30
23	43	10	38	97	44	76	89	90	20	75	63	61	17	89	20	85	63	60	95
81	50	6	62	76	88	96	69	26	96	57	21	79	59	20	73	20	46	96	74
20	66	7	43	19	27	5	78	6	31	48	74	75	96	35	48	80	43	16	10
62	68	50	20	78	62	80	19	10	9	43	72	44	83	85	33	21	49	21	38
97	52	62	12	11	38	79	19	43	68	82	88	80	14	52	45	8	12	32	20
72	54	85	57	73	49	21	83	61	71	41	66	17	32	64	9	81	15	64	54
86	64	49	20	21	52	69	58	43	85	64	8	10	62	77	85	79	14	28	4
10	21	46	82	67	41	5	66	54	25	91	27	61	48	8	97	50	95	24	69
74	31	73	69	63	56	33	58	3	63	27	69	84	63	61	34	46	7	63	18
13	30	88	41	9	69	61	49	41	14	67	39	1	22	42	27	64	69	13	38
85	22	10	31	38	15	89	63	72	84	42	65	80	55	26	68	62	94	18	59
88	59	53	53	94	72	82	77	76	88	33	65	74	51	6	44	4	71	6	69
18	97	10	24	31	96	89	23	30	30	41	94	71	59	46	38	61	44	87	12
93	35	24	56	66	17	55	48	76	16	91	85	60	33	27	87	55	46	94	30
94	1	12	48	75	74	62	89	25	43	34	48	52	3	76	58	42	52	82	10
3	6	58	26	39	59	54	62	54	49	9	89	69	37	28	16	41	3	52	88
97	19	30	39	92	47	22	33	17	52	32	5	7	53	49	24	81	88	22	10
13	31	53	60	79	84	41	17	36	46	27	50	79	22	63	92	57	90	60	23
43	46	97	67	87	4	72	17	60	79	19	63	16	59	12	8	48	18	81	96
40	40	60	61	23	18	22	39	82	93	80	21	93	50	36	97	47	67	76	50
82	46	63	83	3	25	57	64	17	25	35	67	5	41	23	25	11	28	91	36
83	74	56	52	18	6	42	4	59	20	96	9	60	61	4	28	5	74	64	81
73	25	33	62	68	6	47	82	75	73	16	28	82	67	79	9	6	19	93	80
82	19	41	41	71	62	52	56	34	13	79	27	25	70	3	23	37	70	97	76
29	43	80	18	48	2	76	64	42	31	34	97	66	63	49	58	89	67	97	11
43	80	37	52	1	25	2	54	93	72	45	42	72	71	17	65	18	6	50	26
99	30	15	40	18	85	54	5	20	29	27	64	71	20	41	40	6	98	77	99
95	47	36	10	30	44	82	74	26	35	85	13	82	94	37	12	41	77	94	10
93	43	37	18	61	7	80	34	23	93	53	13	86	64	96	2	24	24	85	87
47	54	87	6	89	93	93	92	61	87	48	27	7	20	47	82	20	12	61	96
17	46	85	12	87	60	99	79	66	26	35	82	44	64	95	92	1	51	90	30
67	72	85	77	23	34	86	56	77	79	91	24	44	15	79	80	63	16	14	86
66	94	82	20	83	99	98	3	18	53	3	86	78	99	6	36	21	18	2	3
3	13	9	76	24	79	82	57	50	43	91	39	48	95	79	96	87	74	13	92
74	95	23	51	77	14	40	49	99	73	50	17	70	41	4	5	80	50	43	3
53	32	34	99	97	88	72	21	37	1	29	63	54	28	32	2	18	64	14	74
58	36	93	57	39	79	43	82	4	74	32	2	60	75	76	2	18	92	31	49
3	84	11	35	28	51	20	12	94	60	9	85	83	64	11	80	91	37	46	34
82	29	46	84	53	38	97	3	72	59	41	54	35	30	97	1	70	84	22	85
92	83	40	81	27	86	64	48	39	55	74	48	23	43	88	70	64	3	77	58
43	14	80	16	75	87	25	62	80	46	59	89	60	52	49	18	38	97	48	55
38	54	42	19	53	24	40	20	7	22	15	57	83	38	51	42	27	68	81	25
21	69	22	80	77	77	37	22	95	41	82	46	13	11	14	93	88	10	4	65
2	89	9	41	48	72	74	76	57	15	66	19	60	73	46	54	23	11	52	76
47	92	50	93	21	14	62	54	35	60	77	97	79	70	35	59	94	68	38	69
47	69	40	81	13	15	42	72	74	26	73	65	62	34	21	43	99	60	54	19
87	51	63	46	11	73	16	78	39	55	79	42	1	69	30	43	91	2	80	26
5	96	55	53	7	66	17	44	57	45	74	14	93	29	94	29	87	88	31	7
35	5	92	6	13	74	31	80	71	71	92	58	68	74	18	11	91	65	74	13
16	92	6	98	22	32	42	77	50	25	80	55	35	46	97	3	25	88	55	20
38	15	64	71	33	90	34	81	70	50	68	60	79	45	88	19	98	59	15	24
36	34	9	50	60	91	27	74	37	30	7	91	46	15	65	43	42	78	4	36
51	38	8	5	19	46	85	56	32	35	30	93	52	68	45	40	5	63	87	20
73	23	86	72	53	60	7	69	60	70	13	3	58	63	41	36	87	86	67	37
52	51	65	91	79	9	81	79	19	20	70	43	56	90	35	93	69	77	66	90
29	22	19	55	4	35	82	30	32	84	54	15	4	16	52	4	12	6	55	41
70	91	33	81	88	37	81	55	89	16	97	21	65	25	28	49	15	5	10	78
24	39	31	7	14	17	20	6	58	3	46	59	49	24	46	16	55	63	94	45
70	54	66	15	43	74	56	53	43	35	13	23	67	92	48	96	57	57	83	56
3	39	47	35	91	44	34	27	79	45	27	40	76	47	6	66	31	48	24	61
36	89	19	78	86	73	81	14	2	55	30	6	61	32	38	30	74	14	23	48
44	6	6	74	65	1	3	23	63	53	55	1	61	58	83	16	29	55	74	68
84	89	34	15	44	56	26	4	7	58	79	80	58	72	62	99	35	57	65	92
79	86	18	20	92	59	11	71	24	95	51	10	35	14	55	42	38	1	86	37
88	70	19	65	33	80	35	9	52	76	50	31	46	33	55	99	86	17	64	21
56	19	54	16	22	57	83	43	26	32	85	13	38	29	76	44	86	69	71	98
42	50	82	91	3	27	50	64	85	52	6	30	89	8	28	41	63	30	69	69
95	4	24	38	46	54	77	24	93	32	18	89	76	91	71	47	47	67	40	39
87	67	4	69	75	71	33	19	16	83	9	47	12	98	55	95	33	16	77	9
74	37	29	82	40	51	64	96	46	95	62	78	35	16	58	77	94	77	51	47
43	98	20	27	98	83	46	79	69	13	30	3	25	55	8	53	6	11	14	34
76	66	70	61	41	2	4	27	40	49	55	33	59	74	92	26	19	54	83	64
29	47	2	18	82	3	38	47	67	95	93	86	87	11	73	89	3	38	45	26
55	90	83	50	8	63	65	82	72	10	85	53	76	28	15	17	5	15	17	82
16	35	17	65	80	16	51	35	16	40	40	74	71	58	6	55	30	8	7	7
57	82	81	89	86	37	88	30	78	54	34	64	3	5	82	44	51	29	16	31
47	71	58	53	67	26	35	42	43	49	50	92	3	88	91	82	69	55	34	64
42	50	19	18	40	93	38	56	43	27	59	90	53	35	38	58	76	16	57	38
35	24	65	24	58	66	2	31	74	55	99	74	90	57	63	92	47	96	81	98
19	6	34	31	39	12	7	88	68	39	27	81	70	36	13	33	88	36	41	71
21	18	17	13	64	65	4	45	54	79	25	78	52	37	21	45	18	14	28	38
71	28	67	65	37	26	20	42	15	55	9	50	45	50	37	89	91	78	46	54
42	30	20	74	13	20	74	2	68	71	1	15	64	89	74	15	34	72	76	18
63	28	83	47	91	2	46	28	19	10	8	42	97	81	73	30	31	97	28	16
90	69	90	27	74	31	42	48	66	98	57	54	54	30	86	34	5	20	82	54
42	36	83	89	39	79	14	35	14	14	91	99	35	92	15	98	70	86	32	6
97	66	28	53	24	90	92	81	60	45	54	70	34	67	40	80	93	66	29	93
85	8	53	81	30	79	56	13	55	69	69	59	27	25	53	86	94	61	65	67
70	33	9	84	16	66	93	30	92	36	51	86	24	47	12	89	22	89	30	14
83	69	8	47	15	84	73	59	32	38	92	12	30	12	60	53	70	13	52	10
97	20	26	17	4	45	30	83	92	65	62	69	56	15	45	60	82	86	67	98
1	9	98	56	91	35	55	70	51	86	22	25	6	61	2	90	24	82	48	5
90	48	95	53	24	47	90	16	81	24	93	74	36	55	57	1	41	41	24	37
82	63	68	96	39	67	93	39	3	65	73	85	67	31	7	2	76	55	30	28
28	53	89	9	60	97	82	5	29	56	89	33	22	38	11	47	42	37	90	60
70	77	66	69	37	36	98	87	22	42	5	47	61	88	94	86	71	63	47	86
41	98	1	84	27	75	78	57	70	32	4	5	62	89	8	97	85	23	25	53
50	79	11	78	48	12	36	5	86	16	39	49	16	74	17	41	87	27	43	39
28	78	1	67	2	8	35	8	38	45	54	62	33	97	86	11	20	8	2	54
18	92	36	65	24	92	13	38	9	53	38	30	97	99	49	80	28	2	38	25
61	94	20	83	99	51	67	77	72	13	11	6	42	54	68	26	88	30	26	92
56	62	34	38	90	12	9	85	67	85	53	13	99	97	15	2	75	47	98	53
1	55	90	68	29	20	60	16	21	39	23	97	65	84	62	57	77	14	5	47
38	28	99	97	56	23	48	18	63	92	97	25	90	65	56	11	6	45	94	58
68	68	91	74	87	44	5	47	80	22	49	38	55	25	51	10	54	71	58	96
42	15	65	46	81	66	67	6	20	21	71	91	63	51	91	53	70	76	78	20
88	43	65	98	73	21	14	19	42	24	85	1	15	36	50	22	26	80	17	38
81	38	65	25	15	61	2	23	26	14	21	34	80	50	44	41	58	42	88	50
76	35	34	43	31	77	90	48	7	7	84	47	86	64	34	14	54	81	36	12
86	66	93	35	25	41	83	4	76	51	79	85	56	35	51	73	11	58	8	19
56	33	68	37	98	67	61	62	47	54	42	25	9	50	99	93	80	91	58	11
73	54	16	82	69	3	6	62	38	78	19	22	83	77	36	66	4	53	84	12
18	28	35	80	85	76	36	84	23	37	42	62	74	48	23	15	75	49	5	83
89	90	96	69	16	23	25	85	95	16	50	69	29	2	25	29	37	22	59	51
87	81	94	45	32	89	14	53	55	84	94	17	65	60	15	65	57	39	87	3
94	44	71	67	15	68	44	12	53	43	10	41	71	9	68	80	77	16	1	11
14	60	85	80	96	98	29	61	72	57	36	2	95	70	68	9	28	96	27	86
84	7	60	72	91	17	12	26	34	7	9	18	37	22	3	66	94	73	58	87
13	5	75	58	18	10	28	43	41	9	21	4	8	93	66	37	89	26	84	71
13	51	39	10	33	17	14	26	83	90	69	99	34	16	98	72	30	53	86	54
64	31	86	34	54	18	95	12	41	46	1	27	37	17	37	81	92	85	13	72
18	16	79	57	54	47	77	5	57	11	22	64	46	31	28	59	28	95	82	84
48	67	47	92	79	64	90	39	87	67	79	40	87	31	88	90	95	49	61	70
62	80	28	53	26	94	57	27	12	61	52	20	66	6	31	7	10	29	90	8
28	44	5	47	88	91	10	24	77	48	17	97	53	49	85	7	58	71	16	3
54	3	43	51	13	37	37	13	69	24	30	53	56	75	87	95	31	7	99	59
69	63	24	87	81	62	93	4	44	40	64	6	53	98	89	31	4	31	16	25
27	47	79	51	85	91	31	14	26	82	40	33	91	83	12	12	80	80	90	61
22	13	82	18	59	26	77	55	51	35	98	86	30	82	62	19	72	60	10	28
74	46	48	25	8	94	98	32	66	97	95	11	33	28	76	24	40	22	56	30
14	67	98	68	76	79	4	82	39	88	1	28	16	43	91	76	88	54	10	38
33	45	92	62	53	50	47	94	58	83	91	68	47	34	76	10	22	69	66	62
90	88	16	13	39	89	86	24	19	78	50	87	54	13	77	18	25	62	32	32
9	93	27	96	80	72	71	25	11	8	23	73	99	60	96	9	77	56	4	96
5	59	10	98	83	24	81	4	21	62	97	60	60	48	43	21	73	89	13	9
98	34	84	20	40	6	80	26	96	63	9	18	22	62	11	52	4	43	94	71
75	80	2	65	3	10	63	3	89	37	84	74	43	5	42	82	74	11	64	86
8	74	68	6	67	85	60	54	3	14	11	88	5	31	14	15	52	87	12	87
60	10	59	90	88	17	24	68	80	71	93	82	45	11	92	20	75	63	77	35
39	36	88	11	6	85	33	68	64	98	41	38	97	20	18	33	5	63	39	26
95	19	10	30	97	40	11	40	95	61	87	97	62	79	76	70	17	97	23	62
86	92	38	61	64	63	71	78	69	91	30	4	25	52	63	54	53	77	93	53
55	81	67	73	96	96	97	54	5	24	60	79	35	86	74	7	79	85	59	48
62	94	36	84	50	5	6	53	12	14	14	12	82	5	18	96	47	25	54	92
6	39	21	18	32	79	33	43	78	98	21	88	20	12	15	28	98	82	93	19
75	42	50	61	55	54	50	49	8	91	19	84	46	39	89	31	75	79	50	6
26	65	69	87	75	50	22	93	43	57	3	91	56	27	7	14	55	85	70	67
93	62	21	12	76	11	80	57	18	15	40	76	64	46	90	2	89	94	80	72
65	29	56	19	69	28	86	20	28	10	73	71	16	16	44	10	45	57	18	91
43	7	13	1	64	2	81	66	71	80	2	62	96	28	38	66	77	7	78	85
63	22	38	40	21	55	48	7	33	86	42	66	4	46	52	94	46	5	95	72
98	59	16	74	7	96	32	33	72	95	96	27	64	85	31	20	24	27	51	10
72	31	61	1	22	91	52	24	29	62	81	78	37	27	85	49	90	60	38	1
45	6	93	91	72	92	90	59	49	76	37	81	72	36	38	46	3	39	16	22
25	42	6	47	99	37	81	61	38	12	83	28	95	16	7	72	15	38	27	67
41	17	30	23	81	1	91	46	32	42	81	18	98	69	8	42	52	69	29	69
87	62	22	25	4	41	91	69	43	21	83	27	7	95	10	93	12	61	51	14
52	11	73	31	86	84	85	98	46	45	87	74	38	66	21	80	85	70	65	84
59	50	34	26	83	7	55	17	6	55	7	52	3	88	75	19	77	23	25	35
77	78	37	9	82	34	21	5	70	89	98	40	27	57	88	41	23	15	69	19
72	18	61	43	56	21	81	17	69	98	78	29	19	28	48	65	29	75	34	46
39	49	73	58	29	64	93	65	6	99	54	6	26	95	18	49	72	62	16	82
14	15	6	37	71	14	20	44	74	35	17	11	10	91	49	23	20	49	69	7
36	17	81	88	83	13	98	91	13	36	88	35	8	9	2	55	62	50	14	34
97	48	61	73	35	78	25	43	6	85	68	38	31	15	3	62	61	70	20	69
55	97	78	88	31	10	70	34	22	82	64	17	74	91	65	51	15	77	93	88
46	14	1	16	88	88	52	89	88	19	46	94	60	84	13	96	11	42	19	42
56	50	12	99	35	25	76	12	67	83	11	65	93	15	2	75	53	5	27	12
70	54	57	5	71	66	64	43	58	35	31	38	21	13	21	55	85	45	61	40
99	9	69	1	18	14	32	85	75	90	38	59	14	69	79	39	41	56	65	48
59	21	55	13	65	59	44	85	65	1	80	23	58	57	91	32	99	29	29	48
51	80	19	8	61	26	13	77	59	24	29	26	52	93	92	82	93	4	27	70
27	26	70	87	90	35	64	9	71	84	91	81	40	92	92	66	96	28	46	77
97	32	83	14	77	17	36	69	54	87	91	72	74	3	36	18	43	45	96	60
3	56	74	84	44	8	9	19	77	62	59	76	86	97	20	8	66	96	85	59
59	15	87	94	98	72	18	96	44	3	20	65	38	10	46	9	14	42	42	38
1	12	57	38	1	3	91	63	70	84	97	60	13	13	56	17	58	48	6	52
82	95	35	55	17	16	6	59	56	25	21	17	78	72	59	2	57	82	20	45
10	81	41	11	58	63	40	87	32	46	16	26	81	65	48	1	96	43	56	85
57	8	36	52	94	15	52	91	46	8	40	55	5	41	85	84	82	22	21	60
71	6	90	68	24	44	63	7	94	28	25	66	75	75	13	39	12	70	38	37
75	12	37	89	81	23	37	67	99	27	62	51	77	39	87	16	14	95	24	90
55	6	93	1	57	36	39	36	70	85	7	45	71	56	23	71	10	86	17	4
58	93	66	83	60	34	38	14	61	45	72	37	82	82	80	36	58	52	48	36
37	74	67	65	92	97	70	30	32	12	46	32	79	60	39	14	38	57	21	63
47	13	5	34	70	60	77	76	46	83	86	75	88	45	90	66	80	47	47	84
59	91	59	51	59	85	48	14	42	65	52	12	72	3	43	87	81	97	39	7
64	48	76	81	52	24	15	29	62	84	70	30	21	14	78	55	32	64	21	21
93	63	71	36	98	18	2	50	15	13	63	39	49	18	83	3	17	11	90	5
44	9	50	67	27	7	89	51	20	55	47	44	28	19	51	21	22	49	75	91
5	53	65	47	53	73	75	42	23	28	33	40	13	83	78	14	59	47	69	74
58	22	69	59	48	36	16	80	76	23	18	79	90	26	91	90	42	33	35	44
50	44	18	94	43	7	76	46	63	77	62	67	98	7	28	4	9	6	90	86
55	37	37	20	89	26	44	8	52	21	80	93	64	53	81	15	65	38	54	51
20	16	49	13	27	57	83	90	19	84	83	36	19	13	62	15	10	42	3	50
26	14	87	91	54	14	59	69	83	83	47	41	57	84	66	38	17	87	28	59
76	10	12	46	53	59	25	83	36	58	56	58	48	90	36	9	67	63	27	86
79	25	61	85	47	13	74	86	8	44	66	38	27	91	47	68	85	4	95	83
16	20	99	77	63	6	86	11	86	41	49	89	69	3	38	2	83	21	42	82
87	49	36	51	71	90	33	30	63	27	65	51	78	61	32	22	48	41	68	83
98	16	16	83	20	41	15	20	5	3	46	87	91	64	77	67	73	60	22	48
23	60	78	41	90	25	93	20	28	76	56	91	93	63	65	27	25	48	97	79
3	45	59	96	82	79	98	84	23	67	64	45	87	67	17	77	38	83	5	39
25	57	24	12	24	33	9	94	88	51	64	87	92	25	85	3	16	53	5	27
60	99	15	68	83	95	3	94	57	74	71	33	70	18	67	87	93	98	99	46
61	42	87	78	96	58	84	52	90	6	73	93	54	1	79	69	75	82	8	11
12	53	71	97	83	80	43	9	42	37	7	22	28	34	88	37	47	69	75	56
26	58	16	40	25	75	62	20	77	67	79	3	50	11	76	86	82	97	60	1
73	90	78	43	63	53	80	85	40	60	5	54	35	59	61	70	45	59	91	6
71	39	92	45	98	72	11	35	12	91	4	81	92	29	24	32	62	70	21	18
3	53	19	72	79	96	32	13	69	89	32	87	21	36	18	12	11	9	93	74
68	61	31	73	19	8	33	30	15	91	23	98	41	7	57	38	51	75	62	91
38	59	98	25	50	45	21	48	89	19	13	12	47	12	5	92	85	59	80	71
83	79	75	99	13	58	22	38	75	99	52	14	22	31	61	92	19	21	64	77
4	42	17	89	61	88	54	71	73	80	46	2	23	43	80	91	74	3	66	45
60	54	13	5	10	36	67	62	7	47	52	30	10	44	8	25	91	84	94	43
26	3	24	47	67	46	48	43	43	38	30	79	15	70	26	90	27	62	91	74
44	30	64	5	50	35	81	94	45	57	19	81	34	80	9	30	37	61	21	65
43	23	44	8	46	14	59	52	48	74	20	44	76	20	4	24	31	81	64	94
50	61	16	48	38	52	42	76	27	68	79	14	13	29	30	28	99	88	89	24
40	69	4	9	74	57	10	88	43	42	91	4	71	64	76	28	26	22	76	2
96	61	55	90	2	70	52	53	53	43	41	97	30	70	65	31	24	4	11	41
46	92	37	35	87	86	45	4	98	17	11	28	40	66	94	72	67	91	37	64
22	35	34	73	44	3	36	68	90	26	43	25	32	42	27	93	99	75	96	50
49	85	3	61	12	26	94	7	27	78	87	37	96	96	3	65	13	69	85	62
23	27	87	70	35	82	25	99	44	12	85	78	73	99	6	78	4	76	74	2
52	21	42	24	27	15	26	90	98	77	47	96	67	38	26	89	6	35	54	12
11	75	41	82	21	44	74	73	86	11	83	46	41	53	56	35	13	53	15	85
59	12	33	68	94	60	91	20	4	30	78	23	58	88	26	91	54	21	29	73
6	42	7	2	57	47	79	72	73	13	66	23	35	62	5	25	68	81	68	69
6	52	50	86	55	51	13	17	77	94	33	84	1	44	19	84	38	2	1	37
79	22	38	46	15	13	47	30	3	24	54	44	24	25	66	85	94	32	67	22
67	1	25	2	42	27	37	61	19	97	63	13	2	64	25	9	6	96	85	34
6	13	48	18	28	64	45	6	88	89	71	45	84	89	25	83	79	62	46	73
70	4	48	20	79	79	31	23	61	76	26	33	35	67	3	31	42	8	26	33
29	31	2	63	76	48	68	68	37	78	90	50	5	49	28	84	53	88	92	24
44	78	99	23	58	68	69	38	12	79	83	86	14	70	61	44	65	67	42	61
82	90	93	14	1	69	3	13	31	2	50	94	51	27	76	11	94	1	67	27
59	63	73	49	60	22	19	21	9	67	3	16	80	78	26	52	41	88	75	33
41	5	51	65	32	88	80	61	90	74	45	53	19	63	3	59	87	58	56	8
34	80	42	45	13	56	55	5	16	81	57	40	71	6	20	59	42	53	11	28
12	40	17	23	57	14	91	41	27	74	29	30	45	50	73	31	63	68	72	36
10	20	92	84	44	85	81	18	95	8	73	88	61	41	60	24	14	16	40	42
37	47	71	44	31	92	81	37	22	84	57	7	78	73	28	12	29	20	53	45
39	51	49	18	79	64	99	37	80	56	67	11	67	87	5	90	66	36	75	95
6	9	29	64	42	73	48	97	34	88	78	28	62	8	57	75	46	48	42	16
2	38	80	32	73	35	79	29	38	66	8	86	82	86	28	29	54	90	20	25
79	57	13	77	90	87	99	20	46	60	65	26	16	65	39	15	20	40	34	5
9	7	82	77	77	46	55	69	36	86	51	65	81	88	94	63	40	43	19	72
48	71	1	38	44	65	45	90	21	19	44	47	73	76	44	34	99	4	24	22
66	94	68	87	2	58	36	38	24	97	13	97	80	39	61	36	56	73	81	89
78	71	82	59	73	26	15	32	60	36	15	12	42	36	83	12	47	14	24	20
96	57	79	62	74	96	70	13	71	98	46	55	14	91	79	70	85	71	78	27
72	8	48	82	19	28	34	31	38	1	1	8	94	30	83	75	7	14	17	32
21	96	12	30	33	99	35	67	23	44	61	54	33	86	49	23	28	33	96	6
43	38	33	85	77	92	42	99	72	54	58	74	61	41	13	70	96	42	5	76
90	16	75	28	53	37	69	80	49	55	56	48	34	76	53	15	33	25	49	90
21	96	48	7	56	35	40	34	91	92	17	9	12	47	80	61	18	35	93	41
37	68	82	81	83	36	49	53	4	69	84	62	27	79	46	24	45	59	6	70
3	8	88	67	89	58	73	7	85	91	69	13	37	16	75	29	5	33	14	23
42	93	64	70	92	59	41	34	72	54	36	77	60	69	76	45	11	64	30	89
10	74	86	92	82	33	96	40	12	30	36	75	12	67	30	68	23	73	81	64
61	93	54	18	98	52	56	84	31	43	17	84	54	9	74	35	18	34	73	70
20	33	71	47	92	3	99	72	82	12	8	7	51	3	48	83	58	81	71	58
25	50	26	67	25	8	37	15	91	7	36	12	39	39	91	88	82	34	43	22
78	75	53	18	61	30	52	34	94	12	40	21	20	90	3	31	71	35	86	78
23	82	15	86	59	38	80	73	69	27	77	74	93	93	13	93	79	51	65	21
14	6	41	25	3	32	36	96	14	82	66	84	52	64	74	46	60	65	49	13
84	15	35	9	91	95	39	16	94	26	86	37	52	98	88	40	70	28	11	28
30	6	5	2	5	26	85	16	94	7	93	41	11	79	96	13	98	76	86	21
82	65	32	59	44	20	29	69	81	16	86	73	73	16	23	51	28	54	96	26
94	62	12	47	92	4	11	13	60	44	97	4	69	99	13	13	57	35	21	42
82	10	32	27	75	56	60	80	46	53	68	77	78	61	49	14	43	87	81	26
57	46	27	99	44	60	5	33	23	27	29	95	91	47	93	83	52	60	76	81
75	49	13	53	85	32	73	43	34	43	99	10	90	52	44	19	19	47	65	39
54	58	31	68	8	83	39	7	82	84	67	58	25	71	36	10	4	81	33	74
50	89	2	97	61	29	78	65	35	43	55	87	55	5	77	59	7	28	34	17
25	33	77	70	36	29	53	11	31	11	26	15	60	41	96	13	21	45	75	46
67	45	2	85	12	25	55	93	42	84	50	97	46	60	89	7	12	34	3	89
31	19	89	72	23	25	17	29	18	65	37	23	91	3	21	17	99	63	96	21
75	10	71	90	95	25	84	72	67	36	55	89	64	95	34	18	42	31	27	12
73	22	12	33	92	40	86	5	86	66	58	8	13	70	32	89	59	88	55	67
28	92	25	93	47	97	47	16	86	76	6	91	32	26	39	4	32	11	47	40
94	5	40	42	1	13	86	34	85	71	10	92	10	50	87	75	15	85	20	99
13	48	8	19	93	66	52	8	91	34	64	48	56	23	48	62	34	58	7	72
65	73	22	72	38	45	2	78	6	93	21	86	34	26	91	36	31	19	57	11
3	4	16	62	61	73	79	85	98	37	35	76	75	22	16	67	2	19	30	77
92	62	49	51	86	26	61	18	61	43	40	53	66	64	3	95	69	56	14	82
62	58	60	35	85	64	78	91	85	29	75	4	39	29	63	94	71	1	59	99
26	98	50	52	1	45	94	98	35	59	47	92	48	1	73	56	47	62	9	7
30	95	78	86	65	80	96	37	80	51	59	57	64	90	89	38	39	24	34	32
38	62	8	94	67	99	54	87	50	72	69	19	27	64	20	93	98	24	6	22
81	96	64	67	21	96	13	20	56	73	12	66	27	50	14	41	99	16	82	64
14	10	1	57	26	48	43	39	19	98	6	35	26	61	21	64	50	26	48	67
37	91	62	94	21	61	61	92	39	89	15	71	49	1	99	2	51	89	71	5
32	26	2	91	99	32	64	99	49	29	37	57	8	68	76	21	13	91	8	60
30	17	82	14	39	71	71	54	11	71	97	93	17	37	51	52	78	12	52	12
58	32	72	27	86	19	64	85	2	24	70	83	54	93	55	17	37	67	6	54
99	91	70	63	11	90	37	3	62	81	71	86	51	71	61	62	50	6	45	65
31	88	21	59	4	89	13	36	57	55	14	38	48	29	43	52	96	2	99	41
53	56	37	99	50	60	26	74	20	85	60	85	73	23	56	46	19	21	82	23
85	29	27	56	40	34	59	40	16	83	95	62	93	73	73	77	55	10	9	88
7	86	57	85	86	87	94	98	20	12	11	20	26	43	39	57	21	24	93	21
10	38	15	60	94	11	37	50	87	79	75	37	68	2	41	86	45	6	26	18
7	28	13	78	43	85	74	6	51	70	96	29	96	75	33	68	95	66	42	8
45	1	96	85	78	78	84	83	90	82	47	89	99	96	87	68	12	16	43	79
6	88	6	33	97	90	66	66	88	18	60	9	70	87	57	55	55	87	78	35
30	73	52	51	69	41	42	93	52	19	14	99	54	84	56	80	65	53	96	85
23	60	17	9	94	80	1	87	42	68	79	4	95	65	46	95	2	53	21	52
28	51	18	56	82	79	86	33	31	32	85	70	29	97	53	64	61	62	91	9
18	73	6	24	52	81	37	57	99	31	20	31	73	37	91	18	41	38	68	95
21	88	16	63	98	71	11	65	38	96	32	85	72	88	21	60	67	73	4	55
45	96	6	39	57	82	89	84	82	6	67	51	93	50	67	12	12	49	99	24
72	37	25	29	47	92	43	70	97	94	99	97	31	60	99	45	10	9	70	20
11	36	15	83	7	72	72	75	16	92	24	13	12	69	91	20	70	10	91	63
75	21	85	43	63	16	70	45	35	30	40	87	21	35	7	33	82	70	85	52
84	20	41	90	14	12	87	96	93	90	69	12	94	35	1	77	8	59	86	21
86	90	99	58	52	92	68	44	63	86	84	75	49	69	36	36	27	36	60	17
24	54	29	73	73	68	11	81	97	66	50	33	62	64	9	99	81	92	8	93
96	1	94	77	43	87	22	38	48	21	93	59	13	39	62	71	23	25	7	82
37	59	66	61	27	70	53	85	12	64	28	54	6	2	95	85	94	89	62	36
21	60	65	22	33	57	64	46	9	41	78	86	48	61	29	62	2	57	15	5
79	35	92	52	7	39	85	70	66	76	1	46	99	20	15	43	60	84	30	97
79	78	23	66	85	46	14	4	78	21	63	32	51	5	94	17	48	12	28	66
69	52	11	5	70	74	6	45	18	59	90	1	69	91	33	5	52	79	27	52
84	71	92	83	29	53	89	55	73	37	16	56	7	66	75	93	37	19	76	1
32	29	39	32	10	96	98	16	63	23	46	97	16	47	23	60	48	84	28	76
49	98	54	4	94	91	90	11	73	29	38	24	74	11	10	22	95	34	5	78
61	12	9	56	86	72	90	70	81	38	30	33	81	68	81	88	6	33	66	78
68	17	90	44	92	88	31	43	21	67	46	45	90	70	73	43	3	93	69	53
8	63	21	15	14	4	54	50	28	10	7	91	42	38	63	40	3	97	13	88
38	39	75	40	64	75	98	98	23	63	43	93	51	28	68	66	66	81	31	58
11	50	83	94	98	92	81	63	63	74	53	48	14	94	78	25	87	62	59	6
80	11	27	35	85	87	73	47	6	64	9	94	6	73	51	38	50	9	51	36
86	34	86	2	79	52	79	64	21	20	83	45	39	7	67	97	65	96	68	90
61	32	66	85	46	93	91	80	81	37	10	6	31	13	47	7	17	60	82	3
25	69	65	31	70	35	57	59	43	69	27	58	88	61	61	69	82	51	20	88
31	81	71	66	5	63	70	11	28	85	94	21	6	10	86	36	1	11	41	91
72	72	72	66	90	46	2	47	39	60	5	48	89	57	96	5	20	67	61	37
18	54	57	36	94	42	46	82	2	91	61	94	71	34	14	6	91	21	90	41
3	52	26	49	7	60	30	74	82	1	97	94	36	42	37	41	35	65	89	35
91	58	23	3	78	79	26	20	86	7	2	99	54	9	78	29	71	37	25	35
88	97	94	54	93	37	22	97	51	97	78	32	9	43	65	2	65	48	91	97
78	43	28	52	3	79	99	56	6	94	40	47	3	44	40	79	97	72	94	73
23	13	1	73	67	14	99	77	1	98	76	73	5	57	2	35	56	28	51	92
23	72	60	36	84	9	89	81	38	37	97	61	21	6	83	31	75	11	76	75
99	51	3	3	30	36	25	59	78	88	24	58	5	35	4	49	96	65	12	46
41	86	7	59	54	6	67	87	46	97	18	38	94	53	31	77	97	55	95	68
91	35	20	30	74	32	16	80	78	17	9	31	93	77	2	47	46	10	51	65
72	83	87	29	90	29	55	52	77	67	45	19	50	55	19	12	99	62	35	75
59	19	78	25	16	29	79	64	13	3	21	66	26	58	70	62	16	88	15	74
79	5	43	25	36	93	29	5	39	42	23	25	81	99	88	67	15	32	62	21
68	25	33	94	66	8	95	25	17	26	39	11	24	2	23	18	29	94	83	54
60	60	74	65	82	60	31	95	36	61	47	87	74	67	28	95	56	19	10	95
19	19	39	29	64	82	66	14	6	78	74	59	59	78	66	2	40	24	10	35
81	37	9	56	92	82	52	69	75	42	13	40	16	78	19	68	22	40	10	47
4	77	44	40	82	66	30	16	43	95	12	19	48	96	34	20	38	27	4	32
9	35	41	14	70	95	92	48	44	49	3	38	50	16	32	25	69	50	69	64
83	64	29	35	11	49	2	30	41	26	76	36	6	72	8	25	47	76	41	95
69	61	8	36	23	95	2	54	56	90	89	22	26	47	81	37	95	44	72	47
79	71	11	27	84	91	87	71	34	79	70	22	14	5	9	13	78	33	46	60
52	29	46	98	36	73	30	1	71	71	9	21	31	84	59	81	48	22	39	75
69	97	87	89	20	73	36	65	5	69	69	61	59	16	64	20	45	43	58	75
41	93	53	44	79	2	61	80	23	55	55	87	84	94	43	39	99	19	53	79
2	45	8	89	15	92	26	25	26	32	65	98	95	91	13	78	73	25	15	6
84	81	50	63	9	40	66	59	48	62	20	12	51	94	65	95	4	5	88	92
93	83	48	8	91	22	90	76	87	54	68	51	17	90	25	57	49	66	29	12
63	57	50	16	93	10	24	96	16	15	53	80	66	17	5	67	47	51	80	43
54	61	24	48	6	25	29	18	59	59	65	76	77	77	92	48	88	18	9	92
7	38	49	29	51	18	6	72	66	24	44	1	2	83	73	33	7	30	58	57
32	92	65	21	15	34	76	94	66	6	90	54	94	20	9	17	44	92	14	25
81	39	46	17	67	62	73	15	40	76	25	88	49	91	10	21	91	92	64	4
41	15	8	23	24	11	38	74	88	78	92	61	68	58	98	43	95	44	54	34
73	25	22	24	48	14	71	30	96	65	37	92	73	46	75	61	24	3	77	1
74	37	7	7	11	74	46	91	64	82	47	25	9	97	28	20	16	81	29	29
22	95	60	27	22	97	72	65	66	28	82	48	56	31	60	38	4	93	26	35
16	8	75	85	25	83	16	46	89	6	25	81	48	59	31	44	7	66	52	90
1	55	71	18	19	74	19	19	67	25	52	24	10	75	66	27	43	57	2	70
79	63	26	48	95	34	80	79	75	90	36	68	34	65	84	72	69	28	12	93
99	55	54	37	6	76	20	32	71	83	13	77	52	34	62	30	81	85	75	94
34	26	84	93	69	56	1	73	64	41	74	89	51	92	42	64	50	83	27	33
87	86	72	48	91	78	36	77	35	86	31	85	24	31	30	88	84	86	27	39
10	96	15	15	18	76	29	45	19	77	21	62	7	63	4	57	95	20	2	36
56	11	66	54	7	44	42	94	67	22	5	21	60	1	85	6	11	78	88	12
8	98	1	38	47	44	2	2	6	58	16	88	51	48	43	14	10	55	41	89
99	88	58	50	27	93	70	30	11	5	83	99	70	56	88	42	39	60	47	11
21	20	33	77	1	80	97	37	14	89	21	40	45	88	40	85	53	50	5	12
44	83	13	69	60	81	52	1	28	48	55	36	32	37	82	35	21	83	18	45
11	40	65	57	97	42	67	92	39	38	7	59	36	73	64	12	68	3	57	6
57	99	42	74	61	54	32	38	81	66	41	52	1	18	31	39	94	67	63	60
63	37	83	31	59	70	96	43	95	20	92	31	41	41	92	51	56	94	33	76
70	11	69	72	54	87	92	50	30	46	19	89	85	70	90	32	24	98	46	82
23	33	27	37	58	11	42	1	59	43	32	37	7	59	24	58	87	91	45	50
68	3	91	95	29	2	8	57	83	2	57	47	16	70	98	64	1	3	86	99
56	47	42	25	6	10	25	69	85	48	72	56	65	63	66	15	55	74	47	27
57	54	62	38	56	1	59	7	49	15	88	27	81	79	61	55	78	11	67	31
58	51	27	2	42	45	90	99	26	11	72	13	43	67	69	44	23	81	52	60
42	70	41	64	39	20	70	16	46	78	43	97	62	31	36	23	69	19	33	35
12	99	12	39	51	15	49	78	1	40	72	98	7	23	74	79	27	23	66	23
71	45	74	85	14	20	94	64	92	40	16	5	72	48	12	44	45	52	39	37
82	46	77	60	41	9	10	59	42	97	83	39	57	10	38	16	60	93	41	77
4	47	39	84	53	60	94	79	14	95	70	15	83	95	9	6	55	20	33	69

20	7	5	8	7	14	1	17	15	18	11	15	15	14	3	15	7	12	8	11
1	19	20	7	20	4	1	18	1	1	6	18	19	2	11	8	5	4	16	15
14	3	11	12	14	10	18	17	11	7	1	17	20	10	20	11	9	9	1	10
3	6	14	17	8	18	5	2	11	2	11	1	19	9	3	3	11	5	10	2
11	4	20	11	11	8	5	12	12	3	8	13	19	17	15	6	5	1	9	19
8	1	8	13	7	19	13	13	6	19	13	18	1	16	6	20	7	16	9	19
2	14	5	20	13	6	8	5	9	20	7	14	2	10	7	12	14	16	2	11
17	13	4	6	6	2	14	18	19	13	17	18	9	19	10	20	2	1	3	9
2	15	14	19	4	17	16	9	13	16	16	12	17	4	11	2	3	11	19	13
4	1	20	7	6	18	15	7	1	1	3	10	20	18	11	8	17	13	14	12
13	11	7	2	20	12	11	4	5	15	15	5	7	5	16	13	17	19	18	13
12	3	12	17	14	13	9	6	9	16	8	11	8	1	8	8	16	15	13	2
3	20	1	1	5	8	13	1	1	12	13	1	2	18	5	7	6	12	19	3
10	5	1	4	3	18	5	4	17	16	14	10	1	6	20	16	18	12	18	2
14	9	13	12	3	5	9	19	11	19	18	5	10	6	9	1	20	12	6	13
18	16	13	19	8	8	6	9	8	9	5	7	18	7	18	12	10	19	16	8
8	17	14	13	13	14	7	15	4	9	19	10	12	5	14	8	20	19	12	17
3	7	4	19	10	20	19	5	20	18	13	15	15	16	16	11	14	3	20	10
14	13	11	12	15	11	16	3	20	17	9	4	6	15	14	13	1	11	6	20
15	20	9	20	10	20	3	10	16	2	10	16	1	7	10	19	3	15	17	3
6	4	10	12	2	1	19	18	10	5	15	10	10	17	13	19	7	12	4	8
4	12	18	20	9	20	4	11	8	1	5	1	10	6	2	16	8	2	18	1
20	16	17	15	19	3	6	2	1	3	10	9	15	3	12	8	7	7	19	14
8	6	2	17	17	16	1	19	17	15	12	13	3	17	12	15	4	17	18	6
4	14	5	16	19	11	8	16	1	4	4	12	18	11	4	8	1	7	5	2
12	19	1	13	17	2	8	2	13	12	3	10	4	13	2	17	8	19	10	16
7	13	1	7	19	2	18	1	14	6	18	9	19	10	17	11	3	18	5	20
2	4	11	13	10	6	16	8	18	3	14	2	15	13	19	10	14	19	15	5
18	3	6	18	9	14	10	16	17	10	19	8	14	14	12	2	16	12	5	3
14	2	6	1	4	6	16	17	11	10	7	16	16	13	10	10	16	14	1	10
10	8	19	3	5	11	17	1	13	18	17	2	5	3	6	7	19	14	18	1
3	3	3	15	4	16	20	4	20	11	11	20	5	4	18	5	1	15	4	20
9	20	8	4	20	15	15	8	9	8	9	10	4	18	18	1	7	9	2	5
19	12	10	2	20	10	16	10	7	18	14	19	15	19	7	14	19	8	15	2
6	19	11	10	17	9	7	15	3	4	15	9	8	7	10	6	17	7	8	10
12	1	1	9	7	3	16	19	2	6	5	19	2	20	3	11	20	8	16	2
11	20	13	11	1	19	5	13	13	1	20	15	2	3	3	12	3	5	5	8
5	11	5	5	8	11	6	15	17	5	14	14	3	12	3	15	20	20	11	6
18	15	18	5	2	10	7	3	8	13	17	4	19	6	18	12	2	19	11	20
6	2	12	2	2	16	20	18	14	8	9	2	11	10	3	10	5	3	6	14
16	5	1	18	20	5	12	12	19	15	3	7	4	12	17	8	17	2	10	20
2	8	10	6	4	19	9	16	4	1	6	14	18	13	2	2	6	11	1	11
1	3	12	5	8	2	1	6	18	16	14	8	3	7	17	19	8	4	8	14
5	1	19	13	17	13	10	12	5	16	12	4	14	20	10	2	20	11	7	6
13	5	14	2	4	2	6	4	10	16	7	13	2	18	3	11	10	3	18	15
2	13	8	20	3	7	17	19	17	9	15	3	6	2	11	20	5	11	2	12
14	20	3	20	20	18	2	3	18	15	9	17	16	20	2	17	1	2	7	19
11	16	11	6	7	8	19	5	13	8	17	14	11	11	14	7	12	8	18	17
12	13	13	17	19	6	19	13	16	11	13	9	1	3	11	5	13	14	3	12
7	4	16	7	4	8	13	16	10	9	16	1	15	2	14	12	9	15	4	13
5	2	6	5	20	17	3	6	13	19	10	12	17	8	13	12	13	13	4	4
16	17	19	16	18	6	16	15	6	11	2	3	8	17	11	2	1	6	7	8
6	9	3	16	9	20	13	7	6	10	5	16	12	15	3	1	2	4	10	9
9	3	2	1	14	2	18	10	19	14	16	8	6	14	10	13	10	8	3	2
5	4	9	4	14	8	19	10	4	20	9	6	6	6	2	4	20	9	7	1
18	3	7	14	9	11	9	17	20	12	11	7	3	12	16	16	6	12	5	16
4	15	8	5	3	19	9	5	6	11	8	20	5	5	19	6	16	6	4	7
10	5	20	14	2	16	10	1	3	15	16	17	3	10	6	11	17	8	14	19
11	17	20	18	15	3	7	10	16	14	5	19	8	8	17	12	12	10	17	3
18	7	2	12	10	9	14	14	4	1	15	20	4	20	19	4	10	6	4	14
19	16	11	8	8	18	2	9	17	19	15	10	12	19	6	16	4	16	6	16
9	18	9	18	12	4	20	8	12	1	4	11	19	16	19	8	14	6	12	2
8	9	16	15	4	11	20	15	4	12	14	12	8	7	5	18	16	13	9	5
8	1	20	6	20	3	2	6	11	17	14	7	4	4	12	4	3	15	18	9
16	16	4	3	9	18	16	2	18	17	20	9	13	7	20	10	4	11	1	7
16	8	17	11	1	2	7	7	20	8	13	16	14	5	19	18	2	15	10	6
3	16	18	13	18	20	15	17	1	17	2	15	15	19	10	13	3	10	5	14
17	9	15	15	7	4	5	4	20	1	13	10	5	8	10	5	10	17	14	13
15	2	16	8	13	20	7	20	17	2	20	8	15	10	17	19	9	14	16	16
17	2	10	10	1	14	4	11	2	11	10	18	16	13	1	12	11	5	18	19
17	1	9	9	8	19	4	11	14	17	10	19	8	14	5	15	4	7	16	12
1	9	14	6	10	4	20	17	13	4	18	14	20	5	1	4	1	19	11	12
2	4	3	11	19	3	4	17	17	6	3	14	16	1	19	13	8	11	1	9
10	16	20	10	16	7	19	5	6	15	16	16	2	4	4	17	13	9	13	20
13	7	6	1	18	15	17	14	6	7	9	8	12	4	3	8	17	13	20	3
4	7	16	16	13	9	8	4	7	18	18	9	7	20	18	5	12	18	10	18
14	12	14	14	17	16	3	16	1	7	8	18	2	16	13	14	19	10	2	20
20	6	11	4	2	16	11	3	9	19	1	4	3	9	13	3	20	18	6	1
16	8	15	11	2	6	16	1	19	10	5	8	15	8	17	16	19	15	13	14
11	9	18	18	14	19	20	5	4	12	18	7	8	15	6	18	5	10	18	7
16	14	19	13	4	7	6	2	9	2	6	10	14	8	19	17	4	7	13	19
8	16	4	7	4	11	4	20	15	3	18	18	10	8	7	10	6	16	5	11
7	13	6	13	4	16	20	4	6	2	19	11	18	5	7	10	8	7	12	14
20	11	20	17	9	4	13	1	19	8	2	16	11	12	5	7	18	10	6	12
3	20	2	1	12	15	7	16	18	7	1	11	18	5	19	17	20	9	16	19
8	6	20	19	8	7	15	8	10	15	6	9	18	10	18	3	19	11	12	4
14	19	10	1	5	12	14	14	7	13	17	6	17	16	17	3	6	6	15	11
3	18	17	6	19	10	16	14	5	4	5	12	16	2	15	12	7	15	19	18
17	5	14	16	18	2	9	8	9	11	4	13	16	18	6	14	15	10	12	18
2	11	3	13	9	7	7	20	17	19	14	5	8	7	8	8	19	4	20	18
1	2	8	12	18	3	2	14	1	11	9	5	2	16	12	14	3	14	7	5
5	12	18	15	11	10	5	5	17	12	16	6	3	18	8	20	9	13	20	11
13	13	3	7	8	7	15	5	9	9	12	1	12	10	19	19	11	13	20	14
19	10	17	9	8	12	10	1	19	4	8	1	10	12	17	16	14	13	3	8
11	5	8	16	4	3	6	3	9	8	12	11	6	9	6	17	2	17	19	13
19	5	11	3	1	17	6	13	2	1	8	9	2	8	16	20	11	10	3	14
5	11	5	14	2	7	15	19	5	15	9	8	8	12	8	5	4	14	2	14
20	16	13	9	17	16	20	16	14	1	2	19	4	4	6	10	4	19	3	18
17	6	18	15	2	18	20	14	5	10	11	10	13	14	3	11	12	6	6	18
8	15	3	13	3	15	5	6	13	13	2	5	19	17	4	11	17	17	17	20
8	19	10	6	8	20	13	17	18	3	1	16	8	14	5	9	13	14	8	15
3	12	19	9	3	17	3	15	17	9	12	5	1	3	10	19	19	2	14	20
10	14	8	11	15	20	16	4	3	18	16	11	18	18	1	8	9	17	18	4
17	20	19	8	1	8	8	9	12	12	6	13	7	19	5	2	10	14	2	14
3	13	2	20	17	9	3	12	10	13	19	19	13	6	8	1	12	14	3	20
15	3	5	18	17	2	18	2	4	5	11	2	17	1	15	15	1	7	15	3
4	12	7	16	12	17	15	12	3	2	14	11	12	8	19	5	18	13	18	3
18	19	3	17	6	7	13	8	15	1	6	20	12	15	12	7	20	15	10	20
7	16	16	9	15	12	13	4	1	3	4	7	17	2	3	9	14	10	4	14
6	7	12	20	9	18	11	12	9	19	12	16	11	12	10	12	14	5	16	3
12	16	1	14	14	10	11	5	11	10	15	11	12	3	12	5	19	20	1	2
7	13	14	1	2	4	19	7	17	9	20	12	7	3	19	7	4	19	18	12
14	20	3	11	1	2	20	17	19	8	18	5	8	16	14	20	18	17	11	7
13	15	5	16	4	2	19	12	5	5	12	6	5	17	5	16	13	14	13	6
5	10	4	18	5	20	1	11	12	17	15	18	2	7	7	2	7	9	19	14
19	13	18	9	9	18	20	6	8	7	5	19	10	19	6	11	12	2	10	16
10	16	5	5	7	19	15	13	16	14	19	11	16	18	9	3	17	14	11	5
8	15	3	17	3	19	6	12	6	17	15	17	9	14	10	17	10	17	15	1
16	16	1	20	6	9	8	16	9	8	9	5	18	20	16	4	18	7	11	7
5	11	11	15	6	14	2	4	14	10	9	11	13	1	5	3	8	12	5	7
9	7	5	10	13	18	14	2	2	9	5	9	8	9	17	15	3	5	4	3
16	7	2	14	1	9	11	9	8	10	10	11	20	19	2	4	14	15	10	5
9	5	5	4	1	12	16	10	18	15	6	6	14	1	5	4	7	4	7	5
9	10	8	8	17	20	17	13	3	14	2	13	8	5	17	19	20	1	10	16
2	4	7	17	6	19	1	9	2	5	14	3	15	13	17	7	20	12	14	10
2	18	2	15	13	10	16	4	7	14	17	19	1	3	8	13	18	5	5	15
15	19	20	4	8	8	8	8	8	10	5	9	6	16	19	8	4	5	4	5
5	13	13	11	6	10	3	12	15	10	7	14	20	14	11	8	7	15	14	5
3	11	13	6	13	2	5	3	15	7	18	17	12	15	19	15	3	15	4	12
6	1	6	7	4	10	13	6	16	8	3	19	3	7	9	15	1	14	19	1
7	2	19	11	16	1	15	10	7	9	13	9	17	3	3	7	18	17	9	17
10	2	4	5	10	8	11	8	12	13	6	19	19	12	9	13	3	14	11	10
14	5	5	4	5	15	14	20	11	11	3	15	10	20	20	3	4	3	14	5
3	6	7	15	13	15	15	4	13	14	18	6	5	8	13	13	2	14	2	12
19	7	14	5	8	19	2	12	10	18	3	10	13	15	16	2	12	13	3	8
8	17	6	6	17	8	5	2	7	14	20	12	20	20	20	2	7	10	12	10
20	16	5	17	16	16	15	15	5	4	10	13	19	16	9	16	20	16	4	19
20	16	15	20	18	1	9	3	6	14	11	1	16	9	8	20	12	5	15	20
10	8	16	11	3	17	8	5	12	16	9	16	6	6	1	5	13	14	15	2
15	2	15	17	17	10	18	12	13	5	18	11	16	16	7	10	1	10	10	8
5	11	19	2	19	12	17	18	11	17	19	18	5	11	11	13	8	8	11	8
16	10	4	4	1	3	9	15	5	6	1	9	8	18	15	5	15	19	18	9
10	5	20	18	19	14	3	18	14	5	14	15	10	16	11	14	1	3	15	4
3	20	16	8	18	8	10	7	17	20	5	6	7	17	5	19	1	14	3	9
5	20	13	10	3	17	19	10	18	1	13	10	17	12	2	4	10	20	5	18
8	16	8	9	19	6	9	8	1	7	4	4	9	12	11	1	14	18	11	14
17	16	8	12	6	12	8	20	14	18	14	15	3	16	9	17	8	16	15	9
10	2	7	6	4	12	11	10	16	18	19	5	10	17	3	12	8	11	13	13
3	20	2	16	19	17	11	13	11	4	9	19	19	14	15	3	13	20	15	8
10	13	16	9	16	15	12	4	11	4	6	7	4	20	20	5	12	18	16	17
4	20	3	10	7	5	2	1	9	11	19	18	4	10	10	3	7	12	9	18
17	19	16	9	3	10	2	2	13	20	14	10	1	9	20	6	17	18	7	10
2	2	10	11	15	10	17	17	2	17	10	11	17	1	4	16	18	8	9	15
15	5	1	5	6	14	14	13	20	1	5	13	8	14	13	1	2	8	9	1
12	9	15	17	12	13	15	9	3	14	9	6	3	6	17	15	6	6	9	17
8	15	17	1	1	8	12	19	16	4	20	17	14	5	1	6	20	12	20	6
14	3	3	10	7	13	4	19	14	10	1	15	10	6	18	2	4	14	4	6
8	6	5	10	19	19	12	15	16	14	11	14	12	8	17	4	4	13	12	17
10	15	10	15	3	16	15	4	12	18	19	4	15	1	12	18	14	1	16	5
16	5	7	2	1	11	17	10	3	11	3	19	9	12	13	14	9	16	19	17
7	18	11	13	3	20	5	5	18	17	18	17	15	12	20	20	12	16	9	10
7	11	16	4	9	5	19	9	20	19	17	5	9	6	10	17	8	4	4	12
1	9	17	3	6	6	9	1	16	11	11	1	14	8	18	3	5	18	10	6
13	13	1	17	3	7	18	16	9	7	2	7	3	20	16	15	10	7	5	4
13	9	1	4	13	19	8	12	7	13	13	10	5	10	7	2	2	18	6	4
8	3	20	8	13	10	19	2	9	12	1	16	13	18	18	15	14	19	10	6
8	16	6	3	16	8	9	8	6	20	13	8	12	3	6	9	15	4	12	3
4	9	17	7	12	1	4	11	6	4	15	10	17	7	8	6	19	7	6	6
9	7	14	7	8	2	2	14	4	14	14	1	7	1	9	14	4	10	5	5
9	4	19	13	20	15	13	17	8	15	7	15	8	15	1	7	7	18	20	15
20	5	11	13	20	2	18	8	7	4	2	3	18	20	15	10	12	12	13	4
14	3	12	7	5	8	20	8	20	8	20	7	9	15	6	8	8	14	12	8
14	2	18	8	4	17	7	5	5	12	5	14	1	11	16	13	13	15	5	1
11	12	18	16	5	10	7	19	12	2	10	15	16	12	7	14	1	6	18	3
7	2	7	5	15	20	7	2	12	5	16	19	2	10	20	17	5	20	2	14
3	16	2	7	1	10	14	3	2	8	8	2	13	17	7	11	1	19	12	13
10	18	4	4	5	10	5	6	12	5	6	6	1	5	6	15	3	16	4	5
7	15	4	6	3	5	4	3	20	15	13	17	9	16	11	6	18	18	20	12
15	6	11	15	9	16	5	10	9	4	19	10	5	14	14	5	7	12	17	6
15	5	6	15	16	15	16	8	6	10	20	15	13	11	13	19	1	3	1	2
11	2	9	12	12	4	15	9	17	10	19	18	13	19	17	12	8	18	4	9
11	11	15	10	3	14	9	2	18	13	7	8	15	7	14	20	9	11	2	5
9	20	6	3	2	15	14	11	10	17	3	13	17	18	19	12	6	10	5	17
12	7	13	4	6	13	6	4	13	15	16	3	3	1	18	19	13	12	4	18
2	20	13	18	1	12	12	3	6	1	6	5	5	7	6	13	13	1	15	18
8	13	8	15	14	8	3	10	3	7	9	18	12	1	4	10	2	13	15	2
4	19	5	19	19	8	5	11	6	9	13	9	16	4	12	6	9	6	15	5
9	8	5	11	6	15	18	18	16	6	17	3	10	5	7	5	3	4	15	7
11	4	3	14	15	7	18	7	19	9	1	1	12	2	17	6	1	16	9	6
8	7	7	3	7	16	11	15	1	2	6	6	15	8	17	13	5	1	17	17
18	7	10	3	20	20	5	11	17	6	20	14	1	1	1	3	15	6	14	2
14	15	4	17	2	6	3	7	14	10	10	10	10	1	5	12	7	4	10	1
3	20	6	18	5	8	14	7	11	18	19	12	9	4	4	7	7	11	13	15
6	13	20	11	14	17	3	13	16	19	9	4	2	2	13	8	16	7	3	5
3	6	6	16	1	13	6	16	11	9	8	10	2	6	12	11	3	16	19	11
20	11	15	12	13	1	19	1	9	1	19	16	9	3	12	15	17	20	3	18
12	16	11	3	15	5	7	15	7	1	10	18	5	20	3	16	3	18	15	15
12	13	7	6	11	19	16	1	4	4	10	20	10	17	1	11	15	20	14	20
15	4	7	1	6	12	2	14	15	19	19	16	10	3	3	17	4	12	3	14
11	20	17	14	14	4	7	8	19	6	2	13	9	9	13	15	10	1	2	8
9	19	2	15	15	20	2	13	20	20	10	1	6	5	18	19	10	19	12	12
8	5	5	1	18	6	18	4	14	4	9	14	8	13	14	6	16	9	15	5
14	9	11	17	18	2	4	11	16	8	2	3	10	8	2	6	17	14	4	4
14	10	10	7	11	9	16	9	11	16	7	7	15	1	5	17	17	4	11	10
14	4	18	17	6	6	4	20	3	8	10	13	6	16	19	14	6	12	9	12
15	5	9	6	8	3	10	1	9	2	7	3	19	6	9	11	17	11	20	9
4	9	3	3	2	18	6	19	5	9	18	17	20	14	1	11	2	18	6	13
16	9	20	11	2	4	8	7	18	16	11	18	15	1	13	20	18	11	17	8
20	2	13	2	18	14	7	5	5	16	17	17	20	6	6	3	18	4	1	8
15	18	19	1	6	14	20	7	10	1	3	8	13	9	16	1	6	6	6	9
17	11	18	7	12	4	10	4	1	4	4	7	3	3	7	3	14	19	19	10
10	4	18	11	9	18	3	2	20	4	4	4	14	3	19	6	15	3	18	1
10	11	17	20	3	12	5	14	5	4	3	7	4	8	8	4	8	19	7	6
20	9	8	5	2	12	18	4	14	19	3	18	10	2	13	17	15	15	9	5
10	2	8	9	3	5	1	16	10	18	2	17	15	14	5	13	16	1	9	19
1	18	16	6	9	18	10	1	3	3	12	5	9	14	15	3	18	20	4	16
11	2	2	15	15	2	11	2	20	11	1	17	3	13	18	13	4	2	15	10
20	3	4	11	3	15	14	7	1	12	2	19	16	2	5	7	6	6	13	13
8	1	10	20	6	2	7	7	6	3	4	10	19	2	19	13	17	10	7	12
17	11	4	1	18	10	15	15	19	6	18	6	20	9	9	12	7	17	9	14
10	8	2	12	13	20	11	16	13	9	20	10	4	3	19	11	16	10	5	13
10	13	20	3	17	7	4	15	11	18	17	6	16	7	18	16	18	14	10	8
12	12	7	11	17	7	7	8	6	19	16	17	10	13	7	3	7	14	6	8
11	19	7	15	2	1	15	10	11	5	14	20	3	14	4	19	10	5	20	11
9	19	13	6	8	16	6	12	10	6	20	18	18	17	17	3	6	16	9	4
5	12	7	10	7	7	18	14	10	13	4	15	3	9	3	6	4	18	12	5
15	9	1	17	10	16	13	15	17	8	12	20	10	4	11	5	13	18	11	17
15	2	9	15	5	10	2	10	17	16	14	1	12	20	6	5	5	7	13	5
10	20	13	20	14	3	13	15	8	9	9	19	17	3	10	10	3	15	15	9
17	18	13	18	18	8	8	16	20	19	5	6	13	16	3	11	19	13	3	20
8	13	20	11	4	2	18	12	16	2	3	5	1	16	16	7	16	10	12	7
19	17	12	6	10	18	14	5	19	6	7	5	13	14	12	1	13	1	10	13
12	8	12	7	17	3	11	15	17	10	16	9	12	12	8	4	14	7	16	13
18	15	15	4	10	16	19	18	17	20	6	3	3	8	5	20	19	3	5	11
2	2	3	17	4	16	19	1	8	17	9	19	19	7	3	10	15	14	2	8
7	9	1	7	7	10	11	15	13	16	2	6	8	7	8	12	20	19	2	12
8	16	13	17	19	18	12	16	10	9	19	12	13	20	12	13	8	17	1	2
19	3	6	7	14	20	20	2	6	12	4	1	15	7	18	4	14	10	1	1
17	20	7	7	6	11	16	8	16	20	3	4	1	7	19	19	8	8	13	17
5	8	16	14	6	9	20	14	16	15	9	9	3	11	9	12	9	6	1	2
7	19	17	19	3	16	20	2	1	12	4	18	13	2	2	17	15	16	10	3
6	12	16	14	16	10	5	13	9	11	16	14	10	15	19	10	6	8	8	14
2	19	19	6	14	5	13	1	5	4	20	18	7	18	12	17	20	12	8	2
5	4	6	18	9	10	5	2	4	5	19	1	2	16	4	10	8	7	4	4
16	9	13	12	4	4	7	2	15	10	4	3	13	4	10	9	19	16	5	15
2	1	17	11	3	20	9	9	13	2	12	3	9	12	16	15	3	8	17	20
12	9	20	7	8	5	11	14	3	6	8	12	15	12	7	13	13	9	1	14
11	17	7	17	1	11	9	1	14	15	2	14	15	5	17	11	9	19	9	5
7	1	8	9	16	19	13	9	15	2	6	6	15	9	12	11	10	9	7	9
5	15	20	18	4	11	13	3	20	5	13	15	12	1	6	7	11	6	6	2
13	9	20	4	17	8	19	17	8	13	11	14	4	11	2	11	1	1	14	14
19	17	19	4	17	2	20	13	6	20	11	20	3	20	7	9	18	11	17	6
10	6	16	6	9	12	5	4	11	12	12	4	14	2	1	16	1	20	6	10
17	2	18	19	5	4	11	12	17	3	1	15	14	3	16	9	17	14	3	13
3	3	15	4	2	20	11	10	16	5	17	9	3	10	3	19	18	12	9	16
8	16	14	1	10	12	18	1	11	20	13	3	15	11	4	11	3	19	16	6
13	8	15	13	3	19	15	11	20	16	9	11	14	6	10	18	19	12	19	20
4	16	6	20	11	20	8	7	4	20	12	4	9	7	11	8	3	14	5	20
1	11	7	13	11	9	15	1	11	18	13	14	19	12	4	4	20	7	9	19
2	17	16	15	9	17	2	16	14	11	13	9	1	16	5	16	9	7	16	2
13	20	3	10	20	15	12	19	14	11	3	1	1	6	8	13	20	11	9	8
20	20	14	5	2	20	19	9	19	7	7	5	4	8	10	5	9	1	12	17
13	11	5	10	12	5	19	9	3	20	9	1	17	7	6	17	9	11	13	5
20	11	7	7	20	10	4	12	6	3	14	8	1	8	16	14	18	20	14	16
7	19	19	20	3	16	17	12	1	5	16	17	19	13	20	8	4	15	9	10
7	19	11	3	13	3	9	20	16	4	9	6	10	9	11	20	11	4	2	12
12	17	19	3	19	5	3	7	4	3	5	10	2	1	4	2	10	11	10	13
12	1	16	5	20	3	1	4	14	20	13	19	12	6	11	19	9	16	18	9
10	18	16	8	14	17	8	12	15	2	15	1	6	1	11	4	9	4	5	17
15	9	8	4	13	11	1	1	13	10	11	17	19	2	12	3	8	2	8	6
9	11	13	13	10	12	20	13	3	8	10	12	4	17	12	4	7	16	16	14
20	8	14	9	20	14	9	6	4	9	13	15	15	2	11	5	2	13	9	12
10	11	15	9	2	5	13	2	3	7	3	19	1	6	7	8	8	14	4	6
14	10	16	16	9	18	11	20	16	12	5	19	11	1	3	10	6	8	19	8
20	8	8	14	6	16	13	13	12	11	16	9	3	10	14	2	16	19	12	16
6	6	1	18	8	10	17	4	18	15	1	16	15	2	19	11	7	9	16	13
7	19	7	7	1	4	14	8	18	5	18	4	10	1	7	17	4	14	20	18
14	10	16	13	5	20	5	5	2	12	2	13	3	16	6	2	2	6	1	4
2	15	16	2	7	18	14	2	9	20	18	13	16	5	12	16	14	18	14	19
11	8	3	8	9	4	16	4	1	9	18	15	9	6	16	20	16	20	19	14
1	10	6	20	8	14	9	15	6	4	10	11	15	14	11	19	5	2	17	8
17	13	19	6	5	20	12	5	13	20	10	4	12	17	12	20	2	10	3	2
11	12	13	14	9	14	6	20	6	2	7	2	16	1	10	7	16	1	20	15
9	14	16	17	11	9	20	6	7	9	12	17	17	2	3	11	6	12	18	7
15	8	13	7	5	17	3	6	13	8	3	6	16	1	12	19	19	5	4	15
3	11	1	12	14	15	12	3	13	3	17	7	11	2	20	3	15	13	17	14
6	14	14	20	20	1	5	13	7	18	5	10	16	4	6	8	14	2	3	3
19	6	9	2	13	17	15	9	13	20	2	16	13	6	4	1	8	15	15	16
17	8	19	10	8	12	17	2	10	9	1	19	1	6	9	17	6	11	12	17
6	2	17	16	4	18	8	19	12	12	5	19	6	3	7	15	9	7	16	4
19	6	12	8	7	17	4	1	20	14	1	3	3	13	8	16	10	19	14	20
15	15	14	6	15	8	3	6	20	18	9	2	11	10	14	10	15	14	9	9
5	13	11	19	13	18	11	6	19	8	7	15	1	6	8	15	16	5	13	16
8	20	17	11	7	12	15	15	2	14	14	11	1	17	1	1	8	2	1	1
15	14	8	1	3	19	19	13	4	8	10	15	11	3	2	12	18	18	6	16
19	16	5	18	19	2	5	14	18	13	7	7	2	8	13	2	3	17	11	20
8	9	1	8	18	5	16	12	5	3	11	11	14	3	13	17	14	1	17	13
3	11	12	4	5	11	13	10	13	14	14	14	1	15	3	16	2	14	3	19
14	5	16	9	11	15	15	5	15	8	13	20	1	3	9	17	4	3	8	5
20	9	8	8	13	16	2	10	12	17	4	1	9	18	3	4	2	16	16	7
10	2	4	12	1	4	2	2	15	1	7	7	17	2	13	16	5	14	10	19
6	10	5	12	2	11	11	6	9	13	7	13	1	1	13	6	7	17	5	19
20	11	8	20	19	5	8	8	8	12	20	4	15	14	11	19	6	5	4	15
17	20	10	9	19	6	5	12	16	15	12	14	20	17	7	17	17	10	9	14
8	1	9	2	13	7	5	13	4	3	11	5	3	15	6	19	1	19	12	6
7	1	12	5	13	14	3	11	10	8	4	8	9	5	4	13	14	11	5	14
4	11	19	11	6	5	17	14	12	4	13	7	7	2	3	9	14	16	17	7
13	3	15	11	2	12	15	12	14	8	5	10	4	6	11	6	2	3	3	9
3	4	1	19	1	19	19	16	16	7	4	13	17	1	2	20	6	11	16	5
7	11	18	8	19	15	17	20	14	7	11	11	3	19	9	1	1	5	14	17
15	20	12	16	7	9	7	8	14	11	11	16	9	2	12	11	20	20	7	14
6	19	15	2	2	19	5	5	7	1	14	18	19	8	6	17	16	9	5	9
20	11	19	15	17	19	6	18	7	15	11	10	6	9	17	9	1	11	2	6
9	12	17	20	15	3	9	17	8	14	16	1	13	2	10	15	11	19	8	20
4	1	10	19	2	8	1	7	19	19	10	11	6	16	7	9	12	11	5	19
14	19	1	20	9	9	20	4	14	7	4	18	15	16	15	2	16	17	8	3
8	16	20	14	19	16	4	15	13	15	18	2	5	11	9	20	18	11	3	19
5	7	15	5	8	15	10	4	1	11	11	7	19	8	11	14	3	19	5	20
1	12	5	5	14	1	19	15	5	7	5	12	12	19	15	2	14	1	7	4
5	17	19	18	16	18	18	1	20	9	12	6	2	19	6	13	1	7	18	18
19	5	14	16	14	19	10	5	5	10	1	7	20	1	16	9	11	13	20	8
2	11	17	20	1	20	6	12	2	11	10	16	18	19	17	17	10	13	7	20
14	14	5	19	17	15	10	10	20	15	4	10	2	9	11	9	15	1	12	4
16	13	1	18	19	11	4	15	9	4	18	2	17	1	15	2	4	4	17	9
8	13	16	18	16	6	5	16	19	13	3	20	8	4	20	2	1	4	17	8
6	16	9	12	18	7	20	9	11	12	6	11	7	16	16	11	6	1	14	4
3	4	3	19	11	12	14	7	17	6	14	13	7	12	19	9	7	15	9	10
1	6	5	17	11	20	16	10	10	20	16	9	20	18	11	2	19	14	10	9
2	12	3	20	17	10	2	13	1	1	15	16	8	16	12	16	14	10	1	16
1	3	12	20	15	7	8	7	7	7	4	10	15	18	6	18	6	13	9	8
18	9	16	19	2	4	20	19	4	3	6	13	14	11	11	6	2	10	19	6
11	18	20	4	5	9	3	10	1	8	9	18	8	17	17	10	2	6	9	12
18	13	17	12	9	14	14	12	12	15	7	10	20	20	2	3	8	12	12	20
17	7	18	10	20	20	10	3	12	13	3	19	20	8	3	12	6	13	3	1
2	8	13	5	5	15	20	9	6	11	20	9	18	4	16	8	17	7	9	1
9	6	20	5	7	19	2	19	10	18	5	12	14	16	14	4	18	17	9	19
12	14	15	8	20	13	20	6	7	4	8	8	20	11	11	6	1	1	14	19
9	9	20	6	15	7	18	17	3	5	18	18	11	15	5	3	3	12	2	17
1	10	14	16	4	1	7	8	8	18	16	14	17	7	4	17	8	6	16	12
17	1	16	13	1	3	2	5	20	8	1	19	11	5	12	15	10	2	16	10
16	7	19	13	11	4	14	8	17	5	12	20	9	9	10	12	6	1	13	16
13	7	13	20	3	2	8	4	12	4	4	7	7	15	6	13	13	1	15	15
19	18	8	18	18	11	18	14	3	19	14	16	9	9	20	8	10	2	14	17
6	3	20	20	10	7	5	5	6	16	18	4	18	8	19	9	6	15	17	20
18	11	12	2	10	14	10	4	7	17	19	8	13	12	18	17	4	7	6	5
8	2	20	4	6	1	17	1	14	18	13	2	4	7	18	16	2	9	15	5
13	20	5	7	2	16	1	12	2	20	17	18	12	6	2	5	20	2	11	20
12	12	19	10	14	18	12	4	5	7	9	15	14	1	6	7	16	19	19	2
11	11	20	4	10	1	7	5	20	1	15	20	7	15	20	7	2	15	10	15
20	8	8	11	11	11	20	20	5	18	12	9	2	20	7	10	1	6	13	1
18	13	11	20	7	13	20	16	11	7	5	16	8	1	10	8	9	2	7	6
15	14	15	7	7	1	12	5	18	2	14	5	5	9	6	4	1	10	3	8
13	13	5	4	20	10	13	17	9	3	5	8	13	9	12	15	13	19	9	13
18	14	14	3	11	18	13	5	2	13	16	1	20	8	12	1	8	20	10	17
12	5	5	12	13	8	3	3	3	8	19	20	4	16	15	3	7	11	1	6
14	17	16	18	1	12	19	4	11	4	8	7	14	19	16	16	2	3	19	17
9	8	19	12	7	12	20	9	8	3	15	4	7	10	14	2	1	18	8	18
2	3	5	4	1	8	3	12	2	1	17	9	7	8	15	10	1	8	11	20
1	4	4	19	1	6	20	3	5	20	9	1	9	3	9	2	11	5	8	5
17	9	16	1	2	4	1	19	5	7	11	2	2	20	18	3	3	9	3	5
9	12	6	11	15	13	9	15	17	1	15	4	6	19	7	10	20	20	7	3
9	13	4	11	6	11	11	3	18	7	10	13	20	7	10	11	16	5	16	7
6	12	4	10	6	16	3	19	2	5	1	14	11	2	18	20	4	20	15	5
11	4	11	8	19	19	5	2	19	6	18	13	4	3	13	11	14	14	12	19
8	19	14	4	17	10	11	5	8	16	12	18	10	20	17	14	9	15	19	13
4	7	9	12	19	20	3	16	8	2	1	7	9	9	16	19	10	6	4	9
6	7	10	1	12	20	7	19	15	7	11	6	16	2	4	10	14	11	7	20
4	10	8	4	14	11	20	16	19	7	8	3	5	14	5	5	20	16	20	8
6	17	15	18	3	19	13	5	1	12	12	8	13	13	5	19	8	20	2	12
19	14	2	7	3	1	12	18	15	16	10	20	7	9	15	4	8	6	4	9
1	20	12	13	4	11	16	8	9	14	20	20	3	6	11	15	4	14	7	12
11	19	9	1	2	10	14	18	19	16	17	8	17	4	9	14	6	8	7	11
14	18	4	1	18	10	12	17	9	19	3	19	6	18	7	19	2	20	16	12
20	10	2	19	13	17	13	12	11	11	2	6	2	15	1	15	9	18	9	5
20	13	9	17	4	14	10	4	16	18	20	7	19	5	5	1	2	18	18	20
6	6	8	20	3	1	6	14	6	1	7	19	10	1	13	9	11	18	16	17
8	20	17	2	5	10	9	1	15	15	10	1	11	1	3	2	1	1	6	12
11	11	20	13	1	15	6	10	18	4	13	6	9	14	13	11	14	12	20	20
4	11	6	11	17	2	16	9	16	16	16	1	1	7	3	10	15	1	19	20
4	19	4	7	14	4	7	15	19	12	11	3	16	14	1	18	4	4	14	16
18	15	10	3	5	2	3	16	10	1	6	8	14	2	18	18	6	17	5	7
4	12	7	20	9	1	6	9	16	9	12	4	8	8	17	13	9	9	18	8
20	16	19	12	15	16	20	11	18	2	1	19	15	7	2	7	17	20	20	16
11	12	10	1	19	4	10	5	2	3	3	3	3	12	13	9	14	3	8	4
8	1	2	20	17	14	13	1	13	17	12	13	13	14	1	8	13	13	11	18
8	16	15	1	20	16	10	12	18	16	12	6	12	19	18	13	11	9	11	5
14	7	4	16	15	8	2	20	11	8	7	14	12	14	13	10	7	4	19	12
15	8	10	10	2	12	11	14	20	12	14	17	11	15	8	14	12	1	16	13
16	19	20	19	18	4	3	15	19	8	10	10	14	14	4	10	15	7	2	5
20	13	10	19	19	9	10	16	20	5	10	4	10	13	2	2	4	9	6	18
17	5	6	11	3	4	16	12	10	18	11	9	4	6	4	7	11	7	17	10
9	9	5	9	4	16	2	3	3	11	20	18	2	5	1	15	9	2	6	17
10	1	7	14	1	3	10	19	2	1	9	11	19	7	17	7	8	18	18	3
13	7	6	8	8	11	6	19	15	10	2	6	20	10	20	6	7	4	7	2
14	14	5	10	20	18	13	6	16	6	1	13	10	9	13	3	1	19	2	14
7	15	8	12	16	6	16	14	8	8	1	11	19	10	16	10	15	12	7	19
6	14	15	2	16	15	14	19	17	13	2	9	12	4	20	14	14	10	17	16
12	3	3	16	5	10	13	15	13	20	4	8	12	5	3	5	5	2	17	2
8	4	10	14	19	12	17	4	2	13	8	3	4	20	2	20	13	20	19	14
17	5	13	8	16	16	15	3	13	15	2	6	17	3	14	2	9	9	16	15
10	17	4	20	2	19	6	9	16	2	18	18	1	15	6	13	5	4	3	14
10	17	13	5	14	18	19	3	1	4	2	1	14	12	16	14	18	2	2	14
14	6	16	17	15	17	3	8	9	12	14	17	8	13	10	14	6	2	9	5
3	18	17	1	18	6	2	2	17	13	18	17	20	16	1	1	5	5	3	4
7	15	4	14	3	17	17	7	5	10	15	20	4	15	5	14	15	18	16	10
13	2	18	1	5	11	16	6	7	15	17	2	17	13	6	20	8	19	7	5
14	12	17	1	11	14	13	18	5	4	4	4	12	6	13	14	9	17	19	18
1	8	7	13	13	9	5	20	8	6	10	9	7	19	13	16	10	10	5	14
18	16	17	12	18	5	1	14	1	7	18	8	8	8	4	16	3	11	16	17
5	12	6	4	19	12	19	16	7	1	4	16	15	11	9	4	13	9	13	15
17	9	17	15	10	8	15	12	1	19	1	16	3	5	13	12	19	4	3	11
4	3	20	16	9	16	18	2	12	15	13	11	15	6	12	4	8	12	13	12
9	6	5	19	5	13	20	19	10	8	8	17	15	4	14	3	18	5	14	2
7	18	16	7	5	19	1	11	8	19	11	20	16	5	6	19	8	10	3	16
20	7	13	9	16	15	19	4	3	6	17	13	9	7	4	8	7	7	16	7
16	18	12	11	17	12	18	19	20	8	13	14	3	5	17	3	18	7	6	7
2	3	16	1	1	11	2	5	18	11	20	19	15	20	4	8	13	20	3	10
10	9	13	12	2	19	13	5	12	6	16	3	7	20	3	12	1	3	19	13
7	20	20	12	18	7	17	4	2	13	6	6	8	15	1	4	20	19	17	14
18	20	11	13	3	16	5	20	20	5	19	15	1	20	11	1	16	7	12	14
15	13	16	17	2	20	11	18	20	10	7	7	9	11	19	16	12	16	14	12
6	2	18	9	19	9	9	2	20	17	12	12	20	2	15	4	19	12	7	8
5	17	18	4	15	2	8	16	17	10	20	19	15	14	17	9	14	5	15	11
7	10	11	12	13	1	11	13	6	7	17	2	9	6	11	2	12	2	6	5
4	15	16	14	13	15	7	10	9	15	3	8	20	8	11	8	5	7	19	2
14	13	11	20	19	6	1	18	6	13	18	19	12	5	16	3	18	3	13	12
19	18	5	11	16	15	11	8	6	18	12	2	6	12	1	19	12	1	10	9
9	6	1	10	19	13	8	6	6	20	7	17	17	10	11	15	3	16	6	17
20	2	11	15	20	7	16	15	18	3	16	11	6	12	15	8	20	8	15	11
3	4	13	1	9	5	17	7	19	6	14	6	18	1	18	4	3	12	18	19
9	5	13	9	16	14	1	8	20	15	8	7	3	13	12	16	12	14	8	3
1	11	5	18	2	1	12	12	14	10	2	5	19	19	11	17	5	13	15	9
7	7	19	4	7	17	6	18	13	17	20	14	20	14	10	17	6	19	16	16
1	3	16	11	16	14	8	8	14	5	9	14	6	19	1	1	2	6	2	18
5	10	11	10	20	8	4	8	18	16	9	12	11	18	15	13	2	7	6	3
11	4	6	8	14	1	14	16	6	13	11	20	9	8	6	15	11	19	10	18
17	6	18	18	2	8	9	7	14	18	5	1	2	17	13	14	18	10	6	3
20	3	6	20	19	1	5	15	8	1	10	13	1	1	10	4	3	4	6	17
3	11	12	20	17	1	20	3	2	4	19	5	7	17	17	9	18	9	1	14
6	20	5	8	3	9	8	6	1	4	1	17	7	8	6	1	14	13	12	15
19	5	14	9	17	4	6	1	17	20	12	17	16	20	19	1	8	11	1	1
5	6	16	19	1	20	6	5	1	8	9	4	18	8	18	11	7	6	18	4
4	10	9	4	9	17	11	14	18	10	6	13	15	15	7	16	19	5	9	13
1	18	8	2	10	13	6	2	13	10	13	5	8	11	19	15	7	2	18	5
3	8	13	14	12	19	7	15	2	5	17	5	1	1	13	11	3	5	9	17
7	15	8	17	13	17	6	7	11	1	1	7	12	9	9	6	8	9	20	4
1	9	1	10	1	13	15	9	3	1	12	5	1	15	15	19	6	16	3	18
16	12	5	8	8	14	4	12	4	20	6	11	8	10	6	13	12	7	15	15
11	18	10	19	10	2	4	19	9	3	18	12	9	17	6	5	10	20	17	4
3	1	5	18	3	6	1	20	12	5	19	11	10	14	12	20	12	9	16	12
5	2	18	2	18	3	13	15	10	10	8	3	13	13	5	20	16	8	18	9
8	7	17	8	17	15	3	7	5	4	4	7	6	10	2	9	3	3	12	12
12	19	8	6	19	2	6	18	17	18	3	19	7	18	3	10	10	15	4	20
9	14	4	10	7	17	19	13	8	4	5	16	2	20	16	18	17	17	3	6
16	20	18	6	9	10	17	4	2	1	2	6	9	10	3	8	5	6	5	16
16	11	8	10	8	17	12	16	4	17	1	14	19	18	11	3	12	20	12	6
2	12	19	9	16	3	18	8	7	15	10	5	16	7	17	4	18	14	15	2
13	11	15	17	17	5	18	8	17	1	16	13	7	1	14	6	4	9	5	18
4	17	9	15	3	10	16	19	16	12	5	20	12	3	1	11	18	1	15	15
12	6	19	12	3	15	6	12	19	9	11	12	17	18	18	2	19	5	15	12
19	10	15	13	6	9	3	4	12	9	17	3	7	2	3	13	14	13	18	5
10	10	13	8	8	16	3	13	5	3	6	1	7	10	16	14	12	15	18	15
14	14	9	9	9	15	2	2	9	6	10	11	15	1	4	2	15	11	15	3
13	14	10	7	5	20	14	15	11	7	4	16	1	8	14	14	15	17	3	2
3	15	18	4	11	4	13	6	14	10	13	5	19	11	5	14	15	10	4	20
17	19	5	13	6	5	4	15	8	2	12	10	8	12	5	4	12	14	20	16
18	11	3	8	19	17	6	20	10	4	16	19	11	1	15	3	18	20	10	15
7	16	16	13	9	1	3	5	13	11	15	18	12	1	20	1	14	13	7	8
8	2	6	15	6	1	9	7	14	18	1	19	18	11	15	4	18	7	10	12
10	18	9	2	7	17	18	4	15	13	9	7	6	16	18	13	2	6	15	18
10	13	16	15	18	14	14	15	19	10	7	9	8	19	3	10	11	15	14	9
18	10	19	10	12	14	2	14	3	3	6	12	10	11	11	9	14	6	7	20
13	9	17	5	20	4	15	18	4	6	4	20	12	7	8	5	1	12	12	9
5	4	14	8	6	11	5	5	3	15	9	20	1	4	5	10	7	16	3	20
2	14	10	5	5	1	17	3	16	1	11	8	1	3	20	1	9	4	8	2
17	7	16	17	8	8	17	10	18	17	2	12	13	12	16	12	9	20	17	18
12	9	14	15	18	6	17	6	2	7	1	18	5	10	6	12	14	7	17	1
13	11	9	1	10	1	20	14	10	11	18	11	20	15	2	9	19	12	1	9
10	20	3	7	12	18	18	2	17	1	13	15	5	11	14	9	19	16	9	18
20	13	15	4	17	12	20	11	9	4	12	3	14	17	19	2	19	9	6	11
14	20	13	2	20	17	3	6	8	4	5	9	13	4	20	8	18	5	20	10
2	15	20	20	8	8	13	4	6	15	18	10	17	19	16	4	3	19	12	17
4	5	14	6	6	18	12	8	3	13	4	11	14	9	19	7	11	4	16	9
13	3	8	1	10	9	9	5	1	1	18	15	3	6	12	19	14	4	20	4
7	10	1	9	15	12	17	6	19	18	5	1	4	2	17	13	4	14	2	5
11	6	14	19	13	1	2	9	10	10	5	7	12	20	2	4	19	6	4	20
17	5	14	5	18	1	9	9	13	5	19	14	18	15	3	9	3	10	7	6
3	3	20	9	7	19	13	10	3	16	6	8	19	1	7	18	13	10	3	11
15	16	10	4	12	20	8	3	4	3	10	2	14	16	12	6	11	4	6	19
13	20	1	12	20	4	20	8	20	14	8	8	14	12	20	10	17	9	15	9
15	5	15	6	14	3	8	4	19	13	16	9	15	2	10	10	12	18	19	5
2	8	9	18	3	20	10	6	18	10	14	16	1	11	13	14	6	3	10	19
17	6	16	12	15	8	12	11	3	12	17	2	15	14	9	6	10	6	1	4
1	13	2	12	10	1	19	10	12	11	16	16	11	8	6	6	17	15	13	16
6	20	4	10	7	18	13	6	16	4	14	15	4	20	9	6	9	1	18	6
13	2	10	4	11	3	16	15	20	20	4	15	18	9	17	12	13	4	8	18
20	20	16	13	6	13	13	13	14	14	15	2	6	16	19	15	4	13	16	17
16	14	3	20	1	4	16	9	20	19	6	17	2	5	9	5	1	7	5	11
19	3	17	11	19	5	19	2	13	9	13	19	2	7	1	16	2	6	20	20
7	20	12	16	5	2	1	9	2	15	12	9	2	18	3	7	19	1	15	7


2	2	1	2	1	1	2	2	2	1	1	2	1	1	1	2	1	2	2	1
5	4	4	2	5	1	3	1	1	5	3	1	3	3	4	2	1	3	2	3