500	7	20

1	1.3	1.55	1.75	2.1
4	6.76	9.61	12.25	17.64

33	10	44	15	93	67	65	58	67	58	78	45	6	59	34	96	18	94	67	1
53	22	85	43	90	17	81	75	43	34	81	78	23	31	48	76	93	50	91	95
61	33	49	28	24	93	20	23	75	59	29	53	80	16	76	51	91	6	58	79
72	99	50	55	39	96	49	15	57	39	12	23	24	15	83	7	11	91	59	48
77	47	16	15	38	44	25	61	54	55	8	77	4	90	53	29	95	70	21	77
14	99	29	9	33	69	57	6	23	38	2	45	66	76	1	41	10	86	76	28
5	93	11	64	3	19	8	83	62	5	62	19	10	34	65	37	5	47	22	29
20	57	65	38	59	54	20	95	66	19	56	33	28	91	73	7	1	81	26	68
26	92	82	21	17	5	30	89	27	3	39	13	67	48	89	31	45	42	70	88
78	78	81	65	27	75	1	14	8	42	99	11	11	76	4	89	4	6	47	21
6	16	14	91	71	9	11	85	56	59	12	15	72	80	77	11	29	28	5	23
11	32	4	71	86	83	67	67	27	99	33	72	49	39	1	90	24	82	7	28
19	77	1	13	77	12	95	63	50	15	54	7	19	80	30	84	49	71	29	89
58	30	76	69	10	13	79	41	60	78	81	14	10	98	31	37	64	91	84	39
36	38	51	45	57	87	64	83	36	75	67	91	39	25	94	28	3	83	71	38
69	27	46	84	14	48	23	80	43	16	52	82	82	28	43	88	21	85	84	94
30	41	90	11	22	71	95	92	46	58	82	62	87	68	1	18	84	3	41	10
33	77	30	29	73	77	82	25	48	55	89	96	14	12	93	48	47	11	34	90
45	87	63	40	34	81	98	51	13	67	32	90	8	59	67	86	55	32	14	76
48	80	44	5	22	3	61	83	86	98	67	46	69	63	8	8	69	21	17	10
30	37	96	58	83	93	88	75	51	87	85	77	70	14	38	97	78	37	31	51
58	99	15	43	55	91	11	80	54	55	40	25	66	64	80	2	74	55	14	70
52	20	15	61	23	58	63	99	49	9	47	76	6	84	41	64	95	57	29	10
69	15	35	14	54	74	34	86	11	11	29	13	40	46	46	20	80	22	19	66
49	4	48	31	17	35	18	49	69	22	8	64	29	88	15	52	93	34	74	12
48	19	20	47	59	46	97	51	1	15	64	10	88	54	21	18	42	98	18	97
39	11	66	86	38	11	73	56	88	59	94	11	92	52	81	53	52	59	62	18
91	74	18	64	94	12	78	40	68	18	89	93	40	88	14	84	5	63	67	98
17	53	71	88	99	56	44	3	88	76	54	27	5	20	39	45	8	47	6	24
25	85	93	13	37	42	4	37	30	20	24	75	47	68	5	53	91	98	80	55
17	28	39	41	40	45	99	59	29	32	54	64	48	25	56	80	71	9	78	36
3	2	34	83	86	20	43	14	92	79	55	2	53	24	60	91	26	91	17	86
57	46	11	58	25	54	18	71	99	4	63	86	77	87	66	98	77	64	31	7
14	60	88	8	96	9	33	40	37	37	97	49	70	61	1	8	86	58	64	1
81	54	76	63	39	83	73	42	90	91	75	97	60	60	93	53	67	66	38	75
31	91	13	9	55	15	41	99	88	94	10	68	89	38	18	36	93	90	27	23
47	78	56	6	37	62	44	67	16	93	71	11	75	20	11	22	59	60	79	70
28	47	92	35	50	17	62	61	63	54	9	41	38	84	95	1	47	18	89	39
1	5	19	75	51	50	36	21	9	4	22	87	41	69	67	31	54	16	98	26
4	37	30	41	52	38	12	92	25	8	54	11	10	61	94	64	10	56	83	68
53	95	48	57	22	60	98	12	52	44	20	1	80	27	20	23	29	21	84	22
68	49	43	69	15	82	65	68	16	81	2	81	82	92	45	10	80	40	24	50
47	27	32	34	15	72	69	82	74	84	43	4	81	8	22	52	40	92	84	6
8	75	58	23	29	38	83	47	48	60	82	77	94	62	58	57	86	75	74	58
84	3	41	73	15	2	1	32	23	93	85	91	31	61	91	53	40	4	65	27
64	37	57	13	39	2	43	62	27	78	83	47	8	24	33	6	42	40	59	72
82	37	18	76	72	36	2	85	52	60	12	70	90	3	17	3	34	74	93	4
13	28	52	91	22	24	66	73	93	49	15	11	11	24	36	11	16	7	54	28
84	55	9	69	42	80	98	28	63	81	17	29	10	15	67	50	2	44	71	96
83	41	83	84	18	29	85	36	26	7	19	24	5	43	72	56	38	51	27	44
59	24	5	58	75	82	16	66	90	45	55	94	99	46	64	56	42	90	37	6
77	49	40	85	14	65	24	92	8	40	69	45	41	91	33	63	4	85	90	63
10	2	3	9	96	37	10	44	51	38	23	31	47	49	72	5	32	16	39	68
93	42	6	5	18	24	4	80	76	10	44	32	45	45	25	52	55	96	35	78
56	41	24	50	78	99	93	38	36	71	42	85	85	39	39	37	54	3	50	99
63	40	36	93	76	69	46	97	81	79	11	92	28	14	85	89	34	41	61	29
35	8	67	54	38	4	94	91	38	49	79	84	83	8	57	18	50	34	79	98
62	52	38	34	35	76	91	74	81	76	52	67	65	94	99	21	99	71	6	75
66	45	68	37	42	38	3	59	85	59	28	70	12	2	90	24	18	46	22	81
35	15	10	35	26	57	97	52	86	43	42	58	56	20	76	71	64	14	16	74
96	47	66	8	81	53	24	2	39	65	97	90	14	44	79	20	76	80	10	2
60	4	60	81	53	87	60	93	95	90	24	86	53	37	70	63	2	34	92	12
52	75	92	3	20	60	30	21	30	52	76	23	50	1	16	34	58	41	65	78
62	50	78	49	43	47	71	20	40	79	91	85	72	61	27	89	91	18	97	4
86	15	86	12	89	20	34	26	15	42	16	35	71	5	52	66	71	13	81	85
21	31	90	6	23	83	38	38	65	41	55	86	75	56	60	87	68	58	30	91
40	1	69	67	39	74	30	48	84	57	28	40	85	28	22	55	26	4	54	70
36	67	35	47	17	40	53	77	30	75	5	8	63	76	30	44	47	33	64	11
25	94	28	98	46	36	88	87	26	85	74	22	5	88	33	38	50	38	68	59
65	65	36	11	36	31	45	43	93	41	84	72	9	78	13	47	88	29	32	19
8	44	41	56	9	56	6	15	36	5	61	87	58	63	5	56	3	32	55	14
54	84	81	31	69	17	12	87	34	40	43	92	2	80	44	87	25	68	15	62
68	6	41	73	45	78	30	8	19	98	84	56	9	69	94	25	88	52	47	87
40	23	72	61	98	16	30	5	40	97	78	8	72	82	93	90	25	46	73	24
58	3	29	50	58	6	83	95	52	19	48	54	67	77	75	19	49	72	59	24
61	69	38	9	9	20	91	38	24	40	32	95	65	59	99	83	34	1	6	96
48	82	83	20	98	71	5	91	34	60	29	12	3	16	49	13	26	98	53	93
30	55	13	13	67	96	80	89	40	38	86	34	62	54	2	47	91	42	19	51
5	44	35	77	83	62	16	71	44	71	83	27	44	96	30	41	40	35	13	38
17	32	64	34	45	85	5	1	65	75	55	26	64	67	70	99	75	64	32	33
36	73	30	43	91	53	98	34	46	75	53	32	72	71	50	80	78	6	98	86
51	86	14	58	60	82	47	11	7	62	66	72	36	47	34	98	50	89	67	5
40	95	68	99	55	82	39	29	39	44	64	68	86	20	50	72	4	90	25	11
91	41	80	6	37	55	7	9	87	73	96	20	94	29	4	78	90	5	65	85
79	89	18	64	68	80	3	98	8	76	93	99	66	66	22	41	70	22	61	81
7	68	70	5	5	80	36	40	77	65	88	61	64	18	77	71	27	25	4	38
89	14	36	74	52	5	87	17	19	55	14	72	68	53	34	42	52	61	6	62
19	42	24	37	67	78	58	19	92	92	67	39	30	35	93	40	93	63	22	88
65	2	51	12	7	56	61	1	53	11	7	76	58	35	59	85	71	85	76	53
52	17	79	63	60	6	65	28	86	61	73	80	45	30	12	94	94	70	91	76
88	50	74	98	96	89	23	71	83	82	29	5	7	37	83	52	77	69	45	95
20	83	8	10	60	27	82	64	74	44	17	62	8	16	80	30	21	58	16	45
28	5	44	22	14	64	35	6	98	93	74	79	5	63	71	29	41	98	84	85
49	99	35	32	99	41	91	70	69	87	48	38	95	57	21	1	11	17	90	52
13	64	60	87	3	71	46	38	92	85	97	80	8	85	39	80	41	14	69	94
84	52	35	96	19	46	35	27	25	89	51	41	81	15	78	46	77	13	6	10
50	28	64	80	69	45	24	55	19	60	5	41	71	27	53	90	34	61	36	67
20	99	86	10	59	72	48	42	81	5	32	20	41	91	60	42	23	95	42	51
92	90	29	27	40	66	87	63	84	28	83	41	33	47	6	31	15	95	72	76
3	5	13	95	96	97	42	23	94	90	22	82	85	87	40	97	93	50	62	27
58	89	57	74	21	98	34	39	40	65	55	49	38	73	41	35	66	68	6	79
53	19	54	94	74	71	77	43	30	43	10	33	52	43	81	78	59	28	5	64
88	80	3	3	4	49	86	52	36	20	49	80	69	83	82	79	52	2	4	74
2	7	80	66	30	89	84	8	70	77	52	23	4	44	32	32	49	57	23	2
38	39	52	92	17	81	3	45	23	2	42	50	26	68	54	77	25	57	32	38
4	41	48	43	53	75	59	1	70	80	7	77	52	82	89	88	18	67	16	37
45	17	79	88	93	42	11	22	80	35	78	17	51	86	48	12	89	68	72	28
55	91	39	84	67	19	20	50	56	58	33	50	28	4	60	75	1	82	11	99
11	12	32	1	34	69	55	55	81	48	94	35	59	69	34	56	68	7	28	22
68	4	9	55	65	14	40	86	93	31	51	3	30	63	78	99	50	88	42	23
54	55	29	35	59	56	78	12	69	99	51	24	92	96	63	44	99	47	7	18
60	44	50	56	59	29	56	4	61	23	97	32	2	7	76	99	57	92	22	23
3	78	46	99	78	90	71	30	93	86	60	87	61	28	57	14	31	24	21	4
33	93	15	68	26	86	68	50	89	72	50	99	83	84	23	53	93	67	18	81
86	23	49	11	36	47	42	58	47	62	92	44	27	82	67	45	28	85	21	61
84	83	3	47	32	53	50	43	30	84	3	79	3	17	51	13	6	24	68	48
24	56	55	46	81	36	48	33	74	31	72	90	90	11	7	60	52	7	98	44
57	82	71	72	2	82	64	95	60	69	97	59	48	26	45	66	45	48	31	33
99	38	26	87	10	53	95	54	99	19	54	95	19	15	96	27	10	31	29	58
67	92	22	52	70	8	27	61	42	76	11	78	26	99	76	71	89	24	2	51
99	42	99	28	73	48	55	94	76	96	82	4	29	94	6	51	87	68	84	69
56	52	52	9	35	52	94	46	66	16	89	69	24	44	85	69	93	13	57	70
61	73	33	87	39	52	81	79	43	72	25	76	60	19	60	97	63	13	25	10
97	47	49	82	19	69	48	92	55	35	6	44	85	46	86	47	41	39	2	88
5	7	77	1	23	60	81	95	49	8	74	67	39	46	4	62	75	96	46	24
19	75	77	85	54	67	84	80	31	98	69	79	22	81	99	19	79	50	65	16
62	2	86	24	18	67	63	66	36	59	16	92	31	81	17	34	39	18	89	8
75	65	37	94	87	47	60	11	73	62	18	25	45	48	6	38	39	86	86	99
65	84	52	41	65	66	19	60	75	79	87	4	6	47	23	87	3	8	65	62
10	16	61	92	32	94	45	57	26	38	19	93	30	2	1	86	95	56	21	13
26	95	93	36	88	88	56	87	39	38	82	87	90	85	43	78	82	58	23	62
37	38	60	99	78	64	44	77	10	21	62	54	45	7	26	86	13	63	24	44
85	86	18	21	58	44	28	10	29	20	79	98	34	1	27	83	10	60	80	97
85	47	3	25	88	25	10	78	55	5	9	31	62	32	87	1	13	37	93	23
76	78	80	53	94	57	26	54	6	82	62	45	51	60	43	98	31	53	16	73
5	68	17	14	48	87	7	3	84	84	75	59	84	83	99	82	46	19	88	10
73	39	96	35	89	48	29	65	87	89	61	20	80	4	44	75	71	11	10	43
8	48	27	23	68	54	13	40	92	27	71	17	72	64	14	78	7	45	81	84
72	17	24	37	16	33	8	75	71	12	18	91	91	5	88	96	25	46	81	37
28	91	59	70	23	97	86	4	99	16	72	61	72	1	94	10	86	6	69	34
98	36	92	4	43	49	95	66	32	84	80	19	37	20	40	25	62	40	83	98
10	96	33	25	87	88	81	43	13	92	76	73	90	22	1	8	42	91	66	88
85	50	7	62	9	93	67	77	21	85	66	46	66	29	35	42	14	34	47	31
6	23	92	26	45	97	97	96	40	5	15	17	81	98	7	3	5	90	72	72
13	69	5	59	96	88	67	17	93	9	41	75	84	49	61	68	69	55	62	57
66	36	25	2	34	75	12	98	10	4	68	73	34	81	5	18	25	76	56	38
24	44	46	47	60	57	46	30	92	40	8	50	95	64	29	71	6	79	36	6
56	3	56	41	77	32	85	24	13	30	88	57	12	35	67	74	55	4	39	5
30	97	79	6	24	9	59	49	73	57	85	38	72	20	36	27	99	72	21	35
14	14	18	16	91	75	27	43	98	73	49	92	25	36	29	39	19	50	16	88
92	50	1	26	55	17	38	53	90	7	50	47	89	11	55	67	56	74	10	69
84	25	64	39	87	23	51	60	61	58	34	63	56	93	22	8	34	88	86	62
29	8	61	80	17	26	27	52	63	63	70	37	66	96	3	55	82	89	77	91
1	78	90	60	44	15	93	53	7	92	68	84	22	52	7	50	65	27	29	54
31	86	52	64	53	70	50	25	78	6	57	45	98	11	25	25	2	62	23	87
86	90	96	38	56	92	12	24	22	34	57	25	71	31	95	60	37	80	15	53
97	50	74	45	61	90	48	72	77	23	66	85	44	55	90	53	27	95	74	19
99	90	24	42	73	22	61	15	44	81	57	8	30	46	45	20	81	61	22	19
64	97	40	60	48	38	28	18	35	61	42	14	41	20	45	57	18	73	53	21
97	37	25	81	15	30	17	4	8	43	90	22	73	47	57	63	2	22	28	69
52	76	66	54	43	88	69	13	8	35	62	93	32	69	26	26	55	87	62	71
15	17	35	68	68	35	99	87	94	28	80	32	40	20	2	71	35	12	60	25
27	56	81	8	42	36	12	80	44	41	87	34	30	28	81	2	70	94	50	93
85	10	20	13	85	58	81	58	59	81	30	62	19	96	42	5	70	30	94	54
11	13	37	95	10	86	62	96	86	16	15	47	18	57	98	82	97	42	27	45
2	44	58	68	82	13	36	8	21	42	77	62	59	37	74	22	40	59	21	70
7	55	34	42	28	68	4	19	42	98	83	68	4	87	88	72	78	70	82	61
82	97	88	31	15	38	20	28	94	48	72	28	11	15	91	16	15	13	22	12
92	65	15	65	94	30	82	93	74	38	45	61	86	79	17	54	28	67	67	4
55	20	28	19	71	3	72	31	53	53	76	11	8	86	75	93	20	41	9	55
37	83	95	95	38	51	1	13	61	25	27	58	6	24	17	62	7	54	62	64
95	37	45	81	57	54	88	46	89	42	4	57	61	80	62	31	66	60	72	18
55	36	82	84	43	28	61	21	76	54	51	28	49	21	24	73	32	61	42	99
66	53	38	93	46	8	42	60	97	94	72	30	89	31	62	35	34	20	85	48
65	12	27	49	40	1	27	6	13	68	15	46	4	52	88	58	89	82	18	36
76	87	20	80	53	32	78	96	18	58	82	97	5	53	9	4	78	40	84	72
43	81	32	44	17	42	43	47	55	20	49	97	39	65	60	11	90	71	46	46
42	87	31	40	6	12	38	38	37	95	75	98	17	61	34	99	21	98	96	91
52	74	73	34	92	5	11	57	13	58	41	40	94	97	14	76	65	96	30	23
51	6	60	42	53	85	75	28	6	50	87	6	74	29	19	24	17	50	22	51
98	23	69	83	50	99	66	51	69	20	34	5	44	55	12	11	37	84	90	22
27	6	2	14	42	15	68	2	28	38	32	81	21	48	54	82	69	79	38	82
17	28	52	78	19	22	78	3	30	6	41	21	25	68	27	67	10	92	50	24
23	79	51	85	65	54	63	76	25	25	5	75	23	97	11	35	81	53	35	38
25	39	90	75	46	64	35	63	70	81	33	84	26	14	35	43	22	81	7	64
35	3	92	72	25	39	36	7	60	78	80	13	90	34	59	33	98	53	90	16
12	64	98	23	5	85	45	99	29	32	83	29	33	47	63	30	21	38	70	89
21	96	25	94	22	19	16	13	17	16	52	56	13	33	19	17	39	7	45	92
53	30	85	74	48	83	24	99	25	56	86	37	99	59	96	87	59	6	68	67
46	84	49	71	47	92	63	13	19	93	31	66	90	94	30	18	34	82	50	74
27	59	39	19	85	66	19	89	9	55	65	25	17	60	28	37	25	96	6	28
40	36	65	61	8	7	71	78	34	1	96	38	32	82	36	79	96	64	2	9
39	10	91	37	67	62	36	74	26	2	84	72	1	80	93	71	96	89	69	18
34	69	33	3	97	94	82	82	95	16	52	54	79	96	94	91	96	29	27	91
61	14	52	32	61	89	29	54	7	87	45	70	86	80	17	75	79	44	54	74
87	2	21	86	10	81	89	77	41	67	86	53	58	71	46	98	9	9	47	49
77	71	12	85	74	62	62	91	87	58	87	93	5	72	96	78	56	54	59	77
98	62	61	24	86	18	51	35	55	69	30	5	32	89	12	74	24	77	59	37
1	36	31	63	85	20	38	14	15	57	92	91	64	71	53	20	89	73	14	29
37	67	10	15	40	21	84	21	78	18	11	83	10	33	74	63	54	74	69	37
23	81	58	81	72	47	1	9	35	80	12	10	97	45	18	12	78	47	25	84
56	82	20	65	75	86	11	60	99	91	65	60	80	93	27	46	76	88	49	37
69	5	98	6	51	95	40	41	21	33	52	50	58	5	59	58	52	65	40	14
56	94	23	42	58	23	55	23	94	10	65	65	3	56	57	12	60	28	5	85
54	62	85	34	35	52	6	15	34	75	63	19	25	63	74	14	93	57	77	13
92	99	58	5	21	73	76	65	60	83	79	10	44	5	76	16	61	76	38	80
10	75	84	19	61	12	94	58	39	89	15	63	72	59	98	47	16	96	99	7
71	41	66	86	84	45	9	2	17	58	97	60	62	80	28	96	22	19	86	97
76	10	54	65	44	5	58	57	34	59	1	28	12	41	61	60	49	86	90	52
94	21	63	4	89	17	24	22	74	16	70	88	86	96	4	48	68	39	63	71
54	98	54	12	74	46	65	23	15	78	9	66	22	95	4	61	35	76	31	60
81	43	44	2	52	53	19	27	28	60	98	42	6	37	25	97	82	81	91	64
57	97	36	16	29	95	58	91	15	4	49	88	53	12	55	54	38	1	75	22
69	29	27	72	9	22	53	51	3	1	44	4	2	50	83	16	92	3	87	54
66	91	75	68	47	39	17	98	26	94	15	86	66	57	13	71	14	81	20	7
57	88	30	47	16	37	20	23	95	22	20	74	7	5	8	91	15	82	89	18
66	56	7	10	8	38	65	97	22	60	65	95	48	24	52	18	29	49	84	89
69	72	16	34	69	80	9	26	98	46	47	56	49	70	56	82	62	93	18	65
77	35	7	11	40	99	57	17	70	50	59	92	77	89	94	83	58	32	93	31
89	9	23	15	47	90	14	88	19	84	41	89	80	52	30	1	38	49	24	20
88	37	98	99	9	39	58	47	87	15	10	34	69	54	18	18	42	15	58	58
76	78	63	20	29	69	6	99	76	42	91	19	3	45	2	82	85	35	22	8
50	55	72	89	56	20	79	83	92	23	30	93	59	86	45	59	84	5	7	25
57	20	12	68	26	82	8	40	91	72	19	60	25	90	8	69	1	49	76	9
70	22	47	63	43	92	7	26	43	23	81	6	29	95	43	86	89	81	62	51
78	27	66	70	35	36	92	52	70	6	48	71	18	61	5	20	49	38	48	86
86	76	42	88	80	81	45	45	51	53	75	34	98	48	66	46	15	38	66	24
45	64	99	91	68	20	71	20	47	86	10	78	49	17	58	89	59	45	80	73
71	54	54	81	70	88	34	70	91	41	69	3	10	13	94	92	38	59	7	89
75	89	50	20	31	96	21	86	26	86	56	59	3	95	17	2	74	79	17	65
59	84	66	17	66	43	22	1	23	71	8	62	37	15	80	27	50	20	86	91
40	5	76	66	71	50	82	53	35	28	93	46	7	71	12	67	54	43	7	27
12	94	64	1	87	48	75	23	8	52	42	95	41	12	69	17	41	83	43	39
5	78	80	73	22	35	49	8	67	5	34	93	97	59	67	37	50	94	73	34
56	37	13	39	22	6	24	74	77	33	27	69	91	63	89	52	42	58	49	52
2	1	32	37	6	83	31	79	70	4	64	68	56	44	38	40	56	84	14	35
16	86	93	85	98	16	98	11	75	92	4	63	60	6	49	30	28	84	12	19
32	8	80	47	49	28	54	88	6	29	26	67	78	27	38	30	20	16	99	56
80	2	12	44	98	53	53	64	94	88	60	8	68	49	65	9	65	65	81	69
43	83	87	90	73	2	51	17	55	31	97	13	53	20	85	56	85	56	34	26
25	52	52	66	98	35	71	52	75	52	8	62	19	73	54	47	63	58	28	19
83	14	63	15	80	46	28	68	29	26	43	50	76	85	27	50	13	4	43	94
29	46	59	81	18	62	29	46	57	94	35	75	24	77	29	69	9	31	73	1
7	71	25	29	69	35	76	80	77	67	69	35	93	79	79	44	51	48	57	78
56	31	35	91	67	61	53	91	52	35	2	62	47	32	61	15	99	37	32	94
2	32	81	25	59	80	56	96	80	66	7	73	4	12	85	53	64	25	10	17
38	11	99	64	64	99	37	62	52	46	21	91	21	91	51	36	76	48	96	65
75	42	95	92	66	99	59	68	2	81	18	96	20	46	20	78	21	1	24	7
98	25	87	81	94	82	11	12	7	38	1	10	83	55	71	57	24	21	79	97
94	13	98	98	65	63	40	44	52	88	8	74	27	63	65	74	73	81	93	68
63	71	32	39	64	92	28	91	39	4	71	82	56	54	16	3	92	42	79	92
50	48	75	25	25	35	8	59	7	2	55	71	9	99	23	99	11	69	49	89
9	79	90	44	20	99	59	83	42	50	45	31	44	3	65	3	35	87	18	51
87	58	14	40	24	36	89	37	29	52	28	6	27	28	53	23	23	49	47	5
1	35	35	8	96	56	10	48	97	99	55	5	19	16	86	22	88	5	36	7
75	37	97	52	24	44	94	46	94	87	89	90	93	39	47	83	80	6	41	66
41	98	33	95	18	43	52	51	47	95	23	90	30	24	68	45	18	43	55	81
88	91	52	25	74	56	28	78	16	48	70	26	10	75	27	17	87	99	72	9
22	2	11	64	11	74	38	25	36	92	8	4	79	17	27	68	46	52	94	94
36	17	23	81	52	76	38	7	7	94	27	60	59	21	3	5	37	17	30	59
78	56	36	79	16	32	2	17	80	47	98	19	84	79	3	68	60	70	35	27
30	60	19	47	33	27	87	16	74	73	14	18	37	49	36	10	14	23	98	89
90	72	54	95	2	90	19	33	70	48	3	86	73	7	15	2	63	56	78	44
65	10	45	99	56	37	70	78	79	86	89	57	42	23	31	52	59	9	34	77
63	85	87	11	26	31	76	74	82	94	67	83	85	59	60	86	40	45	50	79
46	28	53	9	8	66	21	55	19	43	4	37	20	51	61	77	10	89	15	95
31	20	20	13	64	35	96	13	66	31	3	1	15	50	81	17	84	53	26	18
49	76	32	27	11	32	96	93	27	78	63	38	15	51	5	11	80	86	73	41
77	57	26	23	22	27	34	13	81	34	93	7	83	18	43	15	56	34	71	97
44	27	38	18	53	15	35	5	92	34	98	98	43	16	47	90	40	49	30	20
48	91	96	36	74	85	18	75	52	92	10	81	33	83	98	9	21	96	6	53
24	66	9	79	75	67	70	74	62	24	66	50	15	71	96	9	70	47	98	64
93	99	12	24	92	17	4	93	91	56	63	37	90	91	68	5	22	94	88	86
83	63	67	63	43	55	23	43	53	27	92	85	6	97	11	58	31	60	85	62
58	55	20	94	52	16	30	98	20	62	9	92	60	19	44	91	62	20	43	2
24	79	93	30	71	28	52	93	27	43	42	21	51	16	42	42	34	1	80	17
42	40	47	14	49	94	54	29	13	99	6	63	27	22	88	4	71	12	22	1
89	25	11	12	87	41	72	78	52	98	16	13	43	38	37	61	46	57	23	30
27	39	80	31	69	48	97	26	13	8	65	42	43	21	65	16	36	81	88	38
70	16	96	83	94	47	21	28	83	43	2	77	62	32	36	84	24	46	9	35
55	78	71	95	68	66	38	28	11	62	12	26	50	19	42	46	15	23	18	62
47	97	34	3	75	39	37	38	96	31	55	16	46	29	83	62	42	95	43	93
85	19	26	22	75	18	96	82	82	25	81	10	76	41	48	57	66	76	48	89
70	21	67	38	75	87	84	62	89	86	89	31	64	39	54	64	51	39	36	70
7	79	2	57	69	85	44	24	74	86	51	98	78	39	33	38	26	96	77	69
84	91	67	6	57	23	34	83	26	22	96	15	10	91	50	53	3	45	10	73
46	8	81	16	15	63	85	94	94	10	73	18	95	69	41	52	64	17	19	67
38	41	64	67	42	59	18	89	96	11	66	50	93	91	69	91	95	59	2	75
35	1	75	77	86	68	67	13	10	24	74	16	65	28	51	78	56	52	55	90
78	11	93	94	63	65	6	1	71	53	96	66	16	70	87	50	58	49	22	77
27	82	42	72	47	41	5	10	42	28	72	17	26	38	52	92	5	23	39	96
62	19	63	26	63	49	56	85	82	4	98	98	26	90	15	86	67	74	46	61
32	17	89	97	89	21	27	71	83	29	14	48	90	35	95	8	28	89	21	13
53	50	56	31	12	67	2	1	24	86	56	66	46	52	39	33	34	34	29	99
48	70	43	74	66	71	3	78	82	64	90	99	13	76	31	83	82	15	71	23
97	63	73	8	6	17	11	74	24	87	42	54	1	3	28	51	34	60	25	98
58	65	92	87	61	22	11	18	4	46	49	4	3	95	41	57	81	20	82	96
20	21	21	41	91	46	82	24	88	82	30	77	74	5	16	6	60	52	35	69
34	3	36	24	42	32	14	3	52	67	3	49	22	71	28	2	32	74	12	30
47	78	86	70	9	10	98	99	11	16	68	70	91	41	1	41	37	28	94	37
97	16	4	96	72	86	72	78	25	16	3	53	55	43	62	71	63	19	17	74
64	18	41	23	5	99	22	9	76	89	12	81	18	88	86	31	60	9	35	42
28	7	97	38	97	15	73	87	1	25	57	30	37	4	70	10	56	96	77	74
7	85	5	7	58	17	34	46	38	8	41	94	89	60	74	43	87	34	35	26
23	34	88	77	87	3	54	68	5	40	73	6	3	49	8	27	93	55	77	29
37	81	22	8	46	3	45	98	59	31	2	47	5	7	9	89	56	99	5	24
21	53	75	78	32	84	68	26	86	36	18	19	32	7	66	52	96	34	21	75
88	96	1	4	10	53	24	88	48	54	41	34	53	50	67	40	40	60	65	9
9	38	39	66	62	26	18	91	98	87	87	9	50	54	61	74	49	77	51	49
29	38	58	84	88	24	52	75	49	84	59	54	23	8	19	75	84	17	93	97
5	81	32	77	97	23	47	18	19	83	96	99	16	33	16	29	89	44	95	68
24	60	98	69	43	34	48	56	82	35	55	86	41	1	23	85	87	34	26	96
88	73	70	3	54	31	94	4	18	15	43	31	5	48	94	74	8	69	82	62
92	93	78	10	54	36	47	69	8	83	96	53	80	75	30	90	92	33	61	26
89	43	9	26	87	28	22	3	17	78	49	6	85	96	30	91	73	91	20	45
67	40	22	66	69	46	73	60	24	53	90	39	72	90	75	53	19	44	67	88
39	49	56	56	9	57	88	22	3	3	88	18	14	13	69	89	1	49	46	90
11	32	35	96	10	44	41	84	49	78	67	81	71	45	98	25	5	46	70	15
45	39	13	87	98	72	50	33	14	44	38	92	13	89	23	35	35	4	65	67
88	30	14	19	76	15	85	48	18	76	63	68	65	92	64	50	98	48	18	45
93	30	58	62	36	37	26	89	84	10	45	13	69	52	6	35	87	92	68	3
90	78	63	36	6	38	75	44	74	49	75	45	54	48	46	3	28	63	96	96
68	4	98	92	41	11	41	47	8	96	87	52	60	54	45	89	62	20	30	56
26	18	80	3	47	4	44	78	20	56	27	56	11	93	31	47	30	89	94	61
78	69	18	9	39	56	2	41	26	6	34	83	59	59	59	16	73	54	16	22
16	84	2	34	53	9	10	94	25	51	96	61	68	1	62	49	83	8	56	67
59	67	45	47	24	15	31	32	64	23	5	91	80	93	35	30	7	98	72	75
42	76	44	83	16	8	60	94	51	41	45	76	50	73	72	38	82	63	84	69
14	66	41	79	7	2	44	77	51	82	39	81	69	5	23	56	99	81	72	15
32	8	69	7	49	85	92	9	7	55	89	64	95	33	7	66	76	19	58	93
1	50	34	59	96	77	58	78	90	87	51	71	60	37	72	57	69	66	20	92
79	72	97	98	13	23	37	52	57	52	82	67	37	5	59	85	78	75	82	4
91	51	8	13	99	48	38	18	63	55	40	65	47	40	76	35	32	80	40	9
74	56	29	51	67	24	93	75	49	61	89	35	5	60	3	51	27	15	17	51
57	91	65	64	66	59	13	85	8	99	71	27	2	60	21	96	40	42	9	72
20	18	49	58	62	15	20	9	57	16	80	27	43	2	50	52	7	68	52	67
6	51	22	36	42	11	83	40	37	29	47	37	71	15	94	5	64	59	2	41
52	10	44	19	18	47	52	25	3	15	31	59	28	48	63	76	42	13	5	88
89	29	6	5	50	64	43	16	40	9	76	16	83	66	23	84	18	51	60	12
9	38	49	92	54	72	65	22	48	6	53	38	65	48	52	72	40	84	80	63
72	20	52	2	32	54	97	17	38	43	56	44	88	82	5	15	52	1	75	25
30	67	25	28	14	65	23	47	94	85	53	96	78	42	20	24	85	26	32	55
18	58	40	84	16	62	39	25	67	60	56	56	94	66	11	31	45	5	56	75
41	29	83	95	39	42	62	41	59	36	75	16	13	30	93	82	82	18	73	5
53	83	15	66	2	62	35	5	44	93	35	78	32	38	66	33	77	98	18	4
24	44	93	9	91	23	84	15	26	88	5	21	80	47	95	10	10	10	8	87
85	91	93	40	16	60	64	43	12	45	8	93	89	75	77	25	39	83	35	50
67	93	45	51	75	62	35	49	15	11	99	19	47	51	79	5	34	46	80	10
21	95	70	59	31	5	60	94	13	15	81	10	55	40	11	87	95	93	10	27
9	68	74	41	37	77	94	57	50	6	65	42	38	56	61	40	15	49	4	30
64	10	7	92	97	81	56	96	85	29	10	22	44	78	83	50	56	21	68	34
80	54	57	1	39	17	58	47	39	49	82	36	48	52	51	91	44	46	65	21
12	81	29	16	15	86	89	35	18	72	66	55	72	67	12	83	58	63	26	31
79	36	58	89	7	25	33	61	91	26	64	52	54	27	70	42	21	72	19	31
48	47	3	74	32	65	8	77	35	88	45	94	32	81	88	57	75	56	81	57
69	80	54	88	45	23	60	31	57	44	5	51	74	58	14	29	87	28	21	11
96	27	68	69	67	46	4	27	77	51	40	11	12	70	27	11	53	47	24	33
28	70	36	82	9	95	86	18	24	62	47	26	88	47	13	93	17	73	62	49
16	33	8	18	27	26	49	50	81	47	8	18	13	67	75	49	25	32	64	69
28	23	15	10	97	36	34	8	89	5	5	82	73	4	67	40	53	64	3	17
29	71	71	98	52	91	71	39	71	96	25	53	13	87	84	53	59	29	92	23
46	38	68	70	60	47	54	55	78	97	87	54	67	74	66	41	47	28	70	19
45	13	40	36	83	4	76	72	36	38	87	9	17	74	31	93	6	17	17	69
74	24	8	99	71	25	73	32	88	25	89	16	45	5	83	61	54	3	40	99
13	58	66	16	70	41	46	69	85	94	81	19	45	63	50	80	70	53	16	5
22	76	99	74	97	5	69	50	73	9	69	5	87	10	5	75	21	26	59	38
49	71	41	40	87	24	45	97	52	71	80	60	31	77	31	86	3	96	17	84
77	87	10	10	63	28	85	34	81	8	71	79	9	51	44	21	89	33	66	54
1	60	28	82	47	86	97	27	68	24	98	64	76	73	68	33	46	70	5	26
70	42	24	93	50	44	37	33	25	98	54	36	79	98	22	83	96	13	81	68
90	62	8	32	80	65	74	93	25	89	87	5	41	87	21	95	8	86	90	73
84	3	31	49	68	41	93	39	58	64	2	2	87	93	68	29	54	26	97	1
39	28	75	51	14	45	65	11	46	34	97	15	59	75	94	7	15	80	54	20
78	41	93	14	85	4	3	31	33	20	37	38	82	29	92	17	24	17	70	24
7	78	59	92	79	54	87	89	62	15	18	2	22	66	46	89	69	94	39	20
37	81	68	97	50	13	55	86	30	2	66	56	27	25	4	24	3	25	2	38
79	78	19	88	91	23	55	50	93	49	46	30	32	66	40	8	49	12	76	9
42	5	67	55	14	21	19	17	36	56	21	31	58	35	51	56	57	97	72	6
10	92	64	50	59	25	20	52	1	93	2	56	99	24	12	36	49	19	47	45
19	27	65	66	84	98	14	99	85	93	32	32	69	38	82	69	6	32	4	45
1	73	42	60	48	19	80	28	35	46	34	17	39	25	41	11	31	80	67	62
45	66	52	11	55	62	17	79	11	14	69	34	40	56	89	7	51	72	26	90
32	61	88	90	2	93	75	31	73	10	96	85	71	76	4	52	64	62	37	59
2	87	13	78	61	54	99	4	69	63	13	39	21	56	92	83	5	91	72	18
42	31	63	99	37	57	99	13	33	27	91	16	52	38	56	20	23	47	76	10
13	78	16	52	1	2	26	58	79	71	69	53	79	97	78	44	59	98	21	36
47	21	85	72	54	96	47	14	23	75	74	10	61	55	6	71	52	33	67	86
13	65	99	51	17	61	10	81	74	39	29	36	87	51	13	6	92	56	20	77
7	33	56	81	64	58	16	99	81	69	58	81	18	77	93	75	41	12	61	69
77	11	31	75	92	13	76	90	70	23	19	21	44	56	95	99	82	71	93	14
29	29	71	13	16	96	79	36	99	24	78	7	66	94	28	89	41	24	10	90
25	27	52	98	21	49	37	74	47	82	8	72	20	35	5	44	70	72	79	80
38	8	37	8	90	35	76	37	28	71	44	86	88	91	37	29	42	63	66	96
17	21	16	70	10	85	94	64	77	48	22	43	44	9	90	2	4	27	30	82
48	15	31	56	44	93	49	40	66	58	15	90	19	71	86	14	17	34	29	54
91	70	59	53	5	74	92	38	72	42	94	39	83	70	62	65	4	25	91	84
42	46	14	69	87	42	78	86	31	67	57	41	9	20	5	58	81	29	44	70
53	31	34	93	91	80	43	52	67	54	6	50	90	44	36	37	80	46	2	6
34	66	56	19	57	25	61	14	39	8	20	8	56	33	93	97	75	30	19	27
58	83	12	73	82	81	20	91	98	54	6	83	56	33	5	80	6	33	57	16
63	80	42	40	54	72	29	11	14	35	37	89	30	83	47	78	56	82	61	30
18	1	41	95	59	29	73	14	42	66	57	60	88	35	13	12	74	16	74	86
70	63	42	95	35	8	46	11	17	59	11	65	32	8	84	73	64	88	85	83
86	19	30	67	37	60	37	45	65	30	89	78	99	81	16	34	84	22	4	66
3	31	21	95	31	15	29	54	29	73	65	25	36	56	13	6	30	17	43	4
93	5	20	90	37	30	86	47	57	95	8	36	19	8	22	18	92	93	15	55
52	79	53	7	60	27	35	19	78	67	52	43	84	35	61	80	85	83	64	66
21	27	33	30	15	97	81	24	94	12	63	35	2	53	87	14	73	72	90	75
91	40	38	80	78	63	52	10	17	23	24	4	44	17	99	71	33	22	15	9
34	51	84	11	70	83	18	40	21	18	9	47	29	31	44	89	41	53	87	64
46	41	19	33	88	90	9	28	33	21	21	15	88	53	4	12	62	38	43	15
58	88	69	51	25	95	72	37	13	6	53	45	10	79	10	63	55	56	32	16
32	24	92	32	15	1	19	71	48	82	47	32	43	42	94	46	73	98	46	37
89	16	5	19	65	89	53	60	55	42	48	41	79	5	97	93	50	47	62	4
69	55	50	85	90	43	85	42	61	22	69	31	44	32	78	30	14	26	61	98
18	92	85	73	47	7	8	59	61	90	87	16	11	95	90	51	49	65	48	60
81	86	71	74	66	29	59	30	63	96	65	30	93	5	11	73	26	76	90	97
85	46	32	91	94	74	52	40	17	99	27	57	29	86	59	60	53	65	65	71
50	97	39	60	33	46	20	85	34	1	76	25	3	54	54	85	46	24	90	92
42	6	75	40	70	78	75	76	94	99	21	26	38	39	39	80	57	85	56	12
96	80	7	25	42	12	13	94	89	22	24	44	48	27	18	66	22	81	69	40
9	27	1	49	39	13	30	6	21	38	81	64	81	65	72	8	66	55	26	71
18	99	17	8	34	30	81	83	8	73	76	11	18	28	11	49	6	9	2	85
44	85	25	98	80	96	31	41	66	8	81	53	44	76	31	67	8	43	64	54
10	83	83	84	67	45	4	98	52	91	60	81	21	53	47	20	27	20	34	38
73	84	24	40	91	65	27	78	56	3	91	11	60	7	92	93	13	83	62	61
28	61	76	77	72	61	99	21	36	28	36	72	21	91	26	72	55	49	70	35
62	55	25	5	91	60	18	49	33	63	63	20	71	21	70	31	57	82	52	20
61	60	13	72	72	94	56	56	44	15	72	31	2	62	58	26	27	13	12	81
10	89	62	18	1	81	12	61	4	44	80	96	84	75	1	47	41	53	47	38
6	22	90	30	75	73	6	36	99	88	43	91	72	18	40	8	46	67	93	70
69	56	50	4	39	71	98	19	68	12	1	13	90	1	13	75	14	56	16	53
48	27	43	12	56	48	63	2	41	53	21	50	32	97	1	25	13	52	89	86
14	73	22	32	14	5	41	67	61	77	78	43	35	53	69	19	90	42	8	33
86	72	49	83	44	10	66	11	61	58	68	37	42	24	23	5	60	52	59	66
28	60	59	59	21	52	23	88	37	79	38	24	31	68	2	25	17	25	26	92
6	51	57	76	79	34	73	71	33	93	68	41	28	2	24	4	46	93	13	78
85	58	79	89	27	19	43	38	77	13	99	33	71	81	10	10	34	98	85	94
52	21	2	38	6	3	59	10	50	81	64	60	12	22	75	21	36	29	69	2
47	10	78	10	65	37	87	73	41	64	23	1	35	3	99	1	42	47	1	86
99	82	48	43	39	96	25	14	48	34	43	86	66	33	22	90	39	96	64	17
61	22	48	79	42	63	80	9	35	14	67	43	82	42	46	63	9	4	57	2
80	88	58	18	86	70	52	70	26	85	68	65	31	28	63	13	48	34	10	8
81	44	47	10	42	87	97	96	45	59	89	94	19	67	75	25	24	36	42	81
1	69	1	40	13	13	23	78	27	19	39	87	15	29	60	47	65	54	53	39
20	68	76	64	4	59	73	87	73	31	55	43	63	16	87	44	28	37	27	80
2	40	57	72	77	21	8	59	26	60	74	46	45	95	50	76	9	68	42	75
17	74	24	64	69	40	39	61	2	88	38	7	18	71	35	66	2	38	29	21
27	21	63	34	82	45	1	97	37	59	65	23	61	35	8	81	42	5	8	18
99	92	67	1	34	23	28	62	89	53	74	24	31	49	34	72	29	34	87	72
29	51	27	48	16	44	6	81	54	11	78	76	47	41	37	64	2	64	40	2
65	87	32	10	91	25	89	10	96	22	68	31	31	19	75	28	36	57	30	89
7	75	76	73	59	49	67	54	22	37	79	11	74	31	79	73	46	32	91	42
35	56	49	85	5	41	86	50	40	41	13	80	31	25	9	83	16	87	42	13
4	45	53	96	8	60	22	30	59	61	80	85	45	39	90	14	70	31	74	59
85	32	12	50	81	59	83	51	13	50	94	6	33	92	44	53	20	58	70	37
64	16	82	96	89	63	58	98	71	33	8	72	79	81	92	75	10	50	31	73
54	71	58	46	2	90	34	35	3	89	61	29	72	80	11	73	36	44	13	15
72	7	82	22	61	28	22	59	8	83	95	8	53	31	50	73	86	20	29	93
36	36	45	87	79	97	99	27	20	66	6	58	71	5	4	38	73	24	8	9
21	44	54	85	88	90	88	83	47	50	27	77	53	59	50	70	75	65	72	4
97	88	34	16	26	47	59	34	41	80	62	18	9	2	64	61	27	71	53	18
47	2	26	50	55	50	35	10	32	33	86	19	24	22	57	93	8	33	89	99
43	52	27	63	81	22	27	53	98	88	17	77	96	16	8	43	98	2	10	52
49	3	52	8	61	20	29	16	41	27	76	40	19	36	67	29	29	38	85	48
12	3	73	20	13	72	6	32	97	43	27	57	78	31	29	78	25	67	84	17
93	15	92	49	87	84	15	24	5	5	66	56	89	48	69	43	22	97	15	58
28	98	94	22	50	99	99	75	97	8	89	45	92	18	13	94	13	92	46	39
58	71	30	14	91	9	7	89	14	53	61	12	99	90	45	22	84	24	31	31
37	22	16	90	26	98	61	18	71	99	78	26	25	6	20	35	18	65	85	28
49	48	57	56	12	70	73	26	96	45	12	32	55	97	41	57	99	82	41	69
72	43	36	73	53	60	3	18	36	62	63	19	65	36	84	28	46	14	74	90
74	91	4	61	9	33	70	70	13	14	66	14	11	28	92	79	6	64	36	67
22	28	37	33	86	91	24	57	37	48	86	6	3	57	1	98	17	64	85	98
99	84	7	14	41	80	89	47	38	66	63	96	60	60	3	93	8	56	82	67
18	83	20	10	66	9	84	24	30	89	89	7	83	74	31	84	70	94	5	16
62	2	40	63	34	93	31	17	90	7	15	27	14	75	74	63	32	26	11	70
30	59	86	66	79	71	89	90	19	42	98	86	81	25	9	34	24	92	17	18
8	79	5	4	89	42	18	84	89	24	92	40	91	51	65	66	76	13	9	56
82	46	15	71	11	45	77	91	62	62	95	10	6	18	87	41	3	88	39	37
18	96	94	95	76	39	40	84	11	55	92	70	59	99	14	4	11	75	14	67
64	62	4	24	80	97	51	54	95	42	70	54	46	2	92	30	33	1	9	88
80	56	17	75	69	60	67	77	30	39	81	36	54	64	57	91	8	1	1	82
44	80	26	2	46	71	32	37	65	15	96	16	21	98	92	61	58	68	12	65
69	20	72	60	26	67	53	36	99	50	57	72	33	68	2	99	80	91	97	39
98	28	73	70	70	77	40	95	56	88	55	22	19	90	64	43	59	35	50	55
67	77	6	96	84	56	32	88	80	89	15	39	72	22	55	39	46	4	32	64
28	54	22	26	45	77	51	20	75	44	41	50	38	5	89	44	50	28	38	35
14	63	8	10	60	1	46	7	45	8	54	41	3	25	47	61	67	59	54	71
19	11	72	60	91	83	79	78	98	57	76	63	23	38	41	74	10	40	29	18
19	21	80	5	68	50	66	83	43	6	5	47	92	87	22	69	11	95	95	29
96	72	71	26	81	92	47	94	67	87	65	68	29	67	25	33	93	36	68	50
26	79	65	97	9	7	14	52	11	9	10	59	17	68	86	44	49	66	14	14
55	12	45	47	21	56	10	15	64	37	41	63	22	23	33	86	79	71	92	1
29	7	36	67	56	92	14	87	84	39	1	76	48	25	40	98	77	31	96	6
87	29	4	5	93	61	67	9	23	25	18	83	78	74	81	82	95	52	40	69
14	50	15	3	64	46	37	85	4	69	21	46	2	5	18	3	70	57	81	48
5	24	49	34	56	2	85	57	26	3	95	71	30	76	43	57	83	58	35	56
53	67	18	3	28	65	51	53	50	18	78	31	50	51	32	66	11	38	65	16
74	61	49	33	90	18	76	63	11	87	91	83	66	72	79	52	39	97	97	18

1	1	20	1	3	19	14	20	18	17	1	4	6	13	19	11	8	11	10	17
12	11	11	16	13	2	11	18	5	14	4	10	12	5	12	2	18	19	3	3
17	16	13	8	19	4	20	1	1	11	6	8	12	20	12	15	5	15	7	13
3	11	13	7	9	19	14	4	11	12	11	13	5	14	14	14	2	4	19	18
14	16	16	11	13	2	1	6	13	11	12	19	17	4	10	11	18	10	5	13
17	13	2	8	14	2	15	9	8	19	10	9	1	14	19	17	3	10	6	10
4	11	18	3	12	6	17	2	14	18	16	18	19	14	14	10	18	1	1	18
3	5	8	2	5	1	15	17	10	19	2	7	10	4	11	4	19	17	1	6
8	15	19	3	20	1	14	18	11	2	16	11	3	9	5	15	9	12	3	6
16	6	15	11	4	11	4	13	1	16	18	16	1	5	15	17	20	12	19	6
17	12	19	13	19	20	7	7	13	17	9	10	16	9	10	13	3	1	5	6
6	15	13	15	5	19	19	10	12	19	17	4	14	10	5	18	13	18	1	13
13	2	7	17	18	15	14	3	7	1	8	7	19	3	11	6	20	5	16	17
10	3	6	17	13	10	19	2	17	9	7	8	1	7	2	17	3	5	6	19
9	14	13	10	5	6	11	17	14	9	1	15	20	3	7	9	6	10	1	16
5	6	11	18	4	4	4	17	15	1	7	18	6	12	13	5	5	2	18	18
13	8	5	2	3	19	8	15	8	11	20	15	9	15	15	10	18	4	11	19
18	9	13	3	14	2	20	16	3	13	18	4	10	12	16	4	18	13	11	17
14	10	6	5	19	2	11	5	5	15	18	11	10	14	14	20	19	17	13	5
11	9	3	1	2	4	12	17	1	16	12	5	2	12	19	3	16	1	3	8
14	9	4	15	4	3	8	13	4	12	16	12	5	12	1	9	13	4	10	6
5	14	6	3	18	9	19	16	8	8	18	7	4	2	2	1	3	20	17	6
17	12	19	10	5	16	17	13	4	14	9	3	1	14	3	16	4	13	19	8
19	9	10	19	5	6	19	2	3	6	13	4	16	20	4	4	8	20	13	3
15	3	4	1	7	1	1	18	9	11	11	20	6	17	19	2	17	13	4	12
8	19	17	3	14	4	1	19	20	3	20	2	10	3	3	3	2	18	19	7
10	10	18	2	14	13	19	20	13	5	2	19	1	1	5	19	7	18	11	14
4	11	12	20	4	12	16	8	12	5	13	8	20	5	16	18	11	2	17	17
9	6	20	9	12	7	15	16	6	4	20	11	1	19	11	13	18	18	18	7
9	12	11	6	17	9	1	15	9	9	1	11	4	15	20	6	3	2	19	20
20	5	10	13	11	2	5	4	13	8	1	6	8	4	10	18	6	14	10	15
13	5	10	4	15	15	5	19	11	3	4	2	12	6	5	13	19	11	15	17
8	18	6	16	7	20	19	1	15	17	18	7	20	20	5	1	5	8	16	14
10	2	4	17	4	17	14	4	15	5	12	10	13	11	9	1	12	5	3	3
5	16	18	16	15	16	18	6	6	19	17	12	3	4	16	1	14	17	7	14
18	10	6	18	2	17	1	11	9	12	17	16	16	16	14	12	6	20	20	2
8	8	4	20	9	10	16	3	10	16	4	8	19	12	14	20	13	12	4	5
3	16	12	17	13	14	10	11	9	7	9	14	9	3	15	12	15	16	11	19
12	8	10	7	5	11	10	1	5	20	1	13	20	1	1	14	11	14	16	18
7	15	15	17	6	17	12	6	20	19	2	5	14	18	13	17	19	7	5	19
9	10	8	15	8	1	19	16	4	8	7	9	16	4	17	17	16	5	16	12
20	12	9	14	13	16	20	1	11	8	20	3	3	8	10	3	20	15	11	10
3	12	13	4	12	5	17	1	3	15	4	17	19	15	13	1	18	18	11	15
19	15	1	7	14	5	19	16	3	10	12	11	7	10	17	8	6	4	17	13
2	14	14	20	16	8	6	16	12	3	14	15	10	5	15	19	3	1	6	4
11	5	4	7	11	18	12	10	12	12	3	6	16	9	7	3	11	20	19	20
2	10	20	9	2	10	14	2	5	15	4	14	3	19	19	7	16	13	15	10
10	5	20	11	15	20	8	12	4	6	18	18	18	17	8	14	2	19	11	9
11	19	2	5	8	4	13	19	12	12	7	8	9	9	13	19	7	8	11	16
6	20	2	14	2	15	6	11	17	2	12	12	17	14	15	13	1	17	4	15
17	10	17	2	6	12	14	20	16	7	1	6	1	17	7	13	18	18	3	6
2	10	12	14	20	19	10	7	17	7	11	5	14	10	14	1	12	12	12	5
7	5	16	10	18	12	11	18	4	13	17	8	13	10	1	14	5	2	1	1
7	13	11	13	17	11	17	17	3	8	19	13	19	9	1	3	15	10	14	8
9	15	1	17	17	5	9	17	6	1	11	7	12	4	9	12	9	9	8	1
9	14	13	10	1	2	20	13	2	20	20	6	13	3	5	3	8	3	12	3
11	2	6	12	12	10	11	2	2	7	2	13	9	10	14	4	10	19	19	7
7	15	5	14	17	8	15	18	17	14	8	9	15	1	8	4	8	16	11	17
3	6	2	7	10	12	19	12	3	13	5	13	14	14	14	14	8	15	16	4
13	7	19	3	11	17	12	15	4	4	9	12	2	2	6	9	7	19	10	16
11	4	10	6	10	13	10	4	20	16	6	16	20	1	9	17	15	4	10	13
17	20	11	12	20	1	14	19	14	20	16	19	13	13	6	10	13	17	13	12
10	4	10	13	9	11	1	4	13	20	9	6	1	4	18	7	6	19	7	20
11	7	1	5	10	5	12	15	15	18	13	18	20	16	6	3	3	13	9	17
11	4	2	4	20	5	18	1	16	4	16	20	7	6	19	9	3	5	1	10
8	8	1	6	8	17	17	2	1	1	6	2	8	4	6	19	19	16	4	5
17	17	8	3	4	12	20	11	18	4	17	5	12	8	12	4	11	11	4	20
6	12	8	6	11	9	9	4	17	6	17	19	3	5	15	11	11	17	7	16
9	15	3	12	8	18	17	15	4	10	1	19	11	16	3	15	3	15	5	8
3	12	17	5	13	1	5	20	19	10	9	7	15	5	7	1	14	7	15	19
10	2	8	20	10	19	15	4	13	17	18	10	11	13	18	12	2	14	4	12
20	12	15	3	15	2	6	1	19	5	7	12	14	7	8	14	5	14	2	14
20	4	5	5	15	5	19	12	9	19	17	16	6	9	10	8	1	2	5	18
11	4	14	8	17	14	18	3	11	9	9	10	18	14	1	7	2	20	14	1
7	15	6	13	20	20	5	11	19	12	9	12	7	1	11	19	17	10	12	4
15	9	3	13	19	10	7	12	9	9	4	13	4	9	20	20	17	6	14	6
4	4	11	12	13	2	3	15	9	16	4	3	20	10	8	10	6	13	16	17
16	5	3	9	7	11	4	16	16	9	18	17	8	11	20	2	5	11	14	15
4	4	16	6	3	18	8	19	1	18	6	12	13	8	12	14	11	13	7	15
9	20	7	13	16	18	5	17	8	4	3	6	15	14	14	10	6	6	18	7
15	5	10	16	18	5	19	11	15	16	18	8	17	6	18	17	17	2	19	5
8	15	20	17	7	2	12	11	4	20	17	8	1	15	16	18	20	3	14	1
1	6	2	2	7	1	10	17	17	16	10	13	6	5	15	14	7	10	11	18
2	15	19	11	20	17	5	11	13	5	5	7	15	20	18	15	12	10	13	15
4	3	14	12	14	13	12	14	2	18	7	7	7	16	10	18	7	1	17	11
10	20	15	20	16	13	19	16	2	4	11	15	12	9	2	11	5	7	13	6
13	10	17	19	18	11	8	8	9	9	5	5	6	2	15	5	12	8	5	7
5	15	15	8	9	18	17	2	16	8	12	11	4	1	7	9	12	18	2	17
3	11	12	2	4	18	2	20	19	20	3	2	15	7	1	1	5	8	5	17
16	10	4	14	11	20	19	10	7	3	6	10	1	19	11	13	14	20	17	15
1	9	19	18	17	13	15	11	18	15	12	9	2	5	3	7	12	15	15	9
19	2	9	13	5	11	19	9	13	1	14	2	3	14	15	18	19	15	2	17
16	14	19	6	17	20	16	4	8	4	4	16	20	9	9	15	16	15	12	2
14	15	3	17	4	8	5	2	2	14	11	2	20	14	19	13	13	6	9	1
10	8	6	4	7	3	18	14	9	14	12	18	17	14	10	1	2	20	20	1
11	9	1	18	7	9	18	15	12	18	15	5	6	12	3	19	15	6	2	15
3	14	1	14	10	18	19	18	10	13	16	11	12	5	6	18	17	14	11	20
13	15	10	12	14	19	5	11	1	6	3	2	12	10	15	1	12	4	20	11
14	14	17	16	6	19	20	17	14	1	9	1	8	13	17	9	3	17	15	2
15	8	15	17	2	1	12	8	16	10	2	2	2	1	12	7	14	8	15	13
4	4	10	11	11	10	5	13	16	13	4	4	9	4	7	10	5	9	1	12
1	2	17	7	2	5	17	12	10	9	17	16	6	19	2	18	9	18	6	17
4	16	4	9	5	15	18	3	16	4	14	18	14	20	13	13	12	10	20	18
17	11	20	11	18	8	9	2	14	20	14	18	5	12	14	10	10	7	9	5
4	9	12	20	12	8	5	20	3	18	13	11	19	1	9	10	12	17	8	14
4	6	1	5	16	8	1	15	19	15	2	20	5	18	18	14	13	20	9	19
12	20	12	9	6	18	16	6	16	19	7	8	5	18	12	4	16	4	4	16
5	16	12	13	7	10	3	17	18	17	14	1	4	14	5	15	8	10	20	12
14	15	16	19	15	14	5	14	20	17	11	2	5	8	7	16	15	12	15	4
5	10	18	18	3	11	17	9	10	11	18	3	3	8	18	6	7	10	11	1
6	8	14	3	5	5	19	18	7	17	5	20	9	16	14	7	10	5	2	14
7	3	15	1	18	13	10	9	15	13	5	11	4	7	6	3	6	9	13	12
5	9	16	20	1	8	5	16	4	17	7	6	1	9	5	19	4	20	18	16
20	19	9	18	19	8	5	1	5	2	9	5	11	11	6	17	18	16	10	17
11	2	11	20	2	11	8	18	20	13	4	10	14	8	18	15	17	12	13	9
13	5	18	5	4	2	12	8	20	12	19	17	10	7	20	3	12	8	4	20
4	3	6	15	10	9	16	14	20	19	18	15	2	20	12	7	15	5	14	7
16	6	15	5	9	9	17	4	10	5	3	12	16	11	11	5	2	15	8	1
3	1	9	6	6	10	1	19	6	9	16	18	1	19	14	9	8	20	17	11
20	7	7	14	17	7	4	14	13	12	20	11	4	10	19	18	1	3	20	6
12	7	4	3	1	3	8	17	8	20	9	20	5	1	14	13	3	4	10	7
1	3	9	7	13	19	20	8	4	9	2	19	18	9	17	15	16	4	17	10
16	6	8	18	5	7	17	14	20	8	8	10	14	1	19	6	20	11	16	20
11	9	10	12	18	20	20	10	13	14	3	14	11	19	1	3	14	3	11	14
14	4	15	14	14	10	4	3	8	13	17	13	3	9	2	8	17	16	17	2
16	14	6	17	1	14	20	14	18	8	16	12	15	11	13	2	12	6	7	20
5	12	4	9	2	20	1	20	4	4	2	18	11	18	3	17	7	6	4	14
18	12	19	19	14	17	13	19	11	6	20	17	12	18	10	18	1	8	18	4
5	4	9	12	1	4	6	7	10	4	17	3	2	4	17	15	2	20	7	16
2	13	15	5	7	18	6	10	13	2	19	13	18	4	8	1	6	14	14	18
17	9	4	14	17	12	20	8	18	13	18	4	19	18	10	20	5	11	8	15
20	13	16	12	15	16	9	11	11	19	3	10	20	19	12	16	20	17	1	15
18	14	20	1	6	5	20	19	7	3	13	20	17	19	3	17	12	2	2	2
1	10	20	15	15	9	18	12	9	20	13	9	11	19	8	17	10	17	2	7
5	13	17	10	15	11	13	17	12	10	19	6	13	15	15	10	20	8	7	15
19	12	7	16	13	18	7	19	18	18	5	4	14	15	12	19	5	11	5	13
4	13	12	11	15	17	13	9	9	15	11	18	7	14	4	7	5	18	12	14
8	15	1	12	9	11	17	10	19	13	5	16	7	20	11	15	14	1	2	5
14	11	11	1	8	7	1	11	12	18	3	8	10	2	14	15	4	7	6	14
6	16	18	5	13	4	4	6	18	5	2	18	18	16	2	4	2	5	1	17
5	4	5	3	19	1	1	16	14	17	17	15	10	14	9	17	8	16	17	11
6	14	18	2	11	4	11	3	18	3	2	11	5	10	14	3	17	16	12	2
13	5	14	5	17	4	17	13	6	1	13	11	10	19	10	15	15	14	14	16
3	16	15	20	9	2	18	2	6	2	9	6	18	18	17	13	17	7	12	3
14	6	8	6	1	14	3	16	19	14	18	16	13	5	18	17	5	20	20	13
20	11	16	10	15	19	20	16	12	3	4	14	5	16	8	8	19	6	11	7
2	3	1	19	15	9	2	5	13	16	14	14	12	4	5	16	7	4	6	16
20	14	12	18	12	12	10	8	9	7	20	6	15	19	7	16	5	5	8	2
13	15	5	5	7	7	13	7	4	20	19	15	6	6	19	12	20	14	3	19
11	11	5	5	16	1	5	2	13	15	16	14	17	8	20	2	11	14	14	12
7	5	8	20	3	14	5	5	7	18	10	13	17	7	14	8	3	5	16	20
3	3	16	4	1	4	5	13	20	11	16	14	12	3	16	13	4	1	1	12
13	11	19	11	2	17	20	4	6	12	18	5	8	2	2	3	20	8	16	10
3	17	10	19	16	9	2	2	1	15	5	18	17	13	10	3	20	3	15	10
19	3	17	18	2	10	17	6	14	2	12	7	12	16	19	10	1	10	14	9
12	15	11	15	10	12	3	15	18	17	13	20	19	9	12	16	2	2	8	18
2	5	12	15	19	6	18	9	20	5	20	18	15	7	20	16	18	3	3	16
16	15	18	1	18	10	12	2	1	12	20	13	14	2	10	20	12	9	14	5
15	8	15	13	14	20	8	17	8	19	11	19	16	11	14	18	1	20	20	2
18	5	9	4	9	1	13	12	16	17	4	18	5	8	16	17	1	4	10	2
18	14	14	9	14	6	16	19	8	2	4	8	1	11	16	8	7	19	1	8
5	6	16	17	14	6	3	19	16	6	19	5	10	9	2	1	12	18	13	5
4	9	14	8	10	6	1	10	20	2	7	19	15	4	15	15	1	7	6	8
11	12	8	19	13	3	19	3	16	11	12	4	3	14	11	12	20	12	3	20
6	1	4	10	5	10	12	6	5	20	9	13	2	2	10	11	1	17	11	19
18	20	5	12	8	13	18	19	10	20	15	14	4	13	2	19	19	5	1	12
2	9	9	19	5	17	6	16	1	15	2	10	1	12	13	17	17	19	10	1
18	15	7	2	3	10	16	9	10	1	7	12	11	13	9	9	19	17	12	2
11	15	20	12	10	13	9	16	11	16	20	3	5	11	10	15	3	14	19	4
1	8	6	15	16	8	2	6	6	19	16	17	16	19	3	6	13	3	1	12
17	13	17	7	16	19	20	16	13	19	2	3	12	9	8	7	8	3	4	8
19	11	17	19	6	16	2	19	9	4	9	16	13	14	16	3	14	7	13	3
7	5	18	4	1	11	19	3	2	12	3	19	7	5	19	16	18	13	20	5
5	5	11	20	8	5	12	5	7	17	15	13	13	20	19	20	9	9	13	5
4	6	17	13	3	18	12	9	6	19	12	5	4	19	12	18	17	6	16	20
10	9	3	1	14	10	13	16	17	10	14	8	10	16	12	19	7	1	6	9
18	10	12	6	1	2	14	5	12	13	8	3	14	6	20	7	3	9	19	16
5	15	16	13	17	6	3	12	16	8	14	9	3	19	6	2	20	20	5	12
17	10	8	14	12	11	11	4	5	5	6	7	16	2	9	11	18	9	14	9
18	4	18	7	4	12	11	8	6	11	3	6	17	4	15	5	3	5	3	9
10	6	1	20	8	1	2	10	19	15	19	10	19	9	4	6	4	6	12	12
11	8	9	14	19	16	10	2	19	9	20	3	7	18	17	14	3	6	20	18
1	10	10	11	5	16	3	7	3	19	2	11	18	17	10	6	16	9	15	9
4	9	2	4	13	17	12	6	13	7	16	5	9	14	14	11	2	12	11	13
14	9	15	17	7	8	2	4	20	5	9	19	16	8	11	5	2	16	5	1
9	5	14	19	6	4	9	3	10	11	17	19	7	10	13	7	18	14	4	7
16	10	12	10	6	1	3	19	18	9	9	15	4	19	8	17	16	13	17	11
4	16	15	8	9	19	4	8	14	7	16	14	9	11	4	15	8	14	18	7
9	16	15	16	15	7	9	12	4	14	8	18	7	3	17	8	3	12	10	18
5	13	10	15	20	7	14	17	2	1	19	16	14	14	3	18	13	15	10	15
12	4	20	8	16	6	18	13	20	12	20	2	2	2	12	13	13	17	10	3
16	5	14	4	1	20	14	18	20	2	2	20	6	20	8	9	6	9	1	9
15	18	18	10	10	17	10	3	16	20	10	7	8	18	10	19	7	3	1	4
3	20	1	15	19	4	3	9	16	2	19	20	8	1	9	16	2	8	10	18
11	8	2	5	3	12	14	19	6	17	7	11	17	1	11	15	3	16	15	3
15	2	9	20	3	11	5	3	2	5	17	7	2	16	6	11	8	10	3	13
19	11	19	16	16	6	9	14	14	7	7	9	3	19	19	3	14	15	8	13
7	11	4	10	17	9	11	8	5	12	11	3	7	19	2	19	11	19	6	19
17	9	9	7	13	6	15	1	14	8	18	13	16	2	12	8	14	20	17	17
5	18	18	7	6	5	7	6	18	18	10	1	6	11	13	7	8	1	13	4
19	3	4	19	16	1	14	14	3	19	11	1	2	2	2	3	17	16	13	7
13	20	16	16	3	15	19	15	19	4	5	17	2	14	2	10	18	17	2	16
17	3	15	11	7	15	10	20	3	7	19	12	12	8	2	3	2	7	13	5
16	11	5	9	1	16	10	19	19	7	19	3	1	17	2	11	17	16	6	1
5	16	19	1	2	12	16	1	20	5	10	19	19	4	13	9	15	1	16	3
12	3	1	15	18	10	7	9	7	6	1	17	6	7	6	4	17	8	20	1
6	9	6	10	19	17	20	14	19	20	18	8	17	17	12	16	12	3	14	5
11	18	15	9	4	13	12	6	2	7	19	6	8	2	6	8	9	11	10	9
9	7	8	19	13	7	7	12	20	19	13	7	13	15	6	1	16	14	16	4
16	11	16	9	3	2	7	19	4	10	16	15	18	6	14	10	19	2	17	12
19	19	16	4	4	7	10	6	12	13	8	18	10	18	13	11	5	14	16	9
19	16	4	18	1	5	15	12	17	16	15	2	9	2	3	18	9	7	20	18
8	7	16	14	5	14	8	16	5	4	4	6	17	20	5	20	16	10	14	14
13	11	8	19	20	15	19	3	13	15	20	3	6	15	3	6	13	15	1	17
12	6	1	18	6	10	10	6	15	1	19	18	6	7	8	14	18	5	17	12
9	20	10	13	19	14	18	13	15	12	14	4	7	18	13	15	15	12	4	12
5	5	13	17	2	14	3	1	8	15	11	6	1	20	7	9	17	5	10	12
11	8	5	13	16	5	17	17	16	13	8	16	19	9	5	7	4	17	12	5
16	3	13	14	17	6	9	9	14	13	10	8	14	3	13	2	10	13	12	7
3	13	19	9	14	7	19	6	17	7	14	14	15	8	15	17	17	20	9	11
20	20	17	8	17	16	3	4	10	6	7	7	15	11	7	8	5	15	11	12
10	8	6	4	18	2	7	10	10	9	1	3	9	10	14	13	12	19	9	11
14	5	1	10	13	16	6	2	5	15	20	1	6	4	3	10	7	3	20	20
5	9	5	14	2	16	15	1	6	9	2	18	12	2	9	14	19	6	4	14
17	1	5	3	12	13	13	16	7	3	9	2	10	1	8	6	1	5	3	7
4	20	13	4	8	8	1	7	17	5	1	10	18	7	20	10	5	19	1	5
4	10	19	6	16	13	5	12	16	4	14	16	18	12	20	16	9	5	11	7
8	7	3	15	7	9	20	12	11	10	14	11	8	20	11	3	11	7	20	2
15	19	7	10	9	12	20	18	4	4	16	11	15	19	7	16	1	14	12	8
17	8	16	15	9	13	17	2	5	10	13	15	2	10	14	2	19	2	15	11
6	12	13	11	11	6	5	19	8	2	10	17	10	19	19	13	1	16	20	8
11	6	13	9	20	3	5	18	4	3	20	9	20	15	20	11	6	1	3	13
2	4	6	16	17	11	14	1	18	8	9	12	20	8	9	4	9	19	11	1
14	4	11	18	14	3	16	9	10	7	1	18	15	4	18	14	16	7	5	14
11	5	9	10	14	3	8	14	17	14	18	15	20	14	2	18	9	13	12	11
20	11	2	9	17	9	18	15	6	5	7	3	9	15	18	5	3	9	8	12
4	6	5	4	13	1	6	6	13	10	1	1	4	11	20	12	11	16	7	1
6	7	5	15	13	3	5	16	4	12	7	13	12	16	2	20	6	5	17	3
6	16	9	16	17	4	11	14	6	6	2	18	11	6	17	2	14	16	9	17
15	3	12	18	3	15	5	19	4	3	14	9	14	2	10	4	15	15	1	7
9	3	14	20	16	9	4	17	2	15	5	9	15	16	17	6	2	3	10	10
4	15	5	18	1	7	20	3	4	2	20	9	9	2	12	6	12	16	5	4
16	11	4	5	13	2	14	13	12	11	11	15	20	5	9	2	18	4	3	19
13	7	9	1	18	13	18	17	11	2	20	11	12	16	8	3	16	6	4	6
18	13	5	2	13	8	12	3	4	18	20	17	3	1	7	12	10	16	16	14
9	17	13	3	3	16	3	3	14	15	20	16	13	4	20	14	6	4	15	6
16	11	1	6	4	11	3	5	3	16	7	12	8	6	18	12	8	7	13	8
11	17	16	16	1	4	3	4	8	16	20	4	1	12	14	18	4	7	12	19
20	3	14	2	16	6	11	6	4	12	17	19	18	13	15	2	8	8	18	7
4	15	18	13	2	5	17	5	11	11	10	20	9	2	14	2	7	6	7	3
20	8	9	1	19	18	10	3	3	3	19	10	14	18	20	6	14	17	7	7
15	20	7	18	20	4	17	14	9	2	19	7	11	1	12	9	18	11	18	15
5	4	18	20	4	8	8	13	4	12	13	10	9	20	17	9	15	9	4	8
11	19	7	5	6	20	16	6	14	12	4	10	1	20	3	7	17	9	15	3
11	15	14	9	4	19	1	18	6	15	11	10	5	4	10	14	2	4	17	8
9	11	1	17	14	15	8	3	1	5	13	9	9	5	13	10	7	5	6	7
17	17	18	7	2	1	6	2	20	4	1	18	5	18	3	1	5	17	17	7
12	18	19	14	4	9	13	12	6	20	9	18	4	1	20	17	19	7	3	3
11	10	12	4	7	18	4	20	3	9	13	9	14	18	13	13	13	4	5	18
19	17	9	4	19	2	15	14	3	15	5	7	19	17	1	16	1	13	19	8
1	7	12	8	15	4	5	1	3	18	20	4	8	9	2	10	6	12	9	17
1	7	6	2	14	20	8	1	11	16	9	6	2	2	15	4	16	20	9	18
1	15	2	7	18	5	7	14	15	19	8	12	15	15	14	5	6	6	13	12
15	12	10	12	14	10	2	8	13	1	3	1	10	16	2	2	20	5	4	19
14	15	20	8	10	15	9	18	9	11	5	1	19	2	15	12	12	2	20	8
2	12	19	13	16	12	12	11	14	20	19	1	6	17	3	15	4	14	11	15
5	16	9	3	3	17	18	9	4	4	11	7	10	8	6	5	18	8	8	13
1	7	17	7	3	5	12	19	2	19	12	7	14	16	16	4	16	15	19	7
19	20	20	10	6	12	20	13	16	19	1	14	8	9	6	12	15	11	10	19
13	20	16	19	19	8	5	11	3	7	16	4	5	8	8	6	11	4	3	14
8	2	9	17	16	18	18	20	18	14	10	17	9	13	2	16	19	8	3	8
18	18	16	14	1	7	6	19	11	15	2	11	2	4	5	20	14	13	6	11
18	1	6	12	5	10	7	12	4	16	18	16	19	5	7	9	11	4	19	19
2	18	19	9	17	1	6	9	17	20	11	13	10	3	2	19	16	9	7	18
13	1	9	18	11	9	8	20	18	5	15	16	16	14	11	6	15	20	11	6
2	19	16	16	6	2	7	20	4	2	8	10	10	6	8	15	8	14	15	7
15	19	14	11	13	11	5	1	20	1	9	10	2	19	1	20	5	10	12	10
11	14	12	9	11	9	2	20	15	19	16	8	17	2	18	16	4	16	3	12
3	17	4	7	5	18	12	6	10	13	1	14	11	7	16	4	9	6	14	11
9	7	20	20	3	18	18	6	4	14	7	1	8	18	20	8	4	16	2	13
16	13	3	20	15	18	12	8	16	17	5	1	9	3	2	4	3	17	5	2
5	3	7	9	3	5	5	10	15	1	18	8	11	8	10	4	19	15	7	8
12	3	3	8	3	11	8	13	1	7	14	2	6	2	2	18	13	11	16	12
3	20	10	11	16	8	1	2	3	5	9	7	19	5	4	19	6	5	13	14
12	11	15	1	8	4	14	12	20	19	16	9	1	14	6	2	18	9	5	8
4	1	2	19	6	8	8	18	8	8	15	3	12	4	14	12	8	10	16	1
14	16	7	2	4	17	15	18	4	7	20	14	5	18	10	14	5	9	20	20
12	12	6	14	20	13	6	16	14	20	19	4	20	20	9	5	3	11	4	13
12	13	6	17	10	2	15	20	18	11	5	8	15	3	13	15	2	7	14	12
10	4	7	8	14	4	11	18	16	16	8	16	13	4	9	5	18	14	19	9
15	12	13	9	17	11	4	1	7	12	9	1	7	16	10	14	20	2	1	14
6	19	18	15	1	10	6	18	8	6	12	8	16	14	12	10	11	14	13	6
15	19	19	4	2	8	18	10	9	18	6	8	15	8	4	15	5	6	3	4
6	4	9	14	20	2	18	4	8	5	6	20	9	11	3	2	9	17	16	4
19	15	12	14	11	4	2	9	11	13	10	14	19	6	5	20	7	3	13	16
3	6	18	9	10	6	17	13	16	1	3	20	9	9	1	3	10	19	6	1
14	10	10	9	7	16	17	3	2	1	3	10	11	17	11	19	20	4	17	4
16	14	10	18	8	7	16	6	12	19	12	9	3	4	19	2	8	4	6	17
5	14	19	15	8	13	4	8	11	13	11	4	9	9	9	11	16	20	8	15
5	20	5	5	18	11	5	2	3	2	5	6	18	5	16	16	10	20	17	16
19	19	15	8	19	8	7	10	2	1	19	12	16	17	17	4	18	5	15	9
17	2	2	8	15	11	11	17	7	17	9	20	8	5	5	20	15	9	10	15
17	6	15	15	18	6	11	15	12	11	8	1	20	11	11	19	13	7	2	9
14	13	7	4	14	8	20	2	5	3	9	4	12	18	4	5	8	16	1	8
7	12	17	7	13	10	19	15	4	3	19	12	4	15	18	17	9	13	20	1
17	4	10	1	11	12	1	14	5	1	2	19	8	4	17	1	10	6	16	9
10	18	9	4	13	18	19	18	8	11	9	11	12	5	19	8	18	2	16	13
14	16	12	11	13	4	19	6	15	9	5	5	12	7	19	15	19	4	9	5
16	2	13	20	16	19	14	15	2	3	3	8	13	15	3	18	9	11	10	8
16	18	16	17	7	12	8	18	16	9	11	11	13	17	17	9	4	17	4	9
7	19	3	9	7	18	3	7	10	20	5	8	15	5	7	15	18	12	2	8
1	7	11	3	16	14	16	4	2	6	19	13	6	4	7	17	1	9	14	4
12	7	2	14	5	12	6	6	14	6	19	9	17	5	15	19	19	18	1	20
13	4	13	14	3	12	6	13	11	19	10	20	6	20	7	10	16	17	8	9
2	14	6	10	17	16	18	2	17	13	9	8	7	11	20	5	18	5	17	3
1	11	10	4	13	4	7	15	5	16	10	20	14	2	4	14	6	12	14	15
6	20	1	14	5	7	8	14	12	14	20	10	16	19	11	17	10	1	2	12
16	10	18	20	4	6	14	15	3	12	19	15	17	10	18	16	10	16	14	17
12	9	8	20	10	8	18	2	18	6	20	3	2	5	19	18	19	10	4	1
14	3	1	10	15	1	8	20	20	11	14	3	3	6	2	9	5	17	7	8
6	13	15	6	19	7	3	10	12	2	1	2	6	13	17	2	3	15	20	4
9	19	4	13	1	15	7	17	19	9	14	5	19	5	10	9	10	16	17	17
1	2	1	19	17	7	3	5	6	1	20	9	17	13	3	13	11	15	15	9
2	6	1	2	3	16	9	10	20	7	20	9	2	20	7	12	3	9	20	14
3	15	19	13	10	3	12	1	1	15	4	6	2	12	1	16	5	18	15	15
4	8	9	5	12	3	14	9	5	7	17	15	15	11	19	15	5	18	2	12
18	16	9	16	15	15	1	5	12	2	3	20	2	9	9	14	15	2	6	7
1	3	9	11	9	12	18	3	10	17	8	14	13	18	17	7	20	12	2	1
15	1	10	20	1	11	2	4	15	6	4	11	9	13	13	19	7	9	20	19
3	18	4	13	7	8	13	14	12	19	11	3	6	12	19	11	19	2	2	14
20	2	8	12	9	11	13	11	8	18	13	10	13	2	1	6	11	18	13	11
14	17	1	1	5	14	5	14	14	12	13	19	18	12	1	5	1	16	17	5
11	15	13	20	8	3	16	19	9	4	12	18	2	16	8	1	3	2	3	18
10	13	13	15	19	8	8	1	7	16	15	6	9	18	16	15	14	7	12	5
3	8	4	19	9	20	6	20	4	3	10	5	15	3	2	8	2	13	16	4
17	15	10	8	13	13	20	13	13	14	14	18	3	16	15	1	20	7	7	2
12	12	15	5	15	9	1	1	3	20	14	9	15	6	9	6	4	16	10	20
20	5	13	14	20	18	1	10	20	15	16	10	12	2	19	4	18	15	5	19
5	19	5	13	5	14	16	15	6	9	5	17	14	8	13	17	17	14	5	16
2	19	8	11	12	4	18	6	15	3	4	18	15	18	13	9	18	6	2	1
5	15	8	14	7	3	9	11	12	20	8	13	10	2	6	12	6	8	11	17
14	15	11	8	20	2	14	9	20	20	10	12	8	15	12	14	5	1	5	9
18	20	8	7	14	11	3	1	2	5	2	4	2	17	4	14	5	14	8	18
8	13	9	7	12	3	9	12	19	12	9	8	14	9	12	14	6	6	13	11
12	17	14	10	3	3	15	8	12	16	5	19	8	7	12	16	16	2	13	17
2	20	4	2	2	11	19	11	15	6	15	1	1	18	16	13	20	19	1	15
1	18	19	2	9	19	13	13	3	16	8	18	14	14	16	4	14	4	1	13
7	5	13	13	9	15	10	14	18	18	11	6	6	13	1	7	14	15	5	5
13	3	7	2	13	19	7	15	9	10	19	16	9	1	17	12	15	9	14	12
2	20	20	19	15	15	5	5	4	15	1	2	17	9	1	14	11	19	15	13
7	4	19	15	8	13	3	16	5	15	14	9	12	12	13	13	17	6	12	17
11	2	5	17	2	8	4	2	5	7	8	5	4	1	6	18	11	4	4	18
12	19	9	17	14	1	7	18	5	2	1	2	19	1	19	10	6	13	17	3
9	9	18	17	10	18	4	14	13	2	1	9	14	1	11	19	5	18	13	17
18	18	1	1	18	17	15	8	10	9	4	17	12	10	5	4	18	15	16	19
12	5	10	16	6	17	10	14	5	12	15	12	4	6	4	11	1	3	12	19
7	13	3	19	14	20	11	16	20	20	18	15	14	12	1	7	19	15	17	14
4	3	12	20	3	3	3	8	20	13	3	11	7	9	7	10	2	13	9	16
5	1	16	7	8	1	17	12	5	10	6	18	4	17	18	4	13	12	2	16
7	5	3	19	4	15	14	12	2	14	13	7	19	14	10	14	12	11	17	1
9	16	4	13	14	7	17	2	13	17	13	8	3	15	12	19	3	11	12	10
7	16	1	16	10	19	14	6	12	12	15	20	12	17	10	6	16	14	4	3
18	7	5	16	1	10	8	9	20	4	9	10	3	4	10	14	3	2	15	4
5	17	5	7	18	12	17	10	10	20	9	20	2	6	8	14	20	18	9	20
13	16	1	17	12	10	16	18	14	1	16	4	20	13	6	12	16	2	12	20
11	2	13	18	11	16	3	15	13	6	19	5	1	10	9	8	7	16	8	14
16	9	6	6	10	17	20	5	4	10	2	19	16	4	5	2	12	9	13	6
7	14	12	15	11	18	7	11	11	19	15	13	16	18	16	11	15	6	9	20
20	1	4	1	8	13	5	19	2	7	18	7	1	18	2	17	10	19	13	19
1	7	13	9	7	6	18	14	18	17	15	5	14	5	1	15	17	4	19	16
10	10	7	13	16	18	4	11	1	15	16	1	18	19	5	5	8	17	2	15
6	2	2	5	20	12	14	4	8	15	8	1	14	20	7	4	2	2	18	15
16	4	7	15	18	7	5	18	13	19	10	15	18	1	9	12	5	10	6	9
20	3	5	4	18	19	20	3	17	3	6	15	18	6	2	13	19	11	17	18
6	5	8	7	9	4	20	20	15	1	5	18	7	12	15	13	3	13	12	4
13	19	11	1	7	19	10	12	16	16	15	12	1	18	18	5	14	12	5	1
19	18	13	17	18	12	1	13	4	9	18	12	1	17	13	11	3	9	6	4
19	7	10	14	12	13	11	20	18	19	1	10	12	15	17	7	19	14	16	14
9	1	19	6	9	15	5	14	2	3	14	11	14	11	3	17	14	12	5	4
9	18	13	11	17	9	19	17	8	7	16	8	3	8	6	12	11	4	4	7
6	4	17	20	19	17	2	15	4	8	5	9	18	12	1	17	17	2	13	14
11	9	7	14	9	7	20	6	2	1	12	16	3	20	17	18	15	14	17	10
8	11	16	17	17	20	3	6	2	10	19	3	5	1	5	1	12	17	17	6
11	2	4	20	1	9	9	15	11	3	14	14	7	5	19	11	5	4	20	18
12	1	3	13	8	8	18	3	20	8	10	6	4	20	5	20	6	15	1	2
17	9	10	4	12	16	19	12	8	7	20	13	18	3	19	8	15	5	16	13
16	3	1	4	1	9	7	11	2	10	10	14	5	3	7	12	5	10	14	15
5	10	6	13	13	17	9	1	9	4	13	9	3	1	15	6	12	14	3	20
10	18	5	10	4	6	14	10	1	11	3	17	13	1	12	13	3	14	18	3
12	5	17	4	3	4	14	14	9	9	1	15	14	16	11	3	17	5	5	14
13	20	13	7	18	10	3	7	3	9	9	12	8	13	13	11	4	17	12	12
15	18	18	6	11	2	7	4	12	12	20	19	2	3	7	11	18	15	6	8
20	17	12	9	18	3	11	1	4	11	16	16	10	13	16	2	5	18	11	12
7	18	14	3	16	7	14	11	11	11	8	17	11	9	8	3	12	5	14	20
6	1	15	4	10	16	9	1	10	16	4	2	4	17	18	8	20	5	15	16
17	17	14	13	15	12	7	18	9	18	14	17	7	6	1	8	19	16	6	4
19	14	13	7	1	16	1	10	8	16	16	17	5	17	6	6	2	16	3	8
20	18	4	13	19	19	5	20	2	8	20	8	19	15	7	12	19	1	20	4
1	17	10	10	4	7	8	6	8	7	10	18	3	10	5	19	3	14	13	15
4	19	2	3	13	12	5	10	8	4	15	9	3	9	18	8	12	1	14	8
11	16	15	5	12	1	3	18	17	17	1	3	15	7	11	9	14	17	8	16
2	20	6	14	17	1	10	10	1	15	20	19	9	15	7	5	16	10	15	10
19	6	8	1	3	1	3	19	19	18	9	15	5	16	6	19	11	19	1	14
20	15	9	5	9	19	7	17	14	3	4	13	7	12	16	2	7	11	19	2
14	3	5	9	15	19	3	13	19	11	10	18	10	20	6	6	16	15	9	15
7	4	12	11	11	8	18	10	20	18	5	5	15	3	16	13	19	5	9	16
1	9	20	4	5	11	1	20	17	8	17	7	16	18	8	12	17	10	12	10
16	5	10	16	2	8	5	3	3	17	16	20	16	14	7	20	18	1	4	15
3	15	3	15	18	8	1	2	17	8	5	17	1	11	19	1	11	10	14	20
5	1	11	19	10	16	17	11	8	14	4	13	10	13	14	14	20	16	6	6
4	20	18	18	11	17	20	15	17	18	17	18	7	4	20	3	19	9	10	2
4	1	3	8	19	10	20	18	9	19	11	6	11	18	18	8	18	5	16	20
5	13	3	13	5	7	8	2	20	16	1	17	7	15	9	15	6	1	16	16
19	2	9	17	3	14	7	11	1	13	7	10	1	13	8	6	9	10	8	19
15	7	15	4	8	18	3	1	11	3	1	20	4	15	20	12	17	18	8	9
12	7	18	11	14	15	8	5	19	2	5	5	3	5	15	16	9	12	18	11
16	1	6	9	10	2	18	15	18	18	17	13	2	13	9	14	13	12	3	19
1	20	2	2	14	17	8	20	18	5	18	19	11	10	1	17	5	4	7	15
9	2	9	1	1	6	5	15	8	7	1	7	1	5	18	15	17	9	6	6
14	16	14	15	13	13	12	10	7	13	20	16	4	15	18	4	2	15	15	4
3	15	5	3	6	11	3	19	17	13	5	15	20	9	12	13	11	12	3	3
6	12	8	15	18	2	18	13	10	12	8	10	7	8	11	19	15	20	18	2
17	8	1	8	2	7	2	15	16	2	4	1	13	8	9	8	7	3	3	9
11	19	19	4	14	10	16	17	5	10	14	3	2	15	10	8	17	7	5	4
15	16	9	18	6	18	9	13	14	10	4	10	7	20	4	7	19	13	11	20
20	17	8	11	17	6	10	18	17	12	4	5	9	7	20	20	18	15	1	9
12	18	2	6	20	15	20	2	19	10	20	2	5	7	3	5	17	3	12	18
16	2	14	6	1	1	12	1	16	6	9	9	8	20	16	5	3	14	13	13
1	1	18	19	19	10	10	2	14	4	14	13	7	18	10	11	1	19	20	3
12	14	13	11	8	6	10	4	16	14	2	16	4	10	17	3	2	19	18	16
4	18	1	8	8	19	5	13	13	8	20	4	11	4	1	9	11	15	1	19
10	4	9	8	7	7	17	18	3	4	10	6	15	7	4	16	18	17	5	9
1	3	7	16	6	10	18	14	16	19	5	18	9	6	5	12	16	19	10	14
4	4	20	7	9	20	9	3	8	1	8	1	17	2	12	8	10	2	17	14
4	6	20	1	17	16	13	5	18	9	8	11	18	12	1	10	16	11	1	14
4	19	11	1	10	10	9	12	2	10	8	11	2	3	2	16	18	18	8	9
18	6	10	20	8	7	7	7	17	14	6	16	6	15	16	8	12	12	10	3
15	9	20	2	16	13	17	15	6	4	15	19	5	12	1	3	8	17	16	5
10	7	12	17	1	6	19	16	2	12	15	18	16	3	10	1	19	3	20	17
16	18	11	4	19	11	11	9	19	17	14	11	9	12	5	9	9	10	8	5
4	8	3	4	11	3	5	3	3	7	20	20	11	2	2	8	7	13	1	12
7	17	19	19	9	8	6	9	4	12	16	7	5	15	5	7	2	7	10	18
5	20	19	9	10	11	20	20	13	6	16	7	9	16	6	10	11	3	20	19
14	12	13	18	7	19	17	1	19	16	3	4	19	9	2	3	12	20	1	10
6	7	5	13	18	20	20	3	3	17	13	15	3	8	10	5	15	15	9	7
10	8	11	4	19	7	3	6	17	16	13	14	11	14	2	5	14	4	4	5
20	20	10	5	7	11	17	17	13	14	10	5	16	2	17	9	8	7	5	18
20	1	18	2	19	17	11	16	17	17	11	1	18	17	18	6	11	17	19	17
3	15	7	7	7	3	1	6	12	20	9	13	19	9	19	15	12	2	12	18
9	17	1	12	18	14	6	6	10	7	8	5	6	15	9	11	6	7	12	19
18	18	18	6	3	6	11	12	19	2	2	1	20	9	18	15	5	3	15	13
12	6	11	8	5	15	4	1	12	14	9	19	10	13	12	19	8	14	14	13
3	20	10	4	17	20	12	15	8	15	6	14	10	9	5	13	7	6	20	15
15	9	10	8	3	18	6	11	12	4	10	2	16	7	3	20	16	4	19	17
13	15	14	3	5	2	8	3	1	11	8	1	9	19	13	20	3	1	18	3
17	7	1	7	15	9	2	15	6	16	16	1	2	19	7	18	6	20	5	3
20	6	20	2	2	16	9	15	19	16	11	7	6	16	10	10	5	14	5	20
1	6	4	18	13	12	5	14	14	3	3	5	13	20	19	2	20	9	4	8
11	6	4	12	20	10	15	1	13	3	12	3	10	15	12	5	9	8	9	5
1	10	6	20	20	15	20	1	13	2	4	13	17	6	14	6	20	10	14	8
16	18	4	17	13	10	3	12	18	6	20	17	13	20	4	17	5	5	10	2
6	9	4	15	11	12	6	10	1	9	13	14	12	7	14	2	8	1	10	16
19	5	6	20	18	17	7	12	20	7	13	15	20	5	12	18	18	1	13	19
19	8	12	5	13	9	6	18	15	6	2	20	2	13	7	8	7	19	15	12
10	10	12	3	20	20	4	11	1	20	17	5	20	6	9	7	9	3	17	12
16	14	2	14	14	12	7	17	3	2	8	10	2	12	15	1	12	10	8	20
4	13	12	3	18	14	15	3	2	15	7	17	18	18	8	10	6	12	15	8
6	13	4	19	11	17	18	11	9	16	18	10	5	10	17	15	10	12	2	12
10	11	14	13	10	12	13	5	19	6	8	1	20	12	5	19	18	20	5	2
8	13	13	16	15	20	2	10	16	5	11	19	19	2	18	15	16	12	15	6
19	7	4	19	19	18	20	19	1	15	12	20	12	7	16	11	1	14	1	16
7	16	3	19	7	1	16	3	18	15	18	3	15	14	7	14	1	13	17	16
1	5	20	17	11	16	1	16	5	14	7	1	14	14	13	6	19	20	9	3
20	3	9	1	13	14	3	12	16	16	16	2	4	13	9	6	4	12	17	7
11	7	7	12	5	4	18	9	11	1	10	15	19	5	20	2	19	18	9	19
17	17	10	6	8	20	5	7	7	18	1	20	2	19	20	8	15	17	14	4
16	5	9	15	9	4	9	17	20	15	19	8	7	17	13	20	11	20	4	17
12	16	4	5	8	11	10	7	19	10	13	16	17	17	5	4	20	2	9	18
19	4	1	13	17	15	15	19	1	1	18	6	3	1	1	11	7	7	11	2
5	14	19	4	18	13	17	4	12	17	19	8	20	1	13	14	15	15	12	16
1	19	4	4	9	18	14	8	20	20	8	18	1	10	12	12	8	8	15	20
14	11	9	15	3	7	9	13	10	3	10	2	8	8	9	7	13	10	16	3
6	20	3	1	20	17	6	4	12	11	14	10	3	15	6	16	18	1	18	3
2	9	10	7	10	16	9	13	19	19	15	18	15	19	8	9	2	18	10	5
9	18	12	14	8	18	13	8	1	17	11	5	7	1	6	8	1	3	9	15
14	1	9	10	13	8	4	1	17	13	2	2	11	12	13	15	17	19	14	9
20	6	1	7	15	16	19	11	8	12	16	12	13	3	8	2	12	18	5	8
3	5	5	19	16	5	12	6	20	6	14	4	12	3	7	2	19	17	19	1
15	7	1	4	1	7	12	3	2	13	11	17	1	18	9	2	20	12	9	7
9	20	20	18	4	10	4	3	7	17	6	20	5	14	2	10	19	20	3	15
16	7	13	4	9	7	9	7	10	18	18	17	14	17	8	16	11	4	13	20
13	1	15	11	15	20	18	16	9	7	2	16	5	19	7	15	8	19	19	12
16	17	18	18	3	3	2	6	5	5	10	16	18	4	13	19	5	20	18	20
12	13	6	7	19	13	13	5	18	13	3	7	7	1	5	10	16	18	8	17
9	11	19	14	13	16	11	16	12	19	10	2	10	10	13	14	3	9	19	3
10	18	20	12	18	9	8	10	8	15	1	19	6	10	12	11	4	20	9	16
17	5	15	12	1	12	9	13	18	11	14	13	18	14	6	10	12	9	12	5
3	10	8	12	18	15	17	9	16	13	4	19	11	20	6	3	10	20	19	18
14	2	8	3	5	17	5	3	18	10	19	14	16	14	14	4	11	20	15	15
17	8	11	20	20	19	17	14	7	12	8	1	3	18	12	18	3	4	4	1


2	1	2	1	1	1	1	1	1	2	1	1	1	1	2	2	2	1	1	2
5	2	4	2	1	5	4	1	4	2	2	3	2	2	1	5	5	2	1	2