500	7	20

1	1.3	1.55	1.75	2.1
4	6.76	9.61	12.25	17.64

83	41	37	92	3	29	44	52	19	91	82	17	94	75	76	25	17	32	35	7
72	29	53	21	7	64	69	76	16	31	42	99	49	21	29	48	63	22	37	50
98	33	42	44	86	37	68	98	73	50	22	84	48	97	56	91	91	20	66	28
61	27	52	48	10	61	99	98	16	96	66	90	43	10	83	98	48	73	78	43
93	38	54	93	87	39	72	72	68	61	60	10	94	77	68	81	32	57	48	64
51	40	23	70	93	56	20	26	21	33	86	86	40	64	30	28	62	22	11	50
81	99	14	10	86	74	30	31	79	55	58	58	54	83	18	35	85	33	56	80
56	59	49	67	65	64	43	85	84	18	71	22	25	50	25	89	22	80	88	46
28	18	80	65	74	50	45	23	14	53	72	79	90	58	75	75	61	17	12	70
89	9	93	31	91	36	77	39	19	68	47	16	1	77	54	54	78	86	20	20
33	90	39	80	40	38	40	9	25	61	55	24	92	78	94	2	99	69	52	49
88	57	53	69	82	77	57	41	13	74	26	43	70	64	53	35	98	83	77	60
81	15	45	58	1	65	49	64	54	11	99	52	60	40	89	89	11	80	47	22
58	7	59	69	1	42	33	98	89	79	41	58	76	82	47	10	88	70	1	72
54	93	47	36	17	70	96	59	54	72	33	76	34	26	83	13	59	11	26	23
40	65	49	83	49	52	63	84	59	5	91	40	66	12	2	26	69	31	33	32
99	14	34	13	7	55	81	61	73	22	67	51	65	12	57	28	73	9	58	93
36	88	18	66	46	5	75	88	58	90	70	37	66	69	83	63	87	93	9	21
76	37	2	7	5	61	15	2	44	50	40	98	95	29	54	58	34	61	37	73
17	71	58	19	87	9	64	42	25	59	14	74	42	73	2	36	85	22	19	88
41	47	41	12	43	11	84	95	1	18	57	12	47	84	61	26	63	1	95	59
38	73	64	82	82	59	8	60	17	45	7	1	81	72	10	81	13	67	56	89
90	4	80	93	88	6	99	4	14	27	47	63	39	14	21	77	11	60	41	24
61	32	14	99	98	17	93	50	50	67	58	35	72	81	56	77	86	74	40	65
2	82	10	18	21	69	52	7	10	26	99	61	34	19	54	74	69	23	75	86
41	33	65	93	55	35	48	41	89	4	18	55	79	13	47	32	46	21	36	10
69	74	94	83	55	63	48	59	39	16	74	62	41	51	95	29	29	53	87	93
78	20	99	77	10	56	5	27	86	1	41	16	18	44	72	68	81	70	90	65
57	9	96	11	56	9	14	69	25	60	26	26	44	95	24	47	75	78	21	32
35	78	81	30	21	92	64	59	60	51	29	38	92	93	29	68	33	18	89	37
17	70	30	15	81	84	93	56	84	44	10	79	10	57	53	40	58	97	45	76
12	11	74	46	24	95	65	20	1	39	62	6	35	23	32	67	13	22	77	37
63	48	69	66	22	47	90	54	33	77	24	36	72	80	79	13	71	14	34	45
89	23	30	81	53	89	37	82	89	23	40	97	67	58	75	82	69	58	64	29
51	40	89	34	25	58	92	95	80	74	58	50	48	83	69	67	42	44	69	20
61	52	18	58	77	98	35	89	53	23	92	53	6	13	43	70	32	37	31	28
99	31	45	12	71	9	52	94	64	5	23	97	43	39	89	73	32	49	50	93
99	4	27	62	84	18	55	71	20	52	83	18	69	48	91	45	69	86	35	65
38	9	4	94	99	25	37	84	40	73	38	72	29	17	69	65	43	27	68	85
35	54	43	51	31	99	18	33	86	71	83	44	22	5	33	63	89	74	49	58
5	72	16	30	22	37	68	41	32	14	96	54	78	65	83	66	39	47	79	15
8	67	58	79	35	13	33	44	76	23	61	80	70	79	31	82	97	81	76	63
38	91	32	5	53	12	65	51	70	28	72	79	68	69	33	3	60	96	58	3
92	39	72	48	88	47	18	43	11	51	29	70	56	19	77	87	53	97	97	37
82	7	43	83	49	65	84	27	98	46	16	55	82	65	4	22	17	80	44	51
22	60	3	54	96	33	77	3	16	46	3	13	99	61	4	70	66	74	36	29
65	3	18	93	28	67	84	5	17	82	8	7	33	17	98	41	19	81	37	98
97	65	20	4	22	96	19	99	83	35	34	56	52	12	88	32	77	7	61	47
18	51	81	97	92	17	81	35	66	87	3	50	28	89	40	20	6	10	21	42
78	78	1	81	54	13	56	15	58	34	64	44	1	1	28	46	34	89	13	62
7	47	82	30	17	78	9	71	92	65	28	42	51	18	37	29	2	48	8	70
57	76	14	3	8	48	9	57	1	46	26	20	77	12	92	15	33	26	76	87
16	23	4	18	46	99	53	28	36	54	25	43	44	43	92	76	12	92	95	71
98	97	12	12	78	27	58	21	78	18	38	17	22	14	98	23	92	15	12	2
76	69	13	71	8	40	7	29	25	80	53	9	87	80	94	27	45	51	99	44
35	96	30	46	47	72	47	7	60	69	85	10	42	94	89	52	28	9	72	91
7	92	40	97	83	40	95	33	7	78	68	53	90	40	6	64	20	57	57	55
31	92	94	34	90	77	58	51	93	69	82	73	80	91	3	97	1	91	63	50
32	92	5	82	65	77	30	14	38	18	14	2	30	50	84	58	87	42	15	33
33	85	59	93	21	84	73	90	48	58	50	64	26	6	60	7	36	57	47	86
22	47	68	76	6	84	9	57	48	57	73	61	13	94	80	37	33	29	32	74
64	13	91	63	56	97	6	99	95	25	4	99	30	42	48	2	31	50	78	11
91	43	67	26	64	90	79	37	7	7	5	9	73	83	9	33	45	15	13	97
77	86	74	42	67	16	64	77	38	51	52	1	87	54	41	78	24	28	74	14
24	98	38	88	44	83	22	20	66	42	42	33	47	23	43	31	76	60	43	57
36	48	29	99	26	53	85	27	42	41	8	49	20	68	74	35	44	82	76	68
64	22	72	97	21	13	95	40	42	91	31	68	26	77	72	87	25	15	43	51
68	81	30	4	26	97	5	82	44	68	71	39	3	21	66	42	60	69	8	25
47	19	96	35	87	25	80	62	3	8	65	61	31	31	40	38	84	48	85	43
15	82	74	34	42	33	69	82	44	80	72	21	85	93	86	45	63	96	68	54
92	47	42	47	73	28	90	14	77	52	34	99	91	40	72	21	41	95	67	1
45	38	61	52	47	78	96	68	59	88	77	68	45	97	47	7	78	59	55	41
74	6	20	14	85	69	81	12	67	69	66	37	72	77	33	8	81	74	31	12
46	37	34	78	31	85	35	2	48	99	65	71	16	76	5	81	66	1	35	21
10	38	57	17	56	17	4	28	26	9	9	6	14	65	95	53	63	74	21	84
27	20	69	3	83	92	40	78	10	82	88	7	29	35	22	97	4	44	52	20
56	61	30	90	98	72	72	10	86	64	11	4	79	93	51	10	82	49	44	20
73	26	65	18	43	32	56	79	26	18	66	32	92	87	9	7	2	55	88	30
52	37	4	96	26	98	95	22	4	26	89	21	54	57	28	32	36	50	23	40
31	3	12	4	67	41	85	33	71	34	53	66	46	74	8	10	38	4	65	25
19	38	83	58	81	87	44	82	31	93	9	87	37	4	18	17	47	62	93	14
98	71	15	50	27	56	12	53	69	57	12	15	66	81	70	87	82	94	98	12
34	7	73	7	45	83	24	9	85	57	48	89	51	21	7	65	19	58	74	91
90	55	93	3	66	35	65	12	93	41	54	99	45	78	10	29	32	27	27	44
57	17	71	72	58	15	94	28	32	8	38	3	68	89	1	5	38	99	5	60
58	62	13	34	29	4	77	54	59	18	63	12	81	43	51	48	24	63	18	72
36	42	80	90	55	69	81	29	10	78	62	76	85	28	62	66	10	60	22	11
40	34	43	77	52	80	40	90	43	96	55	55	65	99	22	22	1	32	92	12
20	48	96	2	46	30	86	94	29	8	19	98	18	30	99	14	88	74	65	51
51	56	68	35	79	25	91	1	76	33	26	39	62	49	2	54	59	12	72	77
28	65	46	68	6	35	18	21	86	88	73	23	75	5	52	42	19	72	24	94
97	45	78	57	85	24	83	53	55	11	72	80	18	35	53	8	57	44	50	99
10	4	35	62	56	28	30	70	51	15	88	73	88	31	94	39	24	92	15	57
77	67	64	28	99	34	95	28	46	44	33	90	44	36	23	10	64	41	28	59
27	33	12	71	7	45	10	85	71	43	49	43	19	77	42	38	34	26	68	59
59	57	95	2	51	61	99	4	54	60	22	19	1	94	29	53	35	20	47	91
75	59	72	53	42	64	45	62	69	68	89	49	78	32	82	83	51	89	79	62
58	58	89	19	72	66	27	34	34	83	40	51	45	18	53	73	97	51	51	28
29	99	71	69	65	34	31	58	95	16	86	12	90	41	17	93	45	23	65	95
92	12	60	99	31	30	49	13	84	36	30	76	87	53	33	15	91	95	29	89
21	30	14	83	61	32	29	30	1	17	36	78	86	25	39	86	8	36	68	90
31	83	20	9	78	55	38	33	67	37	16	35	16	53	88	9	58	8	11	74
76	48	68	57	50	32	6	32	28	91	24	14	25	40	71	98	84	12	76	23
28	43	52	61	90	59	9	81	15	89	81	84	3	4	70	14	30	78	57	26
72	54	4	35	17	16	97	2	48	93	86	37	34	11	75	89	21	50	70	74
86	29	94	8	85	36	72	81	7	22	52	21	93	37	3	22	71	38	86	31
32	67	76	51	41	76	69	29	80	78	99	33	70	20	29	30	57	14	64	6
35	56	75	16	61	43	7	70	83	84	13	58	6	4	77	47	30	46	71	45
35	63	13	11	90	7	55	58	8	39	56	13	46	92	4	69	48	87	42	92
10	8	45	87	21	35	43	80	28	41	37	87	21	20	1	16	60	25	16	6
13	15	79	38	30	71	79	46	95	49	96	12	61	20	68	48	24	46	99	16
27	57	98	59	62	24	92	3	6	27	38	63	87	33	37	16	12	40	88	79
18	46	35	53	38	15	29	36	9	51	9	80	88	6	53	58	77	79	41	78
92	4	45	64	14	59	17	47	3	34	44	23	18	8	69	22	71	45	25	44
76	36	8	27	64	57	30	21	22	37	16	73	38	67	60	90	68	48	12	8
80	71	21	53	10	69	24	73	67	14	6	17	81	70	12	48	35	83	63	17
45	71	53	42	38	92	56	48	24	70	56	88	18	44	19	7	21	75	63	58
14	13	33	94	37	25	40	6	46	13	89	62	61	36	66	75	45	96	10	43
51	36	78	24	56	92	4	15	34	34	48	56	18	53	41	42	32	42	69	65
93	90	11	18	99	29	99	40	35	96	17	7	65	93	24	43	11	17	13	45
41	69	66	22	46	1	40	85	58	3	4	64	6	72	34	3	78	3	79	9
16	89	13	62	6	4	39	56	62	24	94	6	39	20	79	77	74	78	36	62
42	35	43	84	28	50	72	22	38	7	31	60	40	61	74	38	55	92	31	18
71	9	79	92	63	43	79	3	62	5	35	13	54	16	87	81	72	31	28	12
62	78	39	37	81	50	68	82	61	77	61	99	73	28	7	95	86	48	11	97
41	55	83	54	33	23	41	9	13	87	35	82	27	5	78	24	23	15	58	62
1	10	6	67	85	64	56	55	54	19	89	41	50	63	49	78	73	93	11	43
61	24	18	61	15	14	12	98	83	95	32	31	84	82	78	47	98	78	17	41
27	67	60	87	14	52	96	89	52	32	37	87	53	97	44	21	90	23	50	97
55	79	99	27	95	4	69	63	70	4	47	13	79	61	79	44	43	50	17	43
67	57	61	35	76	9	84	88	3	60	57	44	43	97	89	62	52	72	51	62
94	22	12	60	82	17	1	34	11	26	34	82	65	32	18	49	81	79	85	7
69	21	65	82	80	90	69	24	48	47	89	76	40	50	50	28	1	14	57	13
96	83	11	17	79	38	52	9	43	17	62	53	6	24	17	16	5	11	95	97
82	96	52	19	96	6	80	99	40	25	86	12	55	21	50	88	98	32	57	76
72	29	66	98	30	28	44	38	81	31	73	30	74	54	63	17	89	46	48	74
11	67	74	26	85	80	23	48	27	84	4	38	95	34	32	36	87	64	18	77
80	27	81	4	24	20	16	9	83	21	90	28	8	58	82	18	36	22	32	18
41	88	53	53	67	51	52	80	33	17	86	47	12	85	20	38	2	31	95	53
64	32	36	79	52	48	27	99	43	63	49	66	45	12	78	68	2	36	10	47
84	39	6	24	94	37	35	5	63	43	49	47	99	77	63	9	32	15	86	68
41	27	75	12	99	42	49	4	76	91	74	20	50	56	95	18	26	90	26	27
43	10	41	61	49	53	79	62	75	38	51	67	31	80	62	68	8	13	1	8
79	59	37	15	35	76	74	60	40	57	42	45	12	15	84	37	7	83	99	22
52	90	89	11	95	88	54	43	49	50	1	87	9	25	62	56	74	93	74	31
17	9	13	91	86	67	53	84	12	44	10	16	7	19	11	11	28	78	85	1
34	95	54	97	43	43	12	45	85	86	21	71	73	15	92	72	48	82	73	18
81	44	27	96	31	60	27	12	72	18	79	45	18	20	73	80	36	62	91	41
83	45	32	94	8	95	96	97	15	20	42	45	98	25	46	31	48	19	55	73
11	19	67	58	14	7	12	34	35	7	34	69	74	49	8	18	83	95	36	63
78	67	84	37	80	3	33	59	14	77	41	47	47	56	23	33	3	31	72	10
98	72	95	17	5	51	95	39	54	54	50	75	55	22	17	24	20	73	96	49
18	22	56	61	79	42	15	51	76	65	67	31	70	19	26	49	44	5	21	44
89	63	66	74	58	58	80	23	59	98	86	16	18	1	63	90	64	26	64	96
31	86	91	62	96	3	4	42	28	9	97	96	34	2	52	47	34	9	91	2
10	70	9	92	65	69	50	33	50	57	41	54	72	81	78	52	44	12	2	40
60	6	17	12	69	2	75	77	17	44	26	50	6	94	37	29	58	91	35	33
76	19	70	39	62	87	56	16	92	33	67	70	42	84	21	23	72	2	58	18
15	64	47	64	62	13	9	60	90	28	44	81	54	31	12	37	75	57	87	41
36	35	3	51	88	2	55	63	43	46	75	41	25	78	5	68	95	30	11	62
99	54	34	36	82	53	17	62	31	82	22	2	9	11	10	59	36	62	32	84
36	24	23	21	80	3	50	25	16	20	63	11	63	54	38	22	34	33	57	95
52	85	91	36	96	93	90	99	81	56	5	64	55	40	58	1	52	86	43	47
52	68	22	97	82	59	9	45	89	82	49	29	27	53	13	87	20	54	71	72
70	31	55	34	73	76	22	76	24	92	60	80	77	85	48	86	89	21	10	52
27	25	35	70	13	32	69	75	78	40	25	42	52	1	1	38	69	63	40	43
5	22	41	86	42	3	23	37	26	85	55	50	96	29	4	55	25	55	51	88
75	94	79	98	30	65	51	59	62	63	44	98	10	77	81	81	40	64	7	38
10	65	73	44	62	25	96	24	61	16	42	1	69	99	76	71	95	94	68	59
32	97	33	19	42	30	75	12	78	20	76	15	27	26	91	49	67	78	20	97
8	81	72	29	27	61	22	81	24	95	46	54	14	56	44	18	26	17	11	36
83	13	45	49	13	36	51	94	43	54	70	80	19	60	99	37	36	90	55	49
16	91	84	69	4	20	42	33	10	5	71	68	91	77	90	49	26	71	64	78
33	75	73	28	20	23	65	28	76	65	71	5	9	20	79	27	78	69	20	60
28	51	27	42	14	11	86	97	36	64	57	74	23	37	74	27	28	42	17	38
54	49	67	99	46	50	5	62	60	20	2	48	67	39	24	56	16	58	72	88
69	9	60	13	5	88	71	40	96	12	77	75	85	35	5	42	28	83	34	87
80	82	56	4	80	46	18	33	63	67	33	8	92	61	93	15	55	11	33	85
28	69	23	18	31	18	76	24	71	18	90	43	17	27	33	44	62	85	17	52
55	42	28	67	28	57	44	35	16	6	50	27	96	71	28	8	84	37	11	58
82	27	38	96	87	60	21	41	30	5	65	93	69	24	17	82	52	2	27	2
6	1	48	83	15	7	19	63	88	68	10	1	22	63	7	34	89	72	57	76
27	47	58	59	43	27	22	8	13	20	50	6	32	61	88	69	53	19	8	6
12	61	17	34	63	58	65	85	83	88	26	10	96	18	12	56	30	64	37	5
11	6	66	18	86	49	43	7	85	58	98	54	82	17	53	96	57	23	4	17
90	38	54	25	88	44	54	68	93	41	28	18	30	49	70	63	38	96	68	99
1	16	59	70	24	97	20	70	42	46	23	20	49	60	81	14	54	93	69	84
84	93	3	46	36	52	96	37	48	96	71	49	22	63	65	35	33	35	80	33
74	98	18	42	47	82	7	96	12	55	11	60	82	87	54	96	32	17	51	38
45	77	70	31	18	14	71	82	18	95	7	84	52	79	72	94	15	81	46	20
91	45	16	6	97	43	98	69	78	14	63	23	11	16	33	38	33	27	26	64
3	33	2	23	85	71	27	71	74	93	99	89	91	81	96	74	97	73	80	61
88	3	98	74	80	72	92	75	62	18	89	76	59	82	84	56	74	36	75	70
44	46	41	30	64	64	42	67	83	63	60	7	18	77	98	51	2	59	54	84
65	61	67	11	3	90	26	3	30	40	16	26	62	8	72	67	11	95	61	61
29	5	52	14	40	60	49	10	72	20	71	17	84	76	19	82	62	88	53	69
63	44	89	73	26	5	57	34	1	49	22	65	15	81	5	72	33	71	39	93
29	65	91	44	45	28	66	17	63	35	92	97	73	58	80	31	47	81	44	62
92	55	41	18	26	1	42	99	37	99	74	46	93	33	44	90	45	74	38	41
43	55	3	26	8	33	77	36	47	52	98	96	74	10	9	68	36	61	99	72
98	35	59	91	82	17	60	54	15	88	25	55	10	56	71	89	97	65	50	76
66	88	48	8	16	31	64	32	42	71	93	99	40	18	47	67	73	25	17	25
69	70	31	29	21	69	85	66	82	40	72	29	37	28	84	15	35	19	49	67
51	29	58	31	38	95	37	5	57	11	24	70	54	75	22	76	7	47	51	49
18	71	71	89	90	36	15	30	14	82	4	56	64	96	51	81	47	79	32	15
95	23	77	41	99	11	23	93	69	66	76	55	66	79	48	17	76	55	73	6
39	53	50	29	73	89	86	81	78	7	70	99	83	62	47	54	28	78	40	97
27	58	92	43	97	99	83	73	13	34	6	57	96	56	82	69	63	88	74	89
91	76	21	9	12	64	76	97	39	52	83	93	80	89	43	90	64	29	80	81
4	86	95	27	43	25	4	83	52	35	89	44	78	52	58	46	90	37	85	24
6	88	94	11	77	47	98	91	24	11	48	68	5	30	53	14	55	84	36	94
84	32	52	75	69	28	65	25	69	5	60	21	42	12	71	70	27	44	88	44
54	30	56	31	88	70	17	39	16	15	22	58	13	80	34	8	78	85	84	72
66	78	49	1	86	77	36	93	35	75	60	26	23	34	75	79	26	69	45	15
62	64	94	91	80	21	28	3	60	48	74	43	14	57	5	49	25	59	49	56
6	94	69	25	85	72	16	78	20	36	99	62	11	93	34	71	87	14	15	46
53	69	53	71	81	1	54	5	49	33	98	87	63	80	16	98	64	14	45	98
20	2	89	85	12	39	13	11	93	80	80	35	97	77	76	88	8	91	2	81
43	50	7	38	83	24	62	34	69	6	42	9	32	60	43	13	44	79	99	69
52	54	78	38	46	83	44	27	1	83	64	72	86	89	74	64	48	36	15	89
77	76	71	93	6	22	41	5	57	8	56	25	38	39	45	18	42	64	69	20
3	17	81	92	32	36	62	95	27	95	7	48	30	86	64	39	17	12	14	92
40	26	19	22	8	11	15	42	19	69	12	66	74	81	90	30	91	73	88	28
51	22	84	92	14	44	19	10	24	4	66	20	9	95	69	46	51	93	82	76
68	35	30	82	51	11	80	11	95	89	79	27	13	64	74	46	88	88	35	4
18	39	49	28	15	46	38	12	49	84	61	10	65	36	16	34	98	65	15	2
90	88	22	16	68	27	66	22	34	71	81	77	6	9	40	33	70	83	30	24
77	58	58	94	12	45	17	11	82	62	66	37	86	29	18	22	30	37	50	82
3	40	50	90	58	61	43	93	5	16	34	46	67	62	81	55	85	87	14	3
63	21	20	48	25	63	7	11	81	57	86	96	3	96	85	83	65	55	3	36
32	98	36	60	64	74	33	76	52	12	5	5	30	82	22	32	68	26	89	75
84	14	14	78	32	74	93	78	71	80	10	25	34	95	80	69	14	38	6	39
78	47	1	32	53	39	31	5	44	75	43	34	52	74	64	41	80	21	64	38
95	36	58	40	45	10	32	82	67	33	2	34	94	20	11	77	62	69	33	67
70	31	48	53	98	46	24	7	26	50	87	22	95	27	19	42	42	32	9	85
45	65	11	7	97	9	87	26	65	53	19	1	50	25	23	33	38	32	67	49
6	33	4	7	57	38	52	48	52	72	87	28	72	18	1	46	97	33	82	94
45	71	48	63	4	2	5	3	38	37	47	51	42	10	80	95	64	13	10	52
97	14	16	8	22	57	23	27	4	48	4	16	34	81	49	97	44	22	88	52
68	38	97	7	19	86	8	10	1	3	28	83	33	56	10	37	55	52	70	71
51	34	93	86	82	24	42	78	48	2	70	1	70	56	47	93	45	84	21	19
85	69	42	97	55	75	4	22	65	81	23	4	24	79	29	44	87	99	97	91
81	97	89	10	13	62	9	6	1	96	47	56	7	78	33	1	90	75	23	76
86	45	18	48	28	13	57	55	38	27	86	53	44	98	59	2	17	88	59	97
39	17	26	93	74	94	64	4	49	38	45	33	91	50	96	72	85	37	49	45
46	28	68	23	4	1	47	90	39	32	75	7	58	1	14	51	97	54	17	49
80	86	50	29	45	60	67	64	92	9	35	49	48	89	95	31	26	42	14	59
42	11	5	8	74	20	81	29	59	49	56	6	18	7	19	67	22	12	64	20
38	85	33	91	99	93	85	28	98	80	8	2	15	45	90	14	88	95	26	82
12	56	5	26	84	96	44	12	39	38	56	85	80	19	61	59	34	76	75	3
18	44	63	14	1	62	86	61	35	5	24	67	20	58	81	48	4	67	70	73
42	79	46	85	4	34	5	93	62	25	64	55	26	63	69	39	31	7	12	15
1	55	79	66	80	45	81	64	45	5	10	86	5	72	91	8	40	53	64	59
72	11	42	99	24	82	70	27	69	62	57	77	58	68	95	1	67	43	41	5
56	41	43	79	82	7	12	53	26	32	80	43	61	39	78	36	60	57	77	61
95	39	70	47	27	62	79	81	17	15	64	15	16	21	36	41	1	80	34	31
63	18	41	39	94	41	7	35	69	66	68	49	57	19	37	66	97	42	51	29
54	75	50	94	34	47	82	46	24	79	1	86	25	82	12	58	26	49	39	83
37	32	45	43	39	55	67	75	11	10	67	32	49	84	61	2	57	42	19	60
47	80	95	87	25	1	32	77	17	67	64	37	57	2	62	30	35	38	16	34
10	3	84	36	62	76	62	67	37	31	99	93	70	7	94	70	98	64	45	37
82	49	36	47	54	40	3	78	68	1	34	88	24	99	26	76	65	37	7	20
81	70	16	49	17	72	5	76	18	67	73	44	7	75	95	28	78	34	83	70
58	14	22	97	55	63	25	78	3	54	14	54	16	32	4	48	76	24	62	42
68	85	18	11	32	73	88	85	14	50	31	55	90	49	91	59	44	11	20	84
69	72	13	59	14	77	87	89	5	77	84	77	34	34	43	74	58	51	97	22
83	49	59	95	49	89	15	86	92	45	27	77	6	69	58	24	19	30	29	99
73	91	92	56	26	70	1	14	48	14	8	77	73	65	90	19	62	65	60	28
88	48	87	68	78	83	94	8	62	82	51	42	20	44	68	20	73	56	72	40
12	70	9	87	33	21	7	59	92	29	40	48	97	86	2	28	50	24	59	16
91	95	77	26	55	84	50	14	82	44	1	58	88	85	4	46	86	60	67	22
21	89	50	22	82	17	39	72	11	35	22	28	98	49	7	88	29	32	30	5
69	5	99	17	38	93	67	96	15	64	79	41	73	63	17	60	81	61	53	61
35	27	75	44	70	90	45	3	51	18	84	95	41	53	69	71	61	21	16	18
27	63	98	94	56	61	34	45	85	29	27	14	42	53	8	97	20	31	87	86
62	10	56	47	30	67	55	40	3	64	76	85	58	99	67	57	36	50	15	73
92	94	12	35	21	64	82	67	74	69	18	41	75	29	93	30	22	36	16	13
89	23	35	21	83	14	86	23	24	63	92	74	67	70	15	63	54	46	35	15
64	79	16	97	3	9	72	36	80	24	71	70	17	72	63	34	59	46	7	5
21	46	96	39	13	4	91	40	4	50	55	29	81	55	32	25	64	36	45	5
86	67	45	25	67	35	9	45	6	15	20	5	48	20	65	46	93	87	23	83
17	13	80	91	25	13	26	86	9	76	58	44	96	54	80	38	45	41	77	46
31	45	37	77	48	64	15	46	2	62	44	49	69	79	57	47	8	91	17	88
11	2	53	12	46	65	74	3	56	47	24	66	85	71	54	9	91	60	8	62
62	10	24	50	58	96	32	93	33	32	61	16	58	32	2	24	83	30	57	15
90	6	6	44	75	75	84	79	69	7	45	89	20	28	27	46	63	12	78	66
96	66	82	89	11	2	1	6	51	43	31	95	69	9	32	40	63	98	21	91
4	82	62	13	52	32	46	60	77	12	78	68	60	10	38	27	58	53	44	21
83	51	69	62	81	7	77	80	54	24	19	10	53	53	15	64	21	56	85	13
36	5	36	96	71	19	2	89	71	37	72	23	58	63	33	92	64	15	31	99
21	45	21	12	89	47	93	11	78	84	74	18	54	59	10	40	60	88	83	51
87	23	83	34	75	51	80	20	3	92	25	47	17	98	7	69	36	84	74	13
76	10	79	65	72	44	42	81	81	59	34	91	46	74	54	54	61	28	85	17
80	83	51	99	85	42	6	13	6	60	17	73	80	13	95	48	97	93	38	7
91	99	81	49	47	42	55	80	36	95	39	78	93	47	79	26	83	95	24	84
50	24	24	12	79	41	89	10	58	13	25	23	20	7	53	82	46	59	78	85
56	3	41	38	86	88	96	81	35	41	91	27	59	75	70	89	24	25	82	43
12	69	91	4	5	39	22	50	75	86	3	64	32	51	60	29	74	71	78	66
28	80	59	40	74	14	29	70	35	69	69	48	8	81	60	92	78	57	11	55
11	49	86	29	49	11	51	43	57	52	62	82	80	71	50	68	10	6	92	29
3	84	94	14	26	44	71	58	83	60	86	6	44	48	71	75	19	31	9	31
98	52	28	71	54	12	58	66	13	60	12	97	23	47	34	84	10	42	70	33
47	16	66	90	84	60	53	9	43	74	71	48	5	12	6	1	86	12	91	22
3	34	52	37	13	42	23	41	62	19	13	43	25	62	47	22	65	18	62	73
83	39	12	4	65	62	32	27	63	71	19	60	50	47	45	80	5	57	18	80
91	79	1	99	11	7	24	45	44	43	67	40	27	85	22	88	25	54	81	53
70	53	72	11	16	83	37	44	54	72	54	36	11	31	30	94	67	5	78	47
47	93	33	34	61	99	66	71	98	13	74	23	98	29	99	24	89	72	95	1
34	54	89	70	10	22	44	91	49	32	61	71	63	12	29	93	15	18	89	74
3	22	47	19	53	98	17	53	80	46	39	68	5	69	29	15	5	46	38	70
34	18	46	39	43	43	93	75	52	75	42	24	66	58	11	28	90	48	70	71
38	78	37	55	62	8	46	84	46	49	46	17	71	99	2	56	63	7	93	69
86	81	20	37	80	84	22	93	16	17	61	20	41	63	25	77	50	47	61	68
74	47	90	14	45	92	20	9	5	72	30	2	26	15	49	44	95	38	78	15
43	88	34	19	73	20	21	99	63	9	54	35	9	26	7	72	37	20	30	18
35	73	68	94	62	84	82	70	66	99	87	86	85	42	95	38	76	83	10	5
25	56	19	2	44	34	75	22	66	16	26	41	31	37	47	17	88	66	52	11
14	94	98	39	89	81	33	48	14	48	59	96	89	32	72	27	67	6	74	96
92	35	2	59	21	98	18	73	5	80	73	58	15	82	49	19	79	56	81	69
3	86	41	6	43	5	51	56	49	8	94	29	77	89	35	21	76	72	93	40
49	18	28	39	24	80	86	83	94	68	69	38	84	44	44	62	71	35	89	7
36	5	78	86	29	50	39	74	45	74	47	49	30	14	88	96	24	9	72	66
86	46	8	78	52	35	18	50	86	53	37	52	44	46	8	37	54	22	80	82
52	26	4	64	80	69	26	25	55	12	19	88	84	31	15	1	39	81	31	75
43	48	17	97	92	55	33	27	74	77	87	50	81	8	27	29	96	34	83	91
77	80	75	78	15	33	81	50	21	99	1	78	95	34	93	59	99	23	77	23
8	14	7	28	63	94	68	54	80	66	70	75	60	32	34	76	23	79	42	7
20	12	9	23	43	16	73	22	59	56	51	27	32	66	49	97	10	82	33	16
14	93	29	60	27	62	73	43	20	48	90	46	4	99	73	74	92	93	8	31
51	57	7	51	13	33	72	51	90	96	47	56	98	87	5	75	42	20	63	54
73	24	38	82	43	60	6	94	53	12	36	31	97	8	68	98	91	48	88	50
55	89	48	8	3	49	23	39	56	91	34	26	88	63	62	10	51	20	18	45
25	76	94	58	8	34	85	29	79	78	59	28	71	67	67	27	10	26	4	11
74	10	73	77	98	39	72	88	83	67	19	21	58	18	29	29	4	77	95	56
77	60	25	7	84	60	6	82	21	86	41	87	19	2	51	73	94	84	89	30
2	58	93	78	50	85	5	15	51	77	49	8	4	2	30	32	2	60	23	73
7	62	2	18	87	21	71	40	90	75	99	83	16	5	50	24	92	67	17	90
87	8	31	16	5	24	87	5	84	99	12	45	55	13	87	47	85	19	42	73
69	89	35	94	9	16	50	99	52	31	15	37	39	21	77	80	62	1	53	33
96	98	43	49	69	89	78	69	41	6	54	20	20	54	95	28	25	88	29	95
18	82	54	47	20	98	45	38	67	42	96	49	2	43	21	92	54	18	79	80
39	79	77	59	68	50	3	89	33	23	8	33	49	47	68	96	73	98	35	20
30	51	20	78	72	61	40	56	37	50	42	86	76	91	34	81	3	27	71	27
13	33	53	29	29	97	10	13	21	86	12	69	69	89	65	1	28	85	31	26
32	9	96	27	75	62	21	27	12	2	62	87	40	95	12	18	31	13	75	77
72	14	64	80	51	82	26	91	58	41	69	15	10	45	19	91	72	17	74	38
92	22	26	60	79	73	7	60	49	16	84	55	57	13	73	90	81	21	72	57
80	3	8	13	7	21	83	98	85	55	29	25	41	51	64	81	28	51	76	28
51	53	61	66	46	87	93	44	64	1	70	54	50	88	80	24	58	3	96	37
69	66	52	22	75	72	21	72	65	92	77	53	34	18	20	14	82	47	97	33
43	78	13	1	93	44	92	69	81	21	48	20	57	55	60	74	88	12	55	5
23	17	92	45	38	32	59	72	47	37	21	60	90	70	50	17	3	75	11	89
90	96	30	63	9	70	84	26	25	71	96	91	98	78	19	47	35	24	91	51
80	68	88	6	7	64	14	89	27	81	9	43	54	44	28	65	40	70	21	14
68	7	81	22	52	24	29	93	11	55	71	74	56	85	61	24	2	40	40	57
11	34	86	32	96	58	3	12	98	96	4	19	74	42	15	67	4	42	21	50
64	74	14	96	73	13	34	92	67	8	93	14	63	2	46	39	70	43	88	16
65	10	16	88	14	46	7	44	6	88	29	48	48	87	38	45	35	54	95	49
26	92	82	45	27	21	85	79	69	97	66	92	66	45	33	9	24	82	38	91
54	66	98	46	40	12	32	15	92	91	55	92	74	44	77	21	70	98	54	9
39	84	38	75	23	31	39	45	99	75	67	98	38	60	94	7	65	31	56	46
12	63	24	9	92	97	99	24	56	79	49	33	4	27	44	58	86	34	11	38
21	73	7	17	29	11	34	69	35	82	82	19	49	8	34	99	21	99	61	11
27	51	6	50	34	21	92	80	86	86	3	16	57	82	65	60	37	64	3	83
48	27	11	90	56	11	25	28	72	33	43	86	34	5	76	91	55	13	60	44
13	73	3	82	94	3	65	31	73	61	40	92	14	85	54	80	35	18	77	66
90	96	3	28	77	55	91	59	8	10	70	23	90	7	31	66	48	53	17	57
83	20	88	8	65	66	50	76	40	79	7	6	79	88	7	80	67	72	87	94
49	12	93	48	71	23	22	50	46	56	88	68	3	37	84	51	63	85	23	56
56	91	90	4	82	84	78	84	96	13	95	42	97	42	48	29	82	20	11	29
97	61	93	86	18	72	67	27	94	68	75	86	3	79	88	23	95	52	41	40
3	36	11	98	84	4	63	49	91	8	8	94	1	88	47	24	15	74	79	74
44	68	71	7	40	77	63	91	83	95	74	79	98	53	1	10	56	39	25	91
84	69	74	17	23	91	74	39	29	24	10	11	85	88	79	58	51	67	71	4
42	57	12	51	63	31	39	10	34	20	55	9	7	26	66	17	86	67	26	99
8	86	84	1	44	79	89	34	47	86	97	24	50	7	97	16	91	19	88	42
98	95	23	91	47	15	17	23	38	30	18	20	41	74	87	80	32	72	90	19
78	65	38	16	89	18	51	29	4	80	13	74	34	93	36	56	92	9	72	73
12	80	76	89	53	34	32	68	41	67	65	56	71	7	73	90	91	56	59	47
15	42	80	18	87	17	5	57	92	67	45	6	65	74	79	60	66	36	75	79
31	88	29	50	99	47	49	2	6	94	41	12	33	94	24	12	22	86	24	56
37	41	33	75	33	28	62	77	21	85	80	13	93	45	81	18	58	42	29	79
61	6	60	53	84	79	14	35	45	10	56	24	93	43	31	4	42	72	3	41
41	89	79	83	81	85	85	62	53	84	8	5	29	65	11	68	50	79	28	74
8	7	25	49	25	12	34	44	82	6	29	60	47	64	40	51	68	86	89	33
14	27	41	78	17	60	83	99	89	77	28	78	32	30	9	98	44	76	21	44
78	97	25	9	18	29	54	68	76	25	11	34	16	79	15	74	41	85	9	92
40	49	2	30	41	52	43	81	53	4	89	97	69	26	20	84	96	61	51	10
27	84	56	60	39	61	4	66	63	96	89	45	46	84	68	82	57	57	57	32
62	25	65	65	25	44	31	33	26	44	25	43	72	92	41	54	22	71	10	39
37	70	17	76	20	71	60	65	54	20	70	55	73	31	35	24	81	39	96	9
27	66	17	92	63	26	41	70	35	12	97	46	90	63	14	40	72	52	23	88
54	98	53	7	1	11	5	51	48	42	30	68	86	1	7	79	15	47	58	52
8	26	72	95	28	91	15	46	84	86	47	48	8	88	74	16	51	82	66	12
7	55	54	46	79	66	29	17	4	25	48	52	70	34	38	88	23	22	16	77
60	12	13	80	6	34	71	28	44	67	66	6	6	6	30	13	82	56	84	57
60	67	62	91	38	39	81	47	6	68	24	62	35	56	12	22	53	56	20	36
13	66	49	7	4	69	43	74	78	88	74	98	23	60	29	40	47	14	28	92
83	52	83	94	92	79	54	44	76	50	96	37	82	52	23	11	34	80	91	63
5	72	82	51	60	95	49	96	67	31	50	33	61	3	7	9	39	7	70	33
5	41	86	53	83	4	47	1	47	21	73	81	93	22	79	15	17	93	74	66
30	66	16	97	34	29	97	41	38	11	36	29	55	33	29	8	69	9	43	64
42	56	88	87	22	50	68	84	18	32	49	19	79	81	82	51	54	98	84	71
80	7	11	4	7	94	45	93	65	91	81	47	1	65	68	53	89	67	15	79
45	12	13	58	42	64	77	80	57	7	99	41	53	86	79	44	88	13	74	82
3	10	33	84	46	17	97	44	27	49	36	97	60	75	98	18	48	50	61	46
74	73	37	10	86	31	86	68	57	64	37	9	87	10	31	86	11	75	70	45
23	25	56	40	67	3	11	46	94	32	94	85	8	44	74	30	46	30	17	44
18	36	70	57	10	40	46	27	12	9	80	80	56	47	69	42	38	83	95	52
96	5	83	2	10	74	15	4	62	82	32	27	27	8	30	24	7	86	70	96
22	66	55	62	6	6	43	99	43	33	47	82	93	82	48	10	32	67	94	71
25	51	40	92	14	22	52	71	31	45	27	58	59	99	57	64	31	2	35	67
17	87	8	1	48	46	49	54	67	41	31	79	28	97	3	28	88	34	53	92
41	90	30	33	5	85	10	84	28	32	18	12	56	57	32	84	36	71	84	90
78	41	50	40	68	74	36	97	6	5	7	31	92	66	41	92	99	25	68	39
40	94	99	68	98	19	44	26	95	66	11	2	96	52	17	41	36	16	38	56
92	57	49	43	16	61	65	59	65	38	34	19	46	59	81	69	61	53	25	7
13	33	62	67	16	44	83	41	57	24	73	20	84	2	98	67	57	5	57	73
29	89	45	90	91	51	66	96	20	59	11	59	33	47	60	67	96	18	9	58
87	10	91	15	85	22	79	86	82	94	79	49	80	23	3	55	17	48	73	71
92	56	20	96	86	10	45	70	14	30	12	31	8	2	15	71	89	53	42	19
85	33	92	45	93	69	25	89	38	20	71	21	86	46	26	70	73	44	45	98
29	67	54	57	88	70	74	81	47	61	45	58	42	4	57	3	5	80	31	76
23	34	42	7	70	70	25	48	33	69	87	71	98	97	13	39	68	52	87	83
79	57	72	74	5	38	55	15	70	49	13	54	37	83	66	42	51	39	16	27
19	64	8	81	86	87	93	33	25	99	57	3	76	74	94	25	68	6	43	86
91	13	56	93	92	26	52	6	93	90	6	33	39	45	12	8	78	59	30	81
36	35	6	31	10	93	12	9	33	53	72	82	13	60	28	21	55	32	69	65
42	71	28	85	88	16	19	99	7	51	33	43	18	14	11	60	51	99	72	78
22	39	71	67	40	23	62	38	19	86	36	45	22	74	68	77	39	69	43	69
39	36	16	92	27	1	36	2	68	73	89	88	72	20	84	89	92	8	29	98
40	3	90	21	67	7	52	83	85	90	98	80	31	58	93	46	52	9	39	52
36	99	46	70	11	45	24	26	96	27	63	57	76	37	35	66	32	46	38	83
75	47	93	44	12	63	2	96	46	56	4	28	35	14	52	37	64	22	23	30
77	31	99	59	27	53	59	66	68	87	29	87	7	9	65	21	74	23	23	13
81	58	1	78	11	33	55	48	40	85	44	98	32	91	71	16	71	39	77	93
68	77	10	35	23	60	77	56	29	68	37	47	23	78	70	27	28	80	88	71
92	56	46	50	56	26	59	2	19	24	24	4	58	59	52	60	52	83	34	38
4	47	35	47	99	1	73	24	28	51	2	85	62	27	75	10	9	34	13	43
85	99	73	43	55	10	62	78	38	20	78	12	82	15	99	91	79	69	72	83
70	60	98	99	76	20	82	14	84	56	99	1	13	51	56	76	30	81	9	6
40	39	80	77	3	14	28	57	67	18	47	45	51	77	35	20	49	89	67	57
74	10	10	62	13	93	84	29	56	6	96	87	12	16	68	54	42	79	82	29
61	44	16	1	55	11	46	52	63	56	91	58	68	27	56	97	14	55	53	23
7	9	88	3	16	77	73	98	73	92	27	68	37	46	59	83	55	33	16	23
66	35	10	35	8	39	13	48	88	31	88	76	42	66	71	6	55	79	31	88
23	47	89	62	87	35	42	20	53	75	57	22	37	48	41	89	80	29	52	33
13	7	4	16	73	56	27	42	55	15	49	76	30	40	36	56	71	13	80	14
81	78	90	49	58	40	42	24	58	16	19	94	35	94	86	8	6	47	39	69
85	58	80	38	93	92	18	63	90	84	72	59	95	58	3	29	4	34	20	92
70	3	3	93	80	48	20	3	1	91	58	21	37	66	59	15	57	9	39	43
33	5	91	24	85	54	14	47	96	62	81	20	24	60	51	34	85	92	17	28
11	75	18	62	91	63	57	87	39	30	82	91	20	74	97	24	18	40	7	34
15	52	75	47	59	5	67	15	30	53	14	76	99	26	56	32	41	73	17	48
93	95	43	59	11	59	66	1	19	9	19	5	26	45	63	22	47	98	59	12
52	42	55	79	75	93	62	61	31	40	22	39	34	70	7	76	79	98	75	86
2	53	89	42	12	22	26	71	5	78	96	86	93	76	32	55	66	54	90	34
32	45	62	81	77	98	31	5	62	40	53	58	13	36	35	12	46	42	40	87
26	29	27	97	38	86	17	75	10	59	53	73	75	21	37	14	84	80	16	40
14	33	45	50	42	82	55	50	27	64	50	5	98	20	49	80	6	36	38	65
2	38	30	19	44	24	57	82	78	32	4	47	24	12	72	69	7	13	49	94
60	69	85	1	2	11	6	9	33	22	96	92	51	98	50	75	27	91	23	80
35	93	25	53	66	79	73	47	7	87	50	49	77	39	65	3	8	52	13	36
90	3	53	36	92	2	87	88	53	23	95	17	49	21	27	17	52	44	11	57
69	80	49	27	63	23	83	9	31	63	23	34	57	93	58	69	8	95	68	18
19	46	22	59	7	13	96	96	17	56	77	45	88	67	4	6	67	4	25	39
35	8	66	48	9	53	42	80	71	86	42	93	74	31	10	56	94	46	28	2
57	97	81	82	67	48	81	91	14	42	7	61	70	92	46	6	32	73	97	20
67	8	64	90	85	41	54	51	33	13	13	95	28	8	38	32	23	48	82	30
73	95	63	70	35	17	8	13	6	52	16	84	58	85	94	9	94	58	29	88
26	32	90	38	82	79	62	53	1	35	24	97	58	43	37	10	80	42	97	19
41	44	25	68	22	36	47	80	60	20	20	86	2	99	16	79	82	79	50	41
52	78	54	35	36	15	9	95	67	32	30	91	89	54	92	5	99	36	16	84
10	63	16	70	78	12	45	44	92	23	15	43	45	92	28	71	25	91	36	89
30	99	36	15	98	87	26	51	43	31	49	7	1	4	32	92	24	46	89	30
21	9	27	39	38	93	54	91	59	38	25	35	18	73	57	49	40	65	29	22
21	8	6	14	46	61	43	61	83	36	6	42	74	95	80	66	25	94	19	59
49	47	27	19	45	42	41	52	65	48	8	92	80	20	35	82	51	23	15	57
29	82	26	28	46	50	55	75	84	21	77	74	90	37	16	79	85	43	25	89
90	25	84	34	40	76	58	90	87	40	62	79	39	74	82	49	34	72	14	49
49	39	22	32	48	49	84	15	27	20	75	7	76	39	63	88	11	78	63	41
96	49	96	7	94	21	35	55	8	36	26	66	99	2	29	60	18	34	45	82
27	86	23	97	33	2	41	7	68	68	61	49	7	69	78	14	65	65	92	60
11	51	9	30	33	36	64	29	93	53	66	8	73	84	97	58	76	40	93	72
91	32	44	34	62	47	82	74	60	64	4	46	2	13	24	35	49	84	8	61
17	74	51	12	59	2	71	59	1	34	99	83	27	86	18	13	85	60	1	30
64	5	33	47	54	79	14	31	37	92	62	51	57	22	54	49	77	5	52	89
19	22	50	39	12	83	10	47	66	35	15	78	73	88	37	44	38	49	92	48
50	57	85	37	20	39	67	92	39	13	14	92	16	74	98	47	13	59	31	35
47	79	69	14	31	88	83	16	31	8	67	89	60	92	28	96	11	50	26	70
75	25	5	89	42	20	52	72	25	20	75	3	68	43	72	16	71	12	86	2
74	77	49	78	91	46	47	63	48	83	39	54	17	81	87	12	36	86	1	27
9	23	1	28	62	5	37	54	26	40	37	30	64	57	15	91	48	8	49	53
87	54	97	68	54	40	42	65	29	6	12	17	52	34	10	95	84	57	97	63
66	68	4	37	19	5	99	22	43	88	67	24	79	31	36	38	25	69	69	90
16	42	22	76	99	63	32	6	63	4	22	91	90	85	32	67	49	38	70	40
19	57	23	90	55	20	70	88	90	16	65	42	92	97	83	41	17	36	56	41
66	15	88	14	44	6	90	90	33	97	54	82	97	56	5	73	13	1	1	45
52	27	45	85	34	57	55	44	84	88	18	26	46	48	83	25	47	8	82	60
39	88	51	6	67	63	14	98	46	37	61	10	81	9	85	12	26	20	63	26

13	6	11	3	15	2	14	11	11	5	9	15	19	11	7	19	6	3	12	20
8	16	10	8	19	7	7	1	6	1	20	20	1	19	4	9	17	10	3	3
14	19	9	18	18	5	18	6	6	20	19	2	19	10	7	1	4	6	1	1
4	2	12	18	9	12	7	19	19	9	15	5	2	8	2	2	18	15	14	3
7	10	12	19	18	12	12	13	13	3	13	12	17	13	2	11	19	10	10	5
1	6	13	7	13	12	12	6	20	9	13	12	15	17	16	16	14	18	19	10
8	17	11	1	18	12	6	2	9	11	3	11	8	11	6	14	7	20	17	3
19	13	11	17	8	3	11	8	8	9	20	15	15	12	9	7	5	17	19	17
2	16	8	1	9	12	8	13	2	10	19	8	11	13	14	12	15	2	19	5
18	17	11	20	15	6	3	12	3	2	18	12	17	19	19	5	11	5	20	3
13	6	14	16	8	4	17	5	1	1	4	8	15	15	15	12	10	6	1	14
13	3	1	14	10	12	10	1	16	9	20	20	6	2	1	20	3	4	9	13
9	12	7	17	10	15	13	13	3	17	12	11	1	12	6	4	11	17	4	18
18	10	15	7	11	4	14	9	18	18	7	13	5	16	20	4	9	17	5	5
15	18	14	14	11	13	18	20	14	19	14	10	8	5	5	13	10	6	7	12
9	14	14	4	19	1	6	12	17	8	5	18	4	12	15	9	12	20	7	19
2	12	11	7	19	2	7	11	20	11	9	5	3	15	6	16	17	1	1	10
17	20	18	9	2	1	13	11	12	11	4	9	15	7	9	10	7	16	19	11
20	9	14	3	1	15	1	4	6	12	20	9	1	17	15	2	2	8	9	12
1	11	13	6	11	10	16	9	6	11	2	12	14	10	4	20	2	1	20	14
12	7	4	7	6	17	13	17	10	20	3	12	8	10	18	4	5	6	6	11
7	13	11	18	7	9	20	3	18	17	9	5	20	15	20	11	1	18	2	2
9	13	19	3	7	5	14	18	20	4	4	11	2	5	1	20	2	5	16	18
17	7	9	8	6	8	6	17	9	8	18	1	11	3	4	11	9	18	14	8
5	11	11	15	10	16	9	14	17	5	11	9	3	16	20	5	8	13	12	13
7	12	16	9	13	16	9	18	5	11	7	18	16	14	20	8	19	12	9	2
10	7	15	17	9	1	5	9	7	12	1	9	9	19	10	5	18	10	11	7
3	14	17	19	5	7	20	4	5	15	15	5	20	10	4	10	17	11	15	12
4	11	20	3	8	17	5	13	15	17	16	20	12	11	6	20	3	6	18	10
10	16	20	4	14	18	18	5	4	13	15	14	18	15	17	17	10	16	16	12
4	4	13	10	4	12	7	6	20	9	4	12	18	19	9	4	17	15	2	3
5	20	5	13	16	1	4	9	12	12	10	6	16	16	17	15	8	5	14	6
17	11	17	6	15	19	16	18	10	17	1	14	17	19	16	12	2	17	11	12
3	7	18	20	18	13	16	1	1	10	6	10	8	2	11	11	7	10	11	19
16	5	20	6	1	1	9	6	11	20	11	6	8	14	1	14	8	9	1	7
9	2	13	14	12	3	13	7	2	19	4	1	19	9	5	5	3	16	7	20
14	4	18	2	1	3	19	3	14	16	10	11	13	11	5	17	20	8	7	11
6	11	17	6	16	10	4	4	15	6	9	15	15	6	20	6	9	10	10	20
8	5	8	13	13	2	1	15	14	17	3	11	10	16	6	11	6	14	17	20
18	7	10	10	5	4	3	20	2	15	17	4	14	6	7	17	8	20	2	17
16	8	3	13	11	20	18	19	18	2	11	9	6	10	19	15	3	10	20	14
2	11	8	14	8	15	9	18	7	8	3	5	5	14	12	8	6	11	4	2
11	17	2	19	18	15	2	12	19	9	10	20	2	19	15	13	10	5	7	8
4	12	6	13	12	15	20	12	11	8	18	4	16	13	19	8	3	10	10	19
2	12	8	18	13	5	10	8	15	10	5	6	16	17	7	1	4	10	5	11
18	3	16	5	11	17	2	10	12	3	16	15	5	15	13	15	5	4	18	1
12	6	1	8	14	18	16	8	4	20	16	8	11	6	4	3	4	2	5	20
2	10	18	5	4	4	17	20	5	11	20	10	14	6	9	8	12	11	16	11
15	5	14	19	4	2	4	3	16	3	11	4	20	15	8	8	2	20	1	11
14	1	17	1	9	13	17	19	8	13	6	1	15	15	8	9	12	20	3	16
2	10	9	15	1	6	19	9	8	16	2	17	16	8	3	11	18	11	18	6
11	7	10	5	11	13	16	5	18	2	11	13	14	10	12	8	8	3	20	3
18	5	14	9	17	19	4	15	9	8	7	11	13	13	20	14	1	17	19	14
20	14	14	14	13	9	5	18	4	4	19	1	12	5	11	19	16	2	19	10
16	14	17	17	2	15	8	6	15	4	17	18	16	12	20	3	10	7	5	15
4	7	4	17	8	6	3	1	19	19	15	15	12	10	17	4	13	6	4	11
1	20	13	17	2	2	17	7	2	1	7	1	16	18	13	18	3	9	14	8
12	3	5	18	18	7	11	20	17	16	17	16	19	13	20	2	9	1	17	15
18	2	13	19	5	19	7	18	7	12	18	9	17	19	16	1	14	4	1	1
1	10	3	4	10	17	16	2	11	2	7	11	16	5	15	17	7	11	10	7
2	15	9	5	14	5	11	16	10	6	6	5	6	17	13	1	14	19	8	10
13	3	19	10	3	4	11	20	13	19	13	17	9	18	11	6	9	15	19	7
6	19	5	20	19	2	14	8	14	17	17	5	6	12	17	3	18	4	9	20
2	4	12	5	6	19	16	15	6	1	15	4	6	3	6	13	18	13	15	9
19	20	12	7	18	5	4	2	12	6	12	13	12	15	3	12	19	14	5	3
7	8	10	6	9	18	13	2	14	19	8	10	17	17	2	16	20	9	17	2
4	16	20	6	14	15	10	5	6	13	2	20	19	5	13	19	7	2	12	2
15	19	12	16	14	8	7	16	1	12	9	2	15	14	3	7	1	4	15	18
18	14	20	20	17	7	10	15	14	7	18	20	2	6	13	4	11	20	2	11
2	12	6	11	6	1	20	4	6	1	5	4	20	6	8	4	1	12	15	5
16	12	7	16	19	5	16	10	16	16	15	13	20	1	17	19	17	10	9	8
18	3	17	8	13	4	8	4	19	3	2	18	19	17	20	20	4	7	15	6
7	15	8	6	15	7	18	2	4	18	8	1	14	2	7	20	20	11	3	18
2	6	2	18	17	4	20	11	11	3	11	6	14	12	8	12	8	9	6	20
15	17	18	12	1	9	12	15	1	10	19	9	20	17	10	8	9	7	1	13
18	10	16	18	3	10	10	8	7	6	8	5	15	9	17	7	9	18	1	3
12	12	8	3	3	2	10	14	1	13	3	18	15	18	17	20	20	15	15	4
3	17	6	7	15	7	4	8	5	8	8	18	9	1	20	1	14	1	5	13
9	12	5	18	12	16	11	8	15	6	20	13	6	3	9	19	9	9	7	18
5	10	19	5	1	17	5	3	12	9	15	19	5	17	11	12	7	11	1	2
19	7	12	6	14	5	18	7	19	5	9	6	7	12	8	2	14	16	14	3
18	2	17	9	20	17	20	19	13	1	20	10	6	16	20	18	3	16	16	8
2	14	4	6	16	20	6	20	14	15	14	6	9	20	18	10	19	16	7	11
2	12	13	6	13	4	18	12	2	19	4	17	11	7	2	4	14	18	4	6
2	4	11	16	12	20	8	2	17	11	9	19	5	20	9	9	1	8	3	4
16	7	20	19	17	9	10	19	7	4	1	17	9	14	15	19	19	14	9	12
1	2	3	19	2	19	14	13	9	18	17	11	7	6	6	17	19	11	3	10
12	19	4	17	3	12	10	18	4	3	16	9	14	16	13	19	16	17	9	8
19	12	17	8	15	1	13	19	9	2	13	18	15	4	5	20	13	18	2	12
12	16	16	13	5	15	20	15	12	7	18	13	2	14	4	6	13	3	2	10
10	20	5	9	3	5	14	17	16	7	16	7	19	6	14	12	20	19	13	3
9	4	9	12	6	10	14	14	8	16	2	6	16	8	15	10	13	3	4	5
15	16	16	7	15	16	19	19	3	9	16	14	18	4	19	20	5	16	17	7
2	2	17	11	5	1	20	12	2	6	17	15	9	11	10	1	6	10	6	8
16	16	8	3	13	12	9	20	14	9	3	10	18	3	1	17	7	7	19	17
9	6	14	5	11	17	9	19	4	1	3	18	8	5	7	16	3	8	12	8
14	18	4	15	8	20	3	19	13	6	19	4	19	14	20	15	12	11	6	17
16	11	18	12	6	7	7	1	11	9	15	16	6	4	4	8	7	18	14	8
10	10	13	10	8	12	10	4	12	7	16	12	10	2	14	9	6	13	4	7
12	18	16	9	3	11	18	1	15	1	4	7	2	6	8	4	11	12	16	3
11	5	16	20	19	3	13	2	2	7	9	17	19	7	14	9	4	12	5	4
4	15	17	1	5	6	16	10	14	2	4	14	8	1	9	10	2	10	4	13
8	11	10	4	11	7	1	8	15	12	19	11	19	17	14	19	7	18	9	2
17	1	5	19	16	13	10	8	18	15	11	2	15	9	15	9	6	6	20	10
1	15	8	8	9	3	15	8	16	17	16	1	4	4	3	14	15	12	16	1
17	18	11	12	15	2	10	9	7	7	16	18	12	1	5	11	5	20	13	17
16	11	18	7	5	17	2	3	6	2	11	2	13	14	7	9	17	14	4	19
20	7	16	13	18	12	15	7	14	3	13	14	8	2	3	19	19	8	3	9
17	19	6	17	14	8	9	13	19	7	3	2	6	17	1	16	12	17	8	6
1	10	14	10	7	1	7	6	2	15	7	19	19	20	19	20	17	12	6	16
11	20	4	9	1	2	16	17	13	7	1	10	13	15	2	11	20	7	19	7
15	11	20	18	10	1	15	13	7	9	20	7	1	7	3	14	4	9	11	7
1	16	4	1	20	5	13	7	1	6	9	17	5	12	20	1	11	17	10	4
8	15	4	11	1	20	2	4	17	6	10	15	4	9	3	8	8	1	12	3
11	10	2	10	4	17	8	17	15	4	20	13	20	4	3	2	18	4	4	13
10	5	4	5	4	8	14	3	2	1	8	11	7	17	9	4	11	5	14	13
12	10	18	2	10	5	3	13	20	19	5	12	12	14	16	14	20	20	3	14
11	17	10	14	6	20	16	3	12	11	13	20	15	3	3	7	16	18	20	6
1	20	3	5	7	12	1	9	1	19	15	15	2	20	10	8	3	2	11	8
4	15	18	19	20	14	17	3	10	8	14	5	15	10	6	1	17	9	5	1
12	18	8	4	3	19	9	13	9	1	2	19	14	14	14	15	3	9	1	7
5	1	8	12	20	14	3	7	1	6	15	10	5	9	17	17	10	7	17	20
19	19	15	16	19	5	4	3	12	19	6	15	7	13	1	5	18	20	16	3
13	17	17	4	20	9	11	12	2	19	20	7	9	18	18	19	18	2	7	5
20	3	16	15	9	3	20	5	11	12	11	3	6	7	12	12	7	11	20	6
8	4	1	10	2	5	19	15	19	12	8	7	8	15	14	10	15	4	2	16
9	7	15	7	16	2	19	15	18	13	4	14	18	4	3	13	17	4	17	1
11	13	11	16	2	9	18	16	8	4	19	14	20	17	8	20	8	18	13	4
5	6	8	11	1	6	10	6	4	18	5	6	14	5	15	14	19	13	19	11
14	9	14	13	16	9	8	17	6	7	9	5	9	5	20	12	17	3	7	12
14	8	2	20	20	19	6	6	10	1	16	5	5	6	9	11	16	16	11	13
5	20	19	5	10	18	9	6	13	17	15	5	5	10	14	13	16	11	20	15
19	10	19	15	4	17	6	6	11	18	4	11	11	1	13	13	1	12	8	3
11	15	17	15	1	13	3	7	18	15	7	9	11	11	18	12	7	10	15	8
18	19	13	5	14	16	13	19	5	18	18	7	12	10	4	11	20	9	6	1
4	1	17	5	17	15	5	9	18	1	2	1	13	10	15	2	7	15	3	10
1	18	1	19	20	20	20	1	10	15	14	15	16	13	16	11	6	3	10	16
8	14	2	2	17	9	13	5	16	20	16	2	17	19	5	18	7	6	4	16
16	8	3	5	12	9	7	18	2	11	6	7	14	9	7	19	8	8	4	13
1	7	14	12	4	14	5	1	19	7	11	8	9	18	9	11	17	4	3	5
15	2	3	10	9	19	12	10	4	5	18	14	4	8	18	11	18	17	15	17
13	18	18	4	6	19	13	9	2	2	1	16	9	9	5	2	12	3	16	5
9	10	1	7	3	9	9	20	9	18	15	10	13	2	15	15	11	15	10	17
19	3	19	4	11	8	4	17	5	15	10	17	6	15	3	15	15	5	17	14
2	20	1	1	5	14	14	1	18	14	15	1	15	9	7	19	20	2	10	7
1	8	6	11	19	11	8	6	1	14	14	11	5	20	10	16	12	2	14	3
18	20	14	20	11	6	13	15	14	8	9	6	14	16	2	20	12	19	9	11
19	2	13	18	9	5	6	15	1	8	5	1	11	16	2	9	7	20	12	14
4	20	13	8	1	4	8	6	1	6	10	2	17	10	15	5	13	2	17	9
19	19	5	4	17	2	17	11	6	9	8	10	15	6	15	12	5	2	20	13
14	11	3	16	20	20	20	4	2	7	13	10	7	11	2	6	17	16	5	8
11	16	7	12	6	11	20	14	2	11	14	6	4	8	3	13	9	12	9	8
4	6	14	4	15	18	6	9	6	3	9	18	1	1	18	18	19	14	12	12
20	11	5	7	4	8	2	20	16	3	11	2	14	6	5	4	17	13	8	6
10	13	2	13	9	6	10	5	6	7	20	4	6	3	13	4	4	16	9	7
8	13	11	20	12	19	15	13	1	7	7	17	3	7	1	9	1	14	8	18
17	6	4	15	3	15	19	10	14	20	13	20	20	1	16	18	5	14	10	2
16	12	6	1	4	10	12	4	17	17	19	4	6	11	8	9	10	9	6	20
2	18	7	18	1	10	9	12	10	9	2	11	17	5	9	15	7	13	15	14
12	11	7	11	4	7	13	19	7	18	13	5	5	13	4	7	9	17	19	5
9	9	19	18	13	4	10	19	18	7	9	15	20	2	8	15	18	7	12	9
20	9	6	6	5	19	18	3	4	13	18	5	3	11	4	15	6	11	3	7
7	14	17	8	8	4	4	7	16	6	12	5	11	9	5	13	18	15	13	7
19	9	17	6	19	12	15	11	16	6	7	11	13	19	20	20	19	9	16	5
4	3	18	3	15	13	6	10	18	20	18	16	19	18	20	9	17	10	7	19
18	19	6	1	20	13	17	13	14	11	14	12	13	15	4	10	19	1	9	19
7	16	11	20	1	19	4	15	15	11	4	8	13	9	4	3	17	15	1	3
3	20	6	17	12	14	17	9	14	3	15	1	14	4	9	1	16	14	10	13
17	15	4	2	19	15	20	15	10	19	5	14	4	6	15	2	3	1	9	13
6	17	16	8	17	9	11	11	13	19	13	5	18	10	9	8	17	11	9	15
19	4	10	6	6	9	11	13	11	11	20	1	15	1	2	3	8	9	11	17
13	10	10	6	17	10	17	6	8	15	6	11	2	15	15	15	6	10	3	13
14	13	18	1	12	11	20	16	9	19	11	15	11	15	10	1	4	16	20	10
8	5	16	16	7	9	17	16	16	14	8	13	5	9	18	16	14	20	11	4
6	2	1	8	15	11	16	10	11	14	15	17	9	15	13	10	19	4	19	7
17	6	4	6	18	16	20	10	10	19	1	4	15	7	19	19	19	12	8	17
17	3	14	16	20	3	14	18	4	9	10	5	2	9	10	8	2	14	8	15
15	14	4	15	14	15	10	3	2	7	7	3	10	14	9	10	4	12	9	19
13	17	6	20	3	6	17	12	20	19	10	15	3	9	1	8	20	19	19	3
10	3	2	16	5	16	5	3	2	3	5	11	8	19	3	10	18	13	4	12
1	9	16	19	9	8	12	1	5	10	18	19	12	6	4	14	3	14	16	10
18	7	15	9	18	3	5	18	8	7	13	7	20	1	13	15	13	17	13	6
3	7	5	10	9	5	16	19	9	6	19	12	2	10	7	14	4	16	9	4
5	12	17	18	19	3	11	16	1	4	5	12	2	12	1	9	1	11	11	13
12	17	18	17	17	18	17	11	13	11	19	6	7	12	1	2	3	19	7	20
17	18	8	8	17	14	15	12	7	11	10	8	6	19	4	3	15	12	15	6
9	9	11	5	13	19	10	12	7	14	3	16	17	20	17	15	19	6	7	3
20	6	7	6	9	1	7	19	4	4	18	3	17	5	8	9	18	18	15	11
19	11	4	18	8	20	9	6	9	13	2	11	1	14	7	6	8	16	7	18
1	17	2	5	15	19	14	5	1	19	2	8	14	7	12	1	20	8	9	10
16	18	8	5	20	4	2	1	17	4	10	2	15	2	7	7	7	4	1	11
9	6	11	10	4	8	17	3	16	19	1	13	7	16	7	2	16	6	6	15
20	1	1	6	20	9	2	17	5	15	15	19	8	5	12	5	5	7	4	5
11	4	6	4	13	16	3	7	7	11	10	5	7	10	4	19	1	20	9	1
7	14	14	16	10	17	9	19	15	16	10	19	13	12	15	3	18	5	14	17
7	18	17	20	10	3	3	6	20	20	3	3	7	7	1	18	4	1	2	9
12	12	4	14	12	4	19	3	17	20	20	11	10	7	16	19	9	15	11	12
11	10	19	6	18	18	18	14	19	2	13	17	20	20	18	12	12	14	3	2
17	13	10	5	19	7	16	18	3	3	9	20	6	8	16	4	11	1	16	16
1	4	20	12	10	14	10	16	4	4	4	17	14	4	10	14	13	19	10	17
6	11	12	18	18	7	16	5	12	17	7	4	15	5	12	6	1	16	10	7
1	16	10	5	20	8	3	20	16	14	10	16	6	10	8	16	17	12	9	7
14	4	8	12	11	10	9	20	15	4	18	11	20	8	12	8	20	13	7	16
7	2	10	19	17	12	7	13	1	16	14	7	2	5	11	6	2	5	13	10
15	10	11	14	8	16	3	17	8	2	3	18	2	8	3	19	16	1	9	13
9	1	8	12	20	2	5	13	7	10	11	3	5	14	2	12	12	16	20	18
18	3	14	10	18	13	13	16	1	10	8	13	17	20	3	18	6	9	8	13
1	9	10	11	12	11	2	2	13	9	7	8	9	10	15	4	13	6	5	3
16	17	7	3	18	18	9	3	4	17	10	1	16	17	12	20	2	13	12	3
15	15	19	3	10	16	5	6	1	7	10	12	5	13	8	2	11	11	2	5
17	8	12	1	9	20	17	19	4	13	1	12	18	16	2	3	10	16	8	9
9	8	1	17	5	2	7	16	13	16	10	13	20	6	4	6	13	11	2	13
10	19	7	15	1	12	4	9	19	7	17	6	4	3	8	20	7	5	1	13
2	8	5	7	15	7	17	19	5	20	11	11	1	1	10	19	16	2	6	9
3	7	16	19	7	7	3	2	11	9	9	20	12	3	19	9	6	1	1	11
18	19	5	17	10	5	4	1	2	5	17	16	19	16	8	7	4	18	5	13
9	15	11	6	8	7	14	10	13	12	1	19	13	2	17	13	3	6	10	19
18	10	12	6	7	2	8	3	10	17	18	14	18	13	6	13	13	11	13	2
6	4	13	12	13	11	2	20	10	6	1	8	12	11	8	16	2	9	7	3
1	18	3	5	13	6	5	10	20	4	10	11	19	2	16	12	8	12	1	4
9	13	20	7	3	18	18	11	17	1	9	5	1	2	17	11	7	12	5	17
20	13	10	18	8	11	11	13	19	14	13	17	17	2	1	12	3	10	20	2
7	7	2	5	4	10	1	18	16	5	12	20	20	1	16	6	8	16	9	9
6	10	4	10	9	7	20	11	13	15	3	11	11	13	16	12	12	4	5	3
13	11	17	19	2	5	19	2	17	6	11	1	18	20	10	17	1	2	2	19
19	7	4	3	9	4	10	16	12	18	11	5	11	19	18	18	16	7	15	13
17	12	15	16	6	13	12	5	5	1	2	11	12	1	1	4	12	8	2	7
4	7	9	5	14	13	8	19	12	15	6	2	13	12	14	11	2	17	6	7
16	5	12	12	11	4	19	11	2	13	14	4	16	7	12	12	17	8	13	11
5	13	3	2	9	12	3	12	7	18	11	19	6	18	19	11	13	14	8	12
12	9	6	8	6	8	3	14	11	3	10	16	8	20	19	18	14	15	10	3
5	4	13	18	13	18	8	4	18	6	10	11	20	4	13	12	20	16	17	12
18	19	17	15	15	20	17	6	18	3	8	5	14	2	15	20	9	1	5	6
9	16	3	2	1	12	12	10	6	7	18	19	6	5	12	17	13	12	6	9
11	17	4	18	9	11	11	11	10	8	7	2	4	18	14	16	18	3	11	2
12	20	3	3	11	3	9	10	14	16	12	11	8	6	3	18	7	4	10	6
1	18	1	5	4	18	13	8	11	18	14	1	2	19	18	1	17	17	5	12
12	10	8	19	17	16	2	12	13	11	12	10	13	11	10	17	2	11	16	3
11	19	12	20	17	15	11	16	4	19	9	9	12	17	6	8	6	7	1	3
14	2	2	11	18	11	17	17	2	14	17	13	3	13	19	13	11	20	15	11
13	20	1	5	10	6	16	9	17	19	15	15	3	7	15	11	8	11	13	3
5	15	15	3	7	2	5	17	8	20	20	4	10	20	17	1	17	13	4	6
17	17	5	13	7	17	4	11	5	14	12	20	12	4	18	9	1	7	10	3
16	4	15	2	4	19	15	8	14	10	18	8	5	17	20	15	19	3	1	19
16	14	20	3	18	17	5	13	1	1	11	9	20	2	7	20	4	20	20	17
19	2	2	14	4	13	1	3	13	16	11	20	12	1	9	11	8	18	20	3
5	16	10	20	16	13	19	11	10	12	18	2	19	19	5	13	10	17	16	14
16	7	4	12	9	12	17	12	14	2	2	20	14	1	4	16	18	15	9	7
7	10	4	2	3	15	5	11	9	8	20	13	15	13	6	5	3	18	10	1
7	8	2	13	7	20	2	11	1	16	15	9	9	19	6	19	1	4	5	6
4	1	20	7	12	9	16	3	15	14	11	15	16	6	6	11	15	12	13	9
5	15	17	6	19	12	18	18	12	10	3	13	16	15	17	20	9	1	16	3
6	19	3	18	14	20	19	9	7	16	10	6	16	12	1	14	4	13	7	19
3	6	20	13	6	4	11	4	20	3	20	5	9	20	20	14	6	20	5	19
20	1	5	3	19	7	5	17	5	12	12	4	15	5	17	5	14	20	3	14
19	1	16	4	10	17	16	18	17	18	4	20	20	6	13	20	20	9	4	16
11	9	3	13	4	5	18	8	7	8	1	19	18	11	9	4	18	7	14	2
11	19	3	17	18	13	2	18	15	11	13	17	18	6	16	14	14	9	3	18
4	12	10	10	5	9	16	10	4	3	1	10	1	1	4	4	11	17	8	19
8	19	12	17	11	7	17	17	8	1	13	2	9	8	7	17	4	13	8	16
6	3	3	9	7	10	13	8	8	2	17	3	14	3	14	2	19	8	6	20
5	11	10	2	4	18	2	15	16	19	4	9	3	11	19	18	12	11	18	6
3	17	11	19	7	16	12	18	1	17	4	6	2	7	6	20	13	1	7	14
5	1	13	13	7	1	3	17	18	9	9	19	13	15	9	14	4	14	16	9
13	8	3	18	15	12	19	5	9	1	16	10	14	7	19	12	19	8	20	5
2	5	17	8	4	1	15	19	9	16	3	5	10	17	15	1	20	13	1	14
13	4	8	1	10	15	20	20	7	6	17	11	1	7	16	2	11	13	1	13
2	3	18	3	5	10	2	2	14	19	18	6	2	9	18	9	20	14	4	20
12	3	8	14	1	15	20	14	5	18	20	9	17	17	11	14	11	13	6	12
10	9	1	14	9	20	13	14	9	18	20	3	13	7	8	8	2	20	5	3
14	10	4	11	9	16	16	2	15	19	4	14	20	1	9	20	10	6	14	6
13	12	16	15	18	19	6	2	12	17	5	13	2	10	7	18	15	20	1	9
20	16	4	9	6	7	10	1	2	2	12	14	19	20	19	4	16	16	12	6
14	5	13	14	8	7	14	12	13	16	8	13	18	3	12	2	14	8	15	9
11	18	19	4	4	18	5	12	20	3	17	8	16	18	18	13	11	11	3	11
16	6	11	2	16	20	18	3	6	15	2	6	15	20	18	7	12	17	3	15
8	13	20	6	4	15	6	15	20	2	4	8	15	12	2	1	4	11	18	19
15	2	14	20	8	17	15	17	6	13	5	5	19	9	14	4	3	6	6	15
3	11	13	3	9	10	12	1	8	8	20	14	12	17	7	13	9	6	20	3
19	20	3	1	18	1	4	8	16	15	7	17	18	6	10	6	9	6	10	7
20	2	18	8	1	1	18	13	18	4	6	8	7	15	20	8	4	12	10	8
11	7	11	19	7	6	17	2	8	3	17	16	10	5	1	5	20	3	19	14
5	5	15	9	13	19	1	15	13	1	8	3	10	19	2	11	20	6	8	15
11	2	17	3	10	12	20	2	14	5	20	2	5	9	2	9	8	2	3	9
7	12	10	14	3	1	7	5	1	8	9	4	16	19	11	2	13	20	1	11
15	2	19	8	18	14	16	14	4	7	17	6	15	12	8	3	14	16	7	14
7	17	17	7	15	14	2	19	11	10	15	9	7	9	4	2	5	14	5	18
9	19	13	19	18	17	5	9	4	7	9	10	20	16	4	19	5	7	5	19
2	18	4	9	20	13	15	15	1	12	20	2	15	19	6	1	9	19	11	4
10	4	4	15	1	16	8	11	1	1	8	6	6	8	7	6	14	19	1	18
3	17	17	9	3	8	18	16	13	3	9	1	20	8	10	12	5	4	7	5
13	13	4	5	17	3	5	3	5	16	4	13	14	16	11	14	2	12	18	2
6	9	2	2	18	10	20	12	18	5	17	11	5	17	18	7	5	11	18	7
1	11	14	19	16	15	3	1	12	17	10	4	9	13	19	2	7	5	15	5
17	5	20	2	18	6	8	8	19	6	9	10	3	18	18	10	7	17	2	19
20	9	14	5	6	12	20	5	9	15	6	3	3	14	14	15	13	20	2	14
15	17	16	11	9	9	6	11	12	17	4	19	11	6	2	13	8	12	15	13
3	15	5	19	10	7	19	15	19	7	4	19	15	1	5	18	5	20	17	19
7	14	16	17	20	15	11	11	8	15	14	11	18	19	14	19	20	5	9	10
7	8	13	8	7	19	18	2	15	19	8	4	1	9	10	2	17	19	14	5
10	4	6	7	11	6	3	12	15	4	20	2	5	4	16	14	4	6	9	2
13	12	5	17	10	7	9	4	8	20	11	10	7	3	11	17	9	2	11	1
6	8	8	1	7	19	17	9	8	6	2	6	13	12	18	2	15	10	10	5
17	20	7	2	14	12	20	10	18	5	12	14	9	12	5	11	5	8	10	6
15	9	6	2	6	6	7	20	2	13	1	1	6	8	18	7	2	7	3	15
19	1	13	18	20	17	13	7	17	3	16	13	19	3	20	20	4	3	19	12
1	15	8	5	13	19	3	1	1	17	12	17	20	16	19	3	12	1	3	9
20	5	10	16	13	9	19	13	16	15	10	18	14	1	15	1	12	7	7	11
8	9	5	14	4	8	17	15	3	8	13	14	9	16	4	10	13	7	12	19
1	7	17	2	4	8	5	5	14	20	6	15	8	3	20	13	6	17	15	2
17	13	15	14	18	8	10	13	12	10	15	20	9	20	13	9	4	9	14	1
2	3	17	12	13	9	17	2	16	12	19	18	6	2	7	8	2	7	15	3
18	8	12	10	19	5	14	15	14	19	13	2	4	7	5	20	19	19	20	3
3	1	5	15	5	5	14	14	7	11	13	2	13	17	17	7	7	17	9	4
12	12	16	7	1	12	10	10	13	16	16	7	13	10	3	19	6	18	17	2
2	11	7	19	2	19	19	10	5	15	3	4	2	13	6	12	6	7	3	3
18	18	5	19	14	8	1	20	4	1	13	12	8	18	18	16	2	17	12	20
12	15	9	16	8	19	4	9	16	11	9	7	12	18	5	5	5	18	12	17
12	17	9	20	1	5	17	3	12	17	11	17	15	7	3	16	12	19	2	8
2	2	6	7	11	4	3	8	16	19	5	16	18	14	15	17	15	9	20	3
17	14	13	5	13	16	2	17	15	14	13	7	5	12	18	15	8	13	11	16
16	6	15	6	10	12	8	18	19	18	9	12	6	15	20	13	9	6	14	17
4	16	13	15	7	3	5	1	13	20	20	1	16	14	20	5	6	17	6	19
14	8	12	13	4	10	8	13	10	15	8	4	10	1	15	12	11	8	19	4
17	11	13	6	4	8	2	15	12	13	10	3	9	18	12	12	4	4	17	12
13	6	14	1	12	6	7	11	11	2	15	9	5	3	14	13	5	11	11	5
5	6	17	10	13	15	4	5	1	19	19	15	6	15	19	19	5	1	6	9
1	18	13	20	4	3	18	5	9	19	5	20	18	16	17	4	17	12	14	18
3	16	10	9	5	19	8	20	15	19	13	11	19	11	18	3	16	6	5	11
20	12	4	18	11	20	14	16	19	4	17	18	3	6	3	14	17	5	20	19
10	2	16	17	14	13	19	1	12	14	14	2	19	12	14	12	10	13	10	16
17	1	6	4	10	10	14	2	2	7	17	12	13	12	14	6	10	2	1	4
10	20	6	16	13	17	10	10	11	6	9	15	9	5	7	4	6	5	5	6
7	12	1	16	3	16	3	3	3	20	9	1	20	20	4	8	2	2	19	19
4	10	15	16	16	9	12	15	20	3	2	11	6	10	20	17	5	8	20	19
16	2	17	8	4	11	15	19	1	2	7	20	17	6	16	3	2	19	19	2
8	3	3	14	9	20	4	12	13	8	15	9	13	19	1	11	8	5	3	13
3	5	5	8	15	12	10	4	11	17	20	13	7	3	2	1	20	7	8	19
20	8	2	7	20	8	9	4	6	17	15	15	8	19	13	16	18	8	17	1
1	16	6	11	19	14	12	17	16	13	3	12	6	6	17	3	2	9	10	17
6	10	19	4	15	3	9	16	7	20	13	14	12	1	16	1	8	9	2	12
1	20	18	7	16	2	15	10	9	5	19	14	16	3	19	18	3	16	15	12
8	15	5	15	19	15	3	3	9	15	11	9	13	20	1	10	5	13	2	5
1	3	14	17	15	4	9	19	20	17	6	6	10	14	8	9	18	13	5	3
3	20	2	13	2	11	19	4	10	1	17	20	12	8	10	15	10	7	13	3
19	17	19	12	16	14	14	16	9	1	7	13	6	7	10	7	17	20	14	19
6	11	6	8	13	14	3	1	5	13	15	5	2	12	17	9	19	19	17	5
11	3	15	7	1	17	6	20	8	4	18	10	17	13	16	12	15	7	2	20
10	2	2	15	6	15	11	10	3	1	6	2	8	16	1	15	17	15	9	19
9	20	15	10	9	11	15	10	7	18	11	1	12	16	1	17	17	18	17	13
10	17	9	20	20	2	17	2	20	5	17	4	3	2	12	17	10	14	3	7
8	2	19	20	18	9	5	6	4	1	14	8	8	12	3	14	13	11	2	16
3	17	10	6	16	15	7	7	15	1	2	20	6	9	17	12	19	11	12	16
19	20	10	2	6	10	17	20	8	16	17	1	15	15	9	9	5	20	14	14
10	1	5	10	3	9	18	5	14	17	20	2	17	10	6	5	2	16	5	16
2	2	20	11	2	15	15	2	5	8	8	13	10	1	9	13	19	8	19	9
11	11	17	5	7	15	14	14	10	2	8	4	8	12	14	2	9	10	8	14
4	7	20	19	8	13	17	13	10	15	17	14	7	5	19	12	13	6	9	18
9	19	5	9	9	20	8	18	11	16	4	2	19	16	7	10	18	14	10	13
4	12	13	15	14	18	15	15	19	7	15	19	18	2	15	5	20	17	2	17
13	18	4	17	11	10	20	10	14	6	2	18	4	13	19	1	2	17	14	15
10	16	13	5	9	7	3	7	4	11	8	18	11	16	15	19	11	1	5	6
19	17	1	2	11	16	17	13	6	20	6	19	7	4	16	2	12	10	13	4
12	12	16	9	8	3	2	20	5	7	20	18	6	18	16	15	7	13	8	7
13	12	7	3	20	10	15	2	3	20	13	8	18	7	17	13	20	12	6	13
10	12	5	2	6	10	17	11	5	5	7	17	20	8	3	10	9	7	16	3
5	9	13	19	6	6	7	6	8	5	6	5	3	3	1	10	2	8	13	10
20	13	10	4	10	15	19	2	4	17	17	14	18	9	5	5	20	7	20	16
5	3	7	12	13	6	20	8	14	16	12	14	10	18	13	3	8	14	14	17
11	12	1	1	7	9	11	14	2	20	3	4	9	16	17	14	20	20	16	9
9	18	20	6	2	10	8	9	12	1	13	7	14	6	7	17	1	1	9	1
9	12	15	6	8	8	7	20	17	9	16	17	14	20	17	10	12	2	19	8
10	11	17	2	20	8	10	7	12	1	12	4	1	10	15	18	13	8	12	4
1	2	20	2	18	10	17	11	13	14	16	19	19	7	12	11	12	5	7	7
7	14	11	5	17	8	1	8	1	6	3	18	7	7	8	10	5	3	18	18
2	15	5	15	14	14	14	13	20	8	17	1	17	19	11	6	12	17	18	12
1	20	1	18	3	10	16	18	15	2	8	18	1	11	13	9	11	20	3	14
10	10	19	17	17	8	6	15	4	18	6	7	18	10	20	17	16	8	7	8
7	5	6	1	4	17	4	20	4	18	13	14	4	1	3	8	17	3	16	2
18	19	16	9	9	19	17	15	15	2	6	18	19	9	20	4	19	12	10	12
20	17	2	19	16	17	5	11	1	18	16	18	1	10	13	17	14	17	8	2
10	2	10	7	3	3	7	19	18	16	17	15	7	16	5	15	15	5	13	2
5	1	16	17	14	19	20	4	19	15	18	17	17	16	11	10	9	7	14	6
18	17	5	10	17	13	12	11	5	8	3	18	8	17	18	4	9	15	7	17
11	5	20	1	19	10	7	16	18	9	4	16	18	7	20	7	18	16	1	19
1	3	18	6	11	8	18	10	8	13	10	20	17	18	7	11	4	16	20	20
12	11	7	1	15	16	7	5	13	15	16	3	11	20	1	11	17	18	19	12
6	2	8	2	6	12	3	1	13	10	8	12	11	3	4	3	12	17	3	2
5	3	5	2	10	7	15	16	14	6	11	14	19	19	14	2	16	20	14	19
12	20	4	1	2	8	20	1	2	16	20	18	3	1	14	13	13	19	6	7
19	15	15	17	5	20	2	14	19	2	5	14	3	10	14	13	16	9	7	4
11	5	6	19	17	2	3	10	4	8	16	10	13	11	16	2	6	20	8	18
6	7	8	20	20	6	14	17	5	13	2	14	17	5	4	20	10	15	5	20
17	1	7	18	9	5	10	20	20	12	16	2	12	2	3	11	3	11	4	4
17	8	4	18	17	15	1	15	3	7	10	6	6	16	13	15	11	14	8	19
3	10	20	20	12	4	7	20	4	1	5	10	6	12	15	4	17	12	2	5
11	18	5	13	13	8	1	18	19	17	3	6	8	17	2	19	14	12	12	3
3	4	6	4	15	19	16	11	19	17	8	5	14	15	4	5	20	15	15	2
15	4	14	11	3	17	2	8	15	1	19	15	12	15	6	15	1	7	15	9
7	9	10	16	5	7	9	13	19	2	17	14	14	2	1	18	16	1	7	5
20	19	17	10	17	11	16	15	16	12	2	13	1	3	11	18	11	3	20	10
10	18	20	10	4	2	13	10	20	5	20	6	15	4	8	14	20	6	12	11
15	20	13	17	19	1	5	17	15	11	20	2	13	5	1	6	19	6	16	19
17	6	11	5	13	19	9	16	15	7	13	5	11	17	6	18	6	12	11	12
18	7	2	15	20	4	18	11	15	10	11	2	9	10	5	5	1	16	10	16
12	17	3	19	20	19	13	11	2	3	7	7	7	7	19	7	18	10	19	13
20	2	13	11	19	3	16	19	20	9	19	15	13	13	14	20	5	13	8	12
8	20	12	14	16	3	8	14	17	14	12	2	5	14	1	11	14	18	17	9
11	1	14	12	13	19	5	16	1	15	12	16	8	12	4	4	11	5	7	15
2	19	3	20	4	18	7	10	15	10	14	5	16	12	4	4	20	17	18	8
4	17	19	14	8	13	9	5	16	11	7	15	10	19	17	20	6	17	16	15
11	10	17	6	15	9	7	8	16	5	13	8	8	5	1	20	16	2	10	2
7	15	10	17	17	19	9	9	11	5	3	11	3	1	9	8	11	14	5	10
6	8	20	6	3	14	14	17	14	10	10	11	15	9	9	18	16	17	18	5
15	17	2	7	8	6	16	15	6	16	11	4	12	14	8	16	3	14	16	20
11	8	7	11	5	5	19	3	8	10	11	4	11	4	9	8	16	13	11	20
1	10	16	13	10	4	20	9	19	14	12	18	4	13	12	20	19	20	5	9
6	4	17	7	15	10	7	16	13	11	8	16	6	1	13	5	13	18	13	7
5	18	7	13	5	1	16	14	3	9	20	5	16	15	16	11	1	9	17	2
8	9	19	4	3	4	12	4	11	7	12	14	5	15	7	19	14	9	7	8
18	2	8	2	4	13	1	14	11	9	13	17	13	7	16	13	11	17	17	2
14	10	8	19	14	15	7	1	15	20	3	19	3	6	16	20	13	2	15	3
18	10	5	17	12	19	14	19	15	14	7	17	6	11	10	7	16	18	20	16
9	15	16	10	14	5	7	11	15	11	14	14	19	20	1	11	9	19	7	10
12	1	12	15	14	6	18	17	18	8	7	1	13	1	14	6	15	5	6	9
10	8	11	3	3	12	7	1	5	14	20	6	5	6	6	6	10	17	10	10
5	13	17	3	9	7	5	19	20	17	9	2	13	13	9	7	17	20	6	1
10	9	15	1	7	19	17	17	16	6	20	18	9	17	2	20	19	20	7	3
14	1	11	15	10	2	15	12	13	8	11	10	14	11	18	3	3	6	8	11
9	14	10	6	2	15	17	18	10	19	11	8	14	3	19	2	9	3	19	14
1	16	7	15	7	16	17	11	12	13	19	16	12	7	16	4	16	15	12	18
11	7	9	13	7	7	2	6	19	18	10	11	19	5	4	2	3	17	3	2
12	19	6	10	7	5	18	17	20	15	16	13	11	6	15	8	11	20	14	4
7	17	8	18	1	12	2	18	4	18	7	8	2	15	16	6	11	4	9	4
10	9	17	8	15	5	3	11	2	2	15	15	17	3	7	2	3	19	11	2
12	4	17	19	1	17	7	4	9	15	8	16	15	16	4	1	9	15	4	11
10	9	7	14	1	6	5	15	11	9	6	2	12	7	4	10	10	13	5	11
19	7	8	5	9	4	5	6	5	20	3	6	16	4	17	6	18	14	7	15
7	18	10	9	10	4	13	20	16	6	17	4	16	11	11	14	18	5	10	5
12	8	6	15	3	12	12	4	15	8	3	14	4	15	20	14	11	1	1	9
5	12	5	20	16	19	4	7	10	12	7	8	19	1	19	18	18	9	3	5
12	4	10	20	16	20	7	13	3	7	2	4	10	4	14	3	3	8	13	5
15	17	9	18	10	8	2	8	18	10	7	1	11	9	13	1	6	20	10	20
1	9	6	15	14	2	16	6	9	10	3	17	18	14	14	14	6	20	18	13
7	1	3	6	5	20	3	16	14	11	2	9	5	1	14	2	16	7	4	5
14	12	12	10	4	6	17	17	19	4	8	4	14	18	14	12	13	10	4	16
5	8	15	10	2	7	4	9	3	13	20	14	12	3	7	7	11	2	9	7
11	18	16	19	14	6	5	14	16	17	18	13	19	6	3	8	12	4	1	4
14	10	18	6	16	3	18	8	11	20	18	13	12	2	10	5	13	14	10	3
6	14	14	8	5	7	11	2	3	17	12	4	2	2	18	15	7	17	15	19
19	8	6	16	18	14	1	2	10	20	20	17	18	6	4	13	8	17	1	2
3	3	9	4	2	6	6	8	14	20	17	12	19	2	18	14	9	19	19	19
15	2	13	14	9	9	1	17	20	7	3	17	3	8	9	10	17	11	16	4
19	3	11	20	18	8	1	5	20	3	10	9	17	1	10	7	15	1	17	2
20	10	2	19	1	7	20	16	7	5	4	17	14	19	16	4	9	13	10	20
17	9	15	4	1	1	6	17	20	4	2	9	4	17	13	2	12	15	5	19
5	12	13	19	10	17	7	2	20	11	19	6	3	9	20	3	5	11	14	15
15	20	3	10	7	15	10	14	7	16	18	4	17	6	2	19	16	10	18	5
2	15	4	13	19	15	10	17	17	4	10	7	7	8	8	10	8	1	5	5
16	13	16	2	4	3	8	15	13	20	4	15	5	2	19	7	14	7	8	3
9	7	1	17	20	3	7	4	13	11	15	20	6	15	4	17	6	13	16	3
16	18	13	8	1	18	17	12	15	10	11	18	18	7	9	18	11	19	7	15
17	3	2	16	14	6	1	4	10	17	17	10	15	18	5	13	17	19	11	12
20	4	7	10	10	2	3	11	4	16	13	16	17	1	15	10	11	13	17	2
12	5	1	8	12	4	3	18	5	10	9	18	18	6	13	5	20	5	6	15
10	6	19	16	20	1	9	13	13	17	20	9	10	14	20	16	1	15	14	7
4	20	5	16	1	16	2	15	2	4	1	15	10	17	18	13	13	11	14	7
2	4	17	13	3	11	6	7	4	10	20	16	9	8	10	9	5	8	5	16
19	9	20	3	4	12	6	4	11	2	19	1	19	5	17	4	19	5	11	4
15	7	5	6	15	11	19	2	4	2	19	2	6	13	20	14	13	20	3	17
5	3	12	17	7	20	13	12	8	16	14	9	12	16	9	18	16	16	12	12
17	14	2	17	15	8	13	8	2	3	8	18	20	14	14	2	8	4	1	2
16	19	2	17	18	6	7	20	18	12	1	12	9	1	20	20	4	3	14	12
17	19	11	5	16	14	8	11	3	8	10	16	11	6	3	7	14	8	19	1
2	7	19	4	3	8	1	6	15	6	2	6	11	12	20	14	2	7	17	2
16	13	15	8	18	9	12	10	7	5	20	19	18	14	13	7	9	7	6	8
4	9	20	8	3	20	7	1	17	7	12	15	5	3	2	8	5	6	1	15
16	12	15	16	12	3	11	7	3	9	16	15	17	15	3	3	20	7	2	2
3	1	13	4	16	6	2	12	4	15	6	10	3	16	18	19	8	2	4	4
12	13	19	15	14	20	18	18	14	7	8	3	17	4	9	5	3	1	2	3
15	14	10	13	18	12	2	5	11	5	5	20	5	13	7	5	9	8	4	20
13	10	2	18	19	16	1	2	11	6	16	1	5	5	5	5	9	11	18	10
3	2	13	8	4	18	14	15	6	8	17	1	13	14	10	10	2	10	17	15
7	11	7	6	10	2	6	10	8	7	2	3	11	13	20	13	9	14	18	9
4	9	13	19	10	17	5	7	19	16	14	3	12	17	3	14	4	18	10	9
12	3	7	15	9	2	1	9	1	6	3	7	16	19	1	11	7	14	18	15
17	3	20	1	4	16	19	12	3	1	16	6	1	8	15	14	17	16	14	5
4	7	10	15	17	16	14	13	3	6	14	8	4	15	8	6	1	17	7	5
15	17	20	2	19	14	10	15	3	13	19	3	18	3	8	18	14	13	10	5
3	13	12	9	13	12	19	2	19	19	18	8	3	7	6	6	16	10	15	6
4	4	19	18	12	17	15	5	2	15	7	1	11	15	2	3	20	6	8	3
7	12	19	9	16	14	5	4	3	3	12	19	1	16	8	17	20	11	8	13
1	8	13	12	16	14	12	15	12	10	10	20	8	19	14	13	14	17	5	14
10	15	16	4	10	4	1	7	16	12	6	8	20	13	3	4	7	11	9	19
8	14	2	19	10	17	14	1	18	5	12	8	7	5	4	6	20	4	2	5
14	19	7	1	2	20	11	19	8	5	7	16	13	2	16	19	4	3	13	1
19	14	17	13	7	9	16	15	19	9	3	2	2	9	10	9	14	7	11	16
10	11	10	19	20	5	3	8	17	6	1	17	10	13	16	13	10	10	3	1
9	3	17	14	5	9	12	11	6	7	6	6	16	13	18	6	1	12	14	12
12	5	1	6	15	7	20	14	16	2	20	6	13	11	13	12	3	14	19	19


1	2	2	1	1	1	2	2	1	1	1	2	1	1	2	2	1	2	2	2
5	4	1	4	4	4	2	5	1	3	2	1	4	1	5	2	1	2	4	5