500	3	20

1	1.3	1.55	1.75	2.1
4	6.76	9.61	12.25	17.64

60	12	71	90	39	3	31	57	2	84	66	16	40	6	5	82	74	15	16	13
58	94	31	56	94	22	3	60	43	29	95	64	98	11	70	94	24	57	30	55
49	53	25	30	31	59	10	74	21	32	18	85	9	57	17	68	60	24	57	9
30	14	8	40	70	54	15	75	33	25	64	31	11	58	86	81	41	58	65	99
8	88	37	68	98	5	80	75	22	24	31	94	55	53	21	47	53	23	25	22
47	82	16	74	42	2	91	71	62	33	24	39	68	85	40	47	61	54	17	74
17	93	52	91	88	49	81	48	26	68	11	80	37	60	86	2	98	89	1	41
94	40	80	1	65	12	2	98	66	12	19	73	66	44	61	95	92	45	88	32
9	49	45	67	16	30	38	14	93	69	80	39	43	97	15	54	6	87	76	92
56	40	84	87	59	75	72	24	47	85	49	52	76	22	66	82	13	23	97	63
83	36	5	19	56	31	84	23	35	39	7	64	70	18	99	56	69	69	94	45
56	34	54	34	95	68	78	30	74	97	31	96	14	49	97	26	66	86	21	14
23	91	51	80	96	98	8	26	21	78	95	98	23	57	48	74	73	92	75	51
28	6	77	94	34	13	98	80	69	30	16	16	90	40	96	86	15	42	83	66
22	78	15	32	78	75	56	50	5	7	68	33	58	27	54	94	30	74	17	38
75	25	97	68	35	84	74	42	33	24	59	32	63	2	33	5	59	46	87	55
11	31	28	86	9	48	10	45	59	98	5	70	19	57	46	7	76	7	89	85
82	13	76	91	26	95	27	74	68	61	34	55	66	13	5	89	2	78	70	2
78	26	41	49	87	67	7	86	74	32	26	62	11	14	50	90	44	22	9	96
4	10	56	42	7	86	12	88	97	96	34	51	84	78	69	36	66	51	96	90
18	6	44	64	47	33	3	49	22	58	92	96	4	8	98	7	68	54	21	32
47	69	89	78	51	72	21	65	65	25	72	98	58	67	85	20	23	72	16	73
39	26	3	1	73	73	51	21	6	15	17	34	56	45	17	72	57	62	94	80
32	66	26	80	10	82	48	28	80	57	56	69	54	47	99	96	29	78	69	11
99	98	92	36	62	85	73	78	58	47	67	9	70	7	3	46	62	45	78	38
38	58	85	87	91	26	87	77	77	1	96	11	2	72	37	18	31	37	47	98
51	62	80	43	79	9	23	60	90	90	42	48	32	6	40	22	27	52	3	24
63	66	44	86	37	12	60	40	12	3	38	95	51	53	48	86	33	77	86	35
51	20	26	89	87	67	18	44	89	18	78	28	7	82	75	45	84	25	30	8
94	73	89	70	73	76	75	41	99	52	62	94	49	70	51	44	74	97	62	41
24	22	57	51	4	27	26	33	93	5	39	42	65	10	9	37	96	37	90	9
2	74	6	37	93	75	47	15	25	84	91	22	20	25	1	49	94	27	99	2
21	58	21	36	39	52	24	41	83	69	32	2	54	51	96	7	92	77	80	49
46	45	75	9	16	59	75	28	11	59	45	55	55	27	84	21	15	78	76	87
41	89	64	23	8	46	46	1	27	98	7	6	20	40	8	65	13	83	22	57
54	8	10	29	54	13	99	69	28	10	52	86	93	61	67	53	84	33	64	9
46	82	85	30	16	95	77	7	51	13	3	76	59	62	14	18	37	94	16	92
54	79	14	56	67	51	17	58	81	16	72	67	63	82	98	47	16	48	89	57
99	69	93	27	22	38	39	39	46	6	97	61	48	68	50	23	41	72	41	70
48	70	30	76	13	43	41	86	68	13	60	89	87	63	24	59	75	74	86	86
63	86	24	48	57	70	31	55	58	21	85	83	64	15	95	94	12	26	51	50
48	43	88	9	32	89	28	5	25	19	98	87	91	34	25	39	69	98	21	88
40	51	90	18	98	31	82	36	96	95	46	74	67	55	36	74	97	54	37	84
38	2	79	95	81	29	15	53	18	56	52	5	63	50	81	79	86	14	17	41
11	6	67	17	56	94	51	81	79	9	12	84	5	50	26	97	28	58	3	91
26	96	40	71	29	52	58	59	36	95	31	65	59	75	37	27	8	60	20	82
6	35	8	36	99	65	2	49	10	86	95	88	68	45	36	77	79	2	52	61
1	62	45	5	8	25	89	41	63	7	48	91	30	36	64	57	99	81	25	68
82	37	1	32	56	37	86	14	58	25	52	47	54	10	79	83	5	32	42	42
84	85	20	71	92	8	76	11	13	47	48	7	21	31	73	45	33	78	6	78
12	99	21	9	58	46	33	24	94	50	72	90	60	53	17	19	20	45	8	1
43	53	13	57	5	98	27	9	70	48	92	76	73	84	49	20	88	1	1	35
42	99	21	28	72	67	5	24	25	99	97	78	86	66	36	34	90	12	46	55
39	80	31	94	74	70	99	59	24	98	7	12	52	49	79	91	33	9	10	40
69	88	18	21	46	77	9	65	13	97	9	95	62	76	35	57	1	45	77	5
67	34	47	29	73	62	91	41	6	53	28	27	59	90	63	59	41	5	57	14
39	25	80	1	1	53	22	71	55	99	6	95	35	8	9	57	68	60	39	73
46	35	32	12	34	11	57	64	7	57	54	4	99	81	2	33	64	64	80	73
25	60	75	95	58	58	59	77	83	57	85	72	93	21	53	67	94	95	76	5
18	18	1	42	96	31	51	17	90	93	26	52	40	58	70	29	80	95	92	2
15	28	26	32	11	6	64	60	83	88	23	64	16	48	25	37	40	19	54	53
78	69	92	91	17	19	40	42	71	7	90	11	90	90	72	10	64	70	47	62
30	18	75	25	79	62	91	87	51	78	99	22	88	68	23	68	70	8	19	6
72	73	40	15	96	47	22	61	18	76	3	29	43	46	8	13	96	1	58	83
87	66	35	83	50	65	4	28	78	70	36	73	20	52	74	25	67	32	59	6
52	42	33	78	43	80	47	19	21	26	62	42	4	43	33	98	28	67	32	47
66	42	21	52	32	28	91	60	67	62	40	73	99	3	58	60	68	13	24	36
3	80	16	91	75	51	59	11	92	38	75	68	94	16	97	54	2	52	42	26
74	54	76	24	19	35	53	5	60	46	17	47	73	57	65	12	51	98	17	65
46	22	83	44	98	56	82	67	18	46	2	47	92	89	69	75	76	77	35	49
83	15	83	47	46	70	32	48	76	12	73	43	85	95	74	6	82	7	38	12
50	60	62	62	81	91	5	4	79	82	6	15	80	24	75	4	52	38	39	30
10	74	29	77	37	44	80	73	31	43	53	29	53	22	88	25	97	40	40	8
66	26	96	72	71	20	89	11	46	84	79	61	82	46	85	38	76	6	28	34
49	37	67	54	34	67	72	90	84	88	95	61	19	53	3	26	99	30	32	74
82	89	74	85	92	72	31	39	29	60	49	64	9	60	96	50	69	2	47	43
89	65	11	34	57	30	5	65	30	80	52	13	26	54	96	95	60	12	67	28
76	21	12	78	32	4	2	9	62	96	32	16	32	11	52	2	87	71	34	71
28	92	27	18	58	30	43	17	50	20	36	9	13	38	22	26	77	96	68	68
97	20	10	7	91	18	78	92	58	93	84	98	83	59	68	77	73	10	55	14
62	48	71	82	37	36	44	12	23	93	41	18	92	47	28	76	85	8	88	6
51	77	22	51	67	68	29	88	84	65	90	16	69	9	71	58	40	96	56	48
39	97	78	59	39	39	65	69	93	78	40	50	58	7	83	94	82	19	2	6
81	30	78	22	91	80	63	34	1	37	49	83	41	67	57	12	1	53	70	81
15	25	95	59	76	6	23	74	3	69	51	92	55	99	56	2	68	33	15	27
3	68	95	65	44	5	61	91	74	29	33	61	91	17	18	93	61	58	32	10
5	60	41	7	83	67	10	68	23	12	10	34	76	23	34	93	87	14	67	88
60	96	26	91	23	24	59	93	64	99	33	9	99	1	88	57	80	58	85	22
64	89	7	2	18	13	84	71	27	83	8	26	77	72	36	53	41	59	40	41
22	77	93	50	78	46	89	25	37	91	48	73	48	55	72	34	26	92	1	11
74	74	42	71	30	21	99	80	81	27	57	12	71	80	14	6	10	5	45	93
28	40	29	49	88	24	76	14	21	44	39	11	59	75	93	95	52	99	81	48
10	2	53	86	92	84	72	76	73	9	32	82	35	76	12	26	81	40	17	87
11	24	17	91	33	89	6	36	16	9	40	39	44	53	90	11	88	94	73	25
19	94	44	31	21	46	95	72	67	30	94	84	69	5	88	14	54	75	72	96
99	45	29	68	16	55	44	69	17	59	87	68	9	82	81	95	79	56	1	64
46	39	88	26	63	65	93	44	33	6	97	92	56	80	70	44	78	38	38	45
11	80	90	40	2	48	35	97	6	13	31	40	41	44	19	47	24	68	86	67
83	22	98	91	65	79	40	70	11	91	37	58	88	96	69	53	66	6	83	86
99	16	70	53	41	68	16	33	8	37	36	38	54	22	62	23	61	90	1	82
28	33	66	17	38	49	91	25	36	5	93	83	88	53	71	13	43	38	28	4
86	98	91	98	90	5	57	15	84	17	24	18	67	18	29	57	10	28	59	32
55	17	31	19	27	50	68	41	80	46	56	94	87	45	90	85	19	32	91	78
9	54	67	53	44	16	27	76	19	83	53	6	13	81	60	60	80	9	50	46
88	1	21	8	47	73	79	43	2	52	32	33	29	30	63	93	69	29	7	83
34	2	73	58	4	41	43	95	8	85	95	34	47	93	19	26	59	10	15	63
36	85	23	69	93	57	10	75	25	79	26	96	86	62	59	29	77	52	72	85
19	21	16	56	77	69	28	96	32	43	34	52	89	88	58	41	61	27	47	30
14	77	83	55	96	46	15	3	45	56	4	97	21	51	35	9	21	7	61	16
32	94	33	94	52	97	71	60	43	10	56	5	19	78	17	46	57	4	60	89
94	83	14	68	33	17	77	15	82	23	54	60	12	85	22	95	82	83	91	89
74	5	26	47	30	96	73	46	28	94	99	26	17	16	62	74	52	15	51	97
32	2	80	89	46	41	3	48	51	51	80	97	16	37	62	88	44	37	7	30
18	83	56	88	73	94	25	9	44	17	56	73	33	48	46	97	41	6	20	59
22	26	46	92	61	35	80	56	77	90	36	46	47	83	72	51	10	7	50	90
55	66	12	77	24	67	49	74	85	52	43	65	59	90	22	22	30	77	76	52
99	56	73	26	8	50	51	60	97	48	51	86	55	98	87	93	22	18	86	36
77	64	75	32	78	94	67	9	49	95	93	58	49	22	74	89	33	75	93	61
49	24	19	18	84	75	55	39	68	61	18	67	24	90	33	21	62	86	5	41
38	57	1	58	94	1	84	24	87	66	67	42	25	33	69	65	45	94	90	42
23	31	51	44	7	78	97	9	7	24	53	81	48	36	41	46	46	28	40	90
76	3	18	59	24	33	2	94	24	26	91	30	19	91	19	99	94	8	71	2
27	58	92	70	9	59	48	87	84	99	93	28	59	14	97	65	86	8	88	33
99	11	43	68	26	64	27	55	52	80	4	53	71	85	56	83	51	29	59	18
44	2	21	54	40	1	8	26	78	1	26	6	87	77	18	44	41	74	96	12
30	10	54	68	26	20	36	54	99	34	87	31	22	85	25	84	17	65	59	54
78	73	71	84	63	58	68	24	85	26	88	61	62	95	41	10	36	35	97	6
57	22	55	42	8	19	70	84	42	16	39	66	17	80	19	29	42	33	16	98
52	72	98	27	90	33	23	40	53	91	30	70	1	15	1	6	33	23	2	62
36	4	95	80	32	16	83	27	92	97	50	95	49	61	83	87	98	41	49	56
89	79	57	18	36	10	37	75	78	3	34	28	27	94	34	9	61	81	90	32
42	50	2	1	53	81	48	6	37	57	25	53	3	69	37	97	82	91	58	43
56	35	19	89	90	55	7	43	55	43	6	92	28	54	50	88	33	89	63	14
64	17	41	5	84	9	23	5	3	14	24	1	78	44	64	46	53	91	24	42
27	32	11	4	22	63	2	82	74	1	51	59	69	96	70	50	50	31	29	38
15	68	66	81	48	69	38	73	2	58	66	89	48	31	66	8	33	34	2	5
25	85	90	2	65	41	91	23	73	40	58	13	94	83	27	77	61	64	83	72
93	84	40	5	62	33	98	29	53	29	93	79	48	53	92	7	17	14	34	78
20	73	48	40	79	92	44	55	65	62	90	88	84	4	69	23	72	22	5	42
61	75	6	91	77	40	89	48	38	20	29	36	97	50	97	59	93	97	6	47
47	13	28	84	20	94	43	75	1	93	47	87	7	9	92	56	11	45	3	89
2	34	55	20	43	61	87	36	42	24	90	93	87	95	13	56	37	30	9	16
90	97	69	31	92	29	30	26	56	5	57	74	77	47	54	38	4	48	32	42
45	83	62	81	19	84	38	64	50	7	81	63	38	49	87	11	71	71	35	20
64	68	2	93	52	44	50	69	56	1	90	23	19	76	41	7	44	81	13	49
87	57	56	99	29	47	67	38	33	18	51	82	3	79	34	49	2	72	94	31
32	94	75	41	42	46	41	27	12	82	63	33	97	78	25	48	92	86	48	59
43	93	32	68	87	88	24	96	74	36	39	55	4	12	10	15	79	57	26	91
12	41	76	5	17	12	26	36	38	62	96	76	34	96	84	62	53	64	83	51
31	99	59	38	2	63	30	22	8	23	94	9	83	51	63	62	20	23	41	55
85	57	56	14	66	4	98	7	11	22	39	95	26	57	28	20	84	63	97	8
15	69	99	42	89	28	19	42	78	75	30	96	63	69	27	57	39	27	52	87
31	34	24	86	32	45	55	53	32	56	41	10	38	75	36	61	88	85	48	43
52	93	73	53	13	46	28	34	18	52	15	10	6	13	38	31	41	81	24	52
41	91	70	59	39	33	41	13	55	1	72	85	23	3	88	26	16	27	54	36
92	53	45	38	57	11	17	1	71	65	4	79	78	20	6	28	85	69	87	87
73	14	7	66	65	30	88	20	28	61	72	49	47	45	8	57	34	2	16	23
93	82	96	77	70	59	13	85	21	83	29	42	21	15	65	39	5	79	80	72
50	83	2	60	93	43	49	71	63	81	49	92	72	69	48	94	18	13	21	50
74	66	73	72	97	67	75	18	77	26	58	6	78	50	67	40	63	9	87	44
82	73	93	21	87	13	79	9	94	63	7	82	15	28	75	55	51	73	13	33
50	9	59	49	44	99	97	99	22	27	80	94	83	95	64	72	20	23	35	69
34	63	86	50	64	20	79	10	85	89	3	12	62	6	88	5	73	76	13	90
77	89	72	23	69	25	70	22	52	23	95	94	29	83	32	67	63	67	15	88
93	95	51	25	35	33	1	94	74	20	85	58	19	52	68	66	28	21	43	7
19	43	76	36	73	42	20	70	56	67	9	4	49	61	8	32	45	75	17	28
33	1	3	58	65	56	77	32	62	15	9	6	86	80	31	98	33	18	40	76
36	65	18	21	51	54	73	53	32	16	36	7	33	59	23	20	5	77	40	72
2	4	82	18	65	33	60	32	31	48	83	85	1	76	60	27	67	81	69	75
89	79	84	82	37	80	52	62	75	47	91	43	6	3	3	53	52	10	40	98
51	51	16	30	67	99	18	25	90	95	70	21	66	99	55	74	27	48	60	21
50	38	86	67	44	42	47	59	43	55	11	39	2	60	9	69	96	61	10	23
47	90	88	98	2	98	97	90	56	16	97	99	46	79	21	92	23	39	35	11
79	31	61	31	5	67	98	96	43	11	49	57	74	11	54	42	29	57	9	46
61	16	92	92	72	24	13	53	71	1	16	14	44	2	25	78	78	31	51	4
96	79	82	1	38	94	79	27	60	47	21	5	21	94	98	67	46	34	27	60
89	93	14	84	9	89	50	67	88	41	60	97	82	4	28	7	77	24	27	92
96	97	83	25	38	85	92	49	84	55	64	17	86	5	54	33	16	48	20	41
33	34	92	96	61	59	60	81	6	24	95	50	69	37	41	7	37	82	33	58
70	61	24	38	72	21	4	58	60	53	50	77	63	36	8	89	56	96	67	57
30	25	79	27	46	84	13	84	4	3	91	15	7	85	86	3	28	34	36	6
59	8	86	99	76	62	81	65	98	11	44	36	31	78	72	18	82	94	33	57
3	17	44	44	23	3	58	65	17	3	29	1	83	85	80	91	78	23	68	24
64	15	62	37	60	45	97	38	92	85	65	57	65	65	90	10	57	82	97	22
13	35	54	78	11	24	87	13	36	53	56	79	38	46	67	21	91	33	60	23
48	44	49	67	31	8	14	22	63	25	51	43	69	28	20	91	7	9	2	30
37	82	41	16	62	65	97	26	18	86	22	75	62	72	41	94	45	62	22	93
23	99	78	40	96	45	67	98	26	71	35	58	57	69	27	80	89	18	50	88
11	98	4	28	13	75	45	30	13	9	40	81	15	90	87	61	18	39	59	27
93	57	48	81	13	30	33	43	23	3	99	62	54	64	51	25	78	77	89	73
82	34	2	99	46	98	25	92	88	99	2	13	4	58	39	31	15	74	30	5
10	21	73	81	52	1	92	88	43	22	9	32	66	20	65	42	1	88	37	10
30	16	97	38	74	56	2	90	75	72	27	21	13	91	25	27	37	59	65	27
43	36	80	18	68	91	48	40	2	22	72	24	97	53	3	11	40	80	76	26
91	94	86	18	74	36	78	15	96	92	8	86	60	82	56	99	2	27	24	65
9	11	1	50	89	51	62	46	54	36	26	44	66	55	90	88	23	71	28	22
60	25	54	75	62	33	26	82	90	96	35	25	96	68	89	10	5	79	45	27
4	13	63	60	9	46	51	18	74	55	6	60	81	37	24	36	10	6	20	55
13	8	97	33	27	95	14	33	63	6	86	51	63	87	93	62	62	2	68	78
73	85	51	53	50	81	53	72	63	50	77	6	40	25	27	53	39	15	96	23
47	35	85	68	89	93	17	37	1	93	84	84	38	47	74	49	85	13	34	63
34	27	22	17	55	61	66	6	48	21	30	65	70	49	99	48	37	67	97	16
91	97	73	59	85	96	98	67	57	91	1	81	29	8	22	48	2	58	63	80
35	15	10	42	59	55	16	9	96	18	33	5	6	2	48	43	69	4	96	56
7	96	90	27	56	33	67	58	21	39	55	42	47	92	59	71	52	68	55	48
78	25	74	63	30	77	56	4	69	70	17	81	18	47	38	97	34	70	91	92
32	9	33	18	72	70	53	59	94	58	32	8	50	79	77	85	60	40	28	87
90	57	25	5	2	66	12	33	23	18	8	72	80	48	45	23	37	60	26	71
81	93	48	16	35	59	68	76	71	75	59	30	1	84	95	31	51	90	97	90
40	49	81	95	13	54	56	29	77	46	75	30	51	72	92	45	92	19	45	82
46	88	54	10	84	91	2	23	75	43	40	85	86	91	46	73	32	92	76	63
4	14	10	51	18	81	59	83	13	18	43	50	57	75	4	13	33	40	14	24
98	83	14	81	98	38	19	26	95	50	80	55	37	72	90	94	94	23	28	47
26	62	22	57	88	26	35	41	88	55	7	50	36	94	28	75	60	52	24	70
11	25	91	85	43	13	15	66	43	36	76	61	72	56	19	86	98	65	53	20
78	73	26	57	29	71	60	38	44	23	95	91	81	5	86	67	56	46	81	92
17	22	66	42	72	79	96	77	43	77	5	88	85	49	2	41	92	59	44	94
44	68	20	64	12	77	88	18	62	25	12	99	37	45	38	79	47	69	2	70
26	2	95	47	25	17	21	13	8	33	45	39	38	75	50	79	45	33	84	70
15	89	55	83	35	88	69	59	72	47	63	12	77	64	40	18	85	21	55	80
25	73	55	5	19	27	98	75	26	92	84	69	45	35	84	80	94	62	10	50
61	6	49	43	37	16	54	68	82	89	52	66	98	77	25	32	59	12	9	53
28	56	68	74	50	55	78	12	54	16	40	74	46	3	59	28	91	80	41	94
89	48	26	76	81	1	8	90	92	72	67	40	18	92	30	49	31	31	40	62
46	41	71	14	85	33	16	1	87	25	32	55	51	41	56	89	47	86	86	5
4	15	13	20	56	42	29	65	44	6	26	2	5	43	43	47	23	80	64	63
6	55	33	28	26	91	20	86	55	27	26	77	76	15	42	43	70	92	77	36
60	65	36	93	30	6	37	36	7	74	86	12	41	84	92	32	69	28	20	45
99	21	87	12	48	6	19	89	90	59	5	35	65	66	95	26	64	78	43	98
43	50	39	87	65	5	23	75	80	70	68	43	16	74	92	80	49	36	38	5
98	13	47	44	93	94	68	91	39	73	12	20	19	47	75	90	42	13	73	15
68	18	67	72	92	48	7	40	37	60	28	2	6	24	72	3	30	3	78	38
20	11	36	16	93	87	85	34	64	88	47	92	22	95	88	98	20	2	61	99
99	54	96	16	5	94	26	24	14	40	9	71	40	28	29	2	72	14	67	60
78	50	41	45	88	62	46	50	25	20	26	29	34	94	29	57	85	96	27	44
15	85	85	85	11	99	17	93	27	89	57	68	92	2	70	4	2	33	51	85
49	41	28	69	87	45	88	59	33	11	76	66	61	79	69	76	63	63	16	12
39	12	76	23	11	49	69	72	86	97	19	82	77	98	34	4	37	54	62	46
40	95	44	64	96	7	64	73	77	24	35	92	74	37	23	96	83	70	47	24
18	25	51	73	12	28	24	21	57	79	59	58	69	77	64	45	49	30	88	37
76	85	39	13	61	15	27	73	44	55	63	64	76	28	18	62	50	30	20	53
33	53	98	10	30	64	17	16	70	65	85	80	36	44	25	8	47	50	84	53
3	27	85	55	68	86	40	68	78	74	88	73	91	19	93	84	45	67	54	20
14	84	8	9	11	89	88	12	55	9	78	23	12	69	90	89	38	55	86	45
10	12	38	75	1	51	59	80	86	84	78	73	37	49	85	23	32	13	57	55
34	31	79	23	24	41	14	75	27	20	67	57	26	38	42	93	5	14	27	18
84	11	14	3	32	41	16	36	42	36	67	19	50	55	89	82	73	92	14	93
40	61	72	60	39	93	62	52	72	77	7	58	60	63	68	49	62	1	45	72
47	65	69	46	77	54	59	57	32	21	76	77	43	69	53	46	81	9	63	40
74	10	50	26	31	85	48	63	64	26	85	40	20	77	8	52	66	60	10	92
37	50	91	84	27	88	35	79	72	39	48	22	75	82	28	30	91	40	5	78
62	75	86	67	35	22	25	52	29	26	35	38	56	51	55	98	92	52	18	38
25	15	32	89	34	17	79	36	6	8	88	96	17	55	78	51	13	18	57	2
76	34	50	66	26	63	36	20	88	3	70	78	62	77	57	79	55	4	68	65
7	81	13	26	13	23	91	62	88	91	17	9	51	81	21	35	46	36	86	20
43	88	78	6	76	77	10	56	38	38	70	14	61	77	85	21	49	50	88	10
71	34	72	69	57	63	42	71	96	95	89	71	9	32	74	46	51	64	95	7
54	24	33	28	30	60	74	15	30	91	76	41	32	40	38	16	54	58	77	62
51	75	79	19	68	65	33	5	75	55	3	23	3	80	69	80	73	95	76	59
38	75	50	10	20	49	95	48	40	86	16	65	38	34	53	51	64	87	54	44
47	41	30	92	5	4	45	84	15	98	70	4	83	55	75	10	78	41	28	38
23	93	14	21	8	8	16	38	52	46	25	76	32	78	9	89	92	20	90	42
12	82	10	29	79	41	1	26	97	8	11	31	9	88	43	40	58	43	69	93
59	72	2	40	36	22	50	46	90	45	9	63	56	80	16	66	8	27	40	19
3	38	76	43	90	33	47	10	69	94	19	4	7	56	64	69	11	35	92	42
81	95	50	22	51	29	6	99	27	11	1	97	99	67	10	49	97	89	6	95
67	44	61	49	8	86	65	35	8	64	78	19	23	80	70	42	48	18	91	65
49	61	10	34	18	58	21	94	30	28	94	63	12	93	61	40	45	33	50	73
24	2	74	90	42	37	38	11	45	7	79	49	71	61	13	43	35	91	62	7
38	5	22	2	72	35	5	41	81	39	93	1	93	14	77	4	70	9	19	68
74	12	30	40	84	10	83	3	56	85	83	4	38	74	72	60	9	44	5	30
41	84	96	5	59	53	94	41	78	22	85	28	5	29	11	36	10	17	3	32
89	71	77	9	70	18	78	32	54	93	72	84	27	54	13	82	13	28	1	64
64	11	22	10	9	32	52	89	91	85	89	55	90	51	53	58	79	20	77	70
39	97	89	50	97	50	24	65	66	25	45	21	64	37	53	40	60	80	65	23
90	14	72	69	13	35	50	61	15	94	50	78	4	97	28	39	88	7	3	72
7	58	38	2	5	89	54	93	17	53	7	60	3	3	75	10	63	87	39	33
54	68	42	29	49	65	87	14	42	43	30	91	26	57	20	85	68	68	89	5
88	32	60	23	79	24	88	56	48	21	5	17	95	15	10	50	90	72	63	66
41	57	89	97	6	75	21	48	59	79	70	17	24	95	99	39	26	89	64	59
39	46	27	90	43	37	76	81	53	96	6	44	85	41	50	15	1	66	93	57
17	58	97	96	50	69	96	69	37	7	80	86	79	35	7	71	96	27	35	31
55	55	17	49	34	72	98	94	73	87	97	12	22	40	18	23	75	27	94	67
34	98	31	2	7	50	83	7	41	41	46	14	25	39	79	98	41	41	24	13
48	64	31	89	88	68	2	89	62	42	81	97	68	15	64	72	43	90	98	69
9	23	71	6	64	21	18	38	52	85	90	60	7	97	86	19	61	20	12	82
91	16	66	19	78	93	19	42	30	91	85	38	26	80	82	6	61	88	22	33
46	89	76	34	61	67	84	15	9	41	43	43	70	96	10	54	40	25	39	88
35	42	26	15	83	84	27	91	55	9	83	31	97	1	98	92	98	75	58	71
55	96	40	75	93	31	43	53	52	43	48	65	76	68	51	34	65	76	12	33
37	95	18	83	67	61	2	23	73	6	26	86	85	47	27	11	27	34	24	15
34	98	65	40	84	20	49	84	78	77	64	5	75	64	37	80	30	75	32	65
25	28	15	65	1	13	85	31	84	82	1	46	6	85	98	63	53	64	83	10
62	88	27	49	92	5	62	13	69	7	52	89	39	51	12	50	73	97	41	91
51	58	62	14	82	5	8	80	91	96	52	46	62	31	23	26	32	81	96	69
80	31	29	37	37	2	4	49	98	45	36	94	28	11	80	17	24	18	8	3
14	23	41	25	91	69	93	47	91	5	41	9	61	64	30	61	24	32	76	40
86	12	7	68	26	68	22	32	82	74	30	82	40	44	81	26	31	19	23	9
32	43	82	12	91	42	39	86	13	68	12	91	70	31	92	93	94	52	29	50
91	31	49	46	34	39	12	58	6	72	81	36	42	10	95	53	68	32	26	34
1	22	49	66	88	61	39	70	98	67	48	79	59	77	77	74	64	97	76	93
55	4	48	54	76	21	15	94	43	50	50	52	24	91	42	59	97	27	50	79
68	95	17	17	77	9	33	78	65	25	54	52	30	32	36	1	81	68	54	14
31	10	79	25	46	37	37	91	1	19	25	74	30	82	14	93	9	6	52	21
15	51	3	91	40	90	15	34	32	86	63	95	89	35	41	82	6	28	18	51
14	35	24	33	65	29	57	61	60	99	19	18	80	81	13	99	8	86	44	45
28	94	21	22	71	5	36	75	48	2	44	56	69	86	5	71	65	16	44	26
74	60	72	52	54	38	57	6	39	98	39	98	86	55	8	49	21	89	26	38
63	18	25	56	18	50	92	76	85	95	7	74	89	19	15	15	96	28	85	72
26	49	42	16	7	44	78	49	79	82	63	58	46	86	88	61	78	58	91	61
17	51	99	46	87	67	45	48	81	91	36	91	52	60	33	39	11	89	82	84
76	71	87	68	49	97	59	85	23	25	96	53	28	17	26	8	88	77	5	41
42	24	81	60	30	22	11	42	63	70	6	6	60	70	23	56	84	69	43	58
49	60	22	51	12	76	1	46	42	86	12	14	10	63	5	56	69	53	2	31
96	91	16	37	22	96	8	55	62	10	48	66	59	32	68	83	30	33	58	19
66	28	99	48	64	58	64	46	73	6	82	80	3	81	85	4	90	7	53	95
18	58	10	54	58	10	77	37	35	27	79	96	9	87	20	7	24	53	19	63
70	4	61	87	10	80	26	58	2	58	69	52	6	12	92	42	84	26	90	94
26	38	24	51	3	54	40	30	95	30	16	66	92	71	80	55	7	53	65	6
69	65	62	44	96	22	61	77	63	95	40	42	36	67	33	85	15	84	38	23
72	39	98	77	77	11	90	98	26	29	30	36	24	29	64	11	41	32	80	12
33	53	65	24	92	57	8	21	82	41	78	44	91	1	49	29	54	10	97	73
1	70	22	10	41	45	80	81	22	80	47	83	78	39	15	12	48	11	31	42
20	20	13	38	46	65	81	94	14	55	70	96	45	93	61	16	43	73	95	46
98	4	54	2	17	92	12	32	42	15	27	24	58	92	37	68	80	12	1	17
86	88	7	9	95	77	45	33	38	37	73	61	92	90	14	95	80	36	49	47
25	13	93	43	84	41	40	16	39	94	82	3	51	47	97	5	70	69	60	52
53	9	25	71	28	64	67	92	65	94	92	97	46	74	14	40	6	49	72	32
65	50	95	74	74	66	36	91	36	50	6	94	13	13	14	3	42	73	98	25
33	26	82	9	76	4	96	70	87	26	41	24	38	62	94	69	58	77	25	95
60	70	68	96	79	23	40	41	67	69	3	87	64	10	26	21	19	38	71	63
41	21	1	33	70	83	81	59	83	21	91	2	79	99	14	16	27	30	17	40
66	95	65	42	27	53	63	37	17	51	28	9	48	39	70	56	29	43	66	45
54	21	22	12	38	33	56	32	24	24	61	72	21	95	17	82	2	80	97	60
27	52	34	28	26	94	19	71	44	58	80	53	7	50	35	56	41	54	53	95
45	44	87	18	9	91	62	13	14	89	38	79	88	49	53	67	65	64	49	12
27	17	70	10	71	90	12	35	68	56	76	42	96	31	42	69	49	97	32	22
41	91	1	27	73	84	9	19	93	74	97	26	85	57	60	86	14	9	4	37
3	60	50	64	94	1	59	53	18	27	8	49	43	21	94	9	96	80	89	21
43	23	64	27	21	44	57	8	94	77	59	31	32	24	22	81	35	92	76	48
64	39	91	83	32	61	32	34	71	18	35	61	15	6	87	55	5	96	13	29
7	85	98	83	51	98	73	30	88	61	49	25	89	70	93	43	66	55	58	40
35	86	91	58	58	80	59	46	51	43	93	62	55	1	83	52	10	95	49	76
39	91	91	1	57	96	21	89	61	69	86	50	60	70	47	69	93	74	65	16
76	52	38	33	41	66	83	17	78	85	60	53	30	30	26	32	89	61	73	28
98	58	96	70	34	6	55	49	17	95	9	96	60	85	83	34	22	32	45	8
34	14	58	34	84	91	48	69	64	7	69	41	57	59	93	36	72	68	68	6
58	64	78	45	29	34	53	50	53	51	88	46	85	19	32	54	29	59	11	7
91	65	70	3	69	14	92	62	59	97	96	71	67	27	84	7	81	79	30	79
29	82	58	79	95	10	97	34	2	86	66	55	92	31	15	56	39	12	14	52
73	64	57	36	64	47	88	32	96	96	26	10	49	45	37	26	93	69	44	23
17	31	13	23	4	63	47	4	44	84	17	27	70	65	30	69	21	74	10	31
65	93	47	59	57	64	18	67	79	52	28	14	49	12	66	17	80	58	24	14
80	80	90	5	55	3	25	10	61	31	99	50	59	92	27	83	3	83	89	67
11	83	12	69	26	28	53	62	88	32	45	81	14	60	35	90	79	50	79	40
90	61	67	34	12	55	71	40	6	59	35	67	85	31	55	43	25	44	44	6
42	1	43	28	77	72	1	78	28	6	31	52	27	45	83	75	91	93	42	8
61	80	28	50	22	18	73	15	1	57	49	62	32	46	92	52	17	14	75	23
74	47	47	7	52	77	21	12	25	87	6	98	72	94	67	85	96	94	27	41
36	49	16	74	91	43	30	8	49	13	71	51	84	3	26	91	56	16	7	45
71	78	8	92	30	11	71	30	13	68	60	49	19	82	91	55	55	54	80	29
29	55	21	81	34	51	44	62	55	48	36	98	64	79	33	56	1	28	3	30
70	46	3	49	49	56	71	48	70	24	57	9	88	28	38	39	78	84	28	44
43	3	67	70	71	58	5	83	42	59	65	89	93	33	56	37	23	8	60	47
13	48	66	1	61	3	29	81	58	50	4	53	11	50	56	40	20	79	59	30
20	32	7	19	76	6	97	28	43	28	14	45	94	53	21	44	2	23	57	49
81	74	3	50	4	53	81	98	65	86	96	85	87	61	10	33	64	4	97	61
93	65	72	2	78	46	77	63	52	36	48	22	28	69	57	35	80	44	37	51
88	8	89	33	72	83	18	28	83	90	23	66	60	63	81	13	88	65	16	15
92	96	1	76	82	71	46	79	48	5	82	55	1	18	80	86	41	15	71	7
63	18	20	16	48	62	10	11	56	36	39	71	49	60	24	90	43	24	71	78
34	67	50	16	4	12	97	66	72	74	48	16	64	52	48	41	27	85	26	54
89	43	92	50	62	39	13	53	9	56	11	17	66	97	31	6	74	93	36	74
25	50	65	85	61	40	25	69	98	11	70	87	42	84	83	95	97	74	17	1
5	7	94	35	17	65	19	17	1	92	91	8	45	90	5	62	74	60	5	71
66	54	6	22	69	67	29	20	83	21	42	49	4	33	6	6	69	7	55	52
82	50	85	49	62	52	93	17	48	97	76	14	51	31	12	42	93	61	41	55
80	6	48	9	63	68	83	3	94	7	24	93	34	39	18	33	43	98	74	57
35	8	72	25	15	90	9	22	79	7	91	63	32	22	12	99	39	24	26	49
66	36	47	96	74	48	54	18	92	4	58	73	11	85	12	6	95	31	19	69
51	62	19	22	92	1	37	92	82	54	84	53	8	7	65	9	36	2	91	33
40	35	61	90	28	74	99	20	47	78	23	96	86	69	93	20	43	86	27	2
9	53	43	66	97	61	38	64	53	25	79	23	27	66	99	90	63	89	63	27
55	12	40	6	94	72	24	39	72	82	55	51	65	36	65	25	78	50	67	45
26	29	32	97	88	72	84	31	86	40	16	36	18	29	85	16	30	14	89	66
13	63	95	34	43	24	61	6	49	92	58	80	95	21	62	64	51	12	83	46
65	16	43	45	96	30	51	17	43	72	85	75	88	67	64	92	66	48	36	5
11	38	30	4	9	47	15	74	72	60	89	2	80	87	55	51	32	23	61	95
57	55	99	96	2	70	85	9	86	52	64	49	82	6	76	53	94	70	94	77
80	64	99	22	3	50	78	35	90	16	77	53	82	90	44	78	48	4	16	27
65	36	87	54	86	56	68	47	29	35	91	62	97	41	44	91	97	18	53	42
18	98	76	42	77	37	6	33	7	21	8	47	49	64	7	39	8	30	64	83
72	60	27	17	40	19	50	18	63	95	68	82	15	59	32	63	37	23	50	77
56	49	50	59	27	54	93	33	41	67	16	35	43	99	31	71	54	39	98	43
45	73	14	46	74	8	44	12	7	53	82	56	55	78	48	29	28	89	24	81
77	95	22	3	13	60	99	6	41	82	7	94	19	19	48	49	78	71	59	42
17	59	82	50	71	48	66	35	87	19	99	86	60	22	51	67	2	74	9	20
72	45	5	29	62	64	41	79	37	99	31	85	58	33	15	55	74	38	52	44
77	73	65	76	3	20	18	7	1	69	14	69	67	18	74	92	94	90	23	18
8	6	18	66	11	88	62	80	69	92	94	20	40	94	87	27	21	60	78	58
45	68	75	20	74	46	67	78	95	14	3	35	31	77	9	54	96	62	56	31
43	81	49	4	34	24	35	28	65	20	9	63	73	13	7	15	63	67	88	16
84	83	72	51	73	66	90	94	61	17	1	78	72	30	73	54	59	77	11	10
43	85	38	14	4	79	11	5	94	30	63	66	78	36	66	71	65	70	18	74
99	97	7	21	81	17	10	81	20	18	21	89	36	45	81	2	29	18	1	5
70	66	93	33	63	29	56	92	99	69	38	69	13	22	2	85	29	57	82	98
78	53	69	25	27	98	97	8	39	43	52	62	76	60	84	83	22	32	88	61
99	21	5	38	39	52	23	81	84	68	23	98	47	70	42	8	75	74	48	87
6	48	55	84	67	82	59	7	26	43	31	9	97	2	76	37	49	60	4	64
72	81	30	82	60	52	87	30	23	38	38	35	22	50	36	85	21	89	56	38
72	29	79	70	9	71	58	79	46	71	50	96	18	32	77	46	3	10	98	29
58	4	78	65	11	50	48	40	31	83	35	32	82	57	7	10	43	94	28	93
42	36	95	2	60	56	93	15	93	84	66	69	59	65	24	27	18	34	67	97
35	58	99	93	63	93	38	81	50	56	19	7	33	63	54	75	38	60	90	1
13	35	93	11	66	69	93	19	70	98	22	83	41	55	72	82	39	74	54	16
59	86	26	41	94	86	70	55	5	21	14	67	21	82	3	23	10	23	12	82
41	81	28	51	30	20	64	55	81	17	93	82	69	83	85	78	11	95	69	20
1	81	80	33	11	78	49	50	17	44	69	97	2	60	60	43	46	55	15	38
41	85	95	20	81	80	64	8	87	37	34	92	68	5	48	17	69	39	60	84
68	99	87	87	59	36	19	13	27	70	89	43	18	64	46	42	87	26	78	66
62	54	83	64	25	44	97	52	97	64	67	89	65	33	3	34	59	70	41	10
50	94	32	74	62	27	88	96	70	42	43	9	9	95	51	24	95	41	57	23
28	22	46	69	83	83	77	66	41	25	54	96	68	30	61	77	23	22	65	21
89	68	14	51	48	76	10	95	77	55	32	79	98	35	77	24	16	63	44	7
92	57	35	3	22	63	8	51	50	93	66	4	14	16	31	68	75	2	48	28
18	78	20	3	79	73	12	52	92	25	37	77	18	40	15	85	55	97	80	18
60	55	29	45	90	61	17	13	57	15	43	59	75	55	91	23	44	58	94	12
36	12	25	96	75	14	4	47	83	12	16	70	80	20	9	34	67	62	75	67
94	87	63	8	32	42	45	68	23	80	58	7	8	86	85	59	80	33	49	91
85	67	13	67	38	32	73	7	22	94	85	50	17	22	13	32	17	51	56	6
54	6	24	30	32	66	88	34	57	76	60	87	90	28	68	50	6	27	45	53
55	81	13	92	84	74	52	29	4	48	74	19	67	69	9	11	78	68	36	2
51	92	18	19	58	30	62	59	49	6	93	3	78	57	83	61	55	18	60	52
39	66	74	70	6	32	72	31	3	70	74	65	26	41	51	46	74	46	95	69
59	61	97	57	5	3	47	31	27	97	60	50	45	56	38	93	58	92	84	83
67	74	26	46	85	27	24	55	41	1	77	50	59	74	87	31	97	66	81	71
46	16	98	4	76	44	69	78	92	75	26	28	68	57	8	87	83	10	72	46
70	14	93	64	81	1	31	19	71	71	65	4	21	12	66	51	23	59	97	93
53	36	15	18	19	3	27	41	27	5	20	20	76	7	74	16	40	12	19	54
98	24	48	42	56	28	48	6	88	16	88	64	71	17	51	63	90	99	6	7
76	66	94	10	29	7	45	67	64	72	79	46	91	59	80	82	10	45	10	86
5	98	53	95	80	56	9	34	37	98	13	77	13	48	34	25	76	66	55	23
44	57	24	41	7	4	25	3	22	85	88	55	37	86	7	86	74	65	15	63
53	64	53	36	53	10	42	61	28	56	15	37	88	14	36	26	65	23	88	34
74	67	54	41	30	1	81	48	41	34	68	25	51	14	59	76	63	71	58	65
21	99	38	69	64	74	8	32	12	89	96	72	83	15	99	50	99	59	32	31
26	23	79	54	63	3	79	16	58	2	73	35	51	91	16	65	2	93	41	6
75	43	69	52	84	88	61	98	87	47	34	63	84	37	93	3	49	74	90	95
44	72	85	18	75	62	44	96	4	95	18	8	14	57	47	43	77	35	62	14
40	45	57	96	58	39	52	19	91	88	74	14	95	94	17	29	31	90	35	50
16	1	97	42	38	77	7	2	14	74	60	7	27	52	29	10	91	55	84	44
39	78	8	14	3	29	74	95	85	83	60	78	14	27	46	80	59	65	85	61
46	34	3	92	35	55	37	6	9	86	62	39	20	91	46	61	15	66	11	58
89	96	24	96	69	20	17	60	35	2	58	97	98	48	63	59	15	17	77	17
11	7	45	77	30	26	33	91	63	10	5	63	56	65	8	8	84	7	8	61
77	64	26	96	94	84	38	4	36	40	89	24	86	78	64	39	44	63	57	88
74	44	97	37	8	18	23	32	7	87	17	78	63	63	4	70	81	14	25	54
90	68	82	95	35	73	31	68	36	20	87	69	24	46	88	21	70	73	11	91
12	37	7	22	4	13	22	39	85	64	27	72	52	99	63	84	87	79	80	26
98	2	62	32	38	10	94	63	33	79	2	47	66	13	98	63	56	11	98	90
38	48	93	99	4	61	68	77	81	73	44	32	55	78	38	25	65	25	67	19
55	91	24	92	12	57	91	9	50	67	62	71	13	61	86	85	11	45	69	77
46	69	16	76	95	46	25	8	2	89	82	97	15	53	88	5	85	56	52	77
11	95	97	86	74	3	78	68	94	87	93	34	72	13	5	74	5	68	28	40
82	52	98	89	33	94	38	84	40	46	73	57	11	31	44	92	41	43	7	85
95	74	7	37	39	1	39	2	81	64	82	57	67	34	92	95	99	46	3	21
34	74	47	59	13	56	95	6	42	64	65	54	89	76	98	47	77	92	63	8
85	83	11	53	87	84	61	73	76	47	90	75	89	78	40	65	2	13	93	22
84	84	13	97	47	41	66	4	32	41	64	75	92	29	75	32	46	28	22	51
22	14	92	66	99	3	7	79	22	92	95	99	89	63	99	29	37	7	91	40
87	69	95	38	31	7	77	9	47	13	41	75	76	40	42	75	24	71	98	44
68	98	18	12	13	33	62	28	90	42	38	55	29	95	64	41	45	61	17	55
60	55	39	88	48	29	17	39	56	49	19	20	68	15	37	80	23	8	47	69
17	44	42	68	3	51	82	58	73	2	11	4	61	10	82	24	78	37	5	75
93	95	18	89	17	93	71	33	66	61	55	28	82	10	99	54	71	30	67	42
56	96	6	85	39	31	68	99	27	45	66	4	70	61	48	63	86	26	39	27
19	38	33	73	34	28	25	89	9	2	88	19	65	55	15	7	81	22	92	92
77	32	17	12	85	87	10	36	12	26	63	24	70	31	91	21	58	17	56	59
4	12	91	89	28	73	22	6	34	31	73	45	96	8	19	27	83	30	36	66
93	50	43	42	22	2	63	15	66	2	63	52	3	26	46	48	13	78	86	7
30	85	72	54	12	15	21	39	94	3	15	36	81	52	43	75	56	62	19	68
98	37	56	11	85	61	79	42	31	70	32	95	30	51	59	68	57	57	88	43
4	83	75	89	29	9	57	37	28	26	33	82	7	48	97	40	35	39	76	14
18	91	51	46	26	89	15	8	87	35	73	57	17	41	14	20	87	65	30	12
28	53	57	34	31	30	67	31	7	59	36	9	73	36	16	2	59	26	27	85
66	73	66	57	37	48	39	36	22	73	65	20	9	57	14	44	20	49	13	50
25	60	70	6	73	79	60	20	49	25	43	16	22	68	25	26	12	16	47	22
11	99	97	22	90	37	65	28	37	34	19	29	9	35	1	14	54	60	94	97
42	88	45	4	8	22	47	57	9	68	45	51	11	40	94	74	91	32	78	96
18	42	36	37	59	80	46	85	25	75	33	32	12	16	56	69	23	5	70	14
48	36	36	73	72	59	92	75	11	78	72	73	69	2	39	12	58	18	13	28
96	91	3	99	35	59	99	18	1	55	49	92	24	61	92	74	39	41	70	63
4	16	6	28	34	49	82	77	53	49	91	20	59	19	72	99	85	94	23	95
40	92	42	75	74	30	58	97	76	9	79	9	95	42	87	77	55	10	30	46
94	90	73	94	33	95	41	76	21	88	38	40	87	41	18	1	30	74	35	19
76	55	72	20	74	65	25	87	27	9	3	74	45	60	66	65	46	24	4	70
91	90	49	70	26	11	50	69	74	47	98	4	21	34	64	58	89	76	95	78
90	72	41	85	49	35	26	17	35	26	96	35	44	11	83	51	19	81	7	46
63	20	42	45	78	45	57	98	9	76	6	11	29	34	11	51	67	77	2	16
29	26	1	10	55	98	34	86	36	36	30	22	28	84	16	27	74	91	19	68

10	14	8	12	16	9	4	13	15	2	3	18	15	20	13	15	11	12	12	2
16	19	3	11	20	11	14	6	6	3	19	9	17	4	18	6	3	12	1	18
20	8	1	5	12	11	12	8	20	18	8	13	3	16	6	17	12	19	4	4
3	20	5	14	20	10	7	5	11	19	10	15	7	17	18	12	4	18	14	8
20	9	3	2	9	9	6	3	7	3	20	8	1	12	11	12	19	9	5	3
13	13	6	4	1	13	3	3	3	19	18	18	18	12	2	6	16	18	20	2
13	6	8	2	16	7	6	2	19	19	4	4	9	19	2	13	18	14	16	6
5	2	3	11	17	15	6	17	10	6	10	14	11	6	11	1	12	18	10	12
11	2	10	2	2	9	10	14	7	13	4	2	10	3	15	6	7	10	19	12
2	15	5	3	6	11	2	19	19	16	12	9	1	18	15	14	9	9	10	20
19	10	15	8	12	16	7	4	18	15	9	5	16	3	15	15	18	11	12	12
11	3	3	3	15	13	15	3	18	16	13	14	18	16	9	19	2	11	13	3
17	2	2	18	11	10	15	7	17	3	4	1	2	13	16	17	6	6	17	19
18	3	11	14	14	20	13	5	1	16	9	4	3	6	17	10	14	16	20	15
15	1	18	17	19	6	2	17	18	3	19	11	5	13	13	8	14	14	5	17
14	1	19	19	6	15	10	3	15	18	20	15	9	11	20	13	9	10	9	19
12	19	19	7	6	7	10	3	3	13	7	18	8	8	17	9	19	19	19	1
18	9	9	16	13	18	5	10	20	19	15	15	4	18	7	12	16	5	6	20
10	3	20	8	8	2	17	13	5	18	16	12	6	9	17	15	16	3	8	18
14	11	14	10	20	13	17	20	5	18	8	5	13	6	19	11	5	9	2	5
17	10	2	13	18	15	19	3	8	9	20	17	20	20	14	4	14	8	16	20
20	9	9	10	6	6	13	4	4	9	19	12	14	19	12	14	7	12	1	13
11	13	7	18	19	20	14	7	13	6	20	3	9	11	16	10	3	20	3	9
15	1	4	3	14	5	6	19	16	4	16	17	19	5	6	12	17	15	7	11
2	20	20	17	8	2	12	17	18	3	19	7	7	17	10	4	18	5	1	18
4	7	3	7	17	13	7	2	18	10	15	11	12	14	1	19	2	16	1	5
1	9	7	4	5	7	19	6	12	12	11	20	20	5	4	10	13	3	1	14
2	2	6	12	17	7	17	7	12	10	1	19	11	20	1	10	15	7	17	8
4	3	17	8	8	7	11	4	6	20	6	7	20	8	10	6	11	9	10	7
5	9	3	1	11	11	3	8	2	13	9	3	13	6	10	5	6	16	17	16
4	11	9	13	7	3	13	11	2	16	13	17	10	11	4	3	15	7	5	13
18	12	14	16	9	20	7	3	9	2	5	2	18	9	9	17	19	8	18	20
8	8	6	10	8	8	4	6	2	10	17	17	9	16	14	1	8	4	16	19
20	11	15	4	6	6	17	3	6	18	17	8	10	10	17	4	13	12	1	2
8	15	5	18	11	1	10	3	5	6	16	4	16	16	2	6	15	4	10	15
7	11	18	18	6	4	19	18	2	13	15	5	2	15	15	2	3	20	1	11
14	15	7	5	6	13	11	14	18	2	17	10	10	18	4	5	1	9	1	20
15	16	11	4	1	2	5	18	12	2	4	11	16	5	15	18	20	12	19	7
11	15	8	3	17	2	6	12	3	8	16	19	1	18	12	20	5	4	20	6
10	11	12	2	11	16	16	10	15	15	7	16	1	10	19	19	12	11	8	8
9	2	17	17	11	2	19	18	4	13	9	1	14	2	1	9	12	15	16	17
17	7	11	13	13	17	15	18	6	6	13	11	16	9	7	14	9	9	18	16
7	13	15	19	5	14	6	5	5	2	15	11	4	18	12	4	4	11	1	3
18	12	7	8	3	5	5	18	3	18	19	4	14	12	6	3	3	17	17	19
8	10	7	17	6	18	12	11	5	18	3	10	9	3	17	18	19	14	5	4
3	3	19	6	8	9	19	15	17	15	4	14	16	2	3	1	4	3	1	19
6	2	3	9	1	20	17	3	10	9	10	20	12	13	3	3	11	10	16	18
8	9	13	4	6	2	6	10	8	20	6	8	10	18	3	6	13	4	19	14
6	19	3	6	17	12	20	12	4	20	10	7	9	14	6	20	2	8	9	13
2	4	11	16	4	12	14	2	10	15	15	7	13	7	6	13	4	1	12	10
9	5	4	5	1	13	17	18	8	13	14	15	1	19	11	9	13	1	12	3
16	5	12	6	18	2	15	16	18	6	7	5	5	8	17	16	13	4	15	8
19	7	15	8	4	19	14	14	13	16	19	4	14	19	3	8	15	5	9	17
10	8	10	7	9	1	4	7	20	13	2	12	6	9	3	4	2	11	9	10
3	18	12	1	16	17	17	1	15	16	15	12	16	3	3	13	16	5	12	15
14	20	2	1	9	12	6	13	18	4	9	11	8	10	8	9	15	17	8	7
19	3	14	9	10	14	17	14	19	4	19	6	13	9	8	12	6	12	7	18
1	11	6	11	1	15	17	15	15	17	12	9	2	3	10	1	6	4	16	4
16	19	17	8	7	18	20	2	3	8	16	5	12	17	20	12	19	13	3	18
16	1	6	14	7	5	4	11	12	2	5	8	7	14	13	13	14	3	12	10
13	10	19	10	20	7	8	19	16	7	13	10	16	15	20	18	16	20	15	1
20	1	20	10	10	4	6	10	1	7	5	19	15	16	13	19	20	10	18	11
17	10	16	1	14	17	19	14	2	3	18	6	18	16	7	6	2	17	6	15
10	7	10	14	12	2	18	3	6	15	8	8	13	8	8	6	4	15	3	13
2	18	12	8	4	16	14	8	6	17	13	10	2	16	8	11	15	11	7	12
6	19	18	1	20	9	5	20	8	4	12	14	2	7	7	19	12	7	6	9
10	14	12	12	13	5	16	10	5	8	11	17	18	16	6	17	6	4	12	2
9	6	7	4	7	18	3	8	9	3	17	16	20	18	1	11	1	20	8	19
4	3	1	18	19	7	16	17	9	7	17	8	20	1	9	1	15	2	1	10
5	6	3	11	3	19	11	4	19	15	8	19	8	10	20	10	10	1	5	10
16	20	9	1	17	10	13	10	9	12	13	7	11	5	9	7	16	8	17	15
16	17	7	5	1	14	20	17	1	5	3	19	4	12	12	7	2	12	20	6
14	12	20	13	18	19	17	17	15	13	19	9	17	4	8	19	7	7	4	5
8	9	4	20	17	17	11	17	2	15	2	8	12	17	17	9	18	2	10	16
15	2	7	6	15	15	20	11	18	13	11	17	15	18	20	20	16	7	4	12
11	12	7	7	7	2	11	6	12	4	7	10	3	2	19	13	4	11	18	13
2	1	1	13	9	16	20	14	8	20	19	3	18	18	1	4	7	15	1	13
4	11	15	7	15	18	15	3	16	8	20	13	6	9	16	18	18	17	9	19
11	10	2	4	19	3	6	16	20	3	6	6	1	17	9	18	2	5	16	17
12	2	1	11	12	18	13	7	3	20	13	2	14	7	10	17	8	13	16	10
8	9	14	17	6	2	16	16	3	2	19	14	9	1	14	6	13	9	16	2
12	19	10	19	14	17	18	18	17	17	8	8	10	20	14	13	19	10	13	20
5	2	11	18	5	4	17	20	3	17	14	2	8	10	18	6	20	10	10	6
10	8	10	15	12	6	12	4	7	14	11	2	9	17	7	6	17	8	3	14
6	6	16	1	16	13	8	12	8	11	19	3	18	18	5	17	6	8	16	4
14	3	18	5	4	16	4	17	10	9	15	7	5	12	18	11	12	18	10	5
8	1	7	5	3	17	2	12	9	12	10	13	12	7	14	4	1	2	2	14
6	17	20	3	2	20	13	5	9	12	17	10	15	12	16	3	13	11	14	13
10	8	18	1	17	18	4	19	8	20	20	17	9	2	15	3	15	10	9	7
14	13	10	3	8	15	12	6	12	10	19	5	12	14	9	10	14	12	18	7
18	17	2	11	11	16	7	4	11	11	3	2	2	1	1	14	9	13	4	17
3	2	6	18	18	3	19	3	11	12	1	17	15	13	5	9	16	20	16	9
13	15	3	6	7	2	12	16	16	16	12	13	14	10	9	12	13	17	14	6
20	3	4	7	19	3	2	17	15	14	2	14	4	20	17	12	2	13	10	17
5	16	3	18	19	15	13	18	16	7	18	20	6	15	2	14	13	17	11	16
1	19	11	12	15	13	18	8	20	2	8	4	16	7	13	1	20	4	18	1
8	5	20	19	15	16	16	13	15	19	13	16	11	20	19	18	13	20	13	11
18	8	16	1	19	15	11	3	3	15	4	17	6	16	2	5	4	15	2	8
9	11	5	6	14	18	20	14	4	4	6	10	15	1	15	7	15	16	17	15
19	19	18	16	2	6	9	8	3	18	2	19	11	17	2	16	12	8	2	3
1	8	2	13	2	20	10	7	2	5	2	15	14	15	11	9	12	10	2	15
19	14	8	8	3	12	16	9	12	10	3	15	16	10	14	20	9	17	8	18
6	6	20	18	14	20	2	8	19	9	5	15	13	3	20	14	3	10	5	13
7	8	7	8	16	11	2	18	17	3	9	12	6	17	14	10	18	9	5	7
20	16	11	8	7	5	3	5	10	14	11	8	19	1	8	14	11	7	8	10
4	5	17	9	14	10	20	10	10	3	8	9	3	17	6	2	15	4	9	8
7	13	9	5	2	6	16	19	8	17	6	3	17	16	2	3	12	16	4	14
10	17	3	10	3	18	4	11	7	10	17	10	4	19	2	5	12	20	10	17
6	7	2	7	5	15	3	9	15	12	3	20	15	12	10	5	1	17	2	19
10	3	15	6	2	16	17	18	7	7	7	18	1	1	6	2	13	3	17	16
9	6	15	10	5	18	10	15	18	15	1	3	1	13	13	6	3	19	5	20
9	7	20	18	15	4	9	15	10	7	7	12	16	18	3	10	2	2	20	13
18	7	17	14	13	19	1	14	20	18	17	4	20	18	20	2	14	17	10	20
6	18	10	13	17	6	10	13	8	6	3	6	16	1	13	7	15	18	20	11
8	5	13	4	18	18	7	5	5	10	19	15	7	17	3	20	3	11	8	7
11	12	8	3	15	13	4	3	1	13	2	16	8	12	16	3	16	5	2	1
11	11	18	3	12	12	18	18	11	2	14	7	20	3	17	8	7	7	16	10
12	6	12	19	4	12	17	6	1	13	4	12	13	17	3	9	17	12	19	5
14	18	19	19	4	14	6	18	11	6	8	19	15	18	10	19	15	13	17	20
4	2	18	20	17	8	9	9	3	3	4	10	4	16	1	7	7	4	14	2
20	13	4	5	16	16	8	3	14	5	5	14	6	1	2	10	18	18	9	4
3	1	11	2	2	14	6	5	14	1	4	16	18	13	3	15	14	14	14	13
12	9	6	13	1	12	15	6	16	11	5	3	4	14	4	3	6	3	7	6
12	11	2	7	20	14	9	15	19	18	16	10	3	19	10	4	6	2	1	9
13	3	3	20	20	1	19	11	12	18	9	1	10	11	13	12	6	13	1	6
2	19	3	8	11	20	13	19	11	19	13	13	6	19	18	12	11	12	16	8
15	2	19	4	4	13	8	9	3	8	16	20	13	20	10	14	5	3	4	12
7	3	15	15	14	12	12	6	20	10	19	16	18	6	6	14	14	16	19	7
13	16	18	12	11	12	1	1	10	10	2	19	7	11	6	10	3	9	1	16
14	12	9	17	5	14	20	10	13	9	4	10	5	16	2	6	2	11	17	20
12	12	2	6	17	13	15	20	16	10	20	4	6	9	7	20	18	5	17	3
14	12	19	20	9	16	18	19	7	5	10	7	9	9	18	5	14	3	6	7
1	2	3	16	1	5	16	18	2	10	12	15	7	20	7	20	5	20	17	18
17	8	15	12	7	3	17	15	11	1	7	4	19	20	10	1	10	2	5	10
12	3	18	17	5	7	20	20	16	15	20	20	1	14	4	20	13	8	14	1
18	14	12	4	20	10	16	18	18	7	6	5	13	6	12	19	18	8	16	10
1	6	18	18	2	4	6	11	4	18	3	5	2	5	15	6	3	11	9	8
14	7	5	11	10	11	18	1	14	17	13	19	19	9	17	3	20	16	20	13
14	13	14	6	2	10	7	5	9	3	5	7	2	7	17	18	5	2	3	6
1	10	20	6	6	9	10	13	20	17	12	16	4	8	2	11	20	18	6	15
6	5	11	8	11	3	5	20	5	6	4	20	20	9	14	16	15	18	19	8
19	2	8	12	9	1	10	16	9	18	10	14	2	1	2	20	1	11	4	8
10	10	10	10	6	7	11	17	3	14	14	7	9	12	11	16	15	20	16	3
18	13	8	11	8	12	1	19	17	8	18	13	9	6	1	1	7	14	10	18
4	16	3	6	4	14	15	2	18	12	8	20	5	12	11	19	2	14	5	17
7	12	20	1	16	11	15	13	6	7	8	12	18	11	19	7	6	14	16	9
11	6	11	5	8	17	9	2	3	3	14	3	6	5	19	20	4	20	13	20
1	18	2	14	3	11	2	18	19	14	12	3	8	3	5	11	2	20	14	17
17	20	19	5	18	15	12	8	15	16	17	16	18	4	8	16	3	11	7	4
8	9	9	2	16	15	18	18	8	2	11	3	18	20	3	15	20	11	1	17
10	12	18	5	12	3	1	8	14	16	19	5	15	14	1	1	19	15	11	12
1	5	19	20	13	14	11	1	19	16	19	10	12	10	17	9	1	15	3	6
1	15	13	6	2	8	15	5	3	10	4	10	7	15	10	7	9	11	18	14
15	20	13	2	14	14	1	14	19	1	4	6	2	10	6	5	5	6	15	8
5	2	3	14	14	7	1	3	1	19	13	17	4	14	9	4	5	7	8	10
6	3	8	6	12	13	6	8	19	3	13	11	5	13	11	7	1	11	14	14
16	10	7	9	14	14	2	18	2	16	4	2	5	8	7	15	6	13	15	20
1	17	3	5	5	1	14	14	8	1	11	3	7	1	5	1	12	8	8	10
1	14	20	3	4	4	15	7	14	11	3	8	17	16	8	3	13	1	3	13
9	11	11	20	14	6	7	6	15	12	16	13	10	8	9	1	16	3	8	15
12	2	18	16	14	18	1	2	5	7	3	20	13	12	9	11	17	10	11	20
2	5	5	2	5	7	16	20	7	13	5	11	15	20	1	10	9	13	15	20
10	13	18	14	6	13	8	6	1	6	19	15	11	12	15	15	12	16	17	19
9	12	7	6	20	13	6	8	2	11	13	7	5	4	6	15	5	14	2	9
2	18	16	4	14	20	19	7	12	1	8	5	9	15	16	4	16	14	9	14
12	7	3	1	19	20	15	18	6	19	19	19	11	16	17	11	16	2	17	3
18	11	1	11	5	15	10	9	7	13	8	18	2	5	7	17	12	14	2	7
12	15	19	3	10	20	1	2	16	11	17	17	19	5	9	9	9	18	10	15
3	11	2	9	8	20	11	7	2	19	16	3	19	6	4	8	5	3	8	15
9	1	5	15	13	17	12	18	4	13	11	15	1	20	2	17	12	2	11	20
6	11	11	4	19	16	9	3	9	7	19	3	15	9	10	9	6	6	18	4
8	11	16	19	6	17	12	6	11	15	8	7	18	8	7	12	4	12	12	14
15	14	10	17	4	3	13	13	9	8	10	16	18	10	7	14	13	20	1	8
15	2	3	20	12	11	17	18	7	13	6	16	16	13	4	18	9	8	16	10
8	2	18	9	20	2	7	11	5	7	14	2	2	16	10	10	10	4	16	19
3	2	13	12	12	13	9	12	20	18	19	1	12	18	20	17	10	19	16	7
9	13	19	11	15	6	20	6	19	14	18	9	19	4	1	1	18	7	12	17
7	19	4	12	1	18	6	11	16	15	3	1	17	16	17	13	9	1	11	14
16	17	8	10	2	18	12	11	1	16	7	8	8	15	16	20	20	5	20	4
2	2	12	1	18	7	11	13	9	15	9	7	20	2	8	18	20	13	5	7
16	4	7	6	5	20	5	12	9	14	6	3	13	4	16	10	12	16	3	2
14	2	20	13	5	16	17	20	16	8	7	7	6	7	18	4	4	16	7	8
8	7	5	19	2	12	19	13	14	11	17	5	6	15	8	15	20	16	7	14
19	15	15	17	19	4	10	4	10	5	8	9	16	3	19	13	14	1	3	10
5	20	12	17	6	3	7	9	5	14	13	20	7	3	5	15	12	5	2	9
8	1	11	11	8	4	15	6	14	3	4	8	19	3	12	13	6	19	20	7
13	10	18	20	19	1	12	8	3	18	13	6	14	11	15	6	10	5	12	1
9	19	12	15	2	16	5	11	16	5	11	8	19	10	7	8	18	18	5	3
4	9	3	19	6	20	6	16	18	13	14	6	14	5	10	18	18	10	7	18
17	1	9	7	3	11	15	1	10	16	7	16	18	4	9	3	9	8	18	6
2	6	1	17	17	8	8	12	15	6	9	6	7	17	12	15	4	12	20	1
2	5	15	9	18	15	4	18	7	4	12	15	6	19	9	9	6	12	18	15
3	16	17	8	11	6	20	13	19	15	14	14	18	13	15	6	13	2	8	14
11	12	14	10	9	1	9	16	7	15	3	6	5	4	12	16	14	5	14	15
10	2	2	16	1	5	13	11	15	12	4	1	18	6	12	10	2	5	2	16
3	20	15	5	2	15	6	13	7	6	7	14	12	1	18	10	2	5	10	19
17	16	13	5	1	16	20	9	10	2	1	3	11	7	15	13	15	8	5	3
14	6	1	14	5	7	16	18	3	4	2	18	15	9	12	17	10	1	4	15
14	1	17	1	3	16	6	8	19	12	4	15	5	10	6	12	4	8	7	1
4	9	13	7	3	10	14	16	8	19	2	12	8	3	14	11	15	11	13	14
20	12	5	6	19	4	11	11	10	6	5	15	17	4	12	13	8	7	20	8
12	16	19	11	13	10	2	17	18	20	6	16	16	18	2	3	12	5	16	11
9	12	8	2	16	2	18	2	4	14	3	7	18	16	10	7	1	4	10	6
13	2	5	17	16	14	14	15	6	9	10	17	20	9	13	13	11	6	10	9
8	1	9	20	19	15	15	13	17	7	11	19	12	10	20	15	8	7	7	1
7	10	15	1	3	10	4	1	10	14	16	2	8	6	11	14	4	9	13	1
4	7	6	17	4	20	19	17	13	5	1	15	12	3	2	13	15	7	17	17
17	17	2	2	5	9	18	18	1	8	8	20	14	3	19	15	4	3	2	13
4	13	3	17	5	17	18	5	8	16	12	3	10	2	17	3	7	13	2	12
11	18	7	17	9	2	3	14	10	7	9	9	11	4	17	9	11	20	10	17
8	20	5	15	4	8	7	11	15	18	10	14	3	5	15	7	12	9	2	2
6	4	17	4	1	5	7	18	6	11	2	13	7	13	19	18	5	20	9	9
18	15	3	14	14	4	9	3	20	3	7	2	6	20	7	9	4	14	11	19
17	20	20	4	9	6	18	13	11	19	9	1	12	11	2	8	18	19	7	14
2	15	14	2	4	8	4	4	16	16	14	9	5	9	18	14	2	16	9	7
11	5	17	14	11	5	7	5	19	7	4	1	14	11	7	16	8	17	11	9
14	13	2	5	1	15	18	16	16	4	19	13	14	19	2	11	16	10	4	13
11	16	16	6	17	14	5	13	9	8	18	10	14	15	11	5	11	9	8	10
9	17	2	2	11	9	10	6	3	13	4	20	2	16	16	2	17	4	10	8
6	5	7	4	8	10	8	20	1	9	4	3	4	16	7	9	7	11	9	15
4	20	15	5	10	13	7	2	17	16	20	8	2	12	9	2	15	13	19	16
16	2	11	10	18	7	2	4	6	13	17	3	8	4	14	13	1	1	10	5
7	19	5	3	12	2	19	19	14	5	15	8	1	10	8	9	5	5	13	14
5	5	15	20	7	10	6	11	12	11	6	16	2	10	15	2	4	5	12	11
8	15	5	19	17	4	15	7	18	7	19	14	13	20	8	9	18	4	9	1
17	16	4	8	12	13	18	3	20	15	9	20	13	16	18	6	2	2	14	6
15	17	17	18	5	7	3	14	18	3	9	2	9	19	6	9	7	6	12	4
12	12	20	3	18	1	3	4	17	19	19	14	1	13	8	12	5	1	5	4
20	9	12	13	1	7	20	13	3	5	3	4	12	10	6	8	16	10	13	8
10	19	9	5	6	5	3	11	6	9	10	20	17	11	10	17	14	10	11	1
2	13	18	19	15	20	5	15	4	13	18	18	9	1	4	10	5	14	13	4
20	1	14	11	7	4	10	4	3	15	3	4	3	19	9	9	20	8	2	8
15	14	3	9	13	19	8	1	6	2	10	13	6	12	6	11	19	20	2	6
20	15	19	17	16	13	12	19	9	7	19	13	20	6	9	17	17	20	12	12
13	16	12	8	3	4	9	16	2	2	19	16	14	7	6	16	15	13	10	2
15	5	2	8	14	19	20	15	7	14	7	14	19	5	4	6	17	8	19	19
19	5	7	2	19	8	8	1	5	17	10	7	20	10	10	1	12	12	9	9
6	16	17	9	5	17	5	5	2	17	17	5	19	15	11	1	19	20	15	7
7	4	12	10	11	5	15	4	2	14	8	14	5	15	1	19	10	3	5	5
11	7	8	17	14	15	9	4	5	8	1	16	16	14	16	13	11	15	11	7
13	11	2	12	13	13	16	12	12	8	18	18	11	1	7	1	10	7	7	16
12	18	19	9	15	5	16	4	17	12	13	2	8	7	15	4	8	17	5	7
13	19	15	19	17	7	5	6	1	12	4	9	9	12	2	18	2	20	4	7
3	15	12	18	4	2	7	16	13	12	10	17	4	2	17	16	10	14	8	6
7	17	13	18	5	2	1	13	18	15	1	7	16	10	11	5	13	20	4	1
6	1	3	5	6	6	11	1	19	1	17	7	20	10	17	18	3	14	6	4
10	10	3	2	19	4	16	20	19	9	16	12	8	20	17	17	11	1	17	1
5	8	4	20	13	3	15	16	7	20	2	4	12	2	4	8	16	12	6	8
14	2	12	13	7	10	15	11	6	7	17	4	10	16	17	9	1	13	6	6
20	12	1	2	9	2	1	18	20	18	18	4	4	4	19	10	12	4	17	19
8	1	19	4	18	14	16	9	13	11	2	18	12	15	12	7	18	15	5	15
5	9	3	18	16	16	9	13	14	20	7	3	13	15	15	14	3	16	13	1
14	19	10	18	2	11	13	19	3	10	19	6	1	18	12	6	6	20	7	7
17	1	1	13	10	1	17	11	1	17	16	14	17	4	17	7	7	3	19	1
2	13	15	3	9	2	15	1	17	15	9	3	14	20	17	17	16	10	16	4
2	16	15	14	18	17	3	8	5	16	14	8	14	11	16	10	13	9	14	19
14	6	8	18	17	3	5	5	7	11	17	2	12	1	3	6	17	7	17	10
9	18	13	12	5	13	5	8	15	15	11	18	20	7	18	13	4	17	10	15
10	1	9	18	3	19	13	5	1	17	18	3	5	15	1	3	11	5	16	15
11	16	13	11	20	19	3	11	17	6	9	4	7	13	9	16	4	9	15	1
6	18	11	13	4	2	2	6	1	11	17	20	5	17	11	5	5	1	13	8
10	19	18	8	4	15	14	19	11	5	2	13	8	10	12	9	12	19	2	4
13	4	6	8	2	2	8	16	7	12	14	5	11	17	5	12	16	5	9	20
7	6	7	20	1	15	8	14	10	13	17	8	19	14	4	8	18	6	10	10
16	19	20	14	18	20	9	12	16	12	19	2	19	3	15	7	12	12	1	17
6	20	6	14	18	5	16	6	15	1	8	14	16	13	12	8	11	18	9	11
18	17	20	1	11	18	7	18	19	12	18	15	12	5	8	8	14	14	11	18
8	19	7	4	16	18	4	5	11	7	4	11	2	4	14	4	8	7	2	11
12	6	1	5	16	13	15	8	8	18	12	3	6	12	3	6	19	19	19	8
19	3	14	1	9	16	16	18	12	6	10	4	6	1	6	19	18	1	14	7
3	16	18	20	10	5	19	19	14	10	5	17	19	8	7	20	19	3	15	5
2	17	6	1	18	6	11	20	10	18	14	20	20	16	16	12	12	18	10	11
7	8	13	10	8	11	11	1	4	12	14	7	15	2	7	2	9	3	17	15
4	7	3	5	10	16	7	12	11	19	7	1	8	9	4	19	1	13	8	5
2	11	15	19	8	7	20	20	20	6	4	13	9	10	10	19	8	15	13	14
9	1	11	18	4	4	5	8	14	11	10	16	10	2	9	1	11	13	16	16
18	2	11	6	10	1	7	7	8	10	18	17	8	1	18	10	4	16	15	19
11	5	20	7	6	18	16	11	13	18	13	7	11	16	2	14	9	17	16	17
3	8	14	4	17	16	13	15	6	10	15	1	19	13	20	12	7	12	1	20
11	18	17	16	11	15	10	12	12	11	19	19	3	7	15	3	12	9	1	18
20	18	10	20	9	9	18	6	7	1	3	11	6	20	1	8	6	14	13	10
10	10	14	19	17	4	13	10	12	11	17	2	6	14	8	17	19	12	7	8
8	7	10	19	13	10	12	1	15	1	18	14	18	19	11	20	2	16	16	7
11	15	18	7	11	16	15	17	4	9	7	18	18	16	11	16	16	7	1	15
3	13	14	7	9	1	13	11	19	9	7	2	11	2	16	1	15	2	9	16
15	8	13	11	6	14	11	17	15	19	3	18	8	18	18	11	15	15	8	11
2	13	12	8	6	2	14	12	15	20	8	11	16	4	18	4	12	17	17	16
5	18	6	19	12	6	6	17	12	20	13	10	5	10	2	5	13	14	9	14
4	12	13	15	19	14	16	12	17	2	10	4	14	15	14	13	1	16	3	8
5	2	13	14	8	18	18	3	15	7	5	9	16	14	17	10	5	14	11	1
20	5	12	3	2	7	1	3	13	19	7	8	3	5	12	20	7	12	14	12
11	6	10	19	17	19	5	12	19	1	20	16	9	9	7	4	20	20	5	4
2	18	17	2	17	1	6	10	1	3	17	16	17	3	15	16	9	16	13	4
8	6	15	7	10	6	4	6	18	5	16	8	11	9	17	8	7	7	6	6
12	7	2	12	9	14	12	15	15	7	20	5	20	18	11	19	14	2	16	16
1	13	19	4	11	7	12	4	8	15	5	2	18	2	18	5	2	17	14	18
11	13	19	5	16	11	13	3	1	6	13	10	14	2	4	13	10	20	6	8
12	3	4	13	4	20	17	2	5	10	7	1	9	16	16	7	5	5	8	11
18	17	1	19	8	15	6	7	7	14	13	13	12	10	8	9	19	11	19	11
17	2	13	15	19	16	9	18	17	19	8	18	17	8	5	15	8	8	4	18
5	5	19	14	3	10	7	11	20	19	1	3	2	11	13	1	4	2	14	19
15	20	7	1	12	3	15	11	13	5	6	7	20	17	8	15	15	10	19	3
20	16	12	3	3	4	12	2	20	20	15	16	4	4	4	15	14	16	4	9
3	8	12	4	13	13	15	8	18	1	20	11	11	7	18	9	8	12	12	10
8	8	15	20	18	2	9	15	8	17	20	2	14	2	15	6	15	6	19	19
12	14	14	2	10	9	2	15	7	16	16	15	3	20	15	2	17	18	18	19
8	11	19	5	18	18	13	16	13	4	9	11	4	7	3	5	13	10	1	13
20	17	15	8	6	4	19	2	12	5	17	12	7	18	5	13	3	4	16	5
6	6	9	13	2	15	5	18	20	1	15	19	16	1	7	8	17	8	19	9
6	8	13	5	15	7	2	6	3	6	5	20	2	20	4	11	14	3	13	13
10	1	3	16	19	5	6	17	5	5	16	3	5	3	5	6	8	7	13	17
10	19	8	1	2	18	16	12	16	3	15	19	20	19	3	12	9	5	5	15
15	12	10	3	16	17	20	5	1	13	2	3	18	13	9	17	16	18	1	6
18	5	15	18	7	10	17	10	19	12	20	6	2	18	6	2	20	5	2	3
11	17	16	14	18	2	18	2	1	1	10	2	11	19	1	19	3	6	19	16
10	3	15	16	15	1	12	19	6	19	15	20	9	10	10	16	17	11	18	19
18	19	8	12	12	8	4	3	8	1	12	14	3	20	8	17	6	20	4	20
3	8	5	15	8	14	1	5	12	19	9	11	19	7	18	10	7	20	13	2
3	3	18	3	1	16	10	5	18	8	5	3	20	17	14	3	4	19	19	9
15	2	12	15	3	14	1	15	4	11	14	20	8	1	12	14	10	10	15	19
13	19	10	2	5	14	18	17	4	14	1	5	2	5	18	19	10	10	15	5
3	20	17	10	17	7	14	12	4	6	4	10	3	9	1	5	16	17	6	18
11	17	19	15	3	5	19	15	19	15	12	17	16	16	17	4	1	15	9	4
7	5	4	15	18	16	18	7	17	3	2	1	12	5	13	19	18	4	1	15
16	8	3	15	11	9	2	12	12	19	15	2	9	8	12	8	11	16	8	1
2	20	6	17	5	1	8	4	12	14	7	10	17	10	10	19	16	9	2	3
17	10	2	15	20	9	16	20	11	15	1	13	1	1	10	17	6	11	13	18
16	20	4	8	12	19	20	11	20	4	11	17	5	13	1	7	6	8	6	9
15	11	20	6	20	20	11	13	7	11	16	13	15	9	12	17	10	12	9	12
9	20	18	4	18	8	10	19	18	2	15	16	10	16	12	1	13	7	2	11
4	5	6	4	7	6	17	18	20	5	14	1	3	3	10	3	20	20	15	11
20	18	1	11	18	17	1	12	10	6	5	3	3	11	1	8	20	16	3	16
3	3	4	7	6	14	2	14	10	2	6	6	10	12	4	15	9	14	3	11
15	19	10	3	8	2	14	19	3	3	20	8	5	18	1	13	16	20	10	7
14	14	13	3	6	14	10	17	14	8	8	13	20	3	19	1	2	5	10	6
18	7	2	1	1	20	16	8	14	19	13	17	3	20	17	7	19	6	1	9
18	18	2	11	20	17	11	6	5	20	1	16	13	14	2	9	2	12	11	2
4	18	1	14	5	17	13	5	18	15	1	6	12	1	8	7	3	10	1	16
20	16	15	16	1	11	4	15	13	20	18	2	14	8	4	17	1	7	8	13
13	15	4	19	10	13	12	5	9	19	9	10	9	19	5	5	12	20	18	2
12	16	14	15	7	4	17	14	17	20	6	15	8	18	15	9	19	9	8	15
2	20	18	14	10	18	7	4	13	9	15	13	4	6	9	17	9	15	3	12
8	20	13	9	17	9	11	12	13	2	16	3	3	18	19	7	3	12	6	3
11	12	6	11	3	17	20	10	19	7	9	10	14	13	6	18	6	14	1	9
12	6	3	4	18	17	4	6	16	17	4	15	7	11	18	9	12	14	17	7
3	20	4	8	10	9	11	11	20	17	4	2	12	4	2	7	15	11	6	5
6	20	10	9	14	10	17	20	20	15	14	5	11	16	9	18	20	13	13	12
3	20	18	18	16	11	20	10	17	14	10	6	4	2	4	13	7	14	12	3
19	12	9	13	13	8	8	18	8	2	10	20	8	20	14	6	6	4	8	20
5	7	14	16	4	14	13	17	12	5	10	17	15	17	11	7	4	18	5	20
4	3	2	12	6	6	9	3	7	8	12	15	1	1	13	1	4	9	20	16
17	6	10	4	14	11	7	10	11	6	6	5	12	9	14	2	13	11	19	12
16	2	20	11	6	1	5	18	17	16	11	9	19	9	1	8	15	15	9	12
3	7	5	16	9	8	9	18	10	8	1	17	2	6	2	15	20	8	12	14
8	12	4	19	6	15	10	1	14	12	15	15	15	1	20	11	10	10	20	10
8	3	5	5	11	7	13	13	19	1	8	9	8	20	10	20	9	2	12	17
1	18	3	19	7	7	11	10	17	2	9	18	14	9	16	8	16	10	16	4
9	1	3	15	20	8	13	19	13	2	20	3	1	2	6	18	11	12	2	4
8	7	17	10	10	6	20	12	11	6	14	10	8	13	12	17	14	10	13	8
17	17	6	10	20	6	17	19	1	11	13	6	19	16	2	6	11	17	16	14
15	3	17	19	17	18	12	9	17	13	5	12	13	12	9	8	8	20	3	7
17	16	10	7	13	10	16	8	3	6	18	7	7	8	18	18	16	12	15	1
20	2	4	17	20	2	7	20	10	16	18	1	7	4	2	6	14	8	12	7
9	10	6	16	10	5	11	6	12	5	16	15	15	11	3	10	15	3	9	17
17	11	4	17	8	5	11	2	15	3	2	20	5	10	6	18	16	20	20	8
8	15	9	6	10	11	8	6	13	13	1	9	6	13	11	8	20	8	6	13
9	19	13	19	16	20	10	9	18	19	14	16	18	4	5	10	13	11	4	9
16	1	8	9	17	20	4	13	10	19	9	3	7	18	7	6	11	9	16	7
1	2	10	8	4	11	15	19	7	9	14	7	11	3	15	13	13	14	4	10
1	10	12	1	19	3	7	2	5	1	12	1	11	5	15	10	3	16	4	6
15	16	13	1	1	16	4	10	18	13	7	10	16	8	5	15	12	4	15	18
8	7	11	1	10	17	6	11	14	18	13	10	14	16	8	18	20	15	6	11
5	8	12	6	12	6	13	19	11	12	17	18	16	15	18	20	12	3	16	17
5	6	4	7	18	3	16	17	19	10	11	10	2	7	6	4	1	10	9	13
18	12	4	9	12	11	15	18	17	18	14	18	12	10	3	19	5	19	10	4
12	3	17	10	15	12	7	2	4	17	12	4	15	7	3	20	8	2	8	11
8	1	4	4	3	3	12	17	18	10	18	15	11	13	16	10	18	17	10	16
4	16	20	9	7	18	7	19	9	19	18	8	9	13	9	6	14	19	19	1
18	3	15	19	17	5	7	6	20	9	1	11	8	10	4	17	6	20	4	3
6	2	2	19	15	1	15	12	3	5	18	3	4	5	11	6	5	9	6	4
15	19	15	10	19	1	1	1	16	5	14	20	5	15	10	17	3	11	12	5
11	13	10	11	5	3	5	7	8	18	16	17	7	14	16	13	10	3	3	18
19	11	17	7	18	17	5	4	10	1	13	6	14	5	10	18	4	12	10	2
18	12	13	20	18	12	19	15	12	8	19	16	1	16	1	10	16	19	14	7
2	7	20	6	4	15	14	16	8	19	4	10	4	3	8	5	3	15	12	9
12	7	2	14	10	4	4	18	4	7	12	2	15	12	2	6	11	5	8	14
12	18	6	19	4	10	13	2	3	13	20	4	5	13	18	15	18	14	9	16
3	11	20	3	14	18	19	12	11	5	7	3	14	14	8	6	18	17	16	8
8	18	6	5	17	4	13	7	15	19	18	14	9	11	5	9	1	5	8	17
14	12	5	20	1	12	19	12	16	6	8	9	14	5	7	8	15	8	16	10
14	17	1	11	8	6	6	1	11	15	4	9	6	10	7	7	16	2	3	19
9	14	17	8	2	19	14	17	15	17	12	13	6	16	8	1	1	4	2	18
3	5	20	3	16	6	16	8	2	1	16	10	10	15	16	2	11	4	17	19
4	9	18	13	7	15	2	16	15	13	11	9	16	8	12	5	13	18	13	7
17	19	4	7	15	12	11	17	3	5	18	15	18	10	14	5	20	1	1	14
16	18	1	9	12	2	1	17	18	15	14	10	8	20	5	6	6	15	12	15
10	5	13	13	8	2	18	17	12	16	10	15	1	2	6	1	16	14	20	4
4	13	19	1	13	11	16	5	15	4	3	20	17	14	1	16	7	2	1	16
2	14	1	16	11	9	6	18	14	9	14	1	14	20	1	17	18	9	15	4
15	12	6	13	7	5	13	14	6	11	2	3	8	11	11	18	3	11	4	1
20	18	20	18	12	15	6	1	14	19	2	13	3	12	7	16	1	13	16	9
13	19	19	4	16	13	8	4	9	11	8	18	11	15	4	13	9	18	11	5
3	5	5	12	14	4	14	2	20	5	2	15	19	1	9	14	12	10	2	18
17	3	18	5	4	11	16	18	3	5	7	3	14	11	5	15	19	14	15	17
15	19	11	2	6	5	3	7	17	16	11	12	2	16	15	19	15	14	6	8
20	2	2	12	14	19	12	17	14	17	15	15	2	9	6	3	8	4	13	8
19	9	13	18	14	9	13	8	5	7	18	5	4	4	13	15	13	14	1	4
18	9	3	17	3	7	1	4	10	1	15	7	16	9	3	7	15	10	4	11
19	14	1	8	20	6	3	11	10	17	19	11	4	1	12	10	2	11	16	16
3	6	20	3	11	20	14	6	16	17	18	12	18	6	3	19	1	6	7	9
7	5	18	19	20	4	16	3	4	16	9	11	20	1	3	9	18	4	15	5
7	13	20	19	18	12	13	4	7	18	18	11	3	14	11	4	2	4	3	8
11	12	20	10	18	11	3	20	15	3	16	9	7	2	14	20	10	10	20	20
11	10	3	4	4	9	8	19	6	18	5	1	4	2	2	1	15	16	9	16
7	2	5	1	15	8	3	9	14	6	3	7	11	4	10	3	1	4	5	13
18	1	20	9	13	8	1	13	1	16	17	18	2	10	12	3	10	20	20	7
6	14	3	4	4	1	13	17	14	16	10	14	1	18	10	2	12	20	2	12
2	17	16	13	15	18	9	7	2	17	13	9	14	13	7	1	12	14	12	16
6	20	8	12	13	1	2	2	17	18	11	17	14	5	10	18	3	16	16	20
11	9	12	11	9	7	14	13	4	2	17	17	13	7	2	15	12	9	9	11
17	12	4	1	9	14	12	15	13	6	20	2	1	15	3	12	4	17	10	18
20	11	13	14	4	1	8	13	9	9	5	5	17	17	20	9	5	17	5	1
20	4	2	6	10	8	7	20	20	11	8	20	2	14	2	8	13	9	14	19
14	3	8	3	13	12	18	14	3	9	11	15	11	8	17	15	11	9	1	5
6	4	16	18	4	2	20	2	18	6	15	11	20	11	16	16	11	14	20	4
14	4	11	13	12	3	8	18	5	7	13	18	8	13	3	14	2	1	5	19
3	4	7	11	5	15	19	5	2	17	10	19	7	10	3	11	15	20	2	13
19	20	7	11	6	8	12	16	15	13	5	11	5	8	14	13	8	7	10	14
20	19	7	2	10	19	11	15	1	19	1	14	20	13	16	7	15	15	5	3
15	12	12	11	6	10	2	8	8	4	4	17	15	8	3	17	12	19	11	20
5	2	14	8	2	17	4	14	2	7	14	20	20	8	15	1	8	5	12	8
18	1	4	17	5	17	3	5	11	4	13	7	4	20	9	15	11	17	17	4
13	1	1	4	13	8	13	8	20	19	11	9	20	1	8	18	11	8	20	16
15	16	7	3	6	4	20	13	6	8	2	6	13	19	11	7	14	3	19	14
5	6	5	8	13	13	19	4	19	12	11	18	14	6	16	20	13	17	7	10
15	2	14	1	14	14	18	7	10	8	6	1	17	19	4	7	17	5	11	19
19	6	2	14	5	8	9	19	10	4	10	8	15	5	11	20	17	11	2	10
18	20	12	18	5	11	1	9	7	15	17	15	1	11	20	17	20	19	4	10
9	5	17	10	11	1	7	5	18	20	3	12	20	3	6	18	19	14	10	16
4	16	7	2	10	4	6	11	10	1	7	6	14	16	11	10	13	3	8	4
10	16	7	5	17	6	2	20	5	13	1	14	13	4	12	8	5	3	11	1
12	5	2	7	6	10	12	2	5	17	9	1	10	15	20	7	10	15	17	6
9	5	6	8	14	18	7	15	4	17	18	2	7	8	19	1	16	10	15	18
4	6	16	19	6	17	16	9	11	19	18	3	14	8	9	1	17	16	7	16
14	8	9	1	20	4	17	7	13	1	14	10	8	18	7	11	14	16	4	3
17	2	14	13	15	9	15	8	10	18	17	13	11	10	19	1	1	2	14	4
20	10	16	13	3	4	4	13	9	6	18	19	3	2	9	13	18	18	11	1
1	15	3	13	3	1	20	15	16	13	16	15	15	1	8	10	16	15	8	4
3	6	1	12	14	20	5	7	8	14	16	15	9	8	13	13	6	6	9	15
7	12	12	7	15	4	16	13	2	10	1	16	12	6	5	10	7	18	3	3
18	7	11	6	1	6	5	6	17	11	11	12	20	10	11	4	15	20	13	14
7	7	15	17	14	2	2	12	11	9	10	1	2	3	2	4	4	3	4	3
9	14	20	3	6	16	4	8	3	5	19	6	3	9	12	5	6	15	19	12
9	8	8	4	7	8	16	5	20	6	7	1	7	19	10	10	18	2	1	10
5	2	10	18	11	19	1	5	19	7	3	20	4	16	10	9	1	10	15	17
9	1	4	19	5	10	10	17	15	18	6	10	8	3	9	19	4	2	15	8
3	5	12	2	6	12	4	13	12	6	16	2	13	3	20	17	8	4	14	2
5	20	9	13	2	8	17	11	12	7	14	2	20	1	6	3	13	8	8	2
20	4	6	11	9	7	4	2	15	7	15	19	20	20	14	2	5	11	7	15
20	20	2	18	19	18	14	9	20	18	8	9	2	9	3	2	11	8	11	4
2	5	18	9	2	10	13	10	7	11	10	10	13	8	5	20	17	8	10	5
19	14	3	8	20	6	7	7	13	4	7	9	20	8	5	12	12	8	5	16
6	11	8	7	15	19	6	3	10	17	2	7	15	7	4	20	18	7	12	10
4	12	18	14	8	3	19	5	7	7	14	2	9	12	20	3	3	11	17	17
15	19	9	13	2	5	15	6	12	11	18	8	13	11	6	12	18	17	8	8
11	15	8	19	5	19	16	19	19	2	13	6	10	5	13	10	13	13	15	11
4	6	7	20	2	4	10	14	17	11	18	13	15	20	15	1	5	3	12	14
19	17	20	1	12	14	7	4	18	18	14	8	14	13	13	12	3	14	10	11
15	11	2	11	19	17	5	3	18	5	12	16	13	11	13	14	4	12	20	11
20	9	14	12	7	16	13	15	18	9	11	7	13	2	6	13	19	5	1	5
13	7	3	1	10	14	17	19	4	1	6	9	1	13	20	14	18	20	13	14
8	14	14	15	8	1	2	3	14	10	15	14	19	10	5	20	14	4	16	16
18	18	15	6	10	6	3	14	19	2	3	15	9	9	11	19	5	4	16	3
15	8	19	13	3	18	8	20	14	18	16	14	14	6	11	15	18	7	7	3
2	7	9	2	9	7	19	6	5	1	10	19	9	20	18	19	8	17	17	10
9	14	13	20	16	3	20	1	10	14	2	6	16	11	14	20	3	7	5	10
7	4	11	6	13	7	18	17	2	13	12	17	1	15	1	8	1	3	20	18
17	20	4	20	1	10	11	6	17	18	3	18	16	7	9	1	5	17	13	19
13	11	16	17	8	16	15	19	16	16	18	18	12	6	12	11	2	1	5	9
2	20	19	2	1	3	9	12	6	17	2	2	10	10	16	4	3	20	19	15
14	4	17	11	8	6	14	16	3	18	1	16	9	2	11	10	3	18	3	5
16	2	14	8	9	8	16	6	19	13	4	3	13	14	11	5	6	3	20	12
5	5	12	8	1	3	2	1	10	3	14	10	7	19	10	10	7	17	17	11
7	5	4	1	16	6	7	17	9	19	15	13	14	15	11	2	16	8	6	15
9	11	10	5	18	5	9	6	3	11	4	11	14	20	16	14	8	7	16	9
8	13	11	4	8	16	20	15	12	16	11	15	6	7	9	13	1	7	1	18
17	15	17	19	4	16	20	11	12	8	4	6	10	17	9	11	9	10	8	9
18	14	7	15	11	3	19	18	8	20	9	15	11	8	10	13	8	3	17	9
17	13	13	17	18	13	15	6	12	11	2	2	19	7	18	17	19	2	4	11
5	13	19	1	6	2	12	9	1	3	20	9	10	10	16	10	11	18	20	5
2	20	15	16	18	17	6	12	12	19	3	7	14	7	8	4	7	2	15	7
13	7	8	8	3	4	15	10	13	20	6	18	6	12	17	6	10	5	15	1
6	20	9	12	15	12	12	20	7	5	17	2	20	2	1	18	10	11	13	6
2	8	10	4	3	17	3	2	19	14	17	9	6	9	7	16	4	5	13	16
8	18	5	3	9	3	16	5	11	1	2	20	10	4	4	19	6	15	12	7
3	17	14	19	14	14	20	10	9	5	1	9	4	5	17	9	16	16	17	5
10	17	18	13	16	2	15	9	13	15	14	3	4	6	13	7	14	1	7	6
6	15	14	2	5	16	1	8	10	5	10	8	11	16	13	20	12	13	5	2
16	6	11	6	6	17	1	14	10	10	5	1	19	17	12	10	6	1	17	1
10	5	8	20	6	8	10	12	2	17	10	16	8	11	12	18	11	17	1	18


1	1	2	1	2	2	1	1	2	1	2	2	1	1	2	1	2	1	1	2
2	3	4	4	1	4	2	5	5	5	2	3	5	2	2	3	5	4	3	5