500	2	20

1	1.3	1.55	1.75	2.1
4	6.76	9.61	12.25	17.64

18	72	62	66	27	30	56	59	1	37	58	67	73	78	86	89	74	20	78	64
34	73	99	5	71	38	34	74	17	47	58	21	75	12	8	82	39	73	94	26
29	85	97	74	18	31	7	94	66	28	47	47	71	58	74	17	76	52	65	74
36	42	32	50	35	69	66	29	34	42	83	50	81	75	73	42	2	75	71	61
61	86	27	47	66	15	14	4	46	3	66	3	98	3	20	76	97	14	31	10
52	6	50	16	37	39	13	37	15	62	73	38	59	72	46	88	15	89	15	68
76	23	60	82	83	44	81	12	33	95	52	17	19	8	36	7	13	72	50	9
69	67	26	14	38	11	2	12	68	34	39	72	35	83	36	14	21	66	21	7
81	36	55	25	31	87	72	85	11	41	31	94	17	8	41	18	60	47	86	43
49	5	28	12	49	60	74	25	16	87	70	49	37	51	62	35	56	36	19	32
19	19	10	18	60	70	5	24	50	62	17	65	64	86	43	66	88	93	59	47
30	7	31	29	26	3	45	96	71	94	98	73	70	83	48	48	67	84	91	9
96	64	7	86	30	60	19	11	75	79	54	89	16	90	2	42	98	76	45	11
33	95	87	78	90	41	39	91	58	73	33	78	35	96	55	4	31	54	86	72
98	63	98	95	4	12	7	75	4	4	2	24	89	61	80	67	90	58	43	92
85	15	1	17	88	3	15	96	72	78	12	18	63	81	46	28	31	45	52	54
40	2	92	31	31	42	92	49	25	70	40	51	93	36	81	83	57	8	3	10
76	30	5	84	89	75	69	91	26	86	79	38	26	7	1	92	59	6	2	97
47	80	45	40	56	93	45	36	3	25	6	6	7	23	82	92	78	91	77	65
5	68	56	72	88	6	78	11	86	72	49	91	1	48	81	69	94	14	72	96
70	13	23	78	48	70	90	49	2	79	83	23	27	61	13	2	4	96	66	62
71	71	77	18	83	2	88	79	93	2	83	40	56	72	64	5	3	92	35	46
82	58	6	54	66	15	78	43	28	15	90	80	40	44	46	55	21	88	70	44
7	44	49	92	68	45	79	57	51	69	14	86	89	52	69	64	45	91	64	73
66	12	95	24	51	1	52	13	16	27	23	50	66	67	5	29	71	86	79	63
90	43	63	58	83	97	55	92	64	70	2	67	23	38	62	93	85	2	54	90
72	86	39	53	69	92	57	50	38	50	80	97	6	99	56	90	66	7	7	56
47	76	93	54	47	94	63	42	20	2	32	79	29	63	41	73	42	75	42	57
52	64	30	77	57	53	68	4	45	10	90	48	27	87	77	7	9	5	96	44
10	60	72	25	24	98	97	66	90	53	90	1	3	11	9	11	76	55	90	56
6	97	16	94	26	85	53	20	34	48	44	58	78	69	49	18	45	56	17	4
13	52	16	37	61	53	56	58	90	53	27	89	14	25	95	44	32	91	14	81
67	99	95	3	58	88	10	76	45	73	30	39	19	16	35	85	85	77	24	51
41	60	26	47	22	40	98	65	82	62	54	33	60	16	7	85	87	3	7	98
71	7	86	24	66	56	15	65	76	58	24	1	52	8	24	38	36	54	99	47
52	39	53	1	84	82	65	20	87	38	12	54	76	37	24	96	38	91	80	37
4	31	74	89	13	24	31	40	86	27	33	70	45	96	17	87	49	15	73	77
19	10	36	96	54	22	25	78	78	61	24	87	79	16	81	92	48	47	6	66
59	28	56	3	24	43	7	66	3	73	71	4	3	1	7	62	87	66	32	72
19	24	37	7	19	38	87	7	14	81	32	13	46	79	94	99	67	73	60	61
84	89	86	64	59	47	7	73	76	24	63	86	48	78	80	30	12	5	44	45
60	4	46	93	56	90	66	92	90	54	98	16	21	14	12	48	16	25	39	18
81	92	75	18	3	40	83	6	93	95	24	81	89	90	17	97	43	37	99	25
16	11	86	97	59	39	28	66	28	50	38	37	94	48	92	93	48	55	49	84
58	61	18	43	29	51	38	52	18	2	19	65	20	7	75	80	39	67	65	75
10	97	90	22	97	50	89	49	91	89	63	65	83	96	10	17	24	29	75	91
54	77	43	97	59	26	52	68	95	23	44	24	31	91	41	77	98	64	78	68
17	17	28	63	87	56	81	96	68	40	53	99	43	40	41	69	74	41	27	57
71	70	29	97	78	4	85	2	23	80	18	66	8	17	88	29	40	9	97	57
91	20	85	57	31	76	69	69	58	62	22	65	9	80	5	52	19	66	96	87
76	43	78	44	92	21	71	76	86	20	65	35	18	93	35	12	87	32	92	17
55	70	54	50	4	98	15	11	53	33	30	49	72	20	25	15	14	74	17	98
31	1	58	57	63	52	93	69	98	96	87	92	18	23	74	56	68	5	2	12
13	50	5	34	8	68	11	20	12	14	14	47	29	90	7	62	40	39	7	32
9	45	86	47	90	25	15	68	44	93	11	86	24	32	28	45	73	56	77	32
52	86	50	18	70	70	34	73	36	39	42	8	93	34	15	32	72	4	37	75
49	20	86	26	42	69	42	12	25	28	6	87	79	93	92	80	45	42	40	12
36	77	90	10	97	11	95	88	54	73	74	22	74	52	99	54	26	16	20	41
99	14	2	53	86	39	33	98	6	42	52	80	93	75	39	29	37	80	86	28
35	17	95	32	55	76	20	38	82	56	72	31	42	48	21	81	88	39	40	64
48	58	71	36	4	72	13	54	80	80	40	25	21	21	64	19	38	2	89	8
2	26	63	32	39	24	3	38	23	33	25	77	5	48	23	89	99	38	31	36
29	52	10	13	96	56	81	51	41	9	61	44	44	49	56	74	32	29	28	28
19	86	92	56	89	85	10	85	67	23	36	57	21	23	24	94	94	45	79	33
48	40	59	30	9	82	23	43	23	61	69	77	2	15	27	48	11	22	62	35
54	32	32	83	23	21	87	67	65	58	47	92	46	56	90	79	48	25	18	65
14	42	17	49	73	75	6	27	16	35	95	41	65	45	69	43	39	87	77	13
86	42	14	99	56	92	89	83	7	84	46	52	95	15	15	31	13	78	19	26
83	75	44	16	47	31	4	94	6	61	7	83	13	80	90	60	11	5	42	1
61	68	17	75	66	84	34	56	82	48	39	29	31	87	3	19	84	30	74	46
96	23	88	3	10	95	24	55	66	93	3	88	57	78	94	11	62	78	89	75
34	20	50	76	25	9	89	73	16	4	49	63	10	4	60	32	28	39	48	14
32	70	71	96	84	82	29	60	10	13	14	19	55	1	66	54	54	89	48	69
22	88	23	92	21	15	24	10	97	45	84	57	82	43	62	48	72	68	66	96
52	57	93	7	99	38	11	48	32	15	4	33	69	71	56	72	51	45	5	62
15	56	54	96	77	17	91	64	70	80	9	89	8	2	89	74	29	84	97	35
78	95	65	12	63	81	21	33	9	48	4	31	73	45	77	31	63	91	24	29
27	20	5	32	24	7	38	83	39	54	47	94	82	59	6	66	67	77	40	76
33	75	86	14	71	36	62	32	3	70	78	75	46	20	75	4	96	9	58	83
1	13	33	93	87	31	17	55	58	60	49	42	25	22	94	77	42	62	42	43
95	74	29	66	27	91	19	47	66	28	42	27	99	86	96	89	46	50	60	87
26	65	3	78	86	18	31	78	98	90	94	22	98	27	84	94	33	36	35	33
52	79	85	58	88	86	41	90	40	72	77	81	49	69	23	19	95	63	94	45
59	82	47	85	21	46	49	33	82	16	31	45	49	87	47	24	52	45	57	41
45	13	55	86	42	52	34	53	33	63	18	84	75	70	83	95	47	45	88	62
20	35	62	72	26	95	53	17	16	28	55	92	24	46	49	27	31	41	18	14
22	20	86	93	8	5	12	91	84	87	96	37	30	86	7	63	59	24	80	89
9	96	26	26	22	68	88	96	5	20	61	13	48	42	70	27	22	7	6	3
29	54	82	89	21	38	2	91	31	79	14	62	79	15	73	92	52	66	61	54
22	33	99	98	19	51	55	11	21	96	78	13	56	55	42	6	1	42	47	39
39	25	56	94	74	9	44	92	36	30	59	67	45	28	19	57	2	31	90	53
61	40	19	92	49	71	19	24	69	89	17	8	35	72	53	20	68	3	88	63
37	52	49	10	40	71	59	69	84	99	62	20	84	52	57	67	27	69	94	32
27	5	26	68	74	23	16	34	28	30	21	65	7	66	53	82	27	85	28	58
82	35	11	85	80	17	77	54	18	62	10	89	60	65	15	32	50	11	66	22
47	76	64	80	96	97	47	15	21	97	47	53	40	21	2	78	84	95	57	35
7	95	24	24	37	46	39	94	52	50	11	20	38	90	11	75	97	80	52	3
44	30	74	1	14	13	11	20	57	55	4	65	50	20	12	3	62	48	37	67
4	6	62	48	79	45	44	48	74	51	69	7	1	21	86	35	17	28	70	23
33	89	38	9	46	6	25	77	37	66	97	30	71	24	19	53	95	34	90	96
94	99	67	24	49	58	55	3	40	17	54	82	3	61	80	29	64	58	82	59
97	6	27	82	25	18	32	49	87	85	17	83	89	28	68	15	95	55	65	57
49	55	91	55	19	18	4	82	51	80	93	82	14	16	64	91	48	74	10	18
47	68	44	21	91	97	18	7	17	42	50	17	17	70	68	75	14	52	26	83
17	17	47	97	58	70	69	2	91	77	19	29	40	23	22	36	17	38	13	26
14	25	87	20	46	85	59	79	20	80	79	76	62	42	81	94	2	78	49	99
71	69	6	3	79	90	12	24	39	2	36	70	6	68	80	85	7	74	46	20
21	83	79	80	47	43	55	93	27	13	57	77	39	82	92	53	23	36	50	44
53	52	61	32	43	21	16	37	44	43	53	15	1	23	4	88	40	93	38	24
67	10	24	3	19	61	97	61	94	89	48	54	68	51	52	28	99	20	62	83
88	39	16	78	72	99	43	75	28	9	17	38	6	92	47	91	34	21	30	28
25	91	94	78	50	84	90	72	87	80	37	93	22	10	74	85	72	97	68	13
2	66	95	82	16	22	41	59	13	56	27	90	2	92	15	67	73	83	31	47
2	66	29	43	37	56	11	71	81	8	7	8	10	65	31	30	86	46	75	88
84	25	19	13	25	82	11	93	23	64	45	35	63	21	61	47	61	39	10	93
63	79	4	63	98	2	86	1	26	59	98	60	89	43	9	72	85	50	62	66
73	44	55	10	93	82	69	70	64	89	35	30	80	65	32	49	60	50	49	98
86	53	23	87	44	2	38	62	52	31	26	80	81	18	4	47	81	31	87	32
44	16	46	90	14	80	83	79	56	58	53	84	77	55	25	39	93	49	86	83
56	72	40	30	60	14	24	16	56	9	84	48	98	65	28	72	62	43	5	11
42	63	15	37	7	70	65	87	95	31	30	68	13	81	35	98	16	27	82	81
50	4	19	3	54	65	65	76	80	57	95	33	85	47	4	82	96	19	97	14
31	90	17	80	86	97	1	5	3	47	50	98	76	78	41	20	99	62	8	66
74	15	26	71	83	55	78	18	23	90	49	70	68	13	65	57	84	8	40	3
84	50	29	55	50	34	13	78	12	80	95	85	31	87	50	3	68	76	9	11
8	84	43	7	35	70	99	48	18	45	10	34	14	86	85	43	24	59	45	18
18	93	46	92	47	18	5	10	2	70	38	98	43	54	90	66	37	66	15	49
75	35	17	51	69	99	15	38	39	39	17	44	4	80	59	86	69	56	74	59
74	29	69	17	22	36	81	50	43	61	42	38	47	91	34	46	74	12	81	55
13	40	83	54	50	18	58	59	12	31	13	9	47	49	11	28	49	74	19	4
23	6	8	19	38	69	13	59	58	63	99	65	37	68	68	96	50	89	17	43
54	93	36	70	96	90	20	51	55	43	46	35	93	75	51	67	28	21	4	13
76	74	53	86	3	94	7	4	54	45	24	5	27	48	61	89	33	3	38	56
18	44	78	23	65	57	9	13	46	12	1	9	29	7	89	98	11	2	93	52
50	53	76	81	59	27	24	34	60	86	51	78	94	99	46	11	88	95	42	37
46	28	49	1	59	83	25	21	25	37	84	52	17	37	20	68	56	10	59	8
8	78	45	29	69	6	46	63	53	24	42	99	64	18	55	32	3	71	49	73
1	73	16	6	2	87	92	79	72	76	55	36	60	59	5	66	21	57	48	81
68	34	49	16	46	98	20	12	76	83	64	72	48	70	52	27	83	70	57	30
27	55	84	42	30	43	30	82	84	41	94	19	98	96	71	53	26	59	28	56
74	99	90	75	12	56	92	64	40	32	85	2	9	77	52	17	33	68	23	56
64	9	83	59	85	14	84	18	81	59	27	62	21	99	89	9	59	98	64	39
15	81	2	60	93	13	95	29	77	70	99	86	45	1	45	36	31	4	33	37
68	64	71	51	70	99	26	43	72	9	53	33	20	40	34	82	91	55	33	91
10	92	55	24	18	11	54	57	24	28	44	97	73	51	7	69	59	21	74	25
12	63	65	49	67	95	40	17	81	74	89	99	98	22	85	63	52	73	23	61
29	10	64	48	52	77	36	87	64	11	59	60	20	20	19	10	31	93	6	22
19	53	49	32	87	34	3	1	34	41	3	22	24	42	68	74	60	19	42	35
88	77	80	45	76	52	94	39	61	66	41	32	87	39	89	25	14	75	87	92
38	74	79	6	94	89	46	98	42	94	9	19	14	28	95	39	88	2	47	68
8	15	29	45	38	48	12	19	49	24	67	36	63	3	62	55	74	22	95	78
83	79	22	69	97	51	18	90	99	89	15	81	23	95	18	61	26	43	75	90
58	12	56	43	74	65	14	95	43	53	65	75	85	89	67	30	40	73	40	77
6	95	41	11	61	76	55	54	81	58	81	47	59	3	52	88	21	60	30	15
66	1	18	53	8	50	37	21	26	57	70	76	92	92	67	24	38	62	50	71
7	34	27	47	6	51	10	78	71	82	95	96	34	35	33	80	10	53	68	9
82	74	30	60	89	98	87	64	46	2	21	38	94	28	52	88	32	83	27	59
66	49	33	67	45	24	36	59	15	43	52	68	67	68	85	4	30	9	22	72
30	21	3	65	74	55	46	65	39	57	27	2	72	35	38	86	83	65	28	58
41	35	77	20	59	71	21	82	62	30	82	78	80	66	92	65	15	86	19	72
36	4	88	11	47	13	81	53	7	99	37	67	59	7	67	46	29	66	27	27
49	2	7	39	49	80	71	82	48	17	61	52	16	37	8	35	65	3	59	19
27	44	79	26	58	62	36	55	26	64	59	22	37	23	13	74	78	26	48	57
92	85	76	40	79	11	31	64	91	60	28	60	2	75	47	82	27	21	95	8
39	99	56	40	27	7	76	18	75	14	96	48	48	70	11	43	82	20	1	5
94	48	81	45	63	19	74	75	41	8	20	86	93	22	84	18	76	61	27	38
25	97	59	54	63	36	41	37	50	95	11	81	6	52	37	71	45	48	69	78
68	60	1	52	49	22	33	4	80	20	83	51	29	38	15	16	14	51	78	32
12	44	40	29	44	97	34	66	68	66	33	29	38	82	76	91	37	93	27	10
6	34	18	26	14	88	37	15	12	79	42	9	16	95	50	78	18	64	75	10
9	32	59	22	57	96	4	80	87	82	72	17	94	81	75	67	12	37	97	44
28	11	63	50	4	70	40	55	14	5	83	28	23	12	45	83	8	62	80	45
26	28	84	21	29	18	39	37	41	86	41	15	19	83	69	40	24	21	78	65
39	39	73	72	77	20	98	82	73	76	48	45	77	71	68	51	68	48	48	80
62	47	39	45	73	62	15	97	62	43	1	3	75	45	23	88	1	44	3	31
23	76	29	59	96	25	95	64	30	90	40	72	29	29	66	66	30	95	60	53
87	91	13	75	68	42	81	36	31	64	99	90	22	57	42	98	49	35	21	79
30	89	62	29	13	59	13	37	36	14	77	57	80	47	94	32	23	80	37	44
78	17	85	88	24	68	41	41	85	45	63	67	19	14	2	88	70	83	92	39
44	58	46	93	74	11	84	34	39	64	13	73	40	20	89	53	2	30	31	2
86	75	82	70	29	35	58	25	22	10	26	85	41	4	5	41	99	25	60	32
91	40	62	90	75	5	13	89	9	78	62	21	4	14	24	97	29	79	92	30
48	22	43	35	53	12	59	98	26	45	1	21	36	68	68	75	18	29	41	41
92	33	40	72	97	58	89	54	82	24	58	17	5	55	86	90	25	41	69	29
53	79	9	1	53	90	76	20	78	49	76	70	60	13	54	53	89	36	20	90
14	48	33	32	56	84	30	21	31	31	53	55	10	75	67	2	63	34	31	81
9	19	29	62	99	96	8	87	59	95	28	81	57	24	41	26	65	37	39	15
14	6	79	81	77	83	70	71	62	27	27	27	11	58	28	41	78	75	40	4
11	33	48	4	62	56	49	19	64	63	96	31	24	91	45	22	51	35	84	17
50	51	94	17	65	23	93	92	91	93	47	35	57	78	34	71	86	41	29	50
98	15	89	51	43	81	7	80	91	77	25	87	67	26	94	39	3	32	79	77
71	51	71	1	19	54	51	93	50	35	8	16	77	58	3	31	4	72	83	58
9	6	99	70	71	28	24	39	31	45	63	81	27	99	28	50	73	35	55	33
88	65	52	66	19	1	49	55	49	86	33	93	2	38	3	82	51	9	74	45
13	68	90	36	62	65	84	66	32	15	99	96	25	10	44	80	90	91	24	43
94	91	14	14	86	25	25	74	29	79	18	43	43	78	22	11	93	79	4	86
16	56	6	91	61	48	70	56	73	45	75	88	48	13	55	36	44	41	14	67
92	86	60	35	8	83	1	10	14	63	38	16	61	82	6	77	33	84	93	92
12	77	79	33	17	4	23	87	73	99	8	44	28	20	36	97	60	7	94	8
30	59	81	43	29	49	15	32	52	18	98	12	68	66	56	39	41	63	95	10
17	49	62	71	78	9	81	87	24	37	80	31	68	12	36	88	96	44	81	54
99	20	74	73	23	70	60	28	27	62	53	87	58	13	31	33	60	69	53	27
13	69	90	63	78	12	40	57	6	69	46	74	20	10	63	55	28	46	13	60
74	36	62	72	90	88	92	53	84	39	61	76	46	2	76	83	26	47	65	19
92	21	90	58	37	5	63	64	59	23	47	96	26	92	55	80	38	61	87	35
3	87	44	24	82	79	75	81	20	57	93	86	50	40	47	99	98	3	38	43
71	96	22	56	87	11	27	50	50	51	71	55	52	81	61	36	42	30	75	72
16	76	89	95	19	58	56	29	3	15	94	46	61	22	91	71	35	34	29	80
84	82	76	62	88	71	26	58	35	92	38	44	20	39	67	82	5	81	85	4
34	73	82	58	83	57	33	23	46	6	47	3	2	91	81	69	35	1	55	89
35	82	56	88	49	84	42	35	30	89	26	85	16	64	49	22	27	71	25	90
36	61	11	92	63	60	7	68	76	53	46	42	53	22	82	88	35	61	6	85
56	37	80	65	81	98	87	67	2	39	86	56	94	72	59	83	24	32	78	9
61	11	89	94	71	22	34	94	83	16	79	62	3	58	46	9	63	90	42	12
90	24	70	54	9	37	90	98	72	98	51	69	79	59	6	31	74	2	30	30
49	50	60	23	62	85	47	29	33	62	43	71	35	1	25	97	32	34	79	31
61	47	56	79	43	9	9	38	34	96	37	23	71	28	26	9	75	41	36	77
9	68	69	7	12	60	11	19	87	65	60	27	7	92	2	89	71	25	78	10
30	39	78	30	77	75	35	60	82	38	63	10	64	13	19	57	70	70	97	63
97	37	34	3	9	55	42	70	59	92	74	99	90	66	80	46	46	60	54	50
83	98	43	89	19	82	93	83	49	83	55	92	8	59	49	97	98	22	13	56
99	52	48	82	60	74	2	5	69	74	22	74	47	81	84	88	58	40	48	51
1	84	83	81	68	34	49	28	82	64	77	15	91	71	65	62	67	81	75	59
84	52	14	75	69	38	37	15	92	61	25	75	45	76	35	55	72	92	32	44
90	98	54	39	33	60	34	65	32	54	50	37	83	71	92	5	7	35	77	78
84	22	36	4	2	78	65	77	55	78	5	28	75	77	8	99	65	48	91	5
1	69	62	12	4	34	71	45	50	2	91	72	59	5	74	98	43	36	26	60
98	71	86	51	76	32	48	39	2	56	74	88	14	28	49	80	13	46	81	39
28	89	10	42	85	82	47	35	30	52	4	38	77	9	33	23	91	6	35	57
63	84	18	94	5	71	6	15	89	40	13	34	76	19	70	3	2	28	12	45
25	87	54	93	4	89	93	97	71	26	42	47	29	19	91	25	45	70	69	21
65	55	1	40	19	6	45	41	74	37	1	9	12	55	52	83	65	4	77	49
24	61	61	43	9	11	9	15	67	10	47	78	1	78	80	97	87	63	82	82
86	57	97	36	89	32	31	50	53	45	3	55	75	11	58	50	22	40	89	51
90	15	62	87	57	61	59	2	62	56	25	23	79	92	86	53	49	35	4	53
43	87	69	54	52	51	43	59	22	24	48	71	24	11	84	76	22	15	69	66
81	28	97	73	54	81	48	82	21	13	16	55	70	50	64	98	49	45	68	8
41	26	60	42	39	13	13	1	18	86	76	51	10	29	88	11	62	55	28	77
32	11	33	46	42	55	16	10	31	94	87	18	30	34	75	74	41	94	62	78
77	58	91	57	73	73	41	31	55	18	85	40	79	74	66	27	45	51	69	21
88	10	29	24	88	17	2	15	49	80	82	88	36	14	61	42	98	22	70	97
33	13	90	38	9	95	79	81	60	31	38	52	39	12	12	5	10	92	51	23
10	80	8	54	53	31	49	86	55	71	36	21	46	95	55	87	46	50	38	64
72	59	70	56	54	41	53	20	81	29	84	91	35	57	81	58	64	69	75	66
92	7	24	32	85	99	45	41	9	33	63	63	29	19	28	70	76	79	37	85
78	41	21	75	5	52	94	50	35	41	40	77	93	63	22	53	4	43	30	67
57	29	68	2	37	16	31	63	33	92	53	34	42	34	9	98	86	20	89	38
62	44	15	72	29	73	43	97	15	90	18	44	31	1	59	87	46	35	69	96
64	70	50	71	69	49	90	45	42	29	3	49	6	27	87	15	54	50	65	91
48	82	70	5	66	80	61	80	48	71	13	40	46	50	87	51	94	46	20	47
13	70	72	20	50	38	98	40	18	13	20	1	93	67	84	7	71	64	48	66
80	33	19	73	73	93	46	11	31	3	83	67	73	72	41	30	43	98	56	27
50	92	41	91	93	73	27	46	51	90	2	99	77	69	97	19	66	33	73	52
65	40	23	94	67	90	73	32	73	69	21	22	68	18	40	3	55	21	67	33
22	20	9	30	98	52	26	99	82	75	54	67	96	73	45	52	28	6	13	80
81	3	66	19	92	41	48	63	69	6	6	3	94	40	98	64	30	21	64	7
67	38	64	49	69	82	40	4	4	7	45	83	57	50	13	43	13	63	83	98
23	60	89	34	34	4	51	78	84	30	22	5	34	69	99	89	12	21	17	76
42	59	97	43	50	2	20	33	59	95	22	92	51	37	8	10	91	77	32	53
31	52	96	8	60	72	60	59	3	25	10	73	52	67	98	85	53	25	90	53
98	98	76	78	5	6	13	85	59	15	73	21	19	55	98	8	63	62	92	32
65	8	98	22	52	49	91	29	38	69	75	39	17	84	68	85	71	94	86	69
18	61	47	7	29	72	57	98	81	96	4	33	58	28	40	65	42	22	53	5
85	53	17	34	50	29	34	72	42	25	99	94	98	84	56	46	87	42	15	22
72	63	18	71	35	83	47	70	28	11	72	36	64	21	39	30	33	89	87	17
64	88	83	10	28	17	50	58	33	43	29	99	47	94	35	14	98	97	35	38
74	30	67	12	63	63	18	10	90	80	72	31	31	93	42	98	48	69	37	59
97	42	93	57	78	43	10	57	7	66	17	2	30	78	1	86	10	14	16	35
83	78	23	71	83	49	4	41	29	53	97	81	42	96	32	46	75	99	18	47
6	10	14	35	69	44	37	87	22	9	33	8	60	52	16	1	17	34	2	50
39	44	49	52	2	13	54	54	93	43	59	32	31	28	87	29	59	5	98	45
42	65	77	52	93	15	99	78	18	57	38	59	43	50	74	31	2	93	76	88
10	94	41	66	86	81	69	44	45	63	93	62	63	96	71	22	92	7	98	13
84	3	87	21	5	52	40	60	24	54	94	47	25	38	64	56	29	96	49	99
4	72	99	6	60	58	33	58	3	30	69	57	77	61	55	69	59	81	93	51
34	24	31	4	7	95	49	74	93	82	21	60	87	6	79	61	33	94	99	70
55	59	63	32	53	82	99	62	42	75	88	12	36	19	37	39	46	86	42	30
16	33	28	14	25	74	74	99	15	47	11	79	29	18	37	31	78	60	52	45
17	60	74	54	41	33	35	17	90	38	1	57	8	16	21	87	19	11	32	10
9	84	8	3	18	40	68	51	25	66	97	49	29	91	29	36	43	13	55	81
66	74	84	96	39	27	3	23	30	18	71	11	96	74	30	66	64	33	65	75
2	80	57	72	91	84	97	11	89	81	37	98	45	64	36	87	18	46	62	7
4	32	59	14	86	50	62	4	4	81	53	74	2	19	6	29	50	40	25	23
61	23	26	76	3	10	89	4	6	14	83	24	11	19	91	15	93	47	91	84
44	76	63	43	68	72	17	91	78	38	64	30	84	10	53	40	20	26	29	12
28	17	23	23	98	55	65	94	11	34	41	82	21	89	82	56	73	73	82	89
29	76	92	25	90	5	88	80	50	1	12	83	12	63	63	63	19	61	9	17
19	97	13	19	44	50	30	46	5	70	67	32	2	94	88	25	48	78	91	73
1	82	68	56	22	16	78	45	4	57	91	72	13	45	39	62	5	90	71	51
57	66	39	2	39	99	19	59	22	15	52	40	34	29	10	68	1	43	79	16
4	20	32	44	20	45	31	84	51	52	84	90	36	15	49	34	16	66	23	74
53	15	97	40	1	98	91	16	69	3	16	19	17	29	73	29	83	41	83	14
38	9	57	41	73	51	82	64	4	62	84	19	64	51	14	78	83	50	72	63
96	69	43	25	9	88	70	55	43	98	81	78	23	73	32	5	55	13	55	57
68	90	90	95	72	11	31	12	47	55	64	91	25	81	8	27	51	92	84	63
28	59	94	59	42	61	62	50	11	65	9	89	5	12	7	93	81	85	23	75
29	56	19	73	40	13	28	53	94	26	26	33	90	20	83	33	10	10	7	34
30	17	13	40	41	69	87	85	34	33	38	39	47	76	96	83	96	95	89	79
11	93	76	38	56	12	44	29	50	99	91	29	56	55	41	75	94	79	80	16
62	80	52	95	37	22	89	84	75	87	16	79	34	74	62	13	79	39	90	51
89	80	37	72	63	17	72	17	15	22	96	28	62	1	42	45	46	53	63	3
15	74	85	34	66	14	23	36	42	87	99	78	76	78	94	33	39	66	10	39
74	75	62	40	80	14	32	84	35	59	14	65	98	71	86	92	23	32	76	10
43	62	25	17	11	70	28	6	92	33	46	63	86	41	46	47	99	77	7	20
67	80	48	35	65	92	38	4	64	75	37	54	51	47	42	67	5	77	44	41
9	11	34	30	92	14	28	78	74	20	46	82	89	71	79	63	20	35	64	10
53	34	96	44	72	5	61	18	54	9	43	83	17	9	75	96	86	47	38	30
70	8	17	78	22	68	72	94	54	97	98	90	44	36	27	51	61	7	75	59
62	50	82	24	58	66	76	98	67	67	9	20	57	59	67	92	34	87	46	75
59	58	7	9	88	54	8	99	35	51	38	63	14	89	49	69	22	83	13	97
62	57	14	91	79	35	72	76	73	13	10	18	99	75	69	58	41	96	9	67
5	68	14	17	59	19	46	94	70	87	17	27	34	44	26	55	55	1	58	59
44	78	33	29	42	69	3	19	21	14	36	43	16	8	73	25	60	64	62	31
40	21	63	87	54	28	69	92	63	54	97	45	85	47	74	60	47	19	73	28
51	28	80	27	71	1	74	66	97	63	64	97	53	31	25	75	42	29	98	2
86	71	80	70	76	4	16	10	95	9	86	2	70	81	98	36	79	12	79	85
61	97	73	28	32	25	41	53	73	37	54	10	3	77	77	23	4	42	33	92
61	32	22	3	63	44	77	11	13	58	67	40	29	67	19	16	14	41	33	12
63	96	25	18	54	1	47	37	55	36	72	89	73	78	81	86	56	92	14	69
52	46	39	66	10	62	62	55	52	24	54	8	87	69	16	12	55	90	64	26
96	63	59	36	20	30	95	22	83	13	50	76	74	35	97	47	63	38	39	8
4	70	81	60	5	74	7	64	37	98	26	21	59	38	88	50	30	11	39	30
73	90	90	52	53	27	93	87	19	33	90	46	73	17	20	41	73	50	70	70
56	31	59	7	57	41	94	97	44	61	4	65	53	93	99	87	75	47	65	4
71	90	14	19	11	5	18	40	80	44	47	86	21	34	47	39	66	99	43	27
55	67	89	5	12	67	72	75	94	39	35	54	98	82	41	71	26	33	48	61
55	71	86	25	42	20	50	77	75	19	55	54	2	96	13	79	42	57	6	10
18	80	23	55	43	41	6	67	55	52	53	51	90	71	66	86	51	54	23	57
91	16	39	65	2	35	72	14	14	50	48	65	1	24	80	91	2	90	11	68
86	57	97	73	18	46	7	88	79	86	28	88	36	87	44	64	32	57	33	30
4	90	95	99	45	83	42	45	73	22	41	56	85	33	40	80	93	91	79	91
97	81	87	62	44	88	24	91	4	73	6	13	70	49	89	27	28	35	21	29
99	50	14	16	97	77	55	52	50	84	40	7	58	57	88	34	87	17	2	69
85	69	44	85	50	29	86	72	87	57	91	46	43	40	29	64	24	38	83	26
78	14	1	66	31	6	41	61	97	91	1	48	1	53	78	1	64	8	25	79
9	13	66	73	80	27	32	42	47	82	48	88	74	34	41	70	26	41	3	57
98	88	75	47	10	84	31	32	68	25	27	66	7	70	73	71	4	7	25	59
84	86	78	87	46	41	28	46	10	34	55	68	45	6	63	93	21	24	2	28
2	88	51	57	80	32	88	83	66	17	65	40	21	68	15	8	87	99	89	16
34	73	19	6	9	39	40	31	97	39	53	96	45	51	28	64	8	97	25	71
88	39	45	35	62	45	97	88	13	70	67	40	95	14	50	6	59	88	9	3
97	59	19	9	29	38	64	67	71	57	63	74	10	64	13	96	90	39	14	39
73	7	25	95	15	17	38	20	1	94	28	85	81	39	66	5	91	66	4	29
87	58	44	76	59	57	54	69	8	80	86	89	62	22	38	24	15	30	93	79
40	16	28	91	42	87	1	71	35	34	55	7	45	57	49	99	28	76	35	88
79	66	99	43	7	69	53	22	69	23	81	30	85	59	76	26	21	27	64	25
92	68	12	76	4	98	19	61	94	48	19	31	89	83	36	69	52	23	20	71
12	26	37	53	58	76	82	2	56	10	93	62	64	59	24	22	80	24	15	92
35	83	77	25	6	24	57	37	81	5	89	20	72	25	25	24	64	61	12	43
82	36	52	59	47	89	75	62	75	8	36	69	74	97	15	73	19	16	82	11
18	26	44	20	74	33	30	44	33	92	37	96	55	3	53	13	85	58	36	8
39	46	50	46	25	80	72	91	64	47	47	1	90	35	51	61	89	70	60	89
87	50	70	78	45	70	48	46	28	1	75	42	81	57	70	11	63	64	96	80
2	18	20	86	75	99	98	25	16	4	72	84	5	36	17	5	38	2	88	79
31	82	31	88	80	85	57	81	13	72	95	91	95	40	22	66	71	29	24	86
47	27	93	50	49	32	26	68	32	95	84	8	78	82	59	55	3	36	49	4
26	28	25	2	8	38	38	52	90	81	73	61	24	92	12	30	6	41	24	7
31	95	16	52	46	1	48	6	59	99	14	80	70	99	45	15	53	11	59	87
36	57	52	97	55	68	44	81	56	7	95	1	60	41	53	89	59	20	40	20
1	95	13	67	88	14	74	87	89	58	36	56	94	20	38	89	91	27	23	90
26	47	72	49	86	70	88	72	94	18	88	59	31	92	27	69	63	39	19	68
78	66	45	84	20	71	26	84	9	62	21	6	57	61	69	77	66	52	48	69
44	37	48	19	77	56	88	4	98	14	45	5	83	40	86	87	9	74	8	48
30	19	10	35	17	17	27	30	10	52	12	6	16	37	49	88	38	94	10	59
55	13	6	44	45	29	44	54	86	93	9	41	98	46	39	14	78	89	87	73
64	88	71	12	68	90	53	97	38	54	75	1	53	15	77	6	35	23	33	42
52	53	90	61	70	20	30	26	83	8	71	35	7	93	54	57	18	45	28	69
23	31	12	30	19	42	16	74	69	14	76	91	23	44	94	48	90	63	14	32
35	45	58	72	39	82	55	53	14	18	15	45	47	21	82	96	82	98	70	44
69	78	61	33	6	43	59	74	78	83	36	53	97	30	35	17	8	47	61	45
91	1	12	84	47	49	62	78	46	57	24	3	87	64	48	34	36	78	27	54
70	86	79	6	3	73	74	69	75	46	43	37	76	75	82	79	16	62	55	87
4	20	77	2	92	34	28	40	28	90	63	12	30	40	21	40	55	87	92	67
72	35	69	52	34	10	99	64	48	39	28	36	99	84	90	37	67	65	56	93
58	74	55	17	70	5	30	23	50	79	52	22	29	67	8	64	97	60	37	42
35	57	45	27	32	88	84	10	67	46	78	78	47	65	1	41	62	51	64	35
32	15	96	57	44	12	83	19	87	68	55	70	45	22	71	30	53	74	41	19
64	79	54	34	81	50	96	28	19	49	5	83	24	60	26	47	26	68	13	11
40	68	33	92	77	31	95	21	51	78	43	23	25	4	57	61	64	73	28	27
3	59	94	40	28	94	66	96	99	87	1	37	81	9	64	81	94	7	85	40
4	46	65	54	58	2	32	41	65	67	72	4	72	82	95	5	3	88	94	66
7	65	85	11	99	40	66	56	45	92	91	26	77	95	13	94	60	73	20	96
24	74	5	10	84	96	63	57	65	70	31	2	99	71	20	23	8	58	10	17
92	76	65	53	86	16	32	71	95	43	29	38	17	16	50	8	68	64	92	21
31	68	75	35	70	56	83	65	24	39	94	40	51	69	26	10	18	96	77	35
49	10	68	61	94	13	1	86	31	98	17	40	64	5	13	69	63	41	1	17
79	19	51	66	17	80	97	14	41	89	10	76	22	83	16	27	58	43	47	69
16	26	14	49	4	2	37	69	81	97	58	92	25	31	19	3	28	81	82	68
26	39	43	79	10	36	57	19	67	65	57	90	47	71	56	80	43	10	90	11
74	64	59	94	63	22	33	87	72	73	67	66	17	7	22	3	59	76	79	99
93	50	63	46	49	99	33	81	60	43	61	10	98	46	98	20	69	3	99	48
80	25	93	80	58	68	85	97	35	17	67	6	19	20	51	6	55	74	26	82
49	9	17	24	61	82	7	76	34	63	71	14	33	9	14	69	24	69	70	61
22	28	70	43	33	69	69	39	65	51	92	37	21	70	88	7	86	25	66	53
57	19	88	40	71	29	39	74	18	46	8	31	80	17	5	7	97	19	27	94
96	47	49	82	11	27	35	30	18	73	88	40	95	50	73	10	11	89	27	56
74	55	37	37	37	42	3	47	67	25	76	46	58	6	23	4	19	79	29	45
93	9	94	69	14	28	72	61	68	34	74	43	92	91	73	5	70	39	33	54
91	26	47	12	4	72	67	13	91	15	21	97	67	86	18	28	87	93	92	39
81	22	81	50	6	43	36	15	90	47	17	99	48	26	85	91	88	64	9	33
18	67	96	51	83	89	95	27	99	5	93	83	70	54	48	27	60	97	17	58
10	69	78	80	91	94	96	2	71	61	40	47	86	60	15	53	46	75	51	91
22	19	83	25	34	34	11	49	60	82	68	66	93	21	28	99	1	61	79	94
91	89	64	3	42	95	89	97	91	70	16	47	53	2	50	17	33	18	9	94
10	61	65	10	23	27	27	40	84	7	48	22	75	99	5	70	19	63	48	51
89	81	8	97	22	89	25	76	41	22	49	48	87	1	14	96	9	1	61	95
13	18	71	9	33	25	88	31	6	74	48	54	33	72	27	88	4	32	85	61
19	99	71	59	3	29	1	43	46	12	13	38	12	28	25	65	66	80	28	72
39	56	16	24	25	42	70	92	29	92	2	17	45	39	86	59	93	47	59	96
74	29	89	83	94	54	74	32	68	16	56	50	83	63	92	57	62	72	97	48
70	55	88	81	34	5	89	8	38	39	51	10	63	37	5	59	22	87	2	43
66	64	66	84	1	18	70	94	87	47	55	5	11	13	77	7	66	81	57	42
50	14	33	39	26	28	15	96	28	90	28	22	98	33	49	3	22	28	2	19
13	59	40	82	45	87	91	8	55	76	34	59	39	37	75	17	94	22	74	85
96	59	9	44	22	28	61	82	95	53	63	28	57	55	12	38	80	56	13	53
31	95	86	92	84	19	4	56	67	7	61	40	44	24	24	43	8	47	83	17
4	22	96	70	22	84	13	38	32	73	49	83	32	6	62	54	78	39	20	65
34	63	44	21	84	52	35	13	47	21	78	74	33	96	70	72	41	87	66	83
89	70	86	25	11	17	51	66	40	31	6	32	58	16	8	99	57	58	22	67
54	67	29	11	35	55	40	81	17	99	27	44	55	64	64	52	46	28	87	14
20	6	73	64	25	91	24	24	66	70	45	70	7	68	69	43	86	56	65	18
85	57	53	19	68	69	76	84	7	89	16	23	29	88	35	56	88	8	55	59
33	10	6	28	31	54	44	83	35	11	47	84	24	44	52	15	47	96	96	75
3	7	94	87	68	60	53	76	5	60	91	67	77	52	98	9	60	27	10	27
22	46	64	8	95	1	85	7	98	19	92	26	30	70	8	9	28	14	14	10
81	77	61	36	18	23	9	12	65	8	8	71	96	98	81	76	69	70	85	55
1	75	90	11	81	61	78	46	30	15	22	67	66	29	48	5	89	82	54	92
26	72	98	38	92	51	17	87	97	2	96	39	80	28	64	91	37	7	5	27
15	77	6	54	33	55	84	80	8	61	96	76	51	18	43	94	87	13	4	40
37	82	70	83	72	54	4	23	67	31	5	78	75	72	83	15	20	83	52	95
47	85	97	6	19	33	22	36	84	91	20	38	74	55	62	40	66	90	93	6
87	96	75	88	79	53	17	49	67	20	87	5	92	25	65	17	32	41	90	92
24	96	97	42	58	92	91	16	2	95	41	73	28	17	6	25	63	86	32	91
24	88	75	78	67	36	55	50	49	30	65	5	12	69	97	98	58	13	15	57
86	1	62	23	39	49	1	55	12	95	10	81	74	69	91	65	9	23	7	25
14	4	2	47	61	61	13	63	42	72	71	2	33	53	7	39	57	61	36	98
22	68	8	66	61	88	48	92	80	91	12	17	55	1	47	17	66	61	50	65
80	50	78	22	94	26	98	96	54	77	41	65	63	65	66	4	88	74	77	4
73	19	19	19	85	12	23	94	60	13	5	62	28	55	45	2	99	91	52	35
87	65	67	74	96	90	10	41	57	62	97	77	64	85	26	71	49	45	83	79
29	48	8	45	36	5	39	92	60	66	27	82	59	5	44	63	59	59	69	26
13	70	4	18	64	20	66	3	21	45	33	25	81	69	24	59	28	7	57	31
7	70	30	92	90	81	18	4	98	37	54	85	44	49	12	39	57	41	44	2
30	1	7	3	87	25	11	68	38	32	66	52	60	96	27	57	50	4	36	22
60	47	87	71	88	38	50	6	9	9	84	17	88	85	97	3	81	62	25	3
38	26	83	42	64	6	43	11	91	70	90	89	21	31	63	33	35	74	16	2
54	62	95	72	36	18	1	11	40	40	89	1	16	47	8	89	85	37	39	12
87	33	12	30	74	83	39	38	76	66	32	86	62	45	48	27	5	76	86	51
26	2	6	11	25	1	62	60	88	64	62	4	61	21	52	71	66	93	21	91
55	61	54	19	11	47	65	55	12	6	14	12	32	62	76	61	2	17	74	84
90	36	40	52	32	51	35	33	1	76	18	38	24	46	38	26	89	57	62	58
4	81	26	45	57	96	47	45	81	57	10	62	57	9	96	87	46	35	22	85
87	41	96	3	70	50	78	32	99	65	97	9	44	73	9	99	9	58	68	5
57	64	90	21	13	15	76	60	36	54	90	80	33	75	49	11	77	44	7	28
57	19	85	79	28	71	55	22	4	26	16	86	77	35	31	76	82	15	17	80
50	18	50	49	12	91	83	10	95	71	17	9	54	81	27	12	39	35	26	33
14	71	7	94	28	78	59	65	3	1	84	14	41	18	81	1	13	33	9	13
94	14	50	3	4	43	16	33	15	43	99	28	90	57	91	18	8	54	86	23
94	72	54	40	48	88	4	26	42	88	45	76	59	48	73	51	18	65	72	43
19	46	61	21	78	20	35	47	75	24	11	57	85	1	6	97	43	1	81	3
66	6	95	29	4	86	47	43	37	54	65	89	57	94	99	84	44	97	70	88
22	73	67	54	28	69	31	98	34	76	66	41	86	21	1	42	29	76	14	88
36	68	5	80	55	69	96	80	89	18	96	67	18	24	64	59	58	42	43	47
47	58	36	6	89	66	89	97	45	83	48	96	81	16	8	64	73	14	24	66
21	1	57	48	41	81	97	14	82	72	74	55	98	29	81	3	86	29	27	69
19	50	62	25	46	61	14	71	64	58	39	20	94	5	82	90	17	83	78	50
93	16	72	70	93	86	35	33	95	93	94	31	12	80	93	20	53	37	96	53
33	19	64	76	3	67	4	38	30	30	37	12	34	81	27	8	49	33	33	24
7	47	66	54	38	9	63	8	52	67	36	6	17	71	25	42	66	20	18	50
71	98	66	22	94	63	22	78	80	19	68	37	23	2	85	22	65	74	28	59
71	24	97	46	84	81	52	78	41	68	76	48	78	39	93	96	76	47	9	55
86	30	17	52	6	85	54	24	35	42	65	86	29	45	96	93	18	60	97	43
67	13	37	76	49	3	31	48	61	1	49	14	35	94	94	41	91	36	12	91
49	3	74	56	16	28	45	70	21	93	73	48	4	44	3	88	55	32	26	43
68	83	95	90	48	15	68	43	90	88	57	25	99	16	52	65	79	56	74	12
57	78	26	42	14	85	82	77	37	88	65	19	53	86	70	62	79	96	79	59
15	17	68	98	37	93	36	66	27	55	28	90	15	5	44	99	44	3	74	54
15	98	59	10	75	1	6	26	8	14	83	38	28	15	75	56	29	41	72	66
5	70	66	85	1	46	37	70	80	85	14	50	47	67	23	19	44	72	65	38
13	57	37	48	7	39	6	55	54	85	11	3	51	80	67	61	14	68	53	10
28	84	11	98	75	16	11	82	31	17	87	17	26	1	83	64	9	86	18	75
97	19	57	58	16	48	58	91	23	23	86	50	34	5	22	76	56	66	11	30
64	53	1	89	60	9	92	34	74	89	12	84	12	56	83	82	6	26	3	45
26	30	31	65	59	8	58	79	52	16	97	14	77	24	29	64	47	36	48	47
8	91	90	32	90	26	40	99	65	58	62	84	89	11	89	33	44	49	16	19
83	78	4	73	4	37	25	74	67	74	50	36	47	30	22	27	67	83	6	18
5	2	87	61	11	99	99	65	28	76	82	51	28	92	69	29	88	18	26	74
6	27	57	32	82	50	34	74	58	71	49	32	58	7	37	37	39	88	29	82
45	22	66	12	97	66	46	18	90	87	77	7	51	83	85	34	16	76	71	94
51	40	13	8	48	66	35	13	42	5	94	8	88	64	97	88	8	65	77	82
68	23	90	83	38	56	40	53	99	91	14	14	14	91	17	10	46	99	98	71
65	46	42	61	85	58	46	35	29	74	41	75	19	29	28	49	43	25	56	33
67	42	83	94	72	97	18	69	83	31	72	45	47	20	98	22	61	82	4	51
12	39	2	55	89	55	78	39	63	94	30	35	69	30	66	57	98	16	37	45
95	14	18	50	51	88	36	38	2	8	87	22	38	29	71	19	35	22	55	8
25	44	84	50	41	13	85	85	42	2	11	86	91	98	60	75	33	52	35	44
23	7	46	88	28	6	18	34	4	26	38	60	48	90	21	61	92	68	59	17
99	20	80	97	69	28	31	17	74	54	26	58	75	41	38	16	71	28	85	29
89	41	77	75	99	38	28	55	26	48	29	59	49	66	78	13	12	58	75	33
78	49	40	66	86	98	63	9	88	97	15	45	29	89	42	87	19	86	71	84

1	1	11	15	4	6	20	4	13	2	15	2	10	1	7	17	11	18	15	2
13	9	20	4	3	6	8	12	10	16	10	11	2	12	8	16	2	20	2	11
1	7	12	20	11	9	17	6	19	7	4	7	4	16	5	14	20	15	19	10
5	3	16	17	17	14	12	11	4	7	4	16	18	13	11	4	9	19	14	12
3	3	13	1	12	5	5	5	5	2	7	13	3	14	4	7	19	9	11	18
4	1	12	8	10	5	19	3	16	17	14	5	7	6	14	4	3	2	18	2
16	11	19	12	3	11	10	9	2	3	9	18	15	13	1	11	8	16	19	3
7	7	16	4	16	6	13	5	2	11	8	8	11	18	11	15	5	15	17	3
18	16	4	15	3	20	14	10	7	13	10	6	12	9	1	17	7	10	20	5
2	15	16	10	9	14	17	10	7	11	2	9	7	10	7	1	20	7	10	5
9	9	17	7	17	3	18	20	14	14	10	12	9	2	20	1	2	5	1	18
17	4	14	13	17	18	17	5	12	15	11	12	10	3	2	2	20	20	1	10
14	4	15	17	7	9	15	6	17	16	17	15	19	19	5	9	16	4	11	14
20	5	4	15	9	11	16	10	13	11	19	11	6	14	1	16	4	9	2	16
2	4	15	5	11	1	10	3	5	11	17	19	14	14	7	11	1	2	3	3
8	17	14	15	12	11	9	15	5	1	18	7	6	13	15	18	5	15	4	2
20	20	6	2	7	13	19	18	12	8	11	6	16	7	20	18	3	8	15	4
20	18	16	2	5	2	9	17	1	5	1	11	18	4	13	17	9	6	7	17
15	15	5	9	6	13	10	3	4	7	19	13	18	17	2	6	9	6	6	6
18	20	3	4	16	1	12	12	14	18	12	7	20	18	1	11	8	20	5	16
12	9	8	2	9	19	4	17	1	7	13	3	14	2	20	19	14	10	9	12
15	17	20	6	20	11	18	3	20	6	4	7	2	11	18	9	9	6	7	2
6	11	11	15	9	18	10	3	13	18	12	12	13	16	5	7	11	8	19	7
13	14	9	8	18	13	18	7	15	10	5	2	17	6	16	19	14	13	3	7
4	19	14	2	1	13	5	4	8	5	14	10	13	17	5	10	4	19	13	14
9	9	14	7	12	7	3	6	5	13	9	13	17	2	16	1	16	8	19	13
15	19	17	6	5	18	5	15	9	15	13	4	4	7	8	2	11	2	11	5
2	10	2	19	19	12	2	20	17	11	14	9	18	1	15	14	12	14	4	11
5	2	2	11	20	19	5	10	8	20	5	7	15	17	7	11	19	17	3	2
17	9	13	9	11	16	16	15	1	2	4	12	4	14	12	15	3	17	6	1
7	14	11	4	10	4	10	20	7	12	5	8	18	20	12	16	5	2	12	13
5	7	11	18	3	2	2	4	12	9	2	11	9	2	8	6	18	15	13	17
4	10	3	13	13	7	15	7	13	2	14	17	2	12	4	2	9	18	14	4
5	10	16	13	19	18	18	2	1	10	16	15	8	3	19	20	20	10	5	15
6	2	3	15	13	4	7	3	10	3	15	19	18	5	7	4	18	19	8	17
17	4	16	3	9	8	2	10	2	3	3	19	9	11	14	5	13	18	7	5
10	4	20	8	13	20	1	15	7	11	18	13	5	13	9	6	20	19	4	20
12	10	19	18	10	13	5	9	5	7	13	8	5	7	1	5	18	18	16	3
18	3	16	18	18	2	1	13	18	15	11	14	12	19	1	15	6	10	14	7
7	4	17	10	1	16	3	5	17	4	18	17	14	6	13	10	8	1	12	15
18	4	17	6	5	13	11	19	15	16	16	17	12	15	3	19	20	3	17	3
6	6	14	3	6	9	18	18	14	11	19	17	11	18	5	1	9	8	20	15
10	6	11	5	20	10	20	14	8	15	19	19	1	1	15	5	2	18	15	12
9	3	20	10	5	5	2	18	14	9	19	17	14	18	3	4	3	14	18	6
5	7	12	13	14	3	20	7	11	19	4	16	7	9	7	15	2	4	11	6
18	11	7	19	9	1	12	11	10	8	10	4	15	18	20	11	8	19	18	18
8	4	17	7	3	9	4	16	3	6	2	3	4	2	6	14	14	1	2	6
11	8	16	5	17	18	1	18	1	6	18	8	8	7	15	2	1	20	20	17
15	13	11	4	20	13	9	19	14	1	13	13	19	18	1	17	11	5	4	10
6	2	7	17	13	2	19	16	18	3	16	3	6	10	8	15	15	6	2	3
8	3	12	8	5	12	10	13	13	19	20	14	10	10	9	11	10	10	18	6
12	11	19	12	6	20	12	1	16	16	8	18	6	3	6	20	13	12	7	6
15	9	2	10	16	15	2	5	16	2	7	9	20	3	15	7	11	12	16	15
13	11	4	12	13	11	1	2	20	13	2	10	13	12	17	17	13	17	12	1
1	6	14	17	15	11	13	17	1	19	8	5	5	20	1	18	4	11	14	6
15	9	19	19	2	7	11	10	13	19	6	3	4	17	13	6	5	5	16	15
4	7	8	16	5	13	2	2	14	15	16	18	4	5	6	9	14	6	19	13
13	13	1	17	6	5	2	17	6	2	3	17	20	15	4	8	17	18	6	14
13	7	3	6	16	11	2	19	17	8	20	12	18	18	6	20	19	20	20	19
6	13	12	2	12	15	6	13	8	6	12	13	13	11	1	20	16	6	19	1
8	12	18	3	1	10	5	19	19	16	1	17	6	11	4	11	8	5	4	10
16	3	4	5	1	4	13	4	3	17	8	3	8	15	17	10	18	20	16	12
13	8	20	3	8	16	6	18	12	15	5	16	3	1	6	15	20	17	16	4
10	12	2	15	2	5	1	4	5	4	11	3	7	19	9	10	14	16	19	15
20	12	2	14	13	10	10	10	16	17	6	15	1	17	13	7	5	8	20	19
17	11	3	7	18	6	12	10	2	10	6	7	12	20	15	20	12	5	9	18
5	8	9	5	14	11	20	11	3	9	14	19	13	10	11	2	3	13	14	17
1	5	20	17	3	11	10	14	19	6	18	4	6	5	3	19	9	3	11	1
9	15	6	3	20	9	14	12	16	15	2	18	2	9	14	8	14	17	19	9
6	10	16	15	15	20	12	8	12	11	14	18	9	13	5	3	8	10	11	14
7	3	20	16	7	2	19	5	20	14	8	19	1	17	20	9	15	11	11	11
8	1	3	12	16	14	6	16	17	18	14	16	4	16	17	16	6	11	6	5
12	20	3	17	2	18	15	2	8	2	14	13	3	1	11	11	15	12	20	3
16	15	4	1	17	5	15	20	12	1	11	9	2	19	2	6	14	14	2	20
19	4	7	9	7	2	6	20	19	19	17	12	7	1	11	13	17	12	13	16
6	16	6	10	18	4	18	14	20	15	16	10	10	12	19	15	15	14	9	4
1	15	9	5	18	1	11	19	10	3	7	18	13	5	3	20	20	4	17	13
16	19	3	11	19	8	9	10	13	12	1	17	3	13	9	4	4	7	14	7
5	8	11	1	10	6	8	5	4	15	16	7	13	9	15	1	8	8	3	11
20	6	4	18	5	8	14	13	12	12	17	17	10	7	5	7	2	11	19	11
5	20	2	8	16	12	18	17	18	11	15	18	12	20	20	11	20	2	15	3
3	4	13	9	8	9	12	19	7	16	1	15	10	4	1	12	19	15	4	2
20	18	6	16	11	3	17	12	13	13	9	6	3	13	11	8	12	18	14	2
19	4	7	4	11	11	14	19	8	11	16	3	7	8	5	18	7	16	2	10
5	10	18	9	14	4	10	8	10	20	5	13	8	1	5	18	12	9	20	15
13	2	3	14	18	13	5	13	13	1	3	17	11	7	12	9	19	18	8	20
10	15	3	3	6	4	11	19	12	3	7	14	3	9	4	16	19	14	4	20
18	8	19	18	4	16	14	7	6	13	9	3	1	19	9	18	2	19	7	10
16	18	18	11	14	3	8	16	12	1	19	7	7	15	11	7	13	16	1	1
10	14	16	6	13	11	19	17	4	17	7	8	6	11	13	14	18	8	10	10
1	2	8	8	8	18	6	4	17	15	6	7	12	7	10	19	17	3	1	18
17	11	6	18	4	20	20	14	3	7	9	10	8	7	20	17	1	9	11	3
11	15	6	3	13	9	16	8	1	10	3	3	12	2	11	7	20	7	16	17
10	8	18	12	5	11	7	1	11	16	7	10	12	9	17	19	20	15	7	12
8	12	1	3	19	4	18	13	17	6	4	8	13	3	9	4	7	12	14	6
8	20	11	17	11	11	2	7	3	12	3	13	5	6	7	3	1	14	20	12
13	18	10	13	16	4	10	18	5	20	3	19	18	18	8	11	15	10	8	17
10	1	2	12	18	2	8	13	5	7	3	15	11	7	2	17	11	9	6	20
17	9	6	20	6	9	15	8	2	6	1	5	8	3	16	20	12	17	12	11
1	8	11	16	15	17	11	18	13	15	16	6	15	1	19	1	20	7	19	14
3	5	7	2	6	3	4	9	1	10	2	18	16	9	2	16	17	20	1	19
12	10	6	11	9	2	18	17	18	20	15	11	10	10	8	14	10	8	20	12
1	6	11	2	19	16	16	11	10	20	20	12	8	16	9	2	16	19	8	9
4	9	18	14	7	4	16	2	6	8	1	17	9	14	8	17	7	9	16	20
3	10	15	18	4	15	19	16	13	13	10	12	3	3	18	1	15	14	3	19
1	20	14	14	12	12	19	8	16	6	7	9	9	6	15	16	11	17	18	10
13	17	15	3	4	8	13	10	4	12	18	14	17	9	12	17	17	8	19	14
17	19	2	19	4	16	15	17	12	7	13	6	7	12	3	11	5	3	4	2
15	11	20	5	12	12	15	7	10	14	19	18	13	15	17	2	11	19	17	8
8	20	15	7	9	12	7	11	5	6	20	14	6	17	8	8	7	18	11	12
15	20	20	11	19	20	3	2	17	10	18	4	12	8	2	20	3	9	11	6
7	2	10	12	9	3	7	13	8	10	12	15	18	4	4	5	5	15	16	7
16	14	13	20	10	10	7	4	12	3	14	19	4	18	17	20	2	16	5	11
13	11	9	3	20	18	1	4	6	18	11	18	6	17	15	17	16	20	18	15
10	8	11	19	3	14	12	7	16	10	5	14	20	9	10	8	16	4	16	19
17	10	6	7	13	3	8	12	13	17	6	18	4	13	14	16	5	3	7	11
20	7	20	16	9	19	11	17	5	6	2	13	2	11	4	20	10	15	5	12
1	1	6	19	7	17	12	18	20	9	15	4	17	11	13	9	8	15	20	6
6	16	2	16	19	11	16	7	8	5	9	12	14	17	12	7	19	1	20	16
19	19	5	7	13	11	1	5	5	18	11	8	18	18	4	14	11	14	17	7
9	14	15	12	19	3	10	19	13	8	1	4	19	9	20	4	7	6	10	17
4	6	8	10	7	7	7	20	2	5	1	7	3	10	10	4	15	5	17	19
8	5	13	11	3	13	12	3	20	16	10	12	9	13	11	10	18	8	18	10
18	18	4	9	17	3	3	11	6	12	19	20	16	12	5	17	15	16	17	12
17	6	6	12	7	16	19	12	5	3	1	20	8	2	1	19	9	12	7	16
4	10	3	1	16	13	12	20	3	11	4	15	19	7	10	19	1	2	3	17
17	12	16	1	15	5	20	11	11	15	18	6	8	8	9	15	13	20	10	11
3	4	16	13	15	1	3	17	11	19	16	5	15	20	4	2	14	5	10	10
16	14	2	11	7	19	2	16	16	1	2	6	19	15	14	14	5	19	5	9
6	10	3	1	11	19	16	14	4	8	20	20	9	4	14	4	1	4	7	18
4	7	13	13	16	12	8	5	10	3	11	1	10	16	20	18	17	16	14	19
8	3	12	8	7	16	8	7	15	6	11	5	14	19	17	1	10	2	3	1
6	3	3	14	19	15	9	1	5	6	8	13	14	2	19	8	13	11	15	19
9	20	3	4	18	5	16	4	17	3	4	4	3	17	5	18	18	8	11	6
13	3	11	1	14	1	7	14	16	10	4	7	6	8	1	18	16	2	16	18
4	16	1	17	2	12	6	3	19	13	8	18	5	4	6	8	15	7	20	14
1	16	11	18	20	4	13	3	4	3	4	9	7	4	11	11	4	17	6	3
10	10	4	3	5	9	15	1	7	13	14	18	11	18	9	16	10	18	2	1
10	8	1	9	5	1	8	6	10	15	2	17	3	10	9	6	8	11	2	12
17	3	11	13	19	7	5	6	6	3	18	11	9	2	7	11	12	11	5	10
7	2	7	16	20	7	2	2	17	17	3	10	11	9	11	7	18	12	18	12
10	16	8	17	19	14	11	7	7	6	12	12	4	19	15	13	7	8	19	5
1	3	9	14	13	4	2	1	5	6	7	16	6	4	15	16	2	12	12	19
7	18	5	7	9	3	20	1	10	16	6	18	4	19	7	9	12	3	18	2
20	5	11	7	19	16	18	2	13	16	15	16	16	8	3	20	14	13	12	16
20	5	10	7	17	5	17	18	15	11	5	1	2	17	2	7	13	12	16	11
6	20	9	19	2	4	15	9	16	8	2	18	10	14	2	19	10	4	2	2
7	19	10	5	2	13	8	3	9	20	15	1	10	6	4	8	20	13	7	20
13	2	17	2	5	13	7	12	12	17	15	19	9	1	6	19	5	8	16	15
11	14	19	10	8	16	3	11	13	10	12	2	13	20	19	16	5	16	8	18
20	17	2	3	20	4	2	16	20	5	18	9	4	10	13	1	16	16	11	1
18	17	2	20	18	18	18	9	1	19	18	5	8	4	16	2	20	3	11	4
17	4	3	10	10	12	16	9	3	4	3	15	17	13	10	8	10	3	19	9
1	13	8	4	16	6	10	5	9	20	12	20	3	2	11	18	14	16	16	17
12	3	12	10	9	14	12	6	18	2	1	3	8	2	2	6	14	8	15	13
5	5	3	19	6	19	5	13	5	1	4	18	2	12	4	16	13	13	3	3
4	7	13	4	15	3	6	14	16	18	17	9	5	9	8	16	6	7	11	17
16	20	15	19	10	3	12	1	11	11	1	18	11	12	1	14	3	4	6	5
9	17	14	11	2	9	8	18	3	15	8	15	15	6	8	3	4	10	13	13
9	4	1	15	11	12	8	19	5	7	2	18	16	10	17	6	14	19	3	14
16	5	4	1	9	3	13	9	10	8	10	1	7	6	5	8	13	19	3	5
20	9	2	7	5	1	20	3	5	10	10	5	10	20	16	14	9	12	11	8
14	4	8	3	17	6	20	12	20	12	8	17	16	6	10	14	14	1	19	15
7	20	15	7	2	8	17	9	8	17	3	8	14	14	8	17	3	10	9	3
1	14	4	14	10	20	16	10	17	10	13	20	13	3	11	4	11	5	4	1
13	15	13	9	11	8	19	3	1	1	11	7	19	15	20	1	12	1	6	1
17	13	16	19	20	15	2	9	6	4	18	4	6	6	8	12	10	5	17	13
9	19	15	18	5	1	12	2	11	5	15	8	12	7	6	19	14	6	14	3
10	13	4	7	13	5	14	6	5	6	1	20	3	16	1	15	9	7	9	20
20	7	15	11	3	14	10	3	18	2	19	12	13	2	9	12	5	11	15	8
10	20	9	17	20	20	1	6	7	20	10	3	6	15	2	4	11	1	11	10
12	10	1	7	1	4	18	4	17	2	4	18	19	7	17	9	11	19	19	2
14	1	14	15	8	19	6	13	19	17	16	8	14	9	18	18	6	9	19	16
16	16	5	14	11	16	2	7	19	17	1	20	3	8	14	4	10	11	3	15
19	20	12	16	15	8	1	9	10	1	17	9	14	5	18	9	11	6	1	6
10	12	10	9	5	12	9	17	12	12	13	18	1	2	4	13	8	13	6	11
17	13	19	19	18	11	2	4	4	7	18	10	7	2	15	20	19	12	7	19
15	12	6	18	14	3	12	1	2	1	20	4	12	5	4	14	4	2	5	6
17	11	8	8	18	17	5	2	11	6	2	5	14	10	14	13	14	15	9	3
7	9	17	13	3	16	9	11	20	7	14	20	13	19	14	12	16	11	12	6
8	6	12	3	12	16	11	7	8	12	2	13	1	2	7	16	8	5	19	12
7	2	9	1	1	9	4	14	9	11	7	14	13	10	1	7	4	7	18	7
1	9	4	3	18	12	13	12	16	4	12	1	16	8	6	6	3	19	13	14
8	13	1	17	20	14	14	6	8	19	14	6	19	5	16	16	15	12	8	9
14	20	10	3	20	4	9	17	11	5	8	3	13	6	2	4	16	20	16	20
17	11	19	18	11	19	2	16	5	14	18	13	12	4	4	9	2	3	20	10
12	12	13	20	2	18	4	13	9	11	7	8	18	7	3	15	4	17	15	15
9	16	9	6	8	13	7	1	2	5	19	5	12	11	6	13	11	4	14	6
6	2	10	11	11	1	10	19	16	20	4	2	15	8	7	15	11	17	1	4
1	14	20	17	1	18	3	6	19	1	10	15	9	17	16	8	8	8	7	14
12	11	11	11	4	6	2	4	10	9	1	13	16	12	14	17	16	18	13	10
20	5	11	17	15	10	8	4	16	5	1	18	10	2	1	18	17	2	17	1
20	11	4	19	5	20	4	11	1	19	13	9	11	10	3	17	15	20	19	7
12	3	16	17	3	14	17	16	9	5	9	7	7	5	6	4	8	19	18	17
18	6	13	15	16	20	8	5	11	2	13	10	1	14	2	1	16	11	1	11
6	11	15	5	2	19	19	14	8	6	19	11	18	19	3	20	1	17	12	16
2	18	13	12	10	14	2	19	8	11	8	17	18	8	17	12	15	9	7	9
12	10	3	1	6	18	13	4	4	8	13	15	18	1	17	19	16	16	8	15
2	5	18	12	4	10	15	8	16	5	2	7	5	19	6	14	17	17	10	8
13	2	20	10	13	16	4	19	7	10	11	20	5	3	15	12	18	14	1	15
15	16	8	13	1	3	18	16	19	20	3	7	14	8	11	11	16	17	5	7
11	17	8	5	9	9	19	17	13	4	14	4	12	2	17	12	9	18	14	9
17	8	6	15	11	9	18	20	13	15	2	1	19	13	5	6	8	8	12	14
15	2	6	2	3	13	8	9	13	19	13	7	14	16	20	7	19	18	9	11
13	11	17	9	17	8	5	6	3	12	4	12	12	3	8	2	13	5	13	17
6	15	7	17	15	7	5	10	2	19	9	6	20	4	15	4	19	4	17	18
11	5	20	14	17	9	18	11	7	15	7	15	20	16	15	9	3	10	10	6
15	12	11	14	20	6	7	9	15	11	18	11	16	8	3	1	4	16	7	2
13	18	17	5	17	5	8	7	8	3	16	4	4	18	9	8	11	19	19	8
4	12	11	10	1	5	17	20	12	18	11	12	5	18	15	14	19	9	1	1
6	11	18	14	7	20	9	16	8	19	14	20	3	6	20	10	1	10	16	3
14	6	1	3	11	11	6	8	9	19	15	2	16	9	20	19	11	9	20	1
19	4	12	15	3	1	7	18	4	11	4	1	20	8	14	10	2	5	13	5
10	18	16	13	17	12	20	4	4	6	11	19	13	18	7	13	20	20	4	6
4	9	18	1	18	5	6	6	4	8	19	7	12	15	1	5	19	20	5	16
1	2	16	9	3	9	18	18	17	4	8	20	12	8	6	12	17	2	19	8
15	3	19	3	8	3	6	11	20	20	4	2	3	7	7	7	2	3	12	16
20	19	18	1	6	17	6	12	4	1	13	8	9	13	12	10	7	20	11	4
6	1	3	14	1	4	17	3	9	4	13	13	9	8	10	8	7	12	6	16
18	1	6	4	3	12	8	9	12	13	8	20	1	8	2	8	12	17	11	9
4	11	11	7	13	13	15	18	17	16	20	5	19	4	15	19	10	5	11	16
3	17	9	9	16	19	19	17	4	12	6	7	15	5	15	16	6	5	10	4
16	17	12	19	1	10	12	4	14	1	2	19	17	3	9	8	8	10	9	4
13	18	13	11	10	12	1	17	19	2	8	4	20	12	5	2	20	9	11	6
8	3	8	3	15	8	16	19	7	8	10	14	12	9	10	2	20	12	16	14
3	15	7	6	2	18	18	4	19	15	18	6	4	2	13	2	5	11	9	11
12	1	14	14	4	16	20	18	3	9	13	7	15	2	4	11	4	15	16	7
2	8	15	10	7	17	14	8	8	17	6	13	17	8	20	10	3	2	11	9
5	17	12	12	9	15	9	12	6	3	13	10	2	8	5	18	16	5	16	4
16	13	7	5	9	2	2	6	15	13	2	16	1	16	12	4	16	2	14	10
1	7	6	17	5	13	12	2	4	1	11	19	14	7	16	9	20	1	11	7
1	15	18	5	2	15	19	4	18	7	7	6	1	6	13	15	12	7	17	13
20	3	12	5	3	11	11	10	10	19	13	11	16	5	20	1	9	5	16	1
17	2	20	7	15	18	12	1	15	15	14	20	10	1	19	2	3	9	16	5
3	17	10	8	19	9	2	15	1	11	2	17	3	9	4	9	5	15	11	20
12	10	13	19	3	4	5	19	3	18	20	10	3	18	11	13	11	10	11	20
6	10	12	20	9	20	7	13	3	11	11	17	9	10	20	18	10	8	10	1
7	20	20	11	12	6	2	19	8	16	18	15	2	8	14	12	18	9	17	16
13	20	15	14	6	8	18	3	10	14	17	10	9	4	12	6	19	19	11	10
12	15	13	11	14	9	14	4	13	10	14	8	9	6	4	14	15	7	2	11
9	11	12	10	3	7	17	4	11	5	6	7	10	17	8	3	15	1	16	9
20	19	10	15	6	14	18	12	4	20	12	10	15	4	1	14	4	11	10	13
19	20	6	12	6	1	2	17	20	4	17	15	1	9	18	3	4	7	19	1
2	17	17	10	16	19	11	20	1	18	2	8	9	8	6	6	19	6	15	18
13	12	19	15	17	1	6	2	14	14	7	7	18	2	6	3	14	5	6	13
5	5	5	4	17	10	19	6	2	2	10	13	2	4	18	5	16	17	8	18
6	9	18	1	6	9	16	18	2	12	9	13	20	17	17	18	7	6	10	8
12	15	3	13	8	4	16	9	7	5	10	2	10	16	4	20	3	18	12	2
6	20	1	9	11	8	5	16	15	16	10	19	4	19	4	17	11	11	20	14
11	17	5	10	13	5	16	14	20	5	13	7	3	2	3	19	12	7	2	12
4	8	9	3	13	4	6	18	9	8	1	10	1	6	3	14	9	19	1	6
14	8	6	2	1	3	5	7	13	11	17	2	15	4	13	9	10	11	11	20
8	2	3	9	6	17	13	1	1	8	9	6	17	3	7	11	13	18	6	10
8	8	20	9	14	15	1	20	12	15	12	14	8	6	6	11	3	12	5	15
5	4	13	14	17	4	15	12	14	15	19	1	16	14	13	6	14	6	8	19
8	7	10	15	17	3	1	1	16	3	1	4	9	17	19	20	7	1	19	10
11	17	5	14	2	10	10	4	14	15	6	6	8	17	9	1	8	5	7	3
16	3	14	5	6	2	20	4	19	12	16	6	1	10	2	6	12	1	13	15
2	10	2	20	18	1	7	1	16	9	7	15	2	11	7	10	9	17	6	6
11	15	14	3	3	6	18	16	4	6	7	11	19	18	7	6	19	8	2	1
1	6	12	13	16	4	4	16	12	17	19	9	5	20	5	20	15	15	10	16
2	16	19	10	10	10	18	11	2	2	12	19	2	15	9	7	16	9	20	17
15	2	2	8	15	15	12	17	17	2	10	8	11	9	20	8	17	5	19	11
9	12	7	10	13	18	14	20	19	4	14	7	17	11	6	17	13	15	12	10
5	12	3	20	16	12	1	15	16	17	8	16	13	13	1	13	19	8	9	17
7	16	19	16	17	7	2	12	4	16	8	9	19	13	4	2	3	5	7	13
14	18	3	11	15	20	6	17	15	14	14	2	1	4	9	18	14	7	15	13
1	8	4	10	2	20	4	1	4	12	15	3	14	2	6	16	15	2	2	4
20	8	20	12	15	16	17	20	20	5	17	8	14	16	3	20	1	18	18	4
9	8	19	14	20	4	17	18	3	17	15	10	1	20	13	8	15	19	10	12
20	17	9	14	13	7	15	14	8	7	16	6	13	8	5	3	3	7	2	9
14	3	7	20	13	1	4	12	13	1	5	3	12	1	3	5	19	17	3	8
18	16	19	6	12	16	14	1	14	11	15	7	9	11	6	1	9	2	11	19
9	3	1	11	18	18	13	9	20	7	13	13	18	16	4	16	19	18	13	19
1	2	3	18	5	2	12	18	20	5	9	6	1	6	7	7	16	5	15	12
11	4	3	12	13	1	16	11	9	16	12	5	18	17	19	14	5	4	1	2
17	10	8	20	2	11	4	5	7	14	5	2	17	8	9	5	20	20	16	10
5	11	8	16	8	14	9	14	1	13	10	2	5	8	2	15	14	4	3	3
14	9	3	6	14	7	10	8	6	17	14	15	3	17	13	5	12	5	2	20
4	17	3	8	4	6	6	18	18	8	17	5	10	12	6	14	17	12	19	15
7	3	8	10	3	17	5	19	5	4	6	18	16	11	6	15	2	1	14	18
12	3	9	9	19	20	11	1	4	6	15	18	15	20	18	19	1	1	2	2
10	8	15	1	4	2	16	10	5	16	4	13	6	1	18	11	5	1	12	2
7	15	6	15	5	15	4	8	12	5	14	13	11	16	12	12	18	19	19	1
7	19	11	19	6	17	9	9	6	9	4	17	1	14	14	15	1	16	11	19
7	2	4	15	15	20	8	13	20	11	1	4	16	13	7	1	15	13	19	5
17	11	6	20	19	11	5	14	20	20	6	18	7	14	2	12	12	17	10	4
15	4	12	20	12	17	2	20	7	13	16	10	19	18	16	13	9	10	9	20
5	14	12	15	9	8	14	6	18	13	16	3	7	19	9	12	2	16	2	8
16	9	16	10	15	20	13	19	14	7	18	14	18	6	13	20	9	12	13	18
19	6	19	1	8	3	8	12	20	16	10	4	14	18	13	7	1	6	17	12
1	9	10	7	14	3	19	13	9	14	19	13	6	14	7	7	13	5	3	2
9	6	5	4	3	14	17	12	19	16	3	16	7	6	13	11	13	12	18	10
7	20	15	1	5	2	10	10	16	1	17	16	19	12	18	12	15	14	13	6
9	12	8	2	2	16	8	3	15	18	3	12	13	13	2	15	15	17	18	4
3	2	5	5	8	19	2	20	19	7	16	14	9	16	13	18	17	16	17	16
5	8	13	19	16	18	16	5	10	11	3	7	7	12	5	10	11	1	13	3
11	15	4	5	14	2	2	19	12	1	10	5	15	12	20	17	15	12	9	7
2	3	3	7	6	6	4	3	8	8	18	15	13	2	14	19	12	3	19	20
5	9	15	7	8	14	17	10	10	19	9	2	3	1	7	1	16	6	6	9
3	14	14	5	1	16	13	3	2	9	10	12	11	9	19	17	6	4	14	14
13	3	6	19	9	15	3	11	8	20	14	4	15	14	1	5	4	12	17	1
7	9	10	18	15	17	4	18	17	5	1	19	4	20	4	6	19	10	1	20
17	1	8	19	7	16	2	20	15	1	6	5	9	17	16	14	5	8	18	17
17	11	4	10	3	17	17	3	6	15	8	5	15	10	11	7	8	4	17	7
11	14	7	17	14	1	7	10	20	12	13	8	2	11	15	14	14	14	15	1
12	10	19	5	2	20	18	12	19	2	5	11	11	6	14	13	20	15	20	16
12	16	11	7	10	14	19	20	15	11	20	2	11	2	3	13	19	1	15	10
17	20	13	1	14	8	14	2	15	13	8	11	1	11	9	15	9	3	16	3
17	16	4	13	9	17	4	13	14	5	17	12	13	20	16	15	1	20	1	11
17	11	5	18	10	20	1	13	18	8	3	16	5	1	15	6	4	12	17	7
7	13	17	9	2	2	19	20	17	1	7	11	9	3	10	1	17	18	16	1
9	2	13	4	7	4	1	13	9	19	6	1	18	3	1	14	4	6	19	19
8	13	15	4	4	7	2	3	18	17	19	9	10	9	15	14	8	9	4	2
10	14	19	4	4	19	9	19	11	5	5	18	12	8	11	20	14	16	16	14
10	4	8	7	11	1	8	8	16	4	3	6	12	13	9	13	17	9	2	14
19	1	4	1	8	2	11	13	16	2	2	9	14	19	16	18	19	5	17	20
9	1	10	1	4	2	10	14	9	17	2	18	6	19	13	6	1	12	20	8
13	14	15	20	9	7	9	1	19	20	16	9	12	9	2	19	4	1	4	20
8	6	5	16	4	3	16	17	9	1	8	17	11	10	16	2	13	6	16	19
8	13	4	7	12	9	14	15	7	7	18	8	11	17	8	13	8	17	14	5
6	20	15	14	18	19	3	12	15	6	15	17	15	3	8	5	9	19	11	1
13	1	12	4	9	8	10	18	19	1	16	19	20	14	15	16	20	18	9	5
15	5	7	1	2	9	12	14	14	12	3	7	18	10	15	3	15	10	4	7
19	1	17	2	14	19	1	9	11	20	20	1	16	15	15	12	10	14	9	17
8	12	4	18	1	19	18	16	8	14	11	6	12	20	5	1	5	14	8	4
9	10	17	13	4	6	12	8	12	14	17	4	3	8	20	11	16	4	4	20
18	14	11	5	10	3	2	14	11	19	17	17	9	15	10	20	20	6	10	1
17	19	1	4	7	6	6	6	11	17	8	10	13	12	16	3	8	2	12	16
14	16	9	1	14	14	15	7	10	10	7	15	5	12	8	18	6	12	16	20
8	13	10	3	14	16	1	14	12	11	1	12	7	16	11	4	1	19	5	13
11	11	9	1	19	18	3	2	5	8	18	13	9	19	3	10	9	8	4	9
15	3	11	9	20	1	8	10	17	7	20	10	10	14	15	4	4	4	9	5
8	20	8	2	6	4	11	5	17	8	19	12	8	7	18	20	6	12	13	15
20	10	12	6	5	8	16	18	18	5	6	18	10	3	8	1	11	6	6	9
4	19	6	11	14	17	18	4	20	18	8	12	18	14	7	9	6	8	5	9
5	18	10	16	5	10	2	15	15	14	17	15	1	3	1	3	12	20	15	2
12	15	16	2	18	12	14	3	4	6	6	13	16	10	3	18	17	14	10	2
5	7	3	18	11	19	3	13	10	15	20	20	3	11	9	20	2	7	4	19
5	15	9	16	2	5	18	10	20	11	3	8	9	11	2	8	18	16	7	7
6	16	16	10	8	5	7	4	18	13	12	18	3	8	18	8	13	7	19	1
6	2	14	10	16	5	13	19	11	11	1	13	6	15	10	10	18	12	18	19
12	6	5	19	7	8	2	13	8	7	16	20	8	2	3	7	16	19	9	11
17	4	14	14	13	5	20	8	11	19	14	11	5	2	3	13	20	1	14	18
17	4	13	16	3	2	8	6	18	13	16	16	17	2	6	18	8	5	19	13
10	16	1	6	17	18	14	7	9	11	8	1	5	2	6	14	12	4	16	20
11	15	1	16	8	18	11	16	20	20	2	8	3	9	3	18	14	5	15	18
17	5	20	19	18	6	1	19	9	14	11	3	19	11	14	9	19	4	16	5
11	14	3	17	17	14	13	12	8	14	13	7	10	3	4	4	3	13	4	12
16	14	1	16	13	19	11	11	2	1	5	6	9	9	11	3	5	4	7	17
11	2	8	9	2	1	2	18	4	13	20	7	10	10	10	9	4	2	16	20
10	18	7	8	15	13	11	16	15	20	14	6	3	3	8	6	5	9	1	6
10	1	15	14	2	5	19	19	4	5	8	20	17	2	2	8	1	15	10	12
1	10	10	14	15	7	6	10	20	17	8	18	6	9	20	5	11	17	14	17
8	10	18	17	16	2	17	19	3	4	15	8	12	11	20	10	18	7	12	18
10	20	5	4	19	17	18	4	4	12	1	16	1	8	20	17	2	11	20	4
15	5	11	10	12	16	8	18	10	19	20	20	4	10	14	8	9	7	4	5
18	1	16	16	3	19	7	9	10	18	13	3	20	2	10	5	18	13	16	10
1	5	6	1	14	17	6	5	11	3	7	13	5	1	19	5	3	12	7	5
18	15	9	7	13	18	15	9	7	17	16	14	7	2	17	12	11	5	12	16
1	8	6	11	18	10	15	6	8	11	1	18	18	17	17	5	1	14	2	6
6	12	1	19	6	16	9	12	20	8	10	6	17	14	20	16	15	19	13	2
5	9	20	14	12	1	18	15	11	19	11	20	12	17	19	16	2	14	12	3
3	8	8	13	4	10	5	18	11	11	9	2	4	20	16	1	10	17	13	1
19	1	14	14	1	13	17	6	20	5	11	8	18	17	1	1	11	11	10	14
10	18	18	13	1	4	8	11	9	8	11	13	17	18	5	15	18	12	11	20
8	18	17	3	9	18	10	12	13	9	5	15	15	5	18	8	18	15	9	13
12	19	12	1	7	7	20	9	7	11	15	14	6	10	11	5	6	11	11	18
1	17	19	13	7	13	6	20	18	12	8	1	1	1	9	20	6	10	11	8
14	14	18	6	2	6	18	18	1	2	16	9	12	4	10	7	19	17	15	3
12	17	3	4	3	12	11	11	2	19	11	9	2	14	11	10	20	13	3	4
4	19	5	4	15	1	13	17	1	7	10	17	20	19	17	17	1	14	1	6
18	15	13	17	2	4	7	9	2	13	19	19	2	20	20	20	5	2	10	19
11	14	17	17	14	14	19	10	3	20	16	9	8	10	19	16	18	6	5	11
19	1	5	2	7	14	18	10	14	14	6	3	2	13	5	4	5	11	13	19
6	19	14	15	20	15	15	11	7	12	13	15	7	13	13	10	5	5	16	11
9	2	7	8	1	6	4	5	3	7	20	18	7	20	13	8	19	13	17	14
12	7	16	10	18	1	13	13	12	17	16	20	14	20	9	12	2	3	18	6
2	6	15	15	18	19	4	12	13	8	6	10	3	19	18	3	18	4	8	12
15	15	2	15	2	15	13	12	10	15	15	9	3	1	18	18	15	20	7	12
15	1	8	5	17	18	14	18	7	7	11	20	17	19	5	9	19	5	4	19
16	15	6	6	13	6	10	7	13	5	1	3	3	14	15	7	17	4	9	7
12	4	6	15	14	16	11	13	15	9	16	16	1	7	9	5	9	8	5	3
15	18	18	9	20	3	13	7	18	17	5	19	6	6	10	9	16	1	6	8
15	12	5	18	19	17	12	9	11	16	10	13	12	6	20	11	20	16	1	7
4	12	20	14	2	18	12	4	20	13	20	5	2	8	4	5	3	15	5	9
18	13	19	3	17	6	6	3	8	16	16	3	8	19	9	17	2	15	19	4
4	5	12	10	18	6	3	1	19	19	9	5	6	5	20	9	20	17	18	12
14	3	12	15	4	8	10	20	19	12	4	1	4	17	1	6	9	17	4	7
7	16	17	7	12	17	4	20	14	8	13	20	14	6	8	5	6	15	20	18
16	12	10	15	18	2	19	12	14	20	9	15	13	12	10	19	19	8	20	10
18	19	4	17	18	8	4	8	13	10	6	14	10	7	17	1	20	14	7	14
16	4	12	5	20	9	7	8	15	11	12	1	20	10	8	4	20	12	19	14
18	3	15	10	1	9	8	17	12	19	8	6	13	5	2	17	16	2	5	8
19	15	3	9	15	3	5	12	15	7	20	2	17	18	9	9	16	12	13	3
12	10	18	15	13	19	15	6	2	19	11	11	12	20	17	17	17	19	3	19
16	18	1	1	13	17	3	1	8	19	2	4	5	5	8	1	9	13	11	4
6	13	10	16	8	2	18	13	3	18	6	19	10	4	9	17	8	4	13	2
5	3	8	1	12	1	7	5	1	15	8	8	20	8	18	1	9	10	6	11
5	18	18	5	5	4	9	20	6	12	11	20	16	5	3	5	9	4	5	12
11	2	17	5	17	8	16	5	4	12	20	5	17	11	11	18	15	8	6	7
7	2	5	4	17	1	17	7	10	7	1	4	18	16	7	2	16	1	19	5
3	14	2	8	10	4	9	18	4	2	13	16	18	1	14	8	10	5	17	18
17	10	12	8	14	10	16	9	11	1	7	16	10	13	4	12	5	1	16	5
11	5	10	1	14	8	17	8	3	18	12	8	18	12	14	1	10	3	14	17
5	12	4	3	12	14	20	16	5	4	19	19	16	11	2	11	1	19	4	7
2	9	12	13	5	15	5	4	4	15	15	4	4	6	8	17	15	18	2	3
7	4	3	16	2	1	16	14	19	11	18	10	20	17	20	19	9	4	5	18
14	2	19	18	4	17	2	5	14	10	9	18	2	4	13	3	15	17	18	8
14	1	20	12	13	8	8	15	16	17	8	8	2	14	6	8	11	13	15	9
15	3	11	15	18	9	10	12	17	6	8	13	12	19	12	15	18	18	19	14
5	15	3	10	14	1	5	16	16	18	4	18	1	1	17	5	6	14	15	2
17	8	1	13	9	11	17	14	8	10	19	13	18	19	8	17	14	8	15	13
20	5	17	3	7	15	12	9	8	14	3	8	9	1	17	16	20	2	8	3
17	2	10	2	15	10	18	13	6	17	8	9	6	7	9	4	2	4	1	17
3	3	9	9	20	15	7	3	18	10	4	8	11	4	16	20	20	13	9	8
3	13	6	20	5	14	19	16	2	16	13	17	11	13	5	8	4	4	10	12
3	12	14	8	12	1	13	13	11	7	12	20	19	18	13	11	15	6	17	14
13	4	3	3	5	17	17	2	16	17	15	1	11	6	3	1	13	2	9	20
11	20	13	15	12	10	13	10	15	15	1	18	17	6	14	17	20	7	18	4
15	12	13	11	2	15	6	11	12	2	2	7	14	3	4	16	14	10	9	13
3	19	2	14	11	7	9	15	6	1	1	2	3	11	5	17	10	16	8	17
1	16	1	18	15	13	1	4	10	15	20	13	18	4	8	15	3	12	5	4
19	8	19	15	19	12	10	18	3	1	1	13	10	1	13	14	14	7	14	3
3	19	16	5	12	1	14	7	2	1	1	3	6	15	4	17	20	19	19	17
14	6	20	7	13	5	10	12	5	13	1	17	3	1	7	10	5	16	20	10
5	20	9	2	13	15	1	13	7	17	3	15	7	12	5	12	9	10	8	8
17	3	6	13	13	1	2	19	5	6	4	8	16	8	12	9	1	16	4	13
8	14	13	19	9	2	11	5	16	5	13	4	18	8	14	17	8	6	13	16
2	14	8	19	3	8	19	4	14	15	14	2	6	19	14	1	17	14	2	6
10	14	12	12	10	2	1	12	16	8	14	5	10	6	2	15	12	14	13	15
11	6	3	8	16	10	8	20	18	12	14	5	1	6	8	15	16	9	6	8
13	12	6	5	4	10	1	6	16	6	9	17	9	2	5	17	11	15	17	19
3	7	18	5	6	18	18	20	14	10	3	10	15	9	12	12	19	2	15	5
14	16	6	6	4	9	13	14	18	6	19	8	11	9	8	13	5	16	11	7
19	19	8	6	5	2	6	20	4	18	5	7	12	19	8	15	8	20	9	4
10	13	16	10	18	1	3	3	5	15	5	18	15	19	8	2	3	4	11	8
6	4	14	20	5	15	12	18	15	12	2	12	13	17	11	12	4	12	14	2
5	11	19	9	11	19	19	4	14	7	5	3	4	1	19	18	4	4	16	8
6	5	20	11	9	3	10	2	19	12	13	10	14	20	12	13	19	15	18	12
7	19	9	19	20	20	5	9	15	6	7	20	18	5	12	12	17	5	16	6
15	17	11	6	6	16	3	15	17	1	6	11	13	13	16	12	16	9	20	17
9	17	1	3	13	1	15	20	20	15	15	20	14	17	18	13	9	14	20	2
9	5	14	6	17	11	1	7	5	1	10	4	11	10	19	2	4	15	18	8
12	4	19	3	19	6	17	14	13	9	13	19	8	5	3	4	12	3	6	20
19	8	14	16	14	2	3	17	2	3	20	18	5	20	11	9	15	12	17	7
20	16	8	17	11	1	6	14	4	14	14	17	19	14	14	16	15	12	14	19
18	13	17	1	1	6	11	7	5	5	15	11	4	9	8	13	1	19	11	16
11	3	9	16	4	17	13	4	8	7	11	11	14	9	20	18	15	9	15	8
15	8	10	5	18	1	5	13	8	6	4	1	12	7	14	8	11	11	20	20
17	12	3	9	8	14	1	13	17	13	9	3	2	4	5	8	18	3	11	19
10	19	4	17	14	1	12	13	14	10	13	4	6	20	20	16	11	15	17	13
15	1	3	17	12	10	11	4	16	20	17	16	16	9	7	2	2	6	5	15
13	2	2	4	12	4	4	4	18	11	3	10	19	12	20	5	9	20	5	3
18	18	12	20	18	8	9	19	15	3	2	8	9	2	8	2	7	18	1	17
1	20	3	18	17	7	6	15	3	15	7	1	20	5	16	20	13	19	18	7
10	20	16	5	20	1	18	10	2	18	6	6	14	8	16	14	17	11	13	3
20	14	8	8	4	16	6	12	3	13	9	19	16	17	20	4	9	18	10	16
14	5	15	13	18	17	6	18	12	6	12	5	6	12	15	18	9	13	10	9
8	6	18	17	5	19	1	20	4	3	2	8	5	6	14	11	16	2	13	2
9	18	4	10	9	15	13	17	3	9	1	19	17	9	3	9	6	2	17	1
11	19	6	15	19	17	2	3	14	5	8	13	19	7	9	12	20	2	10	4
11	20	2	5	4	9	17	18	18	17	11	12	19	19	2	3	17	14	20	18
19	6	2	20	6	16	6	2	2	9	12	10	13	1	10	17	15	20	1	7
8	6	19	13	14	14	19	14	5	7	19	11	13	17	12	2	9	16	9	6
11	14	6	20	8	3	16	16	19	18	20	14	9	15	10	3	18	4	14	8
16	20	5	10	17	11	10	18	8	3	11	15	5	9	19	3	11	4	16	4
6	18	15	20	5	5	18	5	8	5	18	6	11	15	12	20	13	12	6	9
15	10	17	16	1	12	5	2	16	16	20	3	4	2	17	11	3	5	17	10
12	10	19	18	17	11	4	12	9	3	8	5	15	18	15	9	3	4	20	4
17	6	9	8	14	8	4	9	1	10	12	9	19	12	12	4	20	7	2	15
1	6	8	1	2	16	19	16	20	15	11	12	8	12	18	11	16	16	7	10
5	14	4	20	15	2	19	15	17	2	11	19	20	16	11	5	20	16	7	14
13	12	19	11	19	10	6	16	5	5	2	1	16	13	8	12	20	8	12	7
16	14	18	8	17	5	3	4	9	13	14	6	13	12	8	1	12	6	11	8
9	12	20	2	3	4	13	13	8	2	11	11	10	7	19	3	16	11	2	4
14	2	12	9	7	16	5	18	1	20	5	4	11	3	18	4	15	4	14	13
8	4	13	17	1	8	6	15	15	15	3	5	11	18	13	16	6	15	9	12
15	1	5	10	6	19	3	15	10	10	1	16	3	15	6	1	20	7	17	15
14	14	4	3	1	9	7	11	17	16	8	15	5	1	9	17	17	12	2	11
8	5	11	5	6	5	18	9	20	9	15	14	5	19	19	3	17	10	12	19
4	20	15	6	3	5	12	13	7	12	7	4	5	2	6	9	11	15	4	7
18	6	17	6	1	4	18	19	8	10	11	12	20	16	14	6	18	4	19	11
20	20	17	7	1	20	10	19	10	15	12	12	2	20	19	8	17	11	1	13
1	9	18	4	1	1	1	20	20	10	7	1	3	1	16	3	14	8	10	15
9	5	17	4	7	13	18	8	17	3	3	19	18	1	3	20	1	20	9	6
4	20	6	18	18	15	6	8	10	16	14	18	6	3	14	19	3	7	12	11
19	11	11	15	9	9	16	14	2	13	8	6	2	13	18	19	10	15	11	19
18	19	9	6	13	16	14	11	10	14	13	10	7	17	1	3	1	13	15	13
4	13	5	4	8	10	16	11	4	7	2	14	4	13	7	16	14	18	5	18
10	12	11	14	15	6	1	13	19	20	8	18	4	7	15	1	18	10	13	1
20	6	19	13	15	18	4	20	18	11	9	4	1	15	13	13	12	11	17	14
20	8	13	15	5	2	13	8	13	10	1	3	4	19	3	6	4	12	19	5
17	20	12	14	6	15	15	18	8	2	9	18	13	15	17	3	8	16	20	1
1	1	6	11	4	16	9	18	18	9	18	10	11	3	10	20	9	4	17	19
20	12	12	4	11	2	6	16	3	20	2	5	7	17	3	2	10	7	4	1
20	20	2	19	10	2	7	1	3	20	15	4	14	12	10	8	4	12	2	8
2	2	17	13	18	6	2	10	6	7	4	2	3	12	5	1	17	13	10	7
19	18	7	3	10	6	13	20	18	17	8	2	14	7	1	7	11	15	20	20
18	2	16	8	2	3	15	19	12	9	20	19	2	9	12	4	1	12	15	2


2	1	2	2	1	2	2	1	2	1	2	1	1	2	1	1	2	2	1	1
3	5	4	1	2	4	1	4	2	3	5	5	2	3	2	1	4	1	4	1