500	7	20

1	1.3	1.55	1.75	2.1
4	6.76	9.61	12.25	17.64

79	25	87	52	35	42	16	33	21	64	68	72	28	51	24	15	6	95	24	6
99	31	23	45	37	16	69	47	40	34	25	57	4	30	33	80	81	85	22	42
83	81	66	47	39	65	8	41	77	28	67	98	18	11	70	88	91	62	52	33
55	79	44	8	55	17	63	48	53	73	67	36	11	69	38	57	7	11	59	84
95	72	46	75	77	30	55	69	51	95	92	25	17	85	93	71	87	91	28	81
11	42	82	64	27	29	93	75	85	32	60	70	28	77	39	63	51	90	22	62
34	71	72	13	54	86	7	21	60	26	21	15	9	43	51	4	7	29	27	39
25	49	74	15	75	21	48	64	88	22	12	78	46	57	9	53	16	22	14	25
54	37	23	42	84	41	25	10	64	65	48	41	73	93	29	52	33	74	65	71
98	20	8	54	60	98	89	62	16	33	7	39	8	32	93	12	95	94	52	1
12	97	30	29	6	47	54	18	1	22	57	64	14	90	2	98	98	96	90	53
8	3	60	69	67	67	48	34	86	10	37	65	32	16	1	45	1	88	34	29
36	34	79	81	18	29	24	88	48	44	94	61	38	25	17	9	53	53	23	71
60	10	27	90	88	88	56	45	31	69	33	97	68	47	27	51	71	70	58	55
28	40	24	65	35	43	90	27	47	94	86	94	71	57	88	43	14	96	1	93
52	32	6	66	70	79	83	91	93	30	22	99	6	99	1	3	71	81	91	35
16	94	42	52	91	93	12	79	15	23	36	12	16	1	15	43	51	51	64	84
98	60	49	53	51	83	61	69	42	40	75	35	6	73	82	7	29	14	59	81
59	4	54	91	17	63	35	75	69	80	3	95	24	48	82	97	88	28	98	1
50	17	33	27	5	94	44	11	51	23	18	11	68	6	45	77	48	15	70	99
20	59	95	51	23	78	45	97	21	60	27	86	8	56	27	42	42	45	58	96
71	8	55	15	58	49	6	57	35	42	99	23	24	6	27	4	42	91	83	6
71	62	44	46	14	33	46	9	4	34	46	61	85	59	2	23	38	41	15	25
34	9	52	66	43	37	32	92	87	23	6	53	18	93	2	3	76	15	83	65
34	97	89	59	29	76	26	89	30	49	42	88	1	78	10	91	78	35	26	25
80	37	2	82	74	75	68	73	26	49	10	94	1	7	25	39	98	59	7	81
95	73	2	51	7	31	19	32	8	25	44	29	30	8	31	15	52	98	91	22
95	89	68	13	73	14	33	44	24	32	48	58	7	57	20	48	47	60	44	82
51	80	81	33	65	14	96	58	22	29	43	58	94	78	53	5	81	44	51	37
2	45	30	38	25	98	19	20	9	5	46	52	72	27	7	38	45	51	66	8
81	79	24	9	46	14	16	49	28	59	56	21	51	30	17	27	79	88	38	95
44	13	33	1	47	65	80	11	75	33	84	6	64	78	75	91	69	20	63	89
12	22	2	66	54	14	16	77	42	7	20	74	89	27	59	58	40	60	93	96
49	23	68	70	64	9	12	18	92	98	95	3	94	67	23	88	6	94	23	69
90	38	74	8	36	95	29	68	21	27	68	56	28	82	28	51	82	66	57	23
60	19	41	4	78	90	23	82	26	87	14	8	14	11	64	93	46	66	36	97
79	70	82	30	15	59	6	78	30	47	67	49	14	11	56	98	67	48	56	87
86	93	50	15	30	4	79	82	94	88	88	87	98	37	67	96	23	97	16	72
75	86	7	86	5	27	27	73	68	9	62	89	78	23	22	32	31	43	16	85
45	47	79	46	86	90	29	90	49	33	7	13	51	41	42	6	95	19	31	10
83	53	97	56	86	4	86	44	22	99	82	60	11	96	3	74	11	65	19	47
65	94	38	88	28	64	50	31	3	34	4	47	90	96	29	98	39	77	22	97
52	75	51	32	38	61	54	25	59	12	25	31	24	11	94	86	79	94	96	57
51	41	64	40	58	46	57	12	68	48	7	98	56	79	56	97	71	93	64	22
45	12	19	24	47	80	91	94	5	38	15	56	10	27	2	90	89	20	44	18
5	55	7	70	65	45	59	7	12	93	92	81	36	11	8	83	14	14	3	8
92	24	70	83	25	55	62	50	84	29	38	97	61	19	97	90	15	42	30	7
96	87	88	48	96	45	4	47	74	40	57	14	10	61	63	70	28	37	67	74
46	94	59	38	39	34	74	28	19	4	91	18	14	49	87	15	3	70	29	82
57	18	62	37	57	15	84	73	33	35	52	11	64	3	15	33	7	13	59	78
54	38	95	51	25	55	32	46	23	63	42	46	75	70	7	62	40	2	40	36
70	4	73	36	92	29	66	54	26	88	23	85	6	63	76	67	90	41	55	88
85	5	78	56	90	46	80	9	53	95	36	63	25	29	57	79	9	4	78	44
53	69	84	18	81	76	56	23	62	36	42	14	32	86	64	86	24	89	36	47
74	6	19	90	81	17	60	97	75	72	93	9	84	17	51	28	48	92	76	38
93	13	70	84	83	32	38	57	23	40	4	6	51	45	69	37	74	99	36	33
75	53	10	23	74	68	34	65	90	87	4	3	90	71	68	64	70	48	88	65
34	3	60	35	8	82	78	31	13	7	35	97	53	84	14	60	87	23	98	3
29	36	16	48	1	97	71	76	89	99	72	51	77	57	84	1	11	23	40	95
62	83	37	46	68	45	71	15	10	46	42	36	87	52	58	22	87	74	45	63
84	49	66	97	15	93	80	96	51	55	51	15	13	10	67	68	78	91	11	84
4	91	20	21	94	86	55	49	70	25	92	82	39	33	42	59	39	63	72	45
74	11	86	31	1	17	13	2	65	42	70	31	96	34	46	76	29	40	1	22
75	47	51	24	92	17	48	35	62	55	78	88	25	40	72	95	40	58	44	69
28	55	92	4	51	20	54	21	90	37	22	45	95	99	1	68	16	86	9	25
13	44	22	97	9	11	57	35	92	58	65	32	25	56	43	96	83	97	85	84
76	5	47	78	88	22	36	90	5	39	1	98	5	76	55	24	20	33	80	8
60	98	49	79	39	10	28	31	20	65	47	42	33	37	53	30	23	83	40	85
65	71	61	87	18	99	26	9	33	30	99	66	30	21	90	65	64	97	95	45
2	48	66	78	35	56	6	67	98	37	16	41	28	91	12	66	39	10	5	1
87	70	44	41	28	93	27	52	60	81	11	28	93	65	45	29	43	60	72	97
82	15	80	89	6	92	27	63	57	87	71	28	72	45	91	26	7	93	78	19
89	8	74	87	68	18	38	12	49	3	9	49	62	78	63	48	35	55	33	14
16	64	46	91	75	21	98	81	19	61	97	48	18	97	75	32	59	71	33	79
24	39	18	71	31	97	33	35	91	61	90	10	27	54	65	88	4	75	62	88
95	14	84	30	73	17	81	31	18	81	86	13	84	87	33	43	41	75	19	26
76	36	49	73	80	44	59	36	56	9	80	3	74	98	47	85	20	1	96	33
82	43	14	91	77	59	3	19	48	57	74	55	95	1	79	12	31	96	81	74
73	28	89	99	42	67	97	96	41	56	95	79	5	63	49	19	55	47	66	92
51	84	54	50	64	22	15	4	68	26	3	25	75	10	25	77	67	6	30	44
13	45	69	83	11	23	21	95	69	2	1	74	3	4	34	19	33	30	25	15
42	61	37	27	38	66	28	82	89	13	93	31	82	48	82	84	25	70	53	75
2	28	90	94	62	57	47	27	71	84	82	77	3	66	80	94	35	63	23	34
62	78	34	72	91	53	61	12	28	6	81	44	56	3	51	90	69	44	24	95
36	31	24	22	83	44	54	4	52	84	23	3	36	74	69	90	54	11	36	75
91	43	8	90	72	15	25	96	90	67	30	87	90	34	88	94	74	10	16	19
64	43	47	99	96	94	28	90	79	28	95	99	29	75	19	16	37	55	80	45
88	81	34	98	73	36	14	57	32	20	30	81	50	29	56	20	62	13	73	16
30	39	11	47	58	3	36	53	55	74	91	77	70	37	57	92	14	71	83	12
51	44	32	12	74	44	80	79	71	26	23	89	54	1	72	93	99	71	50	43
88	59	14	44	52	61	45	22	5	9	11	16	38	86	50	97	26	63	95	96
60	25	93	26	46	21	69	28	27	31	59	43	19	92	99	54	56	85	18	60
11	22	79	1	94	87	79	17	60	93	66	60	13	34	94	89	15	55	99	5
94	91	91	78	1	80	52	78	44	88	83	14	38	61	93	44	21	53	15	60
6	99	62	82	43	71	97	48	72	10	19	76	5	36	3	6	68	63	75	41
15	40	38	90	47	66	20	68	67	71	20	55	75	60	85	94	6	43	55	91
22	1	35	70	71	89	88	40	1	15	41	64	32	76	58	52	41	91	97	98
79	27	46	56	83	88	27	93	17	53	99	1	24	7	28	73	46	51	36	86
54	80	99	72	69	6	66	71	52	51	41	91	7	99	67	39	56	55	18	70
30	49	96	74	13	38	72	40	71	5	37	1	91	92	14	41	27	96	5	98
97	70	11	67	59	34	61	39	96	50	99	76	73	63	60	62	47	7	40	47
72	50	8	2	62	46	85	53	75	24	21	19	74	50	96	92	8	37	14	17
28	58	30	69	53	67	76	47	61	29	8	23	72	87	16	24	63	4	89	38
90	81	50	86	49	56	28	84	88	82	82	2	94	69	70	13	36	94	3	73
86	80	34	2	55	33	75	44	85	98	76	84	57	63	55	9	69	40	32	58
95	75	85	27	47	41	32	77	18	29	11	7	65	87	62	20	90	77	19	75
39	73	83	89	9	64	32	1	21	84	38	18	75	13	47	95	39	80	19	5
43	44	69	69	73	17	27	8	7	15	32	52	8	18	32	29	9	6	89	83
79	57	90	74	42	32	85	14	54	17	69	7	41	25	69	9	90	29	78	7
24	69	84	40	85	76	44	78	97	59	33	40	97	23	51	43	14	88	14	65
94	81	25	43	90	52	88	62	85	15	36	15	90	37	58	94	45	38	61	56
17	27	79	43	97	86	31	42	25	76	62	58	52	67	32	83	95	15	12	14
51	57	72	1	5	11	23	9	51	76	13	17	80	16	66	74	82	15	19	34
71	97	56	12	73	81	65	36	76	59	82	23	1	83	69	2	4	30	82	39
90	48	32	90	44	55	25	83	55	80	27	75	52	16	64	89	71	47	96	64
43	43	15	11	55	25	90	34	75	29	22	87	80	48	80	33	93	76	36	2
38	89	36	4	98	56	91	76	83	26	22	28	72	31	23	40	77	56	52	72
90	26	85	77	48	66	98	21	45	94	16	5	76	18	5	62	42	29	34	43
95	97	33	46	54	17	92	76	69	77	88	80	85	2	85	92	33	17	51	80
35	68	81	40	4	5	60	49	4	1	8	93	84	43	88	91	74	13	17	99
30	61	5	46	80	83	13	63	56	5	48	52	69	46	18	51	54	24	64	76
7	11	43	99	83	6	63	51	93	92	70	60	39	2	74	49	77	62	12	82
92	13	82	40	58	81	5	93	51	84	42	10	12	8	35	12	95	46	77	42
63	75	44	64	48	9	60	17	19	44	19	74	39	81	46	24	2	84	68	76
5	47	23	35	16	83	23	35	34	41	46	69	62	80	40	36	98	29	79	26
42	84	31	80	48	20	73	31	66	99	1	44	72	55	86	82	1	36	24	49
89	84	82	17	63	60	4	84	23	68	58	65	88	91	2	20	89	36	58	32
73	68	45	10	11	62	89	42	55	28	84	16	31	79	19	57	24	87	71	69
24	42	80	55	85	84	85	8	86	96	59	21	40	41	74	76	29	89	43	86
20	74	5	66	25	16	67	20	77	41	69	47	29	50	14	12	44	60	43	74
66	9	12	66	24	58	79	32	90	23	81	70	90	4	8	12	84	47	15	63
81	34	73	40	73	30	33	94	49	1	66	34	37	35	40	90	80	41	72	79
81	36	96	62	73	52	77	74	78	92	99	42	49	11	26	90	47	65	13	69
89	63	59	8	22	83	90	11	41	41	29	52	71	42	60	86	75	12	3	8
71	8	84	16	48	24	96	17	90	26	24	41	41	42	58	97	3	93	27	88
56	18	14	49	80	85	46	92	97	71	51	98	48	42	37	72	79	38	15	64
83	31	23	99	95	43	85	9	39	46	31	20	95	66	63	92	21	41	58	37
20	98	82	53	30	55	31	49	10	76	12	47	20	84	83	79	7	8	67	1
40	17	67	35	59	32	40	69	85	97	2	65	85	1	53	32	97	87	35	8
50	79	91	90	18	51	6	56	47	66	44	6	48	12	57	81	44	62	27	86
93	4	37	38	53	55	84	83	65	7	71	30	16	40	8	89	48	15	19	46
62	92	44	8	15	47	70	79	20	71	82	62	40	58	49	34	13	16	59	38
73	44	81	66	27	46	65	72	65	80	69	14	44	46	99	92	58	86	85	28
77	64	25	29	30	59	89	20	84	19	20	85	94	45	19	30	78	45	13	10
85	31	60	84	97	38	76	54	59	87	59	15	20	28	92	88	4	90	13	21
24	21	87	95	7	1	27	98	43	91	46	6	52	63	7	68	87	32	56	70
13	52	98	38	77	2	1	35	68	38	72	29	34	83	59	8	74	72	19	6
16	71	99	86	23	80	32	28	74	11	43	97	86	94	72	35	39	40	34	52
78	51	90	47	99	70	86	74	7	86	51	53	2	6	1	11	61	6	85	41
98	87	46	24	28	89	29	96	21	44	7	33	42	71	21	1	3	7	96	88
19	18	17	11	80	51	25	1	99	2	40	61	74	22	81	94	16	24	51	74
86	52	96	88	58	53	45	29	87	8	27	47	29	42	19	84	24	46	24	22
55	21	48	26	90	29	5	11	3	46	34	39	31	93	2	79	13	3	51	87
56	46	17	69	22	82	47	99	63	8	28	26	70	38	92	46	19	12	46	2
54	18	7	64	81	11	7	69	15	88	82	56	73	32	14	10	13	23	72	73
61	2	6	44	35	63	64	56	39	13	10	30	21	96	27	92	31	51	76	6
89	37	90	10	74	5	7	22	58	19	13	79	82	23	47	10	57	92	24	91
5	50	68	91	59	80	82	93	23	70	82	54	14	19	74	91	4	28	43	13
32	56	51	58	74	70	47	42	97	22	78	2	89	40	76	68	75	99	3	53
70	27	72	30	39	70	45	98	79	47	20	10	5	44	14	38	5	16	41	46
31	58	75	71	48	89	70	71	44	73	78	25	15	94	2	52	26	83	71	15
97	4	89	23	66	62	69	89	52	64	83	26	51	62	56	33	75	38	9	49
92	91	20	28	29	61	59	56	88	25	61	35	94	85	13	5	38	38	33	67
4	9	63	92	26	70	8	59	72	26	60	45	24	54	29	56	27	32	52	4
13	53	46	92	55	85	78	70	94	70	76	39	9	71	43	95	33	62	73	51
14	53	33	22	24	50	18	95	33	86	76	5	33	15	56	64	42	74	49	44
97	61	82	85	28	38	85	54	25	94	4	9	43	50	60	75	38	5	35	53
21	34	97	68	95	56	11	76	73	27	66	53	29	84	63	5	89	43	16	54
30	30	8	85	53	19	10	58	96	28	45	29	25	46	21	63	86	55	92	66
52	17	21	52	34	38	40	36	55	78	80	79	10	80	43	69	15	61	83	30
94	82	35	96	10	48	90	93	66	45	31	73	82	44	63	14	10	47	53	88
9	22	29	96	6	99	38	12	5	89	6	26	33	67	44	88	10	63	87	16
20	30	53	87	83	11	48	13	66	71	50	16	80	94	92	50	9	99	23	37
17	82	21	96	97	81	18	37	27	16	1	76	84	99	75	12	41	7	8	51
22	34	92	15	83	88	98	65	97	53	15	29	2	18	41	84	83	15	13	15
5	49	40	93	65	94	13	7	23	55	77	98	58	91	75	59	51	89	5	90
11	15	88	27	20	58	26	32	3	74	74	23	31	14	6	73	11	96	66	62
11	2	29	39	17	23	84	72	57	26	33	99	15	34	89	94	92	33	24	3
23	98	93	94	30	20	93	69	40	81	63	77	37	51	30	63	49	1	49	72
82	5	36	24	2	82	52	88	95	86	8	20	5	39	65	87	12	37	36	21
96	46	96	13	77	56	88	25	65	17	8	57	26	72	20	99	14	11	38	6
14	93	98	77	87	74	13	62	89	47	8	19	87	7	76	44	92	49	37	40
71	78	89	35	71	48	52	22	51	83	83	17	24	28	19	7	6	87	68	19
60	34	95	40	77	69	48	73	26	75	29	15	15	23	32	49	8	30	16	85
26	84	42	80	97	87	44	29	42	60	93	86	43	78	50	91	64	31	53	14
63	51	77	21	13	12	71	1	73	27	51	20	70	92	31	91	90	15	22	2
14	55	87	62	17	20	3	62	71	91	93	3	21	35	18	21	18	96	39	8
83	40	20	7	48	85	47	21	45	30	23	87	90	3	13	45	18	76	52	85
15	52	76	25	29	93	10	84	31	92	27	46	42	66	51	14	66	21	32	11
29	61	91	16	39	55	63	94	84	58	52	18	77	2	44	94	73	45	4	19
70	24	23	57	18	36	98	30	44	2	22	54	84	72	35	78	36	6	40	85
88	45	99	41	84	1	20	15	32	24	53	61	35	93	5	46	4	36	11	76
74	82	64	5	61	53	83	99	54	82	54	41	93	29	12	44	88	2	94	2
70	95	79	9	97	52	93	61	22	54	2	55	55	78	53	17	28	51	60	52
25	75	22	53	62	92	66	83	14	34	35	82	33	83	34	97	86	97	19	10
52	97	73	37	21	12	29	98	41	97	17	66	60	68	85	34	96	24	7	40
28	97	43	24	8	70	89	31	90	20	43	32	96	86	63	55	64	88	9	32
10	89	94	14	78	49	78	82	72	6	23	76	97	49	70	92	23	92	40	92
20	1	86	13	13	17	74	61	12	16	25	44	45	94	79	48	83	93	29	56
31	27	19	52	18	61	75	41	89	26	91	53	39	98	46	12	9	64	12	51
99	9	66	41	47	24	33	20	63	57	25	35	12	20	56	21	77	11	5	12
24	73	1	56	72	70	84	5	10	11	77	78	30	71	28	87	6	28	82	67
89	23	4	13	54	73	61	73	13	85	83	95	83	43	48	9	95	26	69	13
34	66	65	19	58	93	86	26	90	36	21	19	61	31	76	67	48	56	56	92
68	89	79	13	48	35	35	29	26	43	71	71	99	34	89	22	39	99	44	78
40	11	15	54	60	78	20	13	3	99	2	94	79	57	30	69	43	68	94	72
89	83	66	94	91	87	74	76	20	21	12	91	81	28	1	74	31	44	71	94
46	94	92	49	78	54	51	47	89	48	64	86	28	64	81	85	48	14	14	29
18	57	7	63	32	7	14	82	80	73	50	96	12	49	85	29	76	30	27	73
86	71	5	77	78	27	10	59	85	5	23	72	78	66	97	23	85	52	86	17
81	19	91	61	71	45	92	64	34	18	98	10	61	5	6	91	94	56	40	14
17	68	99	71	86	56	9	6	79	91	80	76	17	53	14	97	85	57	53	30
39	43	42	22	24	3	43	37	66	40	56	38	26	80	91	53	46	21	97	45
28	42	85	13	50	89	55	73	4	98	17	75	26	83	48	2	32	33	20	59
61	94	17	56	19	28	27	63	20	94	78	3	91	88	83	77	80	30	50	40
47	85	94	23	37	64	14	68	80	65	3	67	98	19	85	89	21	21	81	30
29	7	35	48	10	21	58	54	47	22	76	91	86	34	29	1	94	56	92	2
89	79	22	42	34	81	57	9	11	3	47	61	94	89	1	64	5	23	78	76
50	26	45	34	22	28	55	45	33	20	85	56	62	23	91	29	79	43	3	24
81	34	28	39	17	96	33	38	60	29	33	7	45	38	31	52	66	85	66	23
36	86	65	90	46	44	67	25	75	52	94	31	47	83	6	77	93	63	44	29
15	64	60	79	82	99	18	8	99	70	69	88	92	19	13	89	90	56	82	39
63	72	49	67	44	50	62	1	73	63	70	27	61	3	22	54	85	18	63	5
73	39	23	99	25	74	76	5	64	92	33	95	22	50	61	39	25	95	76	47
44	84	1	8	76	6	31	65	3	40	39	73	28	96	89	38	26	27	7	46
41	2	16	69	68	83	77	96	58	11	41	14	69	72	13	57	95	59	97	48
23	3	72	88	34	72	65	81	63	63	7	53	62	40	72	1	41	53	77	25
61	62	12	90	42	59	5	36	9	26	20	32	52	93	20	6	98	78	99	76
51	86	2	28	62	39	45	59	38	22	34	49	88	22	67	85	95	29	20	12
26	11	42	16	36	79	26	75	14	92	85	95	74	13	91	22	83	15	20	23
59	46	30	6	59	52	4	18	75	20	49	22	58	62	85	92	64	85	62	64
1	83	7	41	16	64	62	81	69	95	1	37	9	24	54	46	90	79	94	10
30	99	96	33	35	55	31	79	55	54	27	94	29	42	85	23	74	35	93	79
31	23	69	92	53	67	19	49	21	70	66	16	37	41	52	39	25	60	40	57
90	80	35	47	33	84	48	95	81	20	33	53	27	34	49	2	73	39	64	53
52	7	61	36	55	60	66	88	3	34	78	26	76	35	39	83	38	99	66	93
72	48	82	10	24	51	62	10	81	67	37	14	53	72	60	51	14	73	58	24
65	21	28	69	75	89	29	13	41	74	95	87	23	2	2	51	96	77	81	31
14	94	86	29	62	10	19	86	90	62	66	48	20	87	70	93	89	96	40	99
46	15	42	35	1	36	69	26	75	52	18	99	24	15	14	48	63	62	52	90
14	66	78	79	36	76	49	35	93	67	5	56	25	71	32	89	80	39	99	15
11	90	90	11	44	1	78	14	73	94	92	25	29	38	92	79	31	65	27	27
2	45	44	89	69	78	97	41	5	15	39	51	72	70	32	64	25	8	93	75
66	34	17	32	24	99	12	39	20	86	2	23	45	80	69	77	37	55	71	49
56	13	44	40	26	69	34	17	98	19	79	3	29	69	58	45	86	42	28	77
59	83	84	99	67	62	81	37	13	71	39	83	49	32	14	81	58	25	34	87
7	2	65	14	30	52	94	19	4	40	1	4	10	42	78	56	70	34	71	31
48	83	13	80	20	33	1	42	23	20	38	63	73	50	5	47	87	97	31	20
99	71	40	69	63	4	86	16	30	43	82	10	85	49	79	81	8	45	70	25
21	48	56	43	94	75	16	22	80	39	58	4	34	94	92	68	70	20	96	82
2	76	24	88	88	60	79	55	80	25	10	56	40	73	25	60	88	90	56	96
91	65	18	15	85	15	46	98	2	16	98	49	90	8	3	52	60	31	48	77
74	95	40	2	34	15	55	87	92	43	63	90	65	41	39	53	59	98	25	99
80	97	95	84	98	13	27	20	49	44	98	47	10	65	46	40	57	93	21	95
79	88	36	3	56	95	2	3	32	82	13	50	41	6	27	88	75	21	49	66
12	85	65	52	10	95	56	97	92	96	21	68	87	73	77	70	96	36	51	67
97	11	2	57	61	31	71	1	84	19	67	49	49	72	53	48	36	78	59	67
82	20	54	1	38	55	50	12	68	39	91	32	79	84	48	2	15	40	59	65
61	35	41	33	23	76	85	50	17	41	49	3	23	84	35	38	42	87	97	12
94	56	49	13	4	69	38	43	35	34	76	86	38	9	75	38	43	90	25	13
54	10	18	14	5	99	54	39	1	44	85	86	45	54	45	42	41	70	65	1
49	78	23	66	24	35	38	47	25	31	7	13	24	54	37	94	46	16	93	56
82	49	16	17	60	87	5	51	95	11	68	81	51	77	67	77	94	77	73	88
65	45	3	83	77	4	19	39	78	16	75	53	58	80	51	26	8	58	91	79
19	55	12	29	69	61	61	98	53	97	26	81	96	27	74	9	53	22	31	67
53	66	39	8	2	13	47	62	56	32	10	95	67	19	20	48	30	68	31	28
97	41	76	49	25	70	2	32	99	28	10	30	69	3	82	25	97	2	51	97
64	14	75	24	56	3	75	31	75	84	88	29	92	80	37	59	28	80	75	75
81	44	25	17	93	69	83	52	56	49	17	10	32	46	21	96	57	17	99	80
54	65	9	39	41	29	16	10	27	79	27	34	36	87	77	17	83	28	27	82
9	54	69	7	25	81	92	30	89	16	10	33	70	12	24	23	35	15	56	2
45	8	39	1	16	83	26	95	74	38	65	65	40	8	47	39	31	28	80	12
6	34	41	5	71	62	4	89	99	36	37	90	45	20	38	20	77	34	69	47
29	93	3	81	30	45	34	27	13	5	8	92	58	50	22	93	41	13	24	87
16	26	38	92	28	23	56	17	49	31	68	34	4	80	5	11	35	63	8	13
96	88	94	35	34	90	20	39	21	52	9	65	33	27	68	56	6	38	59	2
74	19	35	34	87	77	40	21	59	51	42	61	29	14	24	5	38	4	68	21
79	28	95	67	39	36	1	61	17	48	59	80	75	14	62	72	44	31	92	37
10	93	67	27	44	52	88	46	36	90	9	96	47	97	4	65	62	36	64	55
72	6	63	63	9	59	87	6	74	72	9	25	46	62	10	20	9	70	2	54
18	15	29	47	88	85	48	31	48	98	75	48	69	66	29	81	21	56	55	96
21	93	14	90	74	44	52	85	95	47	39	13	39	64	27	93	55	32	77	8
67	89	4	43	66	52	43	46	65	22	48	49	9	6	87	98	47	10	93	52
10	54	51	64	60	31	86	33	31	78	69	79	52	87	19	6	50	34	92	21
95	24	17	4	7	66	33	5	85	72	26	17	26	89	53	62	14	16	3	25
98	98	47	1	34	96	52	55	58	86	35	65	11	47	43	27	55	62	98	10
69	45	52	72	15	76	26	48	50	9	66	97	54	8	20	67	31	88	93	81
68	11	6	38	94	91	67	59	73	56	67	83	42	7	50	91	38	95	19	31
52	12	2	85	44	15	49	11	10	19	93	77	73	10	33	85	92	87	32	25
63	78	87	16	48	94	21	9	61	87	68	22	86	53	46	58	6	20	94	90
62	63	10	33	15	62	9	56	28	60	1	82	13	73	81	91	77	90	38	27
1	41	25	31	61	79	60	25	36	96	98	35	51	24	71	63	30	18	90	21
8	12	91	19	49	19	90	97	6	16	97	15	36	80	64	73	76	78	93	42
82	38	2	33	95	83	96	91	50	88	66	66	88	18	46	20	72	64	25	39
32	87	47	84	67	37	7	19	40	63	51	4	45	77	40	77	82	31	13	79
18	3	41	18	29	73	37	85	23	51	91	68	34	55	15	13	74	48	24	59
13	59	83	79	43	49	85	11	40	88	7	41	90	71	80	78	8	92	1	4
6	99	33	7	6	76	86	72	68	63	58	61	60	19	63	8	81	63	7	85
56	25	72	20	72	87	71	42	52	53	12	99	80	23	13	41	37	79	37	51
9	21	73	77	52	31	36	41	85	82	89	45	15	80	99	32	1	86	74	16
54	24	56	71	99	40	58	27	6	56	36	58	90	90	39	52	43	39	4	38
22	10	51	64	59	84	38	20	14	89	55	10	77	39	8	66	59	83	94	5
72	35	88	59	85	94	8	95	9	6	44	82	15	20	72	19	72	9	45	80
47	27	2	53	62	13	77	60	84	27	75	78	14	9	31	67	41	43	6	26
80	55	86	22	83	78	50	64	35	72	26	45	75	20	25	44	38	54	98	12
58	9	19	60	72	62	13	88	87	99	96	94	54	49	99	89	10	19	98	73
98	64	39	27	82	11	64	28	89	19	59	8	48	34	26	46	99	71	49	98
36	89	58	74	28	52	27	43	50	17	87	50	45	65	88	87	65	44	53	70
30	2	50	43	66	11	10	48	16	64	51	21	66	14	65	45	87	11	86	81
81	5	75	29	94	68	6	74	88	94	46	73	21	41	38	95	50	11	15	94
83	48	34	41	68	40	65	73	13	60	44	72	96	42	17	30	66	44	46	84
83	59	42	73	20	48	76	60	49	15	3	5	19	16	55	55	32	50	33	96
15	97	5	23	36	83	76	6	62	55	14	94	29	20	14	36	92	89	7	71
77	12	8	86	38	66	48	61	42	27	14	31	14	11	59	19	31	99	66	21
30	21	52	73	10	23	39	88	56	61	56	62	63	4	19	23	93	43	25	75
72	98	22	76	80	66	90	25	74	70	64	76	93	85	46	29	27	8	79	42
90	31	57	34	57	7	40	89	53	41	32	64	13	79	34	52	78	70	35	43
23	11	5	86	30	28	3	12	15	21	58	3	7	66	67	14	90	42	39	22
7	85	45	1	13	56	34	48	2	29	75	46	78	30	42	28	17	29	69	8
23	68	83	78	1	5	94	64	86	22	12	43	6	98	16	25	52	35	15	43
67	11	28	12	89	94	14	99	28	74	14	69	99	2	8	56	94	35	90	62
88	33	1	60	72	81	56	88	99	21	4	53	23	5	15	77	37	77	59	83
63	80	99	75	17	13	52	91	38	30	21	77	39	15	53	97	7	60	20	64
99	90	97	55	17	3	55	10	97	36	95	18	88	54	63	45	48	21	27	36
27	72	10	65	37	80	82	20	61	26	41	11	48	49	17	18	58	62	98	32
18	96	46	72	93	40	32	89	99	16	40	44	18	84	56	71	49	37	7	49
5	40	73	3	44	10	16	7	60	10	7	91	36	78	16	11	83	94	29	55
70	1	35	83	29	75	46	12	40	7	11	72	91	41	54	83	65	38	53	39
29	7	64	51	4	95	43	4	64	15	96	60	78	82	38	68	55	52	35	11
46	2	84	26	28	36	91	77	26	24	78	48	98	35	19	48	2	9	83	41
45	41	45	99	13	64	50	59	9	16	90	91	85	37	86	97	1	40	64	25
85	80	24	24	58	58	59	75	89	21	13	99	25	31	59	56	72	6	89	19
15	27	46	18	18	60	45	39	63	10	62	31	99	40	57	27	93	99	69	20
44	66	90	41	25	9	93	46	58	5	14	86	41	26	56	86	7	25	48	77
51	23	61	8	71	60	38	61	62	6	39	67	44	92	55	74	90	6	8	31
24	93	97	80	93	72	56	45	98	13	71	90	7	22	76	96	56	63	33	57
90	20	95	96	12	4	40	92	62	65	62	12	69	43	71	6	17	41	39	69
67	77	97	4	93	28	46	88	92	70	77	81	83	49	97	45	43	60	31	89
19	45	13	42	8	47	55	63	3	18	92	89	49	96	52	60	99	10	39	24
46	85	92	52	20	7	83	82	64	32	31	1	76	71	7	60	71	73	36	37
69	9	38	76	20	8	86	4	9	60	63	48	81	96	19	52	63	48	78	53
62	2	66	71	58	46	14	18	25	80	9	57	10	19	37	98	23	12	18	47
86	87	26	9	4	55	78	38	58	45	78	38	9	5	18	87	45	76	54	8
81	81	17	13	55	83	25	15	11	22	23	57	70	69	14	74	37	10	26	50
57	39	87	46	8	68	39	70	10	41	83	19	54	38	7	64	64	79	46	50
30	49	53	28	28	66	24	7	27	30	95	67	49	12	22	82	46	27	81	25
55	32	84	81	67	1	41	58	89	89	33	19	65	69	65	94	50	51	45	19
77	32	22	11	78	7	62	4	24	59	16	72	81	56	93	75	49	73	19	82
20	16	68	41	33	62	90	61	13	4	98	63	46	52	12	52	58	10	25	93
28	90	62	23	49	50	38	5	77	20	55	95	74	34	52	38	63	40	16	6
72	22	82	37	27	77	56	4	36	96	54	98	73	20	54	57	61	95	7	55
33	63	93	5	25	72	29	62	99	85	65	7	61	72	31	8	69	84	58	93
26	71	22	76	74	74	1	19	80	9	2	26	39	61	26	64	14	38	20	69
54	83	25	77	69	49	10	95	40	82	36	21	21	17	67	38	36	99	52	32
10	62	96	90	87	35	54	61	60	83	69	63	70	98	56	76	75	31	7	36
55	1	82	48	29	90	86	36	50	30	77	37	9	59	20	47	87	2	3	68
43	25	51	69	46	10	73	64	36	99	48	2	40	98	25	65	12	38	96	21
88	16	3	1	39	72	66	69	6	56	63	13	61	95	56	25	92	9	63	87
49	5	7	85	39	59	46	6	15	27	20	89	37	82	32	82	10	86	84	82
73	18	51	86	83	61	62	92	9	4	50	16	97	49	10	42	5	14	47	31
48	28	9	81	15	97	28	79	81	51	62	50	1	1	13	54	2	13	17	7
75	51	92	98	51	64	63	20	5	24	43	70	41	34	67	1	8	77	19	89
28	66	68	98	23	65	47	64	61	14	82	75	54	80	80	56	20	43	92	60
20	95	67	38	42	69	23	13	97	87	3	51	78	72	85	24	51	13	8	42
49	69	90	96	82	48	22	97	43	72	22	37	59	39	55	92	25	26	37	51
63	72	3	65	84	95	10	57	36	39	93	68	92	67	36	85	52	43	87	68
91	42	17	32	68	19	1	3	83	32	59	15	81	58	4	42	10	16	7	29
32	81	75	59	91	10	20	5	28	43	13	4	82	8	62	24	15	39	23	69
60	49	51	63	27	42	25	62	7	43	81	33	51	57	17	85	60	90	70	51
93	12	33	8	84	4	70	94	51	8	22	14	72	53	26	60	7	80	50	9
67	88	3	67	6	26	36	89	49	89	78	81	17	13	62	46	11	1	85	59
88	56	98	48	41	83	57	89	12	17	93	23	63	20	80	63	57	13	3	13
66	27	9	99	65	90	88	54	50	9	40	86	52	74	15	15	95	80	87	32
50	16	58	18	74	87	73	34	53	9	68	93	97	21	42	65	46	97	60	31
29	56	94	90	2	46	23	75	11	71	4	69	7	26	17	24	1	55	84	28
81	62	83	63	34	61	52	88	33	21	62	23	58	63	35	14	13	88	24	95
64	37	82	12	29	4	91	30	10	35	55	37	87	81	15	88	27	16	46	8
59	76	7	79	29	27	55	25	91	93	41	97	89	27	54	88	94	28	16	51
63	80	66	92	79	8	41	14	26	79	63	32	18	91	93	39	55	63	38	21
20	38	34	74	34	67	4	51	6	43	92	88	79	70	11	68	15	5	30	6
69	83	8	28	96	59	75	26	70	70	76	2	65	18	14	84	3	10	58	13
39	39	59	52	51	9	11	21	44	19	49	30	84	35	45	30	91	81	80	7
3	64	91	61	37	60	21	86	24	53	76	76	90	15	78	1	66	8	36	67
35	41	8	60	84	93	83	17	50	64	45	37	50	12	8	19	45	92	42	76
10	23	25	78	32	43	28	45	7	88	26	43	19	3	21	26	74	64	92	80
76	58	96	9	34	42	39	49	19	73	9	54	78	47	47	71	3	24	51	4
4	21	34	6	48	1	97	36	22	78	18	22	45	46	52	35	48	55	35	39
35	73	50	54	43	43	95	69	16	62	59	67	72	79	44	29	71	1	88	27
12	95	59	89	31	60	14	94	73	4	23	57	72	8	11	54	69	2	83	83
75	35	34	72	48	29	30	71	87	9	69	45	52	79	42	11	7	9	13	35
29	67	48	81	24	96	47	24	41	13	76	48	19	90	58	60	79	80	55	71
13	35	63	88	20	98	20	68	22	11	67	1	61	77	30	70	94	7	62	46
51	51	31	12	44	78	37	29	57	80	23	24	40	14	2	20	2	35	96	70
43	83	40	13	80	63	51	65	13	36	71	57	51	85	84	3	53	77	38	62
23	96	20	22	94	89	3	34	8	56	90	51	24	8	77	34	99	8	75	31
22	89	49	74	59	28	88	64	35	18	18	54	31	1	41	52	12	55	67	51
37	41	4	37	44	26	11	27	48	95	36	63	28	22	57	35	9	67	23	79
63	45	30	45	30	25	95	9	62	17	5	64	85	78	49	81	81	45	42	84
15	21	35	47	3	20	12	93	68	85	11	89	17	56	87	73	39	95	83	40
15	77	82	92	55	77	62	37	68	40	61	41	76	69	52	16	14	1	33	38
46	73	58	13	38	6	20	45	81	8	67	4	87	2	1	42	87	1	72	74
33	47	54	59	27	43	56	26	57	34	82	51	30	97	94	16	81	69	42	41
44	61	7	85	43	41	41	94	74	71	29	83	6	40	87	8	73	64	28	28
50	50	45	7	20	91	47	94	89	55	87	63	86	10	98	32	43	54	11	26
90	7	38	50	6	66	39	37	19	90	20	24	54	1	70	79	93	60	54	44
62	82	3	68	41	98	9	20	77	61	22	96	3	70	33	54	37	46	50	34
88	96	57	5	10	69	92	83	40	41	81	28	32	49	42	57	49	39	88	32
55	27	71	75	59	70	55	28	67	7	78	48	57	76	95	43	39	25	35	56
12	69	58	64	36	21	73	66	62	58	43	97	52	10	3	40	16	85	89	47
88	74	83	11	70	68	87	87	25	76	34	33	35	78	84	19	20	42	55	66
44	33	38	71	44	38	78	84	54	9	19	65	10	4	77	49	13	32	93	99
56	99	10	18	38	16	57	8	3	23	1	60	94	73	46	81	44	36	74	71
11	98	38	81	93	25	97	91	84	22	89	50	40	66	52	88	80	1	7	58
58	95	94	65	17	1	91	69	14	53	48	88	83	83	21	72	63	96	2	65
29	35	47	96	51	75	86	35	31	59	65	14	19	99	72	47	20	10	27	74
50	83	34	93	52	1	6	1	72	72	32	72	35	22	89	83	51	87	46	91
61	33	32	18	39	63	31	38	64	53	8	46	76	66	43	11	98	22	91	17
42	11	21	38	91	86	68	90	10	15	45	50	48	68	84	36	88	60	79	54
67	18	26	8	7	93	93	82	82	80	57	82	96	45	88	13	39	18	29	97
30	55	3	54	16	62	31	1	27	82	91	8	15	54	69	29	4	46	37	27
44	87	86	99	49	89	53	73	61	10	46	91	58	65	86	57	79	42	38	2
20	14	38	56	26	55	97	60	77	58	6	49	57	52	18	87	9	51	78	37
54	29	61	70	10	78	84	97	25	89	74	53	74	81	83	28	7	51	62	51
48	61	10	42	38	7	83	59	27	91	18	45	60	34	84	3	25	20	4	32
34	93	5	72	94	7	96	37	46	10	36	66	49	51	5	25	81	78	76	36
98	81	77	70	15	65	68	72	67	38	53	32	3	24	96	55	13	18	57	48
45	82	26	27	71	33	77	25	25	90	83	61	97	88	56	55	97	65	15	51
77	3	60	84	14	26	77	5	42	26	87	17	65	98	23	78	59	54	51	89
17	77	35	65	88	19	2	98	21	41	97	71	24	73	69	44	94	5	78	71
69	3	62	84	34	32	8	8	40	87	55	75	9	76	66	93	83	83	90	24
28	42	19	2	34	61	25	34	4	63	37	68	34	41	49	32	87	7	46	10
97	71	67	21	38	66	21	8	79	62	15	26	5	21	3	67	93	19	49	72
91	12	18	74	80	19	89	63	75	54	63	39	73	66	73	50	9	37	73	7
70	54	50	59	72	81	58	19	97	47	25	46	48	21	77	87	57	67	13	59
74	6	63	88	74	77	6	59	23	15	66	48	37	37	98	39	39	82	52	44
64	91	15	46	70	64	47	56	47	68	29	67	17	47	38	33	13	18	52	78
10	51	20	61	42	26	23	2	85	87	87	57	80	33	95	80	66	81	50	33
3	88	44	74	32	9	95	6	7	72	96	66	62	86	81	67	75	92	42	96
97	19	77	57	19	44	72	92	39	76	4	47	46	65	24	71	48	85	63	79
34	44	61	72	99	73	95	47	60	57	8	14	19	14	45	65	39	61	77	65
77	67	2	53	36	73	43	4	85	29	58	24	84	68	27	39	51	26	83	86
27	83	94	21	49	14	51	24	97	5	17	93	25	14	6	34	80	43	49	23
11	94	6	61	68	95	33	36	97	84	38	63	31	27	41	44	30	10	61	94
2	45	29	56	69	12	63	13	5	1	96	49	54	26	41	96	23	80	79	72
35	95	43	72	22	61	80	3	10	52	41	43	72	52	80	50	57	13	66	51
20	72	99	48	77	54	57	17	54	8	84	44	32	75	12	54	13	45	78	59
80	42	10	88	1	6	82	88	5	20	60	12	55	68	62	63	27	55	81	4
95	9	16	67	23	33	56	80	81	73	29	75	46	16	41	79	24	84	61	26
24	2	13	97	52	96	49	14	84	44	73	77	34	67	9	94	66	43	40	81
21	72	18	84	82	26	48	24	55	45	34	61	83	87	88	69	95	55	10	63
65	32	63	94	68	5	49	16	67	86	38	34	64	31	32	46	19	23	9	93
85	19	37	42	41	36	79	85	53	55	89	78	59	90	56	90	62	96	66	61
30	54	14	79	46	29	78	93	85	4	47	76	69	99	61	92	74	21	30	70
10	79	22	41	90	98	36	22	72	90	36	86	73	74	88	73	81	59	73	8
29	24	94	98	94	6	8	23	68	49	61	62	29	23	97	63	59	57	64	35
66	58	47	67	35	49	96	1	20	68	32	46	75	72	81	51	4	72	54	51
66	86	15	43	91	21	83	18	17	17	35	88	90	41	7	67	66	52	89	32
47	54	91	82	73	24	67	37	45	83	69	51	8	87	38	68	66	28	30	24
19	17	21	19	3	43	5	53	10	39	11	27	54	94	30	82	85	93	7	12
43	69	38	90	73	96	25	66	66	92	81	50	11	19	1	46	56	46	57	11
4	58	1	83	22	18	79	65	91	78	23	96	61	55	80	86	86	78	32	57
3	83	79	15	85	68	71	41	54	19	82	75	62	95	78	88	52	80	49	26
86	78	59	87	75	78	36	88	73	4	66	95	97	12	33	91	83	30	59	50
19	81	42	63	70	45	98	20	61	86	13	91	54	40	82	74	53	16	38	94
41	41	36	28	63	30	38	83	89	69	20	82	39	71	48	52	40	61	23	68
44	35	80	94	51	87	19	96	38	40	73	17	25	61	59	98	56	22	53	59
15	51	65	31	51	69	55	85	64	39	30	48	13	98	41	74	91	4	98	12
33	75	80	52	45	50	35	1	69	17	25	79	79	84	14	57	28	57	11	80
30	99	92	83	18	46	21	72	14	62	65	84	77	86	15	36	84	10	55	8
39	29	89	12	2	60	70	12	56	48	44	9	7	71	60	66	2	69	3	44
18	40	96	52	28	47	52	49	47	3	84	59	27	59	20	52	72	24	26	42
70	61	96	1	94	6	13	92	47	98	33	59	65	35	48	92	15	9	46	53
5	78	39	73	84	35	7	12	32	50	44	61	99	95	75	77	40	92	97	10
33	36	60	54	27	73	70	32	25	54	41	6	58	65	52	74	9	60	37	16
63	98	9	4	48	88	72	82	90	99	54	76	40	17	27	92	66	54	43	4
32	42	51	47	60	64	10	92	75	82	49	88	49	90	83	1	15	83	89	67
19	97	40	25	52	99	88	2	49	17	11	45	30	80	46	6	32	38	14	61
61	74	85	69	49	17	84	12	3	63	88	2	89	18	85	40	83	83	98	39
60	52	36	22	10	46	50	36	76	23	10	52	66	85	93	32	1	3	35	12
17	45	42	9	79	75	60	47	18	8	38	86	78	99	52	93	12	22	63	62
12	36	85	92	55	60	13	80	80	83	26	32	78	58	37	60	30	49	14	49
27	70	24	19	66	98	31	8	72	40	69	10	89	52	12	45	73	77	15	64
77	38	74	47	1	72	19	71	38	21	76	85	89	16	19	74	65	72	9	35
4	63	97	92	13	36	23	69	80	36	98	61	24	19	50	72	68	10	99	92
61	93	28	41	37	67	73	71	63	4	58	49	89	51	24	34	25	62	80	77
29	60	76	26	18	59	6	75	26	76	15	80	92	94	16	75	42	47	25	51
57	79	39	39	47	67	21	67	76	19	20	22	24	11	79	84	5	79	53	67
97	80	74	34	23	37	43	71	45	37	74	68	32	97	3	12	63	24	32	15
42	5	12	95	21	93	82	19	39	88	90	3	46	16	72	77	20	7	20	32
89	31	81	50	21	6	78	91	22	47	79	40	39	57	79	23	23	99	54	95
16	35	63	39	58	28	73	69	65	90	98	24	83	18	55	22	16	12	99	37
71	29	77	67	25	34	19	46	51	33	33	74	45	62	73	80	59	85	84	45
64	31	58	16	85	8	75	27	23	25	27	76	38	55	35	77	5	88	96	29
85	64	16	49	51	41	23	6	35	49	38	73	4	5	21	48	12	25	26	28
43	4	30	51	88	53	74	52	48	98	42	81	96	18	93	37	51	41	60	13
83	8	17	17	94	71	78	53	80	35	36	66	33	85	70	78	30	70	96	29
8	80	12	93	51	78	43	54	19	43	47	22	16	17	92	71	36	56	85	13
5	74	50	50	52	92	66	83	45	40	42	64	69	35	64	76	90	67	74	8
73	57	8	97	31	81	22	62	84	66	76	93	69	93	27	53	62	21	87	66
32	81	56	78	8	19	82	10	39	69	73	66	79	92	70	60	91	80	10	26

7	3	17	8	19	16	3	13	2	9	11	20	1	3	6	18	16	12	3	16
20	7	16	20	9	14	7	15	14	8	9	16	13	11	1	13	5	10	11	4
12	1	1	6	13	14	2	19	10	5	12	8	11	16	11	7	12	14	2	4
1	13	19	17	18	20	18	17	19	5	17	13	17	16	5	8	7	10	10	1
8	2	8	14	3	8	18	7	4	20	20	12	16	16	9	7	6	5	13	4
4	9	2	8	20	4	7	11	6	16	4	17	8	2	12	1	2	14	13	19
4	16	12	17	7	10	14	14	20	6	13	15	7	20	1	8	16	19	19	16
6	2	11	12	4	11	10	9	9	10	5	11	16	14	9	12	11	20	4	8
15	11	14	17	14	14	1	14	10	5	7	19	10	11	12	8	7	11	7	7
8	18	12	5	15	5	1	19	18	6	8	18	7	13	14	11	8	18	17	11
2	10	19	16	12	20	8	18	10	18	13	4	9	11	14	11	3	3	6	9
11	8	1	3	9	8	20	2	8	5	12	2	17	20	5	12	13	20	8	12
12	15	19	1	8	5	13	17	12	20	7	11	9	13	12	6	10	3	8	10
13	17	5	7	18	2	12	7	5	8	16	8	6	1	6	16	1	2	4	14
18	2	5	18	5	20	14	17	4	17	11	7	6	14	17	14	15	6	12	8
9	17	1	6	6	8	7	6	12	13	5	15	16	2	1	15	20	4	7	20
4	7	4	6	3	16	5	19	3	17	12	16	4	15	18	20	2	8	2	3
1	6	9	10	5	2	11	7	13	20	5	15	8	19	7	18	19	8	14	17
15	20	1	15	9	14	13	1	13	11	2	7	15	15	4	5	16	19	17	6
11	12	5	5	8	7	2	3	7	12	1	14	5	16	2	7	3	10	13	1
15	6	17	12	1	7	9	8	1	17	7	16	15	12	20	20	17	10	7	15
12	2	7	6	3	12	15	18	7	6	12	6	15	1	11	18	11	17	20	14
8	13	7	2	3	20	10	1	14	3	19	6	17	7	19	6	12	5	17	9
10	3	1	14	15	16	6	7	17	6	19	17	5	10	17	6	8	15	3	18
1	10	14	2	10	18	20	2	5	3	11	19	3	13	7	15	5	1	20	19
7	4	4	10	16	11	7	7	7	2	3	2	4	10	11	18	10	13	10	8
8	15	19	2	12	14	18	17	3	11	11	18	16	2	14	18	10	10	20	5
2	4	15	4	17	7	4	18	3	17	20	12	12	5	13	2	5	12	8	3
3	1	2	13	5	13	11	5	11	12	19	18	15	11	20	12	2	13	16	13
6	16	12	4	8	20	18	3	16	5	14	15	5	13	8	2	5	3	13	8
7	16	4	19	7	19	15	20	13	7	10	16	12	15	13	3	3	6	11	14
6	18	19	20	15	9	20	11	6	11	14	18	3	20	10	13	14	19	15	5
10	10	3	7	16	1	15	14	2	4	19	18	20	2	1	11	6	3	8	1
11	8	18	5	16	7	16	12	16	10	17	5	19	13	17	3	9	10	17	8
3	13	19	14	6	9	13	20	8	11	20	2	9	4	10	3	5	12	19	12
19	9	11	18	14	19	17	8	5	10	7	1	14	3	1	12	13	8	1	6
10	6	17	10	14	18	20	8	9	11	9	3	6	1	8	6	7	12	7	5
5	7	11	13	3	18	15	13	14	17	6	18	14	17	12	18	13	16	3	3
5	7	6	9	17	5	16	14	8	11	16	14	6	16	13	5	4	14	10	13
20	1	7	7	12	14	11	7	5	13	15	3	13	9	4	11	15	13	10	20
19	16	8	16	18	20	4	14	18	15	2	5	5	20	10	5	5	9	18	14
6	12	12	16	18	18	4	12	20	1	7	5	13	11	8	1	20	15	6	13
15	7	4	6	5	7	14	13	16	10	20	7	13	17	11	17	12	8	6	18
5	1	10	15	18	16	14	7	12	5	20	12	7	7	7	15	20	11	7	12
11	4	2	6	4	4	2	15	11	20	4	20	20	3	4	4	4	11	1	12
17	3	1	5	1	12	6	10	9	19	17	20	15	18	4	13	6	11	2	5
18	8	8	14	5	4	14	9	5	20	10	4	18	15	16	15	14	18	8	4
9	9	13	2	1	7	1	13	17	19	15	6	11	18	16	14	16	15	15	5
7	6	15	7	10	8	15	12	2	12	3	6	15	3	4	6	14	16	14	14
9	17	20	5	14	20	11	10	12	10	4	15	4	9	20	8	4	9	5	15
7	12	14	11	3	10	8	13	2	20	13	9	13	20	13	18	10	1	13	8
14	14	2	4	15	2	10	19	19	10	9	9	15	1	19	20	15	14	12	16
14	16	8	8	8	8	16	1	5	10	11	12	9	12	6	5	19	3	16	1
20	2	9	13	20	12	5	18	19	17	18	18	8	14	5	6	14	14	20	19
7	10	12	13	2	3	2	16	3	1	14	17	9	5	2	19	18	10	3	6
17	9	9	15	3	4	6	11	18	16	4	17	15	6	7	3	14	2	18	11
19	19	15	20	4	4	3	7	5	9	5	20	19	6	14	13	2	4	16	16
8	13	6	5	17	20	12	17	15	18	12	7	20	18	19	13	4	17	14	11
1	2	17	15	10	10	1	10	1	16	3	9	4	3	12	1	8	6	10	13
13	4	12	16	9	3	5	5	1	14	2	11	2	7	12	15	2	19	16	11
1	9	16	12	2	7	10	1	10	12	1	7	7	20	11	9	3	2	9	15
12	7	16	2	5	4	14	19	16	14	17	1	16	19	6	14	17	12	12	7
2	9	10	13	15	5	18	16	13	6	6	11	16	17	1	15	19	12	13	16
8	13	9	5	15	20	13	16	13	10	13	6	8	2	4	4	16	18	12	13
8	10	12	6	9	17	12	10	14	15	18	19	15	2	19	18	4	18	11	5
4	8	1	7	19	17	18	10	5	16	19	2	3	14	17	3	18	10	13	7
10	1	8	20	18	8	12	20	13	5	7	8	8	14	16	20	16	14	18	8
13	16	7	10	18	8	14	20	20	6	9	14	14	14	11	10	12	20	13	8
2	6	15	18	6	16	5	3	8	10	9	2	18	17	3	20	18	18	12	8
19	10	20	9	11	1	3	1	5	9	1	19	4	7	13	5	17	11	11	9
10	7	6	17	16	15	12	20	14	9	20	16	7	18	3	10	6	2	2	8
9	8	2	6	6	16	6	17	11	2	5	20	17	9	12	2	11	9	9	7
6	11	2	10	8	16	13	1	9	5	5	12	4	3	1	16	4	7	1	8
14	7	3	11	13	9	17	13	9	17	12	11	19	15	9	10	19	12	1	8
20	3	20	5	3	13	18	1	19	15	11	5	5	13	4	18	18	17	3	4
8	14	19	11	20	12	9	10	5	7	20	15	6	1	15	6	9	12	17	19
15	14	2	2	17	14	2	11	7	7	20	1	8	19	10	8	10	10	19	14
8	18	9	8	4	7	4	2	13	19	20	17	16	18	6	3	5	9	5	20
1	18	16	2	7	5	5	16	8	6	6	5	17	7	16	19	15	19	4	9
5	5	10	14	2	9	11	5	13	10	7	18	15	1	13	13	7	6	17	16
18	12	8	19	10	7	15	10	16	3	15	14	11	19	13	8	15	6	8	6
12	13	1	9	17	20	11	14	4	6	20	13	9	18	16	3	11	13	8	3
20	1	8	8	16	16	9	4	11	1	2	5	11	11	9	17	14	11	10	17
15	9	19	4	14	16	16	15	3	1	13	19	3	12	13	10	5	20	19	3
13	8	6	3	20	19	7	8	20	8	12	18	7	16	13	18	8	17	2	8
19	11	17	1	2	19	11	14	7	7	10	18	4	9	12	10	7	7	13	2
17	9	19	4	15	16	19	2	3	19	1	20	1	19	11	8	14	10	12	3
8	12	7	8	5	18	19	12	1	9	11	1	7	3	3	4	20	5	7	12
14	6	12	7	15	14	4	4	18	11	3	5	5	2	8	10	5	8	5	17
15	7	14	2	17	17	10	19	17	5	16	4	12	15	5	18	12	14	1	1
1	16	13	11	5	20	8	12	14	3	6	16	16	1	15	4	3	18	10	16
2	12	10	3	4	17	19	4	10	1	14	8	20	2	11	4	7	10	11	18
17	4	5	14	17	8	16	13	17	2	3	8	2	10	14	16	2	18	16	18
16	8	6	6	1	13	11	3	17	20	17	1	5	7	5	15	4	6	10	3
16	19	13	17	11	12	14	5	14	3	11	10	1	11	5	4	2	10	17	1
4	13	15	14	17	16	5	12	11	14	20	9	2	13	9	14	5	2	18	17
16	15	7	10	6	11	10	3	12	12	2	17	8	2	10	9	15	16	2	2
20	4	20	7	14	11	16	12	11	2	12	8	14	10	4	18	17	18	9	11
3	12	20	10	8	17	12	16	15	2	7	16	1	1	13	1	9	6	17	12
5	11	14	6	20	4	3	2	5	15	13	7	15	3	15	2	17	9	1	2
11	18	19	4	4	9	10	2	20	20	2	8	10	1	9	6	8	14	3	14
18	5	13	4	8	16	10	9	8	9	3	12	16	7	19	5	20	13	15	17
11	7	3	2	14	10	3	18	14	20	17	13	15	13	15	12	11	11	6	13
3	12	3	13	9	15	5	15	7	20	11	1	4	16	5	20	1	11	16	10
13	14	4	15	19	15	9	13	8	11	12	12	10	16	11	12	4	2	18	17
5	16	10	16	8	2	1	9	7	15	12	19	5	7	4	20	7	8	8	10
11	6	6	5	2	19	15	1	19	17	6	19	19	11	15	2	2	16	19	12
10	20	8	10	6	18	1	14	18	20	4	11	9	8	4	15	13	14	15	6
7	3	18	16	13	15	7	12	19	6	14	6	11	10	11	4	13	17	17	17
11	2	4	12	6	16	18	5	5	9	13	20	12	18	3	8	16	10	9	11
15	4	10	11	2	5	2	14	18	7	6	19	10	12	9	6	13	9	18	5
14	2	1	17	2	5	14	13	6	6	1	6	2	7	14	8	11	4	3	2
12	14	11	9	2	20	9	14	7	9	13	4	9	9	19	2	5	8	17	2
17	6	18	1	16	17	8	15	11	18	5	9	13	18	4	1	6	4	10	6
2	2	12	2	6	19	5	20	1	12	9	13	12	10	9	1	6	17	4	8
12	2	5	6	19	5	18	17	5	19	17	13	10	2	18	15	10	11	11	8
18	7	2	2	13	1	2	4	6	12	10	15	16	20	5	20	10	12	8	3
12	18	4	16	20	12	6	7	12	9	19	17	9	11	12	2	15	12	17	9
16	9	10	7	16	8	6	14	3	4	10	15	8	10	3	6	12	17	13	15
14	7	11	11	7	5	18	17	10	18	13	14	17	19	14	5	9	17	8	7
10	11	9	12	18	8	12	13	5	10	9	15	17	13	13	8	20	10	14	12
2	8	12	5	2	5	10	20	1	17	3	15	6	6	20	14	8	16	20	9
19	16	16	4	15	14	8	1	20	4	15	18	3	7	14	1	12	20	5	16
11	10	18	9	18	8	5	12	12	9	8	4	13	14	1	19	4	18	3	11
5	1	8	9	19	4	11	19	19	18	18	12	5	12	20	17	14	12	6	18
5	3	20	20	17	12	8	6	10	6	2	15	1	19	18	16	20	9	14	11
19	18	4	5	7	10	16	8	8	19	6	1	15	3	10	14	11	20	13	16
13	11	17	16	12	10	5	2	2	6	12	5	14	18	19	10	5	12	7	1
14	13	16	1	17	20	1	9	11	3	12	18	20	2	11	18	1	20	4	8
14	15	11	16	9	6	3	16	3	11	16	10	8	15	6	3	4	15	6	15
14	18	11	14	8	10	9	10	11	8	4	19	6	10	5	12	12	17	5	11
1	19	7	9	16	7	9	12	19	13	1	13	19	11	1	17	9	18	12	10
16	19	2	15	4	17	10	15	4	8	15	6	3	13	5	18	10	16	4	10
20	7	12	1	1	20	1	14	13	8	2	9	12	7	11	17	4	13	6	18
3	9	9	6	15	9	12	1	9	15	3	16	19	14	14	2	11	20	11	12
20	10	5	6	19	8	9	4	14	10	20	2	7	17	19	5	15	2	10	5
14	5	9	2	19	15	6	5	8	14	6	13	5	4	20	1	11	2	3	8
6	20	18	16	4	10	12	5	2	14	1	8	8	11	4	12	13	19	20	5
1	14	20	8	17	4	15	12	9	18	12	9	5	16	14	13	14	17	11	11
18	1	14	9	3	11	5	20	9	8	11	15	17	14	13	4	8	8	4	15
1	17	12	6	17	11	15	5	3	1	20	20	6	2	9	15	11	5	5	12
12	1	7	14	2	1	14	16	20	12	13	14	6	5	19	20	4	8	2	9
11	5	14	18	10	14	12	10	3	2	3	14	20	11	13	6	19	9	1	13
1	20	2	9	9	14	10	1	10	15	2	14	15	16	10	6	8	4	12	19
12	20	17	18	5	11	10	15	12	18	10	7	18	10	15	11	10	16	2	13
13	10	17	5	3	13	6	14	20	17	1	7	16	11	2	14	4	12	9	1
10	13	4	4	5	11	12	11	4	11	14	6	13	14	13	12	18	5	19	13
19	4	8	18	13	1	14	14	9	14	7	15	19	11	4	14	17	19	16	7
10	17	7	4	13	16	11	20	17	18	12	1	9	18	10	15	6	2	18	6
7	4	6	13	17	3	15	18	20	6	6	17	8	3	6	15	6	9	17	15
13	15	8	19	3	17	20	7	19	18	19	1	10	19	8	1	19	20	1	3
4	5	8	18	16	13	8	1	3	2	4	18	5	20	7	17	16	11	7	15
12	10	8	15	2	15	14	9	4	20	12	19	3	14	8	17	9	16	2	9
15	20	19	5	18	10	2	12	19	13	4	12	13	3	17	5	2	12	11	13
19	12	17	18	12	13	10	7	3	5	16	17	16	14	1	12	9	7	9	13
6	4	16	15	16	12	17	18	3	4	20	4	19	10	3	14	18	2	6	20
5	2	5	2	14	8	2	8	20	15	9	7	17	19	15	7	3	3	19	8
10	7	19	19	4	6	14	18	8	4	17	17	2	4	10	6	20	10	19	15
15	18	11	20	6	14	6	6	9	11	12	18	5	5	12	13	20	3	6	12
12	15	9	6	2	7	5	18	4	13	3	11	1	13	3	18	6	9	6	19
6	8	20	10	14	15	20	1	17	20	20	18	14	19	13	14	12	11	9	13
19	15	17	14	7	15	17	8	8	8	4	9	11	2	13	19	6	10	19	3
3	16	11	16	4	17	11	14	11	2	13	3	13	5	9	7	11	8	20	4
12	9	6	19	8	9	9	9	16	6	5	8	11	7	5	2	11	5	9	9
14	6	12	4	7	14	11	9	9	4	3	5	14	3	18	8	7	5	18	11
10	14	7	8	1	14	13	14	18	10	5	5	7	7	2	13	17	18	2	15
19	17	4	9	14	8	2	19	14	4	13	6	9	19	17	13	1	1	13	11
3	4	15	13	9	12	13	12	18	10	7	20	10	10	13	5	10	10	3	16
18	9	10	16	17	14	6	19	2	15	18	13	5	19	16	3	3	3	7	6
11	17	4	19	9	19	16	20	4	15	13	18	14	6	1	8	14	14	5	19
1	10	9	19	15	13	19	6	7	7	16	6	13	4	9	12	7	11	14	20
1	4	13	20	6	14	17	8	15	12	20	13	18	3	1	18	17	11	9	9
13	14	17	5	13	4	18	2	12	4	11	9	20	4	15	6	14	20	1	10
6	5	14	7	9	18	13	15	18	5	5	6	18	14	11	9	17	7	5	1
13	15	15	6	17	15	6	13	19	7	1	4	11	2	19	6	17	18	4	11
14	19	7	18	9	14	12	3	3	14	3	12	10	12	17	12	11	17	13	2
2	11	15	1	9	8	14	16	13	13	8	1	10	6	13	6	4	9	7	15
13	8	15	17	6	17	9	12	13	5	19	18	14	11	12	12	13	14	17	4
10	5	18	16	12	12	18	3	1	9	16	19	2	17	19	18	3	18	14	4
9	5	20	13	6	19	6	1	4	4	11	19	11	2	5	2	18	17	11	17
9	11	7	12	16	17	6	6	10	8	7	11	1	7	3	6	4	8	9	16
10	12	4	17	7	8	18	3	13	20	8	6	13	12	19	19	19	5	20	14
14	20	5	11	3	8	3	20	14	20	20	11	13	9	11	20	13	17	3	15
17	11	3	10	20	17	1	10	7	19	4	13	17	5	12	8	1	6	11	2
19	20	6	11	4	20	19	15	6	7	4	11	14	10	9	17	17	4	7	5
9	14	1	8	2	11	18	20	9	20	18	11	17	3	15	8	11	6	3	5
16	6	15	6	6	1	1	20	19	5	15	7	20	7	15	15	4	6	9	17
20	12	12	13	3	9	20	6	15	6	5	10	11	14	5	4	12	3	18	19
15	10	15	9	7	12	1	9	5	13	1	5	16	16	18	13	17	5	8	15
5	10	13	16	17	7	1	6	1	3	5	7	8	18	18	7	14	4	4	19
19	11	2	2	10	19	3	2	9	14	4	14	14	4	5	12	17	18	8	13
18	3	5	17	15	20	12	6	1	6	7	19	1	4	18	9	9	17	8	4
17	8	2	7	5	16	8	4	19	12	5	15	19	15	2	11	19	17	15	2
2	13	18	2	13	20	17	13	1	18	2	10	5	16	20	10	11	3	6	1
7	10	7	9	4	20	15	14	1	14	11	10	11	12	15	3	16	15	13	1
12	17	20	18	7	9	20	6	16	14	16	16	19	12	7	6	13	17	15	4
10	15	9	2	9	14	2	16	17	8	1	12	16	11	20	2	18	8	4	14
17	4	18	8	11	13	12	20	20	8	2	8	11	2	8	16	14	16	12	4
1	18	10	16	5	18	13	6	4	1	7	3	7	14	20	12	15	6	5	2
18	15	2	16	14	9	15	17	7	10	13	2	10	19	12	10	19	4	13	6
10	4	4	5	6	19	11	14	14	4	2	1	4	12	19	14	4	9	13	2
11	20	1	5	9	19	15	1	6	2	9	10	8	4	8	19	20	18	17	12
1	11	10	3	15	9	10	15	3	6	14	13	4	9	19	4	5	9	16	15
12	7	10	4	13	17	17	17	7	18	20	9	15	14	6	5	2	2	17	20
6	7	16	1	7	17	16	12	6	18	2	4	17	3	9	14	5	7	16	7
20	4	1	10	14	15	12	14	1	13	1	18	8	13	2	18	15	19	2	5
11	8	11	18	16	4	12	5	16	6	5	1	7	16	5	14	6	7	7	7
15	11	9	13	5	18	13	2	5	18	13	14	13	10	15	3	15	1	4	7
16	15	12	18	8	13	20	12	5	13	7	18	10	18	18	13	17	3	17	16
7	18	6	1	4	9	14	3	19	8	3	15	9	17	2	12	6	8	3	2
10	14	16	19	18	4	10	8	5	8	2	12	13	19	19	13	16	20	9	20
5	6	6	15	17	12	9	11	14	4	17	7	6	11	17	5	2	6	14	6
20	16	6	14	3	8	7	9	14	3	17	18	3	13	9	19	18	20	13	9
10	19	1	3	8	18	19	20	3	11	5	3	7	8	11	10	9	14	8	16
2	2	9	6	5	7	18	15	9	10	6	16	9	17	14	14	13	8	19	9
20	9	8	7	6	12	11	8	1	16	15	10	3	20	5	12	1	14	13	14
9	18	10	1	9	15	13	20	7	15	20	4	8	6	17	10	7	15	16	13
14	11	3	11	16	8	17	20	9	20	10	15	15	1	19	3	15	19	12	16
17	1	19	7	6	4	11	20	17	2	14	11	4	7	6	14	11	9	4	12
17	10	16	14	13	20	2	2	5	6	9	19	18	13	4	7	14	15	4	20
18	12	7	2	3	3	5	11	14	13	13	17	3	2	20	11	17	1	3	2
8	15	12	15	13	4	14	18	15	2	7	13	18	19	18	16	8	1	20	11
7	4	6	12	1	20	10	4	2	12	5	10	12	19	11	1	13	10	7	8
2	13	14	16	17	20	7	19	11	10	7	17	2	17	8	5	10	1	18	14
4	13	4	2	5	19	6	15	7	5	1	3	6	16	13	1	15	4	1	16
1	14	12	18	18	5	15	9	1	20	17	4	10	2	10	17	9	6	12	2
1	1	18	18	16	13	20	13	5	20	4	15	14	12	20	3	14	10	16	11
3	13	2	20	12	18	20	19	2	8	17	9	19	13	6	14	2	17	3	3
1	5	1	13	17	2	5	19	17	20	10	16	17	13	6	9	7	14	1	6
17	14	1	13	5	2	20	6	11	3	7	6	2	8	1	20	5	14	3	8
15	18	7	11	12	8	4	7	9	13	12	10	20	20	11	4	9	14	1	16
2	8	3	15	16	4	14	6	8	8	5	16	2	1	12	18	2	11	13	1
11	14	7	16	8	14	5	7	4	4	8	18	3	11	13	6	19	11	2	14
9	18	9	6	14	3	10	2	14	7	5	9	5	8	20	14	11	7	15	9
9	6	7	12	8	10	12	13	14	12	13	6	2	9	8	1	12	10	4	13
13	7	2	15	7	8	20	15	16	11	5	12	20	15	13	5	5	12	16	20
15	1	15	17	15	1	15	8	13	2	5	15	11	1	14	10	8	6	10	13
13	14	1	1	9	3	19	9	15	12	5	1	14	4	7	16	16	7	18	14
17	6	9	1	11	3	12	14	4	13	20	12	7	10	2	14	3	17	14	17
7	5	7	10	10	10	6	10	15	18	6	1	5	16	13	2	1	12	6	16
17	9	7	14	8	16	3	6	3	6	7	9	17	2	11	2	7	2	6	3
20	3	5	13	12	12	11	8	11	6	13	18	6	15	20	20	16	1	19	15
2	9	20	15	12	14	8	6	4	16	5	3	4	1	5	17	2	2	15	12
20	20	16	11	20	14	13	16	17	16	17	16	3	20	17	7	20	12	4	20
7	10	19	10	1	8	12	18	6	5	15	2	3	8	17	6	7	19	3	15
16	8	6	11	5	5	6	8	19	11	10	14	16	17	12	3	9	11	20	7
12	4	19	11	2	6	9	3	14	4	13	10	9	2	5	5	18	12	6	14
19	10	3	8	19	5	12	9	12	3	5	14	18	2	7	8	1	12	9	16
13	16	15	18	6	14	16	10	17	10	15	16	3	7	7	15	5	16	10	8
4	10	14	15	4	17	8	3	15	5	5	13	11	6	11	11	16	20	8	8
5	7	1	19	19	10	7	10	7	18	6	3	19	18	4	7	1	13	2	7
7	15	7	5	9	15	8	4	4	20	12	7	2	4	12	8	4	13	11	5
17	17	11	9	5	14	19	8	11	12	17	5	17	19	10	8	4	5	5	3
8	1	11	11	15	10	20	13	12	4	2	8	8	12	7	15	7	17	14	20
17	12	12	20	10	12	14	7	1	20	20	19	3	2	5	2	4	13	8	14
11	7	20	14	15	18	7	4	13	17	14	9	13	14	1	4	15	14	19	16
1	5	9	5	10	8	19	9	7	11	16	14	5	11	13	14	9	10	8	1
5	3	13	8	20	3	11	7	8	2	17	11	10	13	10	12	10	3	14	10
1	2	20	12	5	17	8	7	11	13	13	8	13	11	18	8	11	6	4	11
3	15	4	2	13	3	12	14	17	14	3	10	19	12	12	13	13	7	6	1
15	19	3	19	13	12	4	8	10	7	2	20	8	6	16	3	4	15	15	16
15	6	3	18	9	13	2	19	6	15	19	12	11	8	14	2	4	9	13	17
6	6	15	9	14	2	20	1	1	1	2	20	19	18	3	3	7	7	4	20
4	6	10	18	20	16	3	15	1	18	8	9	13	19	13	14	13	19	6	6
9	6	11	14	11	15	7	9	20	5	16	17	10	11	1	11	6	14	3	16
9	9	18	1	6	10	16	13	19	10	16	5	3	3	11	14	1	20	13	7
18	20	13	13	5	16	14	2	17	15	8	6	19	20	4	7	8	3	4	18
11	17	19	13	6	13	1	16	14	15	4	5	15	18	17	6	3	15	14	12
8	14	18	3	6	17	7	9	5	20	8	11	3	5	13	5	6	4	12	3
16	2	20	7	3	20	10	8	1	6	18	18	10	17	16	12	19	6	10	6
12	17	2	9	16	18	10	17	9	13	8	18	13	18	19	17	2	2	15	7
19	19	8	14	12	5	1	2	17	11	17	13	16	17	5	8	15	1	13	13
12	10	8	2	1	9	14	19	7	9	8	10	8	11	4	4	15	5	12	10
13	18	16	5	3	15	15	4	20	17	7	19	12	13	1	12	9	5	20	1
12	15	11	8	4	15	13	9	15	12	3	6	19	12	12	14	5	19	5	11
10	5	13	12	13	12	1	14	3	4	12	8	12	6	5	19	20	17	14	1
11	5	16	1	8	4	19	10	5	17	14	18	16	9	8	20	5	9	1	4
5	5	19	19	11	20	16	14	1	13	19	6	18	9	15	6	1	4	20	14
5	15	3	9	5	10	11	15	6	18	10	6	3	19	9	20	14	16	2	9
14	6	2	17	16	18	10	16	11	7	11	11	1	17	9	16	12	19	6	8
14	3	8	20	10	5	14	10	18	13	6	9	14	15	20	11	7	18	19	5
13	1	18	6	11	13	15	12	13	5	13	11	7	7	1	7	10	4	16	19
18	3	3	2	19	7	4	1	14	4	15	7	8	5	10	15	9	20	14	8
17	15	14	13	19	15	17	20	19	3	7	10	12	18	3	11	7	20	4	12
14	13	8	1	11	15	5	20	3	12	4	11	4	10	16	13	16	6	8	14
6	4	11	5	3	10	1	6	5	10	12	18	8	17	19	20	1	16	16	2
20	6	15	6	15	19	2	18	11	18	9	15	14	17	17	15	13	5	13	3
6	15	11	2	3	13	11	15	4	11	13	5	3	16	17	16	3	9	20	2
18	9	4	1	17	4	11	1	14	7	5	14	14	2	13	6	14	16	15	11
12	5	3	17	4	5	3	6	5	9	3	4	3	3	9	19	11	19	19	6
13	2	4	16	16	9	4	18	9	5	16	15	14	19	11	1	4	7	6	18
9	14	13	11	8	12	4	14	10	19	2	11	3	6	3	3	16	11	19	19
7	20	17	2	20	6	19	4	5	4	15	16	16	1	12	20	9	15	10	12
20	3	20	12	8	4	15	2	15	5	9	11	4	8	8	1	10	6	16	13
20	3	16	12	19	17	12	9	12	18	12	8	4	20	20	19	17	19	15	19
15	1	15	7	7	4	16	8	3	12	11	20	14	1	10	13	2	5	1	8
18	10	14	10	18	6	19	5	6	13	19	17	18	4	3	13	7	7	8	4
9	13	18	16	3	15	8	7	5	19	2	7	20	5	10	8	19	1	14	16
17	9	12	4	6	11	5	1	11	5	12	13	5	19	1	5	4	1	12	20
9	10	1	6	15	3	3	10	3	20	20	15	18	13	8	10	7	18	8	1
18	1	3	20	3	1	3	10	1	17	16	20	4	14	8	19	2	14	17	9
14	10	8	10	2	3	18	13	3	16	20	12	1	16	6	11	11	14	14	17
4	7	16	7	19	3	19	20	1	8	14	9	19	3	18	3	5	17	19	3
6	11	8	1	15	2	5	14	12	5	10	11	18	11	2	19	16	6	8	17
2	10	6	10	10	16	10	2	18	13	6	14	19	5	1	3	14	7	20	18
18	9	2	1	8	8	9	5	4	16	12	14	12	14	1	9	6	19	5	18
7	8	9	11	14	19	8	7	17	3	7	14	14	12	1	19	6	7	4	5
10	14	10	1	18	5	8	5	4	15	4	6	8	8	11	14	20	6	2	3
20	14	6	6	7	3	4	9	8	1	1	1	8	14	13	1	14	18	14	9
1	15	20	8	7	17	20	12	12	8	20	1	11	11	4	9	1	20	9	19
14	8	10	20	13	19	3	4	11	18	8	10	19	10	16	20	15	18	12	20
1	11	13	9	10	4	7	4	13	2	11	14	19	4	5	20	1	3	16	13
6	16	15	15	13	6	4	2	1	7	17	8	9	9	1	6	8	3	13	7
7	8	20	13	16	14	6	5	19	10	11	16	2	16	14	19	15	13	2	19
7	6	16	8	14	16	9	14	10	20	5	4	8	6	17	17	8	16	13	20
5	13	20	2	6	17	3	5	6	16	15	19	18	16	1	19	1	2	16	9
7	6	13	12	4	16	18	19	12	15	4	17	11	12	3	11	4	18	18	19
12	11	19	2	2	4	10	12	16	14	11	16	1	15	11	8	19	17	9	19
3	3	4	10	12	17	1	10	10	20	3	11	11	3	5	18	7	10	16	16
9	6	12	18	9	20	5	12	4	20	3	7	10	11	6	4	8	12	12	6
14	6	17	6	18	1	18	5	3	17	17	5	19	16	15	10	18	2	4	15
9	14	14	15	2	13	3	4	20	6	14	14	10	20	19	4	9	18	11	9
10	10	19	9	4	12	4	17	9	12	7	3	12	5	4	7	8	9	10	8
11	17	11	1	1	16	3	8	3	3	20	3	12	4	13	12	8	19	13	3
3	3	16	12	7	15	12	2	6	6	9	16	4	18	11	8	17	16	12	4
4	11	3	3	19	9	15	17	19	12	1	1	9	13	13	16	5	6	17	12
10	6	13	3	20	8	14	14	1	11	11	11	5	19	10	17	8	5	18	18
17	15	12	17	9	11	16	2	3	15	11	14	4	4	6	8	17	8	18	16
15	7	2	16	14	18	17	11	18	16	2	10	6	19	17	3	13	4	14	6
1	17	20	1	6	9	11	11	20	7	2	20	3	12	18	2	5	5	5	7
18	10	10	15	19	1	12	9	14	16	11	1	18	20	14	9	6	7	8	16
16	10	19	8	5	4	10	19	3	9	1	14	12	12	17	1	2	14	7	1
2	7	4	3	20	4	4	20	5	7	3	7	7	19	20	16	16	1	3	7
7	4	1	1	16	19	6	7	16	14	4	11	4	6	12	6	13	10	11	16
3	12	4	16	1	7	19	6	9	1	6	3	7	17	7	11	1	19	1	17
12	2	4	13	13	2	6	2	20	7	17	8	8	17	12	13	7	17	3	9
14	5	3	5	7	17	9	17	15	14	7	13	5	15	2	12	7	4	14	20
18	18	19	20	12	7	20	1	19	11	16	17	12	17	16	9	9	1	2	14
6	15	3	18	2	19	13	2	3	9	2	18	14	8	17	17	20	9	10	13
12	20	14	5	11	9	12	7	9	6	9	7	1	10	10	15	13	16	7	9
4	5	12	16	15	14	9	6	8	15	9	16	11	18	12	4	20	17	6	5
7	20	17	9	6	8	9	7	8	6	10	14	11	11	14	6	9	10	18	16
12	4	20	19	15	5	17	7	18	12	7	17	14	17	8	6	4	13	15	4
11	20	12	5	12	15	3	9	4	9	7	14	18	2	3	17	9	18	16	19
17	7	11	15	14	12	7	9	8	2	1	2	4	11	14	19	18	18	7	6
12	12	12	14	7	14	20	13	2	9	6	18	2	15	2	17	1	3	6	10
17	10	14	18	5	17	5	3	19	8	19	9	2	3	17	12	17	7	9	4
16	7	20	16	2	17	10	2	17	13	2	17	9	19	8	16	5	10	15	14
15	13	9	4	10	20	4	19	6	6	12	15	8	14	3	6	3	18	2	13
3	1	13	6	7	3	8	14	8	20	19	11	11	15	7	5	11	12	17	7
12	20	18	7	10	2	12	13	7	19	20	14	12	4	2	3	5	7	18	12
9	12	5	14	8	16	6	8	11	3	11	20	17	5	19	16	1	14	10	8
17	4	7	3	13	5	6	7	6	20	2	17	20	19	11	1	10	15	20	3
8	1	17	9	9	17	12	17	13	17	17	2	20	12	14	3	5	3	19	19
11	4	1	13	5	6	11	15	2	18	17	16	10	6	4	8	11	13	9	6
13	20	6	12	16	19	1	8	5	13	2	17	19	1	9	1	10	17	15	19
6	11	9	13	15	4	20	17	10	6	5	13	2	17	11	18	3	17	20	17
13	7	7	4	5	10	9	14	18	17	18	19	10	19	20	9	7	2	6	12
8	18	9	17	4	6	18	17	16	4	8	19	17	17	2	10	15	13	8	8
13	4	12	18	14	6	13	2	18	1	14	18	7	20	12	17	5	2	10	9
13	16	10	11	20	4	8	20	16	7	9	13	8	20	13	4	5	19	4	15
4	11	13	3	11	13	16	7	6	19	3	18	8	18	3	9	9	7	2	12
10	13	15	15	17	15	8	8	14	3	5	5	12	12	17	10	9	18	10	17
11	6	3	7	9	10	1	8	3	13	10	9	4	10	17	12	7	17	5	19
7	17	12	20	9	6	16	12	16	19	16	19	20	18	12	7	18	6	4	15
19	18	12	18	18	18	6	16	4	18	19	7	10	8	4	6	20	8	2	18
14	3	13	17	20	18	4	4	17	4	14	12	6	4	14	13	9	12	3	19
18	11	18	13	1	2	16	10	9	9	16	3	17	16	4	7	10	3	18	4
14	12	16	12	15	1	19	13	15	12	14	12	16	6	10	2	6	15	5	16
9	5	7	20	10	3	13	14	4	7	12	12	16	6	13	1	9	2	10	7
15	18	3	6	16	16	13	8	7	18	6	15	11	6	13	7	3	4	16	2
9	19	16	10	15	17	19	1	20	16	17	14	5	19	5	2	7	19	12	10
9	9	3	12	18	8	1	9	7	14	5	3	14	8	11	6	18	10	1	12
8	13	20	2	8	17	1	9	8	17	14	15	11	8	3	3	19	18	12	8
13	13	17	6	2	15	2	12	15	20	8	9	15	18	1	20	3	18	7	1
7	13	16	20	12	3	11	15	3	16	5	13	10	18	3	2	4	20	14	7
7	15	15	4	12	9	9	19	16	17	8	13	3	17	15	8	19	11	10	20
10	7	20	4	19	6	20	2	1	19	6	3	4	4	17	20	10	16	18	1
12	20	16	4	7	6	9	13	5	4	3	4	6	15	8	6	9	13	9	16
18	2	19	12	9	13	2	15	11	15	6	6	3	15	10	18	2	20	19	8
19	3	12	16	20	6	1	6	13	12	10	8	2	18	9	5	9	4	2	7
2	6	19	11	2	9	5	10	19	1	14	12	5	16	8	15	14	5	6	20
18	3	10	12	15	18	20	20	13	17	8	17	5	19	19	4	11	18	12	6
17	14	7	11	19	12	1	18	2	16	12	1	11	19	3	12	2	13	8	10
18	12	18	6	3	11	16	8	19	17	20	18	6	13	6	18	19	3	8	15
4	20	3	17	1	11	17	4	6	13	8	18	10	10	17	1	13	11	5	5
11	18	19	4	11	10	6	9	4	18	7	7	15	1	17	14	12	2	18	9
17	5	11	6	14	11	8	4	11	1	2	19	2	20	8	4	4	3	9	7
12	10	6	4	10	11	15	17	7	16	11	2	18	10	8	10	13	4	5	19
19	20	2	17	11	6	2	15	14	2	4	4	3	8	14	20	7	4	14	8
14	12	8	10	1	16	19	11	12	5	10	20	8	6	8	19	4	9	3	17
4	2	4	16	16	2	14	4	11	2	20	2	14	13	20	5	3	10	4	13
1	4	20	13	20	3	16	15	17	14	9	5	16	8	2	4	20	11	3	13
18	19	19	5	1	4	14	10	12	14	14	9	20	12	14	16	16	15	12	15
18	2	8	10	11	11	7	4	20	2	16	13	11	18	13	10	3	5	4	9
14	5	8	5	18	17	12	16	1	7	12	1	16	14	8	9	19	20	11	5
20	6	15	1	14	6	18	2	13	6	18	2	1	7	19	10	3	13	14	20
11	19	19	14	1	2	16	9	13	15	17	4	4	18	7	4	12	6	7	16
4	13	17	14	7	2	1	6	17	1	18	20	19	8	18	8	3	3	8	8
1	5	2	13	7	13	9	3	19	11	4	17	7	18	10	5	4	11	18	15
17	13	7	14	5	20	18	4	12	9	9	10	7	7	7	8	12	16	7	16
7	8	14	16	14	6	4	4	15	6	9	5	15	10	12	14	11	13	10	16
4	3	19	11	13	5	4	11	5	4	19	7	2	17	1	16	1	11	4	3
12	11	16	1	10	2	12	19	10	14	4	7	12	15	7	1	19	19	2	3
16	9	10	14	16	14	20	16	9	20	10	7	17	20	9	15	8	2	16	17
20	4	14	7	13	4	18	1	16	3	6	17	7	20	4	14	19	14	6	20
10	7	19	17	12	9	5	18	11	9	16	6	18	6	3	14	2	7	3	10
19	9	1	10	15	11	7	14	5	3	15	7	2	16	14	19	19	18	4	5
7	17	7	5	18	7	14	7	7	3	14	15	16	14	17	12	13	17	10	13
10	13	2	3	10	17	18	6	14	4	2	14	4	8	10	2	7	10	6	2
5	20	19	20	20	10	17	12	3	12	1	2	7	7	18	7	5	7	20	7
18	1	20	19	2	10	11	15	12	20	11	1	8	8	9	2	5	17	1	13
13	5	7	4	2	5	17	8	15	15	14	8	7	7	13	17	5	3	2	15
3	1	3	19	13	20	8	2	7	1	17	11	11	15	5	14	16	7	5	10
20	18	1	17	18	20	14	20	2	19	16	17	14	7	6	12	3	11	1	18
14	16	6	11	6	2	10	2	10	7	12	20	20	5	11	14	7	5	9	14
17	6	18	18	10	8	2	1	11	10	14	3	7	7	12	16	14	20	4	10
10	12	7	5	4	14	18	1	9	1	18	3	10	18	14	12	18	13	4	8
5	14	15	16	14	4	11	6	12	4	20	8	20	12	8	8	5	6	1	14
16	16	13	4	14	9	3	15	7	17	1	13	4	6	10	19	4	9	6	3
3	18	10	8	1	18	9	8	2	19	11	11	12	14	5	10	15	4	18	4
20	1	5	9	6	4	8	8	8	10	1	19	9	5	5	18	20	16	5	5
3	9	12	15	13	9	9	2	7	2	2	1	18	17	4	3	15	19	9	2
19	14	10	18	1	5	19	17	2	7	17	19	8	4	19	17	8	7	2	15
4	17	11	17	19	5	14	12	10	11	2	16	3	1	15	20	20	6	5	4
18	14	1	13	17	2	14	3	9	4	6	3	19	5	15	8	2	11	8	16
5	1	19	8	14	11	19	1	12	15	2	8	8	6	8	16	4	8	1	2
17	5	3	9	11	13	16	13	18	5	16	9	15	8	2	16	3	16	16	9
11	7	5	11	20	4	19	18	4	8	10	6	2	5	11	5	18	3	17	20
13	20	3	2	10	10	2	13	13	11	13	14	14	8	12	17	19	13	6	13
15	14	15	13	9	8	15	5	1	16	6	13	19	11	7	8	12	1	5	12
6	16	6	14	2	9	3	14	13	17	15	11	1	17	6	20	17	2	10	16
3	14	1	9	18	7	8	14	11	16	6	7	15	14	1	15	14	20	10	16
14	7	18	3	5	11	6	12	10	15	7	10	10	9	17	11	2	5	14	17
6	18	15	6	19	4	18	6	11	17	9	17	2	15	11	1	10	17	2	8
15	5	6	6	1	7	8	14	2	4	3	17	7	15	7	18	16	17	6	8
4	1	19	6	9	16	2	7	14	6	10	12	5	12	6	2	13	16	7	17
10	16	10	14	13	5	7	17	11	3	9	6	5	8	18	9	16	11	12	18
7	6	11	14	3	1	9	6	13	10	10	5	11	9	4	14	3	12	8	7
5	10	11	11	12	20	2	11	5	5	8	6	6	9	16	10	11	18	3	15
11	10	6	14	16	14	13	14	15	19	2	9	17	10	19	6	9	7	17	16
4	14	2	1	1	19	12	2	10	15	10	4	20	11	9	1	6	13	18	14
2	4	15	17	19	16	8	6	10	18	19	17	19	1	19	7	11	13	17	13
11	12	18	2	12	2	5	13	13	18	8	12	7	3	19	12	3	13	3	18
14	11	17	1	20	2	17	13	7	7	15	19	8	7	17	3	3	18	11	16
9	4	6	17	2	2	16	7	6	6	19	13	15	14	4	10	5	11	14	19
2	11	4	4	9	2	20	5	8	1	13	4	5	6	13	12	16	15	11	19
20	3	3	15	13	11	6	11	5	13	20	19	4	16	9	11	12	17	14	13
13	1	13	2	7	5	13	17	12	1	12	1	13	19	11	1	6	3	19	6
2	7	11	17	9	8	2	18	5	16	1	14	6	7	16	14	8	19	5	12
8	5	20	6	6	12	16	2	11	19	15	3	18	14	7	13	17	15	5	1
18	18	9	12	7	19	7	12	20	9	14	1	9	18	2	7	10	17	7	14
14	9	18	4	8	11	19	8	20	8	18	5	6	19	20	3	19	3	4	13
1	9	20	12	10	13	17	5	2	12	5	5	9	8	2	14	14	4	15	12
15	2	16	20	11	11	20	9	13	2	1	17	2	4	17	16	4	18	20	9
7	6	17	12	17	18	13	6	12	13	5	17	12	12	18	16	4	11	18	20
16	10	13	6	8	11	10	20	16	20	15	1	5	20	1	18	18	13	9	19
5	13	9	7	17	2	19	1	14	8	5	9	15	2	1	4	19	5	20	4
8	12	9	16	20	18	17	14	9	1	2	11	8	19	9	4	12	5	6	9
19	7	1	11	13	10	12	10	7	7	19	20	4	13	9	3	7	7	10	11
14	6	18	3	2	18	13	13	12	11	16	9	3	10	15	6	14	7	3	2
11	3	6	10	16	19	1	10	2	19	7	18	12	4	8	4	8	2	8	15
16	3	2	14	7	11	15	5	18	19	7	19	20	2	20	19	17	3	19	9
13	10	4	12	10	4	13	10	7	3	13	3	18	3	11	8	3	8	10	11
4	16	6	1	12	15	12	12	7	4	12	8	2	5	13	7	7	20	17	16
18	17	18	12	4	13	15	4	11	10	13	17	2	7	3	6	9	13	13	17
12	4	2	14	17	17	5	13	20	5	12	15	9	10	1	16	7	13	17	9
15	4	7	1	12	4	14	13	5	9	4	10	6	20	8	7	5	19	9	16
16	17	1	3	4	2	15	1	5	16	18	4	7	10	4	1	19	10	5	13
13	19	2	18	16	20	2	14	6	10	8	20	2	5	9	13	11	20	8	20
20	1	7	10	15	4	16	16	14	19	14	12	11	14	3	15	5	14	4	20
16	13	12	3	17	5	7	9	17	12	2	19	1	19	10	13	1	13	6	19
16	19	5	18	9	19	8	12	7	17	10	17	4	19	8	15	16	2	9	5
16	7	11	2	15	13	16	12	7	2	7	11	1	17	17	5	4	4	17	9
10	9	17	16	8	4	16	15	7	14	12	12	5	11	16	7	7	3	19	12
17	20	20	10	2	10	19	12	19	2	13	2	4	12	8	5	16	5	16	11
6	4	15	3	3	12	8	10	16	11	16	3	2	13	11	16	7	18	11	14
15	18	3	3	14	8	11	9	17	5	13	8	3	3	10	5	4	19	18	18
2	6	15	11	12	14	8	6	15	2	20	6	3	2	15	2	7	4	6	4
20	20	1	6	2	7	18	5	11	7	9	10	14	3	7	1	7	17	16	4
6	19	10	8	7	19	8	18	20	16	14	13	15	16	17	11	13	15	11	16
2	9	10	1	11	16	11	6	13	6	6	4	6	15	14	7	16	5	13	6
1	1	3	15	5	2	15	14	16	14	14	9	11	15	18	3	1	13	8	9
15	11	12	14	16	17	3	8	20	12	6	1	11	10	12	20	3	5	16	15
3	11	20	16	10	4	17	6	18	9	10	16	13	14	10	7	14	6	10	4
4	3	14	13	18	6	18	12	8	18	3	7	12	2	10	13	19	15	12	18
5	14	19	2	15	7	3	13	17	3	12	17	20	12	17	10	13	15	1	20
18	17	17	14	5	9	7	19	12	10	17	20	4	2	20	18	10	10	11	8
14	7	20	14	11	3	16	8	15	5	10	3	8	10	5	13	19	6	10	5
12	6	10	8	20	12	18	4	20	17	9	5	19	10	16	8	14	6	18	10
8	2	1	7	1	18	8	8	19	15	6	10	15	17	11	16	17	11	7	7
4	10	13	14	11	20	9	9	3	2	2	3	3	7	17	4	8	20	2	8
15	4	11	3	20	2	3	9	19	8	11	3	13	16	6	11	10	14	13	17
12	11	3	7	20	14	15	8	5	17	7	4	20	5	20	12	6	7	19	17
3	3	3	5	11	19	5	14	3	3	12	3	7	18	10	16	9	1	9	15
7	8	11	7	12	19	8	5	15	6	2	14	7	11	7	8	17	17	5	1
5	6	10	1	18	11	10	12	6	4	6	13	2	17	17	12	3	5	2	7
1	2	8	11	15	20	9	1	16	4	17	6	9	14	2	12	8	4	7	4
3	15	2	13	19	16	10	3	5	2	19	17	14	18	16	3	20	1	14	14
17	7	9	6	10	8	3	8	6	1	10	11	4	8	11	8	13	15	7	5


1	1	2	2	2	1	1	2	1	2	2	1	2	1	1	1	1	1	2	1
1	1	5	4	5	3	4	2	4	2	1	2	4	2	4	1	2	2	3	4