500	4	20

1	1.3	1.55	1.75	2.1
4	6.76	9.61	12.25	17.64

53	61	94	21	32	9	43	35	44	19	89	6	36	92	16	83	69	82	81	43
24	11	55	8	73	75	48	41	11	22	97	77	56	63	18	11	1	34	24	88
26	12	74	48	68	53	8	24	66	78	26	75	5	31	56	87	65	4	85	96
16	26	96	41	33	1	89	64	18	9	92	30	61	96	44	99	13	6	79	76
57	74	54	33	90	17	41	30	87	75	17	80	16	92	56	91	69	26	41	61
13	67	76	28	17	43	84	58	94	24	83	98	7	94	84	89	73	10	69	55
62	96	20	54	28	22	71	67	37	29	83	48	73	68	32	84	15	12	52	95
13	36	99	46	65	51	88	51	27	59	20	43	68	75	87	86	18	89	10	5
1	25	4	7	13	47	23	38	51	84	26	22	33	86	98	48	92	83	81	26
68	90	8	6	82	89	84	49	40	13	77	56	24	45	16	92	62	4	71	32
20	48	80	71	2	18	38	67	35	83	79	76	68	29	1	90	86	91	85	94
87	84	66	44	32	79	24	92	7	98	47	81	36	42	66	14	43	8	69	69
67	22	7	32	99	11	63	21	24	30	23	9	15	78	22	68	68	91	49	95
95	47	64	47	9	56	98	94	32	26	35	61	46	26	54	83	75	88	4	1
56	2	29	91	18	10	9	18	92	30	18	28	59	25	88	18	80	38	75	93
83	65	32	71	55	22	66	63	58	19	45	58	59	6	43	52	83	41	1	1
49	3	87	94	9	64	57	20	50	62	52	99	58	9	95	61	51	30	14	62
8	80	96	29	16	93	5	52	29	62	60	59	99	43	92	36	56	10	38	21
79	57	54	6	16	59	50	74	27	76	28	43	36	79	20	42	15	73	90	68
1	18	27	55	54	56	52	84	86	93	55	19	79	64	27	79	66	34	21	97
97	81	6	74	20	44	86	29	82	92	30	42	56	93	80	88	90	30	82	67
98	54	47	23	82	56	85	8	60	96	66	87	88	79	32	73	2	27	76	33
40	68	65	20	84	18	87	89	1	58	66	5	4	93	84	81	60	57	67	76
85	33	94	34	97	38	64	81	25	96	34	22	83	7	5	9	37	40	49	13
3	32	70	22	63	38	39	45	22	4	68	82	25	46	53	40	27	40	92	25
62	1	71	28	40	32	67	18	97	32	51	33	31	23	90	20	87	1	32	20
73	86	70	32	37	70	42	55	52	35	39	16	36	65	66	67	90	56	26	12
61	22	84	66	25	14	6	23	38	68	8	70	16	44	12	18	21	14	6	95
29	25	23	27	50	60	83	38	90	83	6	53	33	1	8	92	47	91	14	7
37	50	21	1	25	53	17	77	47	80	12	3	1	36	93	99	35	6	71	19
30	25	40	86	88	55	54	52	32	70	26	90	3	44	34	8	96	51	42	20
22	55	20	42	51	42	96	15	55	74	40	29	9	2	79	19	95	82	70	30
92	14	97	16	5	79	54	43	38	37	50	74	7	85	84	30	75	64	55	25
24	9	47	30	3	41	18	45	10	65	34	85	41	71	13	10	38	28	28	27
16	53	43	99	29	90	7	25	10	32	51	51	35	64	45	49	70	63	92	19
43	26	74	92	59	62	40	77	82	45	7	32	42	19	97	45	7	78	65	50
76	7	96	14	8	91	81	99	94	71	75	4	4	6	62	86	33	25	14	41
65	23	37	13	17	28	80	60	52	64	71	80	69	80	5	68	6	60	3	28
20	39	98	82	43	32	52	62	89	39	45	93	98	76	9	45	44	45	80	99
76	60	40	91	50	89	19	54	70	54	61	45	25	79	88	28	81	11	71	5
22	2	94	92	89	39	57	15	11	64	40	76	75	37	83	55	15	65	95	66
96	27	80	45	81	92	87	75	48	82	19	42	62	36	91	30	12	73	87	90
31	10	13	58	14	82	10	49	95	62	59	50	39	53	76	60	69	32	51	71
25	86	47	49	79	93	5	10	66	29	48	77	62	38	69	96	34	63	92	92
24	40	26	8	57	90	15	91	13	53	74	36	4	18	57	53	19	71	65	75
85	59	11	4	17	18	15	87	74	6	55	17	50	46	23	36	25	89	57	7
17	23	85	66	6	53	56	80	3	65	75	48	94	65	4	42	89	31	96	20
78	37	47	41	58	27	60	69	23	48	2	8	7	61	7	97	61	56	96	64
89	23	53	43	65	98	40	30	47	75	38	99	52	57	84	63	45	42	7	2
87	31	73	63	90	81	66	31	8	91	22	89	40	99	97	49	31	58	54	86
56	59	3	76	72	88	92	68	12	35	27	88	75	78	99	43	14	25	76	28
49	12	94	86	84	79	44	44	62	52	35	93	64	19	25	1	24	57	37	18
39	73	23	77	46	76	8	19	15	88	45	47	58	55	92	92	73	87	30	31
24	35	67	8	48	96	17	45	17	62	9	25	18	33	41	28	13	73	98	74
16	79	43	91	78	11	26	54	96	62	72	54	53	31	64	60	27	41	4	44
23	18	42	1	47	89	7	91	81	63	47	35	40	80	7	98	1	94	70	11
44	74	63	91	26	23	76	8	61	17	6	55	75	25	91	76	72	27	80	70
42	19	21	24	53	2	15	47	47	97	50	5	88	23	30	94	58	89	99	25
67	66	43	34	2	48	24	21	3	72	71	94	6	30	48	16	35	4	59	74
98	57	24	74	21	6	88	76	39	20	97	6	7	22	46	24	36	70	33	94
52	51	53	21	44	20	19	49	13	93	24	56	8	81	78	25	98	75	65	10
98	93	84	54	60	32	42	9	73	73	28	97	70	65	34	12	1	49	73	94
8	69	74	57	67	22	80	36	83	99	4	77	70	53	67	95	58	3	17	37
77	33	85	74	47	16	88	92	45	56	63	38	57	88	20	88	5	12	26	44
21	49	75	47	66	29	30	5	75	33	13	67	53	27	78	70	7	14	18	42
17	51	81	55	84	44	21	29	96	7	64	30	41	41	33	10	86	35	48	23
30	51	83	50	99	64	36	85	83	49	16	60	6	65	31	83	56	10	30	12
31	70	9	30	6	39	59	29	74	4	46	23	16	18	15	53	34	79	4	30
41	36	72	23	70	94	80	12	38	78	22	17	65	12	54	12	20	86	99	62
59	17	18	69	55	79	15	9	61	85	29	18	74	85	31	37	76	39	79	71
92	4	74	60	2	45	65	79	60	66	83	88	70	54	29	79	68	13	11	28
84	59	87	72	83	68	87	83	59	18	90	93	49	97	15	17	24	61	57	39
25	88	81	13	59	23	38	99	7	19	21	32	72	39	9	36	53	17	67	61
71	28	35	78	70	45	15	63	65	95	78	91	3	2	36	69	42	21	62	27
23	38	66	16	22	87	7	47	33	68	90	69	40	69	82	59	35	72	81	59
9	89	23	69	24	70	63	81	98	18	62	89	49	18	95	12	50	32	58	93
81	96	30	36	8	55	18	3	68	49	59	64	19	2	39	9	47	66	91	69
98	17	20	79	79	52	86	77	51	85	13	55	86	73	50	58	83	46	28	42
19	53	72	25	35	88	77	62	65	12	55	12	4	91	35	85	94	87	70	5
71	47	69	13	8	13	29	57	74	32	92	73	75	62	61	97	40	73	71	19
52	62	53	55	92	43	2	84	25	94	23	90	33	74	97	13	47	67	44	19
37	36	46	77	88	36	94	8	98	86	88	77	7	78	60	32	23	47	43	28
94	56	88	64	29	12	17	31	24	5	24	99	92	55	45	48	63	88	64	52
36	5	35	71	32	87	17	81	60	2	62	77	63	57	30	78	20	44	48	45
17	93	42	73	97	92	22	55	26	62	98	24	33	65	53	59	31	81	77	10
5	83	45	69	22	81	57	75	27	63	19	16	84	63	36	14	76	95	85	35
22	13	66	13	14	17	85	64	42	85	55	59	14	26	44	82	73	10	78	36
84	15	71	7	64	73	78	43	45	61	5	14	19	21	48	49	48	66	1	14
96	52	12	77	74	72	29	36	81	56	58	65	68	64	31	26	33	68	1	53
35	20	24	29	36	20	75	98	37	28	39	48	96	37	58	45	89	74	69	14
60	32	1	53	99	15	83	60	11	65	96	89	44	86	45	49	78	61	85	42
7	75	8	61	13	72	64	78	43	52	42	21	7	72	26	49	86	72	63	8
2	99	52	82	11	68	98	43	64	74	77	5	80	31	4	10	17	9	43	47
53	67	74	49	52	13	24	25	51	93	86	68	43	63	53	20	80	50	79	97
71	39	30	5	32	76	75	41	37	25	40	86	48	41	23	20	80	74	6	47
5	64	19	94	96	95	45	65	19	35	96	95	62	66	60	72	16	53	92	24
40	85	38	76	39	67	91	39	6	87	5	54	74	88	16	5	69	52	34	83
95	98	94	87	24	54	77	1	57	90	83	17	41	99	74	92	89	5	43	52
12	51	57	88	58	21	2	24	34	84	68	54	66	42	59	18	48	11	67	6
52	77	85	18	24	85	12	12	32	31	1	54	92	92	80	52	89	18	78	79
28	4	93	58	6	7	72	50	88	94	9	32	74	18	57	50	46	22	64	80
48	67	40	21	13	59	83	44	35	17	7	97	69	22	53	72	41	23	59	56
75	1	45	67	60	59	60	71	90	30	39	32	74	52	16	46	59	1	19	3
83	81	56	62	75	82	15	55	35	56	38	55	79	87	51	88	53	38	33	59
39	67	65	2	38	81	27	1	44	82	23	68	16	71	68	21	53	52	40	82
20	96	94	80	6	78	21	32	60	54	26	94	86	49	9	30	21	70	76	5
72	2	84	49	95	16	58	57	70	74	8	96	42	46	66	15	30	54	26	73
46	75	39	47	62	86	69	78	76	85	69	16	9	92	98	51	62	34	79	21
76	5	61	99	87	37	92	55	87	6	2	65	86	70	48	50	83	42	75	41
8	84	1	85	97	69	72	73	63	9	34	21	41	74	19	56	86	96	7	53
79	49	85	4	74	26	95	78	54	98	74	98	87	54	94	86	34	30	12	19
18	18	22	37	52	23	29	13	97	96	54	24	94	19	35	86	50	22	77	85
99	56	32	99	30	57	68	59	66	40	99	87	62	29	42	11	3	37	90	76
81	48	58	37	54	62	49	91	6	55	41	7	30	29	19	74	45	80	56	71
80	61	40	15	72	32	43	89	2	97	36	21	99	5	82	55	19	27	5	15
48	23	1	76	66	26	55	36	3	36	40	46	55	49	27	3	9	48	78	16
35	41	60	51	83	40	38	87	48	5	81	52	87	57	43	9	85	6	88	14
79	6	72	45	40	54	29	84	84	13	47	84	39	56	1	17	74	15	78	31
70	4	17	90	62	13	48	54	65	43	8	5	44	57	69	20	35	52	48	69
73	59	34	94	28	88	51	48	42	95	46	14	31	75	28	99	60	5	83	91
3	34	69	73	91	4	36	48	2	3	61	97	28	85	65	24	60	71	45	48
41	88	24	19	20	30	27	65	90	88	1	91	94	6	47	83	55	95	75	69
12	30	72	30	24	85	63	86	49	58	31	58	75	99	49	9	42	76	7	81
79	73	52	83	13	15	35	57	43	37	14	55	32	94	74	22	87	26	65	69
32	52	22	6	53	63	95	80	84	97	20	4	37	33	84	52	14	35	8	53
48	91	58	93	91	25	51	70	20	1	43	28	62	76	64	48	38	28	9	80
99	29	35	30	62	96	7	41	42	94	48	25	95	19	29	88	46	93	17	61
13	18	53	17	98	67	94	98	78	76	85	2	22	26	59	99	2	28	10	82
46	15	28	56	3	68	12	54	39	9	15	21	84	28	18	72	1	69	61	61
31	51	45	82	50	58	21	64	20	80	73	62	37	38	79	3	22	16	95	18
19	47	42	9	20	15	21	17	28	65	51	12	78	1	19	2	48	56	85	21
16	40	50	34	4	94	51	27	56	79	58	92	24	59	48	21	13	68	31	69
46	95	78	7	46	76	77	34	73	36	26	93	89	45	51	50	80	72	2	56
56	87	12	3	69	87	19	43	2	62	6	30	18	43	98	99	61	92	98	4
15	73	95	85	85	77	44	21	78	78	88	4	53	28	38	50	97	70	92	91
20	88	69	78	32	12	42	62	41	38	70	84	45	35	69	96	33	73	60	81
70	17	50	28	24	79	45	45	29	27	48	56	70	66	97	74	21	46	78	74
1	59	25	27	9	96	32	13	66	92	73	35	79	3	35	62	14	66	8	9
94	56	90	82	34	64	66	96	4	91	15	47	87	57	48	88	55	85	14	49
56	78	72	25	21	67	41	56	75	48	56	75	88	11	14	23	93	56	67	92
56	97	80	87	21	18	45	26	76	76	69	5	11	85	2	76	18	80	27	64
40	99	83	40	91	74	77	89	14	7	34	85	78	20	85	3	86	79	2	94
46	65	52	73	21	24	96	59	25	16	55	62	98	77	1	33	33	6	94	39
21	85	66	79	51	97	96	92	65	1	50	56	40	2	32	85	41	3	11	26
66	29	99	9	98	68	79	48	83	53	91	23	30	12	67	83	43	17	10	82
66	70	79	88	65	61	6	67	69	10	52	29	78	33	98	17	46	59	72	1
26	1	89	89	73	37	44	34	80	46	95	26	45	30	70	98	8	67	49	86
7	39	70	86	4	74	82	66	77	80	56	11	43	75	97	29	36	15	68	45
5	70	84	34	19	29	51	94	34	32	20	34	8	63	35	86	28	23	36	5
17	93	76	61	45	19	15	19	12	49	65	37	99	84	56	49	71	84	76	43
70	50	35	78	84	67	86	68	25	19	28	55	29	24	17	4	49	2	8	33
69	92	83	63	76	70	16	75	47	22	71	33	19	9	83	21	47	79	51	70
39	16	64	4	3	7	78	14	20	35	54	42	78	19	3	63	53	73	18	23
93	19	66	4	45	18	91	69	3	45	21	69	9	83	71	22	91	66	94	7
27	20	99	56	57	62	52	80	75	64	58	24	3	65	2	57	82	95	22	36
79	63	98	64	60	68	71	44	98	63	22	77	89	32	76	11	78	8	35	42
81	37	50	18	5	75	1	9	12	69	69	59	44	28	42	46	11	5	34	5
33	46	74	40	33	6	99	27	17	86	60	29	22	16	49	29	21	53	5	49
86	60	12	70	9	26	81	79	24	45	3	16	85	84	56	70	6	15	25	21
39	28	22	19	48	89	41	78	32	77	89	27	68	23	12	75	55	63	20	65
60	43	84	72	84	34	45	28	44	89	69	4	87	82	47	72	61	96	81	8
99	44	34	29	1	6	64	49	91	59	18	10	22	43	17	28	41	2	47	4
94	86	88	39	47	34	88	31	49	11	40	32	41	12	24	73	30	78	32	5
77	7	43	33	32	3	80	29	41	14	60	27	96	52	1	57	84	11	28	5
14	53	22	81	5	54	78	55	10	77	43	8	25	94	11	13	93	27	9	43
45	35	41	53	30	55	70	53	42	33	69	85	97	16	27	27	76	88	27	57
55	91	53	48	95	91	34	63	8	55	91	38	73	85	94	55	51	76	50	15
45	30	26	66	38	93	14	8	50	59	39	5	38	19	7	62	41	32	27	82
54	97	17	98	42	93	77	62	44	21	7	88	28	82	69	44	26	13	74	52
37	46	79	50	69	11	93	43	48	67	51	59	99	5	44	99	3	83	76	27
96	21	45	70	53	70	90	82	84	62	2	24	11	98	34	13	16	85	88	79
41	29	3	18	83	77	51	61	47	34	74	15	98	28	87	52	34	39	9	69
30	60	4	82	32	49	84	34	57	43	42	71	96	8	70	27	69	85	7	4
3	49	14	54	2	71	76	21	90	32	68	68	30	36	39	35	64	60	81	92
1	7	31	76	24	20	11	94	67	92	14	55	26	90	99	31	75	36	71	52
31	88	65	42	45	36	51	31	47	21	30	54	84	68	79	16	29	46	38	11
49	7	54	12	97	78	60	32	24	4	52	52	22	5	71	6	91	73	2	71
86	28	88	68	96	45	77	66	76	39	96	21	80	84	53	11	69	2	1	95
17	43	34	11	33	44	14	70	38	59	73	2	99	56	85	3	75	28	14	23
72	72	77	31	8	80	54	68	57	33	39	47	99	90	29	80	41	66	18	51
65	13	3	54	46	63	20	20	88	13	11	24	3	80	60	34	39	1	34	34
86	7	83	3	12	35	44	96	17	54	8	97	74	42	66	77	96	48	25	1
72	49	90	10	28	50	19	13	32	43	16	97	57	54	48	75	81	33	90	97
83	6	54	19	2	92	58	56	66	66	15	90	61	49	19	71	27	21	24	35
21	33	51	63	81	32	12	36	76	44	97	10	1	44	92	44	87	72	81	45
71	3	44	48	76	91	92	82	97	81	11	27	7	22	38	8	82	10	12	70
33	99	80	91	3	74	48	33	58	16	24	33	5	78	64	61	92	3	38	96
82	6	39	30	89	54	68	55	41	93	94	56	87	59	76	59	84	10	59	5
87	40	59	1	13	24	80	96	71	74	99	52	55	13	6	73	19	18	68	44
79	11	26	13	45	14	19	4	13	69	49	43	14	13	19	28	80	18	5	1
35	89	79	7	68	78	98	30	22	2	70	33	71	1	65	59	85	18	71	6
40	11	66	97	65	60	39	77	96	41	58	10	1	73	20	17	29	2	13	28
65	9	17	17	58	10	8	61	51	98	2	64	64	73	36	47	48	57	77	13
67	69	76	94	65	22	86	60	46	99	36	22	72	42	33	85	94	78	36	18
46	27	47	72	48	71	92	9	80	82	40	52	51	78	18	81	26	72	15	27
80	13	56	35	9	70	30	40	18	92	93	51	62	57	83	20	32	47	68	84
95	84	4	89	89	22	85	66	37	70	92	6	94	16	70	67	4	59	58	35
26	87	78	2	23	89	43	83	97	87	37	91	82	63	69	50	28	36	65	48
55	91	72	32	38	57	61	20	58	15	88	44	45	22	55	69	50	57	18	24
3	12	3	40	45	76	23	20	1	69	56	1	31	31	69	82	8	30	23	28
65	52	51	24	49	86	82	55	13	48	22	52	12	21	81	15	5	49	6	7
40	15	84	55	96	49	67	70	8	79	49	64	5	39	96	86	54	28	12	10
18	86	9	23	53	97	84	32	40	58	62	79	3	78	55	43	87	76	68	38
66	67	66	26	23	91	35	88	47	46	29	41	96	5	14	80	97	30	30	48
93	96	69	7	77	10	99	29	29	84	37	96	62	83	53	2	82	69	91	92
78	33	15	98	29	99	41	54	59	80	27	28	8	82	23	9	82	46	70	28
16	78	20	93	73	27	69	84	52	90	84	13	91	15	17	67	73	91	15	69
47	96	18	47	1	96	21	49	36	41	84	95	92	96	76	10	73	58	8	18
57	53	97	92	82	83	84	88	56	86	83	39	87	44	66	26	26	50	27	40
32	45	56	28	62	32	27	5	56	48	71	62	84	10	10	42	32	24	18	93
33	38	58	17	39	23	47	74	79	86	7	9	78	86	78	42	9	59	59	98
74	79	26	23	1	15	67	39	8	2	57	90	14	94	77	35	23	6	27	32
64	59	11	83	70	55	90	21	16	80	39	53	21	39	94	36	19	66	82	54
72	29	23	86	26	19	52	95	89	68	92	13	85	66	1	20	16	44	9	23
12	49	40	71	18	24	44	37	10	28	26	90	64	69	70	18	7	96	62	76
54	28	57	33	25	72	40	69	14	8	82	16	22	52	42	95	71	95	72	86
79	40	98	37	64	51	47	67	48	56	58	87	76	40	46	49	18	92	87	5
79	74	25	80	26	32	61	11	12	16	85	95	60	87	31	24	55	67	22	50
87	58	20	62	30	32	72	30	78	88	26	77	52	66	95	86	38	91	99	29
86	68	68	89	82	55	8	19	26	49	1	77	88	81	8	33	7	32	68	91
10	36	15	70	46	14	55	2	84	51	93	40	97	64	44	17	9	74	82	40
20	36	76	43	36	69	62	91	97	22	76	35	24	38	31	74	30	31	78	54
48	15	92	27	78	23	13	9	66	78	13	39	80	62	26	80	29	87	83	29
69	90	42	35	36	51	19	74	62	53	58	34	37	11	91	7	67	28	31	51
12	37	84	84	47	15	20	39	81	62	61	70	32	23	91	65	37	46	43	24
60	65	60	39	99	82	88	35	31	63	32	35	29	81	29	64	10	90	61	22
61	26	85	69	8	26	86	39	18	1	8	86	52	92	90	15	71	61	36	68
36	25	78	76	9	34	18	76	18	29	80	6	68	39	6	11	68	9	96	51
45	6	89	13	69	39	5	45	67	31	77	45	69	48	78	91	66	18	5	55
43	34	76	29	84	35	37	8	77	53	42	86	62	2	77	13	22	48	31	94
91	76	95	49	23	36	64	17	85	80	7	41	92	81	80	35	99	25	36	56
75	89	9	14	14	41	81	96	21	91	84	8	49	10	37	29	79	53	52	7
5	54	16	62	15	42	96	34	79	48	66	44	79	90	29	33	63	44	4	18
34	88	20	82	70	49	21	80	60	52	35	36	75	69	39	56	59	48	52	8
50	61	73	21	36	63	77	28	40	32	57	34	68	96	37	29	64	97	16	58
60	69	42	15	53	8	57	79	70	94	12	41	97	86	30	38	41	63	22	6
37	75	39	4	58	37	25	90	31	64	38	98	53	64	41	44	41	80	81	46
84	97	31	84	11	44	52	92	31	93	31	28	70	20	64	11	33	75	10	18
25	17	4	92	36	17	96	11	95	50	19	33	38	57	5	57	92	77	62	76
98	69	68	75	28	84	20	65	18	6	66	65	84	88	7	3	80	11	62	92
10	5	64	20	63	45	81	67	63	41	68	72	19	44	11	19	25	46	45	5
72	81	13	12	31	47	30	13	96	71	11	62	59	70	9	2	89	66	97	45
94	31	67	41	22	50	94	29	74	44	1	52	75	93	95	13	21	61	83	62
9	17	81	27	4	5	16	82	9	24	17	14	92	32	66	43	4	79	49	88
97	38	9	60	90	50	40	32	72	78	80	28	1	95	28	87	19	14	50	33
53	38	29	91	82	46	3	43	71	47	1	19	49	42	66	19	43	64	79	48
37	62	20	4	22	59	82	65	14	75	57	59	94	96	56	70	53	48	87	1
40	10	22	30	54	83	20	36	18	71	98	58	53	60	20	33	20	83	26	78
80	37	94	20	12	19	59	18	45	60	47	63	7	82	99	14	46	20	26	10
42	95	80	7	53	96	20	57	21	78	69	7	3	35	42	58	38	52	45	8
97	22	36	19	92	96	9	33	19	5	14	70	43	92	69	63	69	88	84	54
94	65	13	68	56	14	6	51	35	11	38	83	64	21	52	81	43	16	2	21
48	92	52	28	41	28	71	69	23	92	75	7	12	16	67	68	96	3	92	74
46	12	36	57	8	80	23	74	68	9	66	26	50	40	19	65	60	20	40	28
78	42	39	67	20	88	92	11	62	11	61	93	38	72	97	97	34	90	20	74
53	8	50	49	11	98	15	40	96	2	33	97	8	51	73	65	27	54	62	2
67	7	90	34	21	45	75	34	13	63	62	60	23	16	64	23	65	49	25	64
49	7	98	22	47	28	79	37	66	61	52	9	18	91	56	77	88	8	52	39
78	90	78	24	96	93	89	88	6	84	50	94	75	51	5	5	55	27	29	86
50	67	92	70	52	46	43	54	84	20	52	34	32	6	2	74	47	39	26	47
17	20	80	23	32	82	58	99	99	82	30	81	34	81	78	13	11	41	7	57
47	47	34	44	98	70	84	80	45	69	62	65	9	89	9	30	14	73	39	31
17	9	18	61	36	84	27	49	6	63	13	44	55	41	76	56	22	4	43	70
20	14	71	36	34	13	27	87	80	68	18	44	45	60	80	27	53	45	33	91
40	33	98	73	24	8	29	22	64	51	53	94	19	32	4	57	30	41	28	46
95	36	30	31	59	7	91	52	42	73	94	81	94	86	7	25	94	56	39	25
40	67	52	53	78	38	19	87	54	54	82	44	78	80	39	34	3	17	93	18
71	22	64	68	66	37	73	46	6	14	79	3	56	7	87	66	92	10	43	95
86	93	60	70	20	92	13	85	3	16	91	4	11	25	16	9	44	39	87	43
17	68	38	42	93	15	11	3	38	98	12	46	89	34	1	93	34	12	44	86
73	8	10	51	42	90	3	36	56	70	67	47	37	67	6	60	81	30	34	90
62	6	44	86	47	60	40	47	59	23	18	41	12	84	25	57	95	90	49	92
63	85	19	79	4	6	44	66	78	54	77	89	88	64	17	66	94	34	95	40
48	42	14	12	45	50	32	5	57	14	34	18	65	94	65	29	45	42	11	61
56	91	48	76	86	84	39	74	32	35	43	10	80	82	85	2	72	87	15	37
8	96	92	24	49	41	79	31	6	26	55	26	66	51	29	12	15	83	27	69
94	69	94	86	86	17	57	37	91	84	9	68	50	91	22	63	47	51	58	42
93	77	52	22	93	91	31	28	10	24	97	7	37	30	2	31	35	98	8	6
22	41	73	3	64	13	66	22	2	60	36	79	90	74	12	41	15	98	96	32
55	26	16	96	24	99	82	16	94	92	69	45	42	95	44	45	62	37	4	65
31	81	9	53	51	27	77	47	73	54	99	18	95	10	86	30	10	35	29	21
21	52	81	81	68	81	22	38	47	5	79	39	46	89	53	60	15	86	4	89
35	79	89	91	60	31	76	32	35	23	89	60	86	3	20	87	23	91	41	57
17	39	97	89	40	33	16	22	40	29	84	31	82	9	33	75	78	86	43	93
63	6	49	14	4	13	10	72	70	89	25	50	15	87	92	46	78	26	73	54
64	77	47	66	19	10	22	1	45	52	82	60	15	32	37	74	96	12	24	8
39	64	87	40	80	91	79	26	69	98	63	52	96	88	59	88	33	57	56	49
66	73	14	86	33	35	63	51	39	29	50	28	10	98	60	17	16	65	59	43
76	27	78	13	10	20	56	58	62	44	33	93	90	54	34	33	77	23	41	2
5	56	76	73	37	93	1	65	27	10	66	99	65	71	45	83	43	24	62	55
67	90	38	77	49	41	41	86	45	84	60	40	38	52	89	94	1	22	20	53
36	6	49	91	49	91	82	86	19	79	20	4	14	21	46	63	36	36	33	22
25	5	2	85	77	57	22	51	18	44	99	34	51	55	30	38	7	73	95	34
93	67	41	76	29	63	19	53	98	55	82	72	19	21	55	8	53	36	11	81
10	12	25	89	46	19	50	26	20	46	7	78	44	10	27	32	41	22	74	29
55	67	95	26	37	21	29	38	40	7	20	87	18	25	73	22	7	52	17	16
67	26	58	96	75	26	51	38	41	1	74	8	78	61	68	20	44	71	24	80
15	36	87	15	46	90	87	62	20	12	96	14	62	96	38	3	71	20	35	78
10	10	92	69	57	93	19	14	92	48	87	59	15	69	35	12	62	88	19	40
15	41	81	86	43	75	82	28	64	94	92	51	65	77	90	87	35	88	64	67
61	42	94	59	82	71	18	20	36	90	64	67	75	44	64	93	12	10	58	11
46	14	56	20	36	95	14	98	85	92	5	47	68	45	7	73	65	34	5	22
94	54	65	44	55	48	38	12	15	51	34	79	57	60	14	41	46	3	49	34
8	37	96	82	34	92	34	45	14	62	69	91	53	76	99	21	93	40	13	55
75	17	49	99	95	97	43	46	70	55	38	29	72	3	92	68	95	91	95	68
3	12	72	44	36	82	80	78	15	69	77	47	60	45	78	66	68	71	19	12
96	78	9	82	48	85	4	58	55	20	34	27	94	40	86	42	9	21	92	65
6	48	14	42	34	7	41	43	82	96	36	62	33	4	56	39	84	73	60	88
35	94	15	83	53	56	54	92	15	80	33	60	26	84	6	94	56	63	82	81
48	90	48	51	24	76	76	32	50	73	84	8	85	4	78	5	19	70	38	25
79	33	41	80	96	35	24	92	6	28	9	98	21	83	16	27	19	48	31	79
84	23	12	7	16	2	71	33	12	59	5	6	42	81	75	73	31	53	21	38
73	47	24	24	51	70	69	4	43	7	46	26	11	88	65	68	58	19	59	53
4	1	76	82	11	17	39	1	85	10	72	13	23	10	77	92	48	77	36	13
15	78	33	27	84	96	30	58	78	33	83	99	54	91	44	70	76	39	70	70
6	51	25	95	98	40	88	44	46	62	54	70	32	88	2	36	41	79	31	55
70	55	46	53	84	18	42	99	10	62	60	82	34	28	39	85	65	20	87	9
73	25	21	29	27	55	76	97	68	65	33	62	77	77	51	50	9	75	79	29
41	28	54	64	51	72	24	15	2	13	49	94	58	27	45	84	12	8	50	69
71	3	81	51	62	85	14	4	80	82	15	87	77	68	82	88	66	50	94	19
11	55	52	53	88	34	54	69	1	36	56	14	76	94	3	5	5	82	13	50
34	68	64	8	92	53	66	92	97	67	74	31	99	75	12	33	59	92	59	41
68	83	80	90	40	30	96	12	99	73	45	89	12	53	46	35	36	68	7	78
10	49	11	37	1	63	42	67	55	39	54	40	88	6	17	22	92	72	23	43
2	97	40	73	37	45	91	26	77	35	33	93	76	79	53	45	1	2	41	83
39	18	72	23	40	29	39	62	2	43	78	56	44	69	44	59	15	22	51	88
8	65	3	4	57	45	85	43	20	5	51	40	50	35	81	53	50	66	4	51
50	42	28	38	82	13	95	61	82	63	14	63	10	88	91	34	77	62	75	20
22	57	66	40	66	29	76	17	14	67	11	8	98	86	2	91	8	61	35	45
43	87	51	58	9	64	79	40	9	96	86	92	33	18	91	85	96	62	87	61
56	66	62	90	60	47	25	70	13	14	38	97	30	42	75	75	16	75	10	44
53	17	84	94	49	98	99	94	36	88	69	67	90	47	64	83	79	68	24	99
89	14	78	53	89	86	62	88	92	89	71	6	9	32	21	63	33	78	98	48
83	95	36	3	94	28	84	90	96	24	93	57	27	36	55	41	46	77	48	69
14	51	11	26	63	30	67	15	9	49	11	22	45	29	80	50	18	69	38	81
39	10	76	84	89	61	60	13	72	35	25	6	46	88	27	15	15	11	19	63
94	86	69	98	54	23	28	59	46	18	32	19	29	45	68	77	74	89	9	62
81	76	89	6	98	1	16	28	94	44	93	5	16	98	80	53	18	59	56	72
59	51	70	75	35	61	18	74	25	18	63	66	9	56	46	24	10	42	66	32
43	67	70	66	73	25	32	74	98	28	97	65	86	64	63	66	55	97	45	82
56	44	15	37	65	69	80	9	42	72	85	72	76	69	60	57	62	45	71	9
48	36	87	50	64	71	45	13	38	80	26	74	52	87	9	10	19	77	30	88
92	47	28	60	56	75	8	82	79	90	14	82	31	80	7	18	83	89	14	91
5	96	21	46	97	50	95	36	59	9	99	26	89	61	74	39	97	95	15	1
68	25	5	48	87	48	75	72	73	49	29	84	84	66	13	3	54	96	77	42
26	60	52	71	14	66	8	7	69	51	14	27	29	45	31	68	43	14	53	43
87	74	93	82	69	58	22	28	49	34	18	8	17	89	46	43	76	19	83	74
12	82	74	76	95	67	23	61	93	57	5	95	42	59	59	51	41	26	11	14
15	38	99	45	17	44	1	29	9	32	46	58	37	8	79	78	45	80	14	57
91	32	46	49	72	43	1	74	60	86	89	68	7	95	9	83	53	57	19	97
52	93	2	24	16	77	72	4	90	66	70	1	91	31	49	23	41	69	44	20
50	65	36	78	86	3	87	3	59	35	17	4	2	85	57	64	80	50	58	60
62	53	23	87	60	93	95	86	2	76	17	19	89	65	46	63	7	89	2	37
91	7	61	30	71	7	56	70	48	71	81	45	27	21	45	99	29	47	18	56
76	93	61	20	49	28	64	62	61	74	30	54	23	42	35	40	9	93	37	15
61	64	76	77	57	31	11	97	47	98	94	85	55	9	62	18	15	28	1	59
17	70	10	67	98	27	79	46	98	6	72	38	56	16	38	94	94	24	66	39
13	56	61	88	89	28	19	94	12	61	79	40	59	22	23	49	18	29	88	65
93	10	74	84	47	87	78	77	75	76	50	33	99	36	57	92	71	60	7	60
53	87	62	14	26	92	99	17	51	54	71	50	76	21	32	86	41	7	50	26
2	47	1	51	4	61	68	15	52	62	25	29	75	21	64	91	86	74	53	46
37	96	29	1	8	57	50	28	77	62	95	83	73	88	43	12	95	69	75	76
20	24	39	56	76	54	33	51	68	64	69	41	23	9	91	78	10	40	2	67
69	34	95	52	21	90	38	49	93	76	59	19	66	85	29	12	96	4	52	92
69	96	30	4	48	25	27	22	12	95	99	74	3	34	37	30	31	48	76	2
3	54	65	4	83	93	50	63	29	77	95	83	27	57	61	58	44	36	85	2
4	33	65	71	60	74	21	69	98	59	41	4	57	99	18	48	54	81	97	96
22	91	88	5	98	36	51	36	89	18	28	44	35	73	13	11	5	81	85	97
44	40	3	77	28	2	43	79	87	8	61	93	34	76	2	21	99	85	86	67
71	14	14	47	68	22	54	10	85	8	31	74	82	63	91	89	70	41	16	23
29	83	15	83	5	9	94	4	52	24	54	83	6	82	70	80	16	31	2	91
11	80	26	73	47	84	68	11	93	7	62	97	54	13	34	72	20	71	84	32
66	8	45	36	4	97	7	16	4	93	31	14	32	89	97	41	39	30	9	61
47	13	74	25	19	80	78	44	30	84	42	66	32	35	82	43	23	55	63	57
80	86	26	18	7	95	79	46	44	26	48	67	15	64	87	79	3	61	38	3
84	39	15	69	98	94	45	76	15	77	53	14	16	86	99	31	27	66	46	9
94	8	77	79	79	59	69	16	59	87	47	71	85	74	78	43	31	28	63	56
87	79	87	15	45	55	4	70	25	50	34	14	95	43	81	6	98	71	43	65
84	61	50	13	38	91	63	43	29	47	88	59	28	10	8	9	26	82	33	81
95	63	56	2	25	17	71	68	92	91	6	65	6	26	43	95	48	12	19	58
7	47	81	58	73	16	54	26	50	23	80	83	26	50	60	28	10	69	23	15
20	62	67	9	50	12	69	6	7	32	47	60	46	29	50	5	91	60	41	77
71	76	36	12	73	77	83	56	42	82	71	33	12	34	92	23	80	60	43	89
59	29	31	15	24	53	6	54	47	36	79	36	54	18	41	42	62	32	83	4
58	20	45	57	66	87	62	48	90	49	6	27	7	69	5	12	18	14	57	89
63	6	77	31	59	77	13	27	9	62	5	33	95	11	43	71	72	58	88	66
66	53	50	91	97	40	27	89	67	81	3	18	94	29	86	91	38	70	16	71
51	72	32	71	36	37	99	44	87	37	1	87	59	97	4	76	83	88	76	99
72	89	2	74	46	2	60	13	83	30	1	60	60	63	31	24	78	11	40	62
80	53	73	23	2	32	20	71	94	47	96	70	61	59	66	23	80	8	24	43
9	33	99	78	69	41	84	39	72	17	26	4	65	95	34	21	87	52	96	25
4	71	99	19	38	78	85	1	36	55	31	40	67	82	93	90	37	38	51	92
2	32	79	42	76	31	22	96	75	24	95	85	33	97	36	81	82	25	3	73
83	90	11	98	42	16	74	90	79	95	21	79	55	33	76	93	44	82	87	84
93	39	74	53	95	59	31	11	96	54	45	78	58	95	85	41	13	43	84	48
42	7	2	90	91	32	62	36	52	68	58	40	79	47	10	61	54	52	57	70
34	96	8	88	42	29	12	69	79	88	1	52	77	39	95	16	30	19	51	1
59	50	39	78	61	92	54	43	12	10	89	76	58	59	31	54	59	3	99	68
57	11	19	43	72	58	43	29	46	65	61	28	90	51	58	34	37	55	34	61
52	8	69	79	53	48	67	69	48	56	22	24	30	28	66	33	83	54	59	74
83	14	80	39	72	59	66	33	18	91	22	63	78	36	56	34	10	80	48	81
28	1	39	39	39	96	71	84	33	95	89	18	34	72	72	42	6	76	83	43
15	74	31	49	70	11	20	85	10	97	81	32	80	87	54	60	19	75	8	83
29	51	70	79	11	8	42	49	34	40	10	65	58	89	39	49	48	55	90	28
81	14	20	14	82	49	67	8	9	65	58	1	93	96	31	53	68	17	62	19
38	76	87	85	27	69	42	33	1	2	2	11	90	14	87	60	78	18	81	19
71	90	82	93	67	72	14	21	54	14	63	84	79	58	26	27	96	26	24	93
51	24	95	90	98	45	67	18	11	10	94	99	64	10	91	31	36	54	87	34
73	53	77	33	90	80	82	49	38	24	63	27	28	60	96	13	49	84	30	99
27	30	9	61	98	98	60	67	96	65	82	92	61	90	56	96	30	62	32	10
28	16	74	35	51	56	15	35	86	69	2	73	63	66	37	11	79	6	45	40
99	86	85	89	33	41	70	46	40	63	91	67	41	15	6	3	70	44	51	86
81	75	14	20	96	45	10	30	98	79	8	67	71	69	8	79	55	99	84	57
34	78	62	55	96	85	92	64	60	1	13	69	61	76	78	36	66	97	9	60
46	68	84	91	69	14	18	80	88	49	14	84	47	55	62	71	26	45	21	98
96	57	4	64	1	78	14	60	67	8	47	26	90	27	1	2	84	78	75	37
80	27	61	73	98	68	72	79	26	88	15	21	14	51	64	19	88	76	35	61
30	43	82	17	28	59	51	6	21	72	68	82	71	14	1	92	4	74	43	98
51	99	2	69	91	41	51	29	62	77	14	44	86	83	62	84	52	78	57	14
5	98	70	7	48	52	59	47	49	28	31	93	72	7	66	14	90	82	4	30
23	20	59	32	11	36	15	83	59	27	55	49	84	88	58	36	40	25	33	33
37	59	13	64	27	87	50	65	58	95	51	52	88	72	40	31	66	81	47	84
69	25	44	30	35	27	84	76	48	20	3	49	63	37	20	47	15	71	59	67
94	21	99	54	75	30	69	82	58	3	47	81	46	40	41	44	51	97	76	21
30	55	73	1	35	91	21	82	18	12	86	28	20	26	46	99	45	56	4	74
46	8	41	31	66	76	62	84	77	69	32	32	14	94	80	23	42	59	19	74
52	40	72	82	2	51	38	26	61	46	27	37	21	56	12	52	58	56	91	83
25	19	15	61	78	41	96	91	61	53	87	13	11	51	79	93	58	18	66	61
60	65	65	95	27	61	48	79	33	91	85	40	27	27	62	76	38	86	18	45
95	34	39	61	73	88	94	23	23	29	9	20	1	82	92	30	9	78	13	63
47	58	95	96	43	2	29	41	97	64	42	90	21	84	26	15	5	81	89	75
95	94	80	64	89	73	56	92	3	77	99	49	17	14	29	83	67	26	74	17
39	12	92	29	97	51	74	57	80	14	67	10	57	72	75	10	7	51	16	20
46	8	45	95	30	61	72	60	11	9	30	85	39	64	92	17	16	13	53	44
7	75	34	91	55	86	42	35	46	93	61	41	77	83	10	51	11	69	34	45
88	10	17	72	58	96	97	74	21	84	60	32	14	25	5	14	44	18	19	92
83	81	94	5	53	85	71	16	45	56	2	52	50	64	27	86	77	62	84	11
81	49	65	65	63	70	50	40	37	95	43	49	29	77	65	38	19	93	75	89
89	48	5	54	52	2	89	47	44	96	6	44	31	23	33	91	37	62	17	64
29	21	80	86	39	39	94	78	22	10	26	50	93	91	15	19	53	9	98	63
55	54	50	54	92	20	84	49	43	55	13	78	90	82	45	37	10	61	10	22
46	93	86	66	21	30	13	55	86	31	10	65	17	65	48	8	81	46	75	88
94	24	59	31	61	4	91	39	32	87	85	65	90	41	91	3	97	61	72	2
81	63	19	66	94	48	61	30	13	96	48	16	13	55	39	90	60	95	83	58
34	80	56	87	87	12	41	35	79	44	61	49	46	60	31	28	28	63	70	63
19	80	54	57	4	17	87	35	29	99	41	27	89	89	45	79	99	77	70	35
83	39	35	51	41	84	47	50	43	69	31	66	85	85	12	15	8	63	27	55
76	5	9	5	59	88	53	96	60	93	91	6	46	45	96	60	20	84	73	14
16	67	12	91	70	15	12	23	57	93	63	5	88	76	48	45	32	69	97	44
35	44	83	29	52	80	9	90	6	54	50	58	91	16	9	28	89	65	54	15
48	27	51	73	35	89	9	35	8	66	56	34	76	44	7	95	77	33	41	2
28	66	64	27	80	20	26	79	38	79	67	84	6	36	73	91	86	29	20	58
63	42	2	61	85	62	92	19	68	15	71	39	5	87	99	57	20	40	67	43
1	83	38	88	26	57	92	49	3	49	49	11	40	10	92	68	72	36	41	41
17	39	39	15	11	45	3	36	82	97	92	86	84	7	54	12	43	29	57	70
11	42	64	95	70	17	13	27	79	13	76	84	28	71	5	82	60	79	40	21
24	98	31	47	96	19	14	34	80	26	1	45	61	85	45	19	80	95	68	70
76	27	46	40	97	42	81	51	44	69	26	69	69	74	94	43	90	35	65	29
40	97	83	60	56	78	88	92	51	53	13	37	35	20	72	88	12	93	21	34
14	14	86	58	2	57	14	57	70	46	40	23	96	27	76	22	20	95	81	22
30	84	15	13	88	3	67	43	13	93	65	8	47	87	14	74	64	65	33	22
52	45	97	23	3	36	60	37	67	65	15	47	48	8	74	96	67	53	71	4
25	79	81	38	27	44	31	79	56	54	55	11	32	69	15	48	4	97	77	27
87	37	75	61	43	86	1	69	89	21	45	93	3	3	37	5	31	11	96	49
83	58	17	87	13	1	61	93	95	25	33	27	81	43	66	90	28	7	90	19
81	34	99	30	55	11	90	58	96	78	14	26	32	26	39	83	65	17	2	16
8	31	78	65	69	31	99	86	30	17	16	47	47	43	31	18	94	85	4	11
9	28	64	28	14	62	79	78	92	42	79	90	72	22	77	94	78	78	75	81
93	99	75	72	30	34	68	39	65	16	99	95	22	65	3	53	43	23	44	5
49	56	87	90	17	38	32	11	64	39	12	14	93	67	38	27	16	96	64	45
47	55	85	89	62	8	46	18	35	19	31	29	99	56	5	91	95	11	81	15
81	16	50	48	41	11	55	23	22	22	62	80	33	64	65	95	30	55	59	88
25	98	77	93	47	71	16	31	72	24	56	79	21	63	51	79	7	43	15	74
82	82	76	22	45	33	63	31	45	46	45	24	47	33	10	96	37	44	2	4
44	42	41	21	41	60	4	64	94	66	40	31	33	21	74	50	20	2	92	94
10	71	31	60	9	37	3	97	11	23	35	35	34	94	28	96	35	65	71	63
95	3	4	76	9	1	44	74	81	15	23	32	78	81	28	94	93	62	75	84
21	8	89	94	58	22	3	99	80	20	45	80	32	91	7	77	49	81	7	4
7	40	59	52	15	74	74	6	96	4	72	4	38	1	29	8	52	83	18	93
87	50	44	78	39	48	34	60	92	29	58	57	40	93	5	4	77	24	59	93
71	31	34	45	77	56	16	52	99	8	9	16	77	52	33	87	8	31	36	14
10	77	97	3	38	53	6	28	10	95	42	13	59	55	73	67	33	3	39	69
1	19	17	28	60	52	6	72	15	61	71	67	33	50	62	43	43	80	39	88
97	19	84	3	4	2	85	18	37	87	80	45	23	92	80	74	81	63	91	92
57	38	48	76	67	79	76	26	64	42	30	92	45	55	90	68	13	50	76	17
33	21	90	24	44	69	96	45	96	83	11	91	83	85	40	40	88	68	77	40
19	89	70	16	27	74	90	90	71	70	35	62	48	47	34	99	71	24	13	55
17	28	37	72	4	28	8	12	27	7	21	98	66	79	28	81	18	74	11	71
67	36	26	45	9	65	4	97	85	69	96	37	96	74	82	66	34	34	74	21
59	50	49	2	74	46	92	4	45	49	81	61	62	61	8	2	49	3	17	32
93	52	57	51	1	14	68	44	99	73	84	62	23	99	41	44	44	26	63	92
84	42	93	15	33	42	77	25	22	87	9	64	59	88	82	77	14	99	54	90
26	65	63	21	47	25	96	64	67	4	11	76	77	26	71	65	34	39	74	4
14	82	22	87	41	66	20	34	20	37	95	82	39	3	85	95	24	29	72	53
37	39	62	3	80	39	89	55	4	75	1	4	83	41	7	43	8	92	76	3
32	11	52	25	3	56	43	78	12	27	29	27	2	73	17	56	10	87	87	8
5	43	68	63	8	46	98	77	32	34	91	70	6	60	72	25	52	14	80	10
20	75	70	30	71	60	26	48	4	17	65	23	83	91	59	66	69	84	79	82
20	53	48	17	6	73	20	88	24	17	46	37	74	13	8	66	79	20	98	95
37	5	2	83	97	80	17	86	59	69	68	72	28	90	65	16	9	88	81	39

9	9	16	14	5	1	19	15	16	10	9	6	15	4	4	9	1	15	11	18
5	4	19	11	5	12	9	9	11	4	2	9	15	6	16	19	3	17	17	2
14	7	9	20	9	16	2	19	8	9	8	18	4	4	11	19	4	20	18	19
3	15	15	19	1	8	12	7	9	20	12	14	12	20	4	18	17	11	7	12
16	18	11	6	10	9	3	18	20	4	8	4	11	7	6	18	10	17	17	20
15	15	15	19	10	20	5	13	3	12	14	5	14	1	15	14	11	6	10	15
11	1	4	15	4	19	10	5	4	2	4	14	11	20	4	3	6	9	6	15
10	8	20	17	7	15	4	2	14	15	10	14	19	5	2	11	17	19	18	13
15	13	13	12	13	8	19	6	20	10	20	18	10	14	19	19	20	20	16	1
14	3	7	14	18	8	12	13	7	10	3	6	9	9	1	15	13	16	18	18
20	13	13	9	17	8	5	16	19	19	12	19	5	3	10	9	7	3	4	16
10	6	15	10	13	9	16	19	3	16	15	7	6	4	2	4	16	2	12	5
9	15	6	17	4	6	3	16	1	16	12	6	17	16	12	11	13	10	13	3
15	19	16	12	15	12	14	19	6	5	18	9	14	16	8	18	3	9	13	8
20	3	1	1	10	6	9	7	5	13	9	19	17	13	19	7	7	10	20	17
4	1	17	13	8	4	8	1	8	18	6	6	10	7	15	7	16	3	19	18
19	14	9	18	20	10	13	10	3	3	4	16	2	16	13	5	5	5	18	2
17	8	12	7	2	4	11	7	3	5	6	6	16	7	11	1	6	17	1	17
14	13	18	17	18	11	4	19	14	9	14	4	3	7	1	17	5	2	18	2
6	8	17	19	11	18	3	19	19	19	15	5	18	12	15	15	2	3	15	16
18	10	8	13	4	12	19	11	16	18	14	12	15	12	10	17	3	3	14	17
15	7	14	7	11	17	9	8	11	16	10	5	10	19	2	8	14	19	16	13
3	2	4	12	1	16	17	9	4	4	9	18	2	16	1	14	14	1	20	5
20	2	2	8	1	17	15	19	14	18	5	14	19	6	7	11	7	8	2	3
16	12	17	10	14	3	9	3	3	9	17	10	13	20	12	3	11	6	9	15
7	20	7	12	6	4	20	14	16	15	19	16	1	17	19	4	19	7	14	14
13	13	6	17	7	16	20	9	13	10	3	8	4	4	4	9	6	19	12	7
17	15	18	15	19	19	20	11	7	18	10	9	16	8	19	2	16	14	7	11
9	20	12	18	8	2	19	7	15	20	6	15	18	10	7	19	6	15	6	9
15	1	7	5	10	9	18	9	6	20	15	7	19	16	11	17	10	12	4	8
2	12	17	5	16	18	15	5	17	12	17	15	3	4	10	14	1	12	18	16
14	2	8	11	10	10	7	7	19	17	4	4	12	11	7	6	11	15	5	6
17	20	1	4	7	16	9	16	17	4	6	5	20	3	9	20	15	11	13	7
12	1	6	2	8	6	20	16	1	19	3	10	13	10	18	7	20	6	5	15
1	8	8	14	19	7	3	20	15	12	6	10	3	15	3	6	6	20	4	6
2	8	1	11	6	18	11	12	1	18	19	7	7	5	11	6	9	5	12	7
15	7	19	12	11	13	20	7	15	9	17	14	20	9	9	13	20	19	10	6
17	10	9	14	10	13	10	8	11	3	6	3	9	12	18	8	4	1	15	6
13	5	12	1	4	1	8	13	14	6	19	10	17	2	14	9	11	11	3	8
6	12	16	8	19	4	8	13	7	19	7	20	19	7	19	2	16	1	17	15
9	5	7	19	16	15	14	15	20	2	14	9	10	13	19	9	2	9	18	12
6	12	13	14	5	17	7	1	5	14	20	16	16	17	4	20	6	2	10	17
10	18	5	6	15	19	20	16	13	7	16	8	10	9	10	2	13	15	15	16
17	1	18	3	9	7	4	8	1	18	17	15	7	5	6	8	9	9	13	6
12	18	20	15	18	11	11	2	19	18	20	8	11	17	19	18	19	7	19	3
20	13	2	20	14	16	3	17	17	14	4	2	2	13	10	9	15	9	1	11
20	19	10	12	10	8	12	12	14	14	7	2	8	20	5	17	20	17	5	3
14	10	18	3	4	15	15	13	14	5	14	8	11	14	16	13	5	5	5	3
18	18	5	13	1	10	3	5	1	5	17	14	7	16	8	20	19	9	2	9
6	17	10	18	14	4	13	4	2	7	10	4	7	12	14	20	10	16	12	2
2	6	11	17	14	7	2	17	20	13	3	7	8	17	8	10	1	3	4	10
10	19	1	4	9	7	7	5	17	3	14	7	20	17	3	11	3	12	17	3
2	18	3	13	13	15	20	7	16	9	15	4	1	7	20	13	9	4	4	5
10	10	4	14	8	13	18	4	4	7	8	6	9	16	11	5	5	20	3	2
20	16	18	18	18	16	20	17	3	14	11	8	17	20	8	11	20	5	1	1
7	10	2	6	8	18	3	7	20	9	3	17	17	10	3	17	10	7	12	11
12	16	19	14	17	14	20	10	17	19	9	10	16	10	18	7	5	14	14	18
18	7	8	5	15	12	19	14	1	14	3	16	7	13	15	2	13	7	7	11
9	1	10	4	18	18	3	18	9	12	6	6	20	20	18	20	6	2	14	16
14	16	9	18	18	3	10	5	18	11	2	3	10	13	7	17	10	19	3	15
7	8	5	8	12	1	10	1	2	9	10	14	9	9	20	10	7	13	17	10
17	15	20	10	8	9	6	11	8	19	18	14	10	5	20	6	14	13	5	2
15	20	3	10	13	10	15	18	20	10	4	20	20	11	17	12	12	19	16	13
20	18	12	19	20	14	3	6	10	2	8	12	8	3	3	19	7	16	19	6
10	1	15	3	5	7	6	4	3	9	4	15	13	13	14	19	6	19	10	10
14	13	5	18	7	8	7	5	19	3	14	11	2	19	2	20	13	12	9	20
1	18	13	7	12	20	10	18	6	5	18	4	17	12	3	10	17	9	5	18
5	11	11	6	2	19	7	9	3	12	19	12	12	19	14	6	15	16	5	10
10	14	9	15	17	15	19	5	2	1	13	12	20	11	4	10	13	19	15	8
8	18	9	14	1	19	8	4	18	17	11	18	18	16	19	3	8	7	8	17
17	5	5	4	20	14	16	6	13	17	15	13	4	3	2	8	19	2	14	16
18	9	16	5	16	14	2	1	5	6	13	3	5	12	15	18	10	17	19	13
18	9	8	10	7	16	19	12	6	20	10	1	6	8	1	3	17	13	4	9
4	16	16	6	11	8	15	10	9	6	20	3	16	9	20	15	16	4	6	13
19	8	20	6	14	7	15	15	15	11	18	16	15	8	15	13	2	17	17	11
11	16	20	11	12	14	15	11	2	18	8	19	5	17	7	13	15	14	17	17
5	7	6	10	14	7	2	7	6	3	17	10	19	15	13	3	16	3	15	13
19	12	5	3	2	5	10	11	12	10	5	6	10	18	19	6	20	2	14	9
16	5	10	8	6	20	17	18	20	11	9	17	20	12	6	9	17	14	15	8
13	14	19	11	2	6	4	9	12	18	3	16	5	8	17	9	12	7	5	15
19	16	12	1	19	16	17	8	19	14	12	4	9	10	1	17	4	10	14	15
7	3	20	6	5	8	20	17	11	11	11	20	11	1	1	13	16	4	10	13
16	10	15	3	15	12	8	6	20	18	12	5	10	20	14	7	6	1	10	17
7	12	18	1	20	19	9	8	10	2	11	13	19	16	20	16	9	9	13	9
11	6	10	4	9	18	15	15	6	3	12	7	1	5	3	7	5	16	10	20
4	2	9	18	10	18	2	12	11	7	6	15	2	10	13	19	19	15	6	11
17	17	8	10	20	19	5	14	8	19	8	16	8	16	1	9	7	18	12	2
1	4	19	1	18	6	4	3	6	19	13	7	8	19	17	12	16	12	7	13
9	18	14	19	14	13	7	3	18	15	7	8	19	3	3	19	19	17	4	8
14	3	13	14	4	1	11	17	9	5	8	5	2	9	12	20	10	2	1	12
16	6	9	15	7	20	15	15	19	12	10	20	8	7	3	11	9	2	9	20
8	9	12	14	16	19	10	19	9	8	10	18	8	2	17	16	5	15	18	14
13	4	7	10	2	7	8	9	17	16	2	17	14	2	12	11	3	1	13	17
9	2	1	3	12	2	2	7	9	18	7	15	15	16	6	9	8	12	8	13
18	12	4	12	11	5	11	20	8	9	12	13	7	1	18	4	9	17	14	5
3	12	12	15	14	9	6	8	18	17	5	1	20	9	16	10	1	6	8	17
4	11	13	19	7	6	12	19	17	1	6	11	9	5	2	3	2	6	18	11
12	4	9	20	19	13	11	17	20	16	14	12	4	11	11	3	15	14	10	6
16	13	5	13	4	3	8	8	8	15	20	3	16	15	6	5	15	3	1	15
16	6	5	2	20	6	2	4	14	11	5	3	4	16	2	15	14	15	4	14
11	17	9	1	3	16	4	15	4	15	6	12	9	19	16	12	9	4	19	4
11	14	14	20	13	11	17	17	5	6	8	16	14	16	17	12	19	8	15	19
14	17	11	15	1	5	4	10	19	15	19	13	1	6	8	3	14	11	5	15
1	16	17	4	14	2	12	4	13	18	18	19	2	16	16	8	11	18	4	16
8	8	12	18	4	12	18	16	15	1	17	3	8	5	6	11	20	9	1	3
18	4	13	6	17	6	16	7	2	7	8	13	20	16	4	2	2	8	20	7
15	14	15	4	2	11	6	17	1	8	20	10	20	10	14	7	14	13	15	18
11	19	15	15	4	10	17	8	2	6	17	12	20	9	2	13	12	18	11	15
20	17	10	13	6	6	12	3	2	4	5	2	9	3	10	20	11	3	2	15
6	15	16	14	1	14	2	8	8	10	8	18	10	6	5	10	19	7	5	3
11	13	9	10	19	15	8	8	11	10	3	20	8	11	1	10	10	16	12	5
2	19	13	19	4	16	4	14	13	16	7	4	14	11	9	18	8	9	10	6
7	5	17	3	9	15	10	1	8	19	11	6	15	4	11	4	14	15	4	4
20	5	5	7	16	5	10	15	9	3	12	12	17	6	18	14	16	11	17	18
4	13	13	7	2	20	1	5	19	15	1	6	8	17	6	18	7	10	15	9
8	6	19	10	10	8	8	3	20	7	4	6	7	13	5	1	16	12	20	18
13	9	16	4	18	10	6	20	2	20	10	1	10	10	11	17	10	17	19	17
7	4	10	12	6	20	9	3	12	4	7	9	20	17	12	15	7	3	10	12
19	3	4	13	11	2	2	6	10	7	15	1	1	4	8	9	13	15	3	5
1	19	6	2	2	2	4	20	8	5	7	6	18	11	20	7	11	16	16	12
14	11	14	3	6	14	19	6	13	3	14	20	16	12	16	5	18	12	18	13
9	12	5	20	8	9	3	3	13	4	10	17	3	10	17	1	9	12	7	3
9	2	9	13	8	10	3	6	20	18	8	17	10	5	12	16	19	19	20	11
14	16	14	19	18	17	14	2	10	17	17	18	13	6	16	6	18	18	19	15
2	17	2	2	14	1	7	20	12	13	7	11	12	1	10	5	12	19	3	17
14	7	19	17	9	6	1	19	6	17	4	14	8	8	1	17	16	13	9	19
8	4	2	3	19	7	16	2	12	5	16	16	6	10	3	18	18	12	8	17
19	16	10	15	7	15	3	3	9	20	6	10	20	17	14	7	19	2	8	19
7	15	13	20	9	9	9	7	13	18	7	10	6	15	20	4	12	17	2	10
5	1	2	2	2	8	16	5	7	4	13	7	11	16	2	9	6	10	6	4
13	14	17	10	1	19	13	5	12	11	3	19	12	8	2	1	4	3	17	18
6	12	10	8	11	11	5	14	2	6	20	2	10	7	6	8	9	12	8	5
10	3	10	4	1	19	19	12	17	5	2	19	7	19	17	1	19	19	12	5
13	15	10	4	17	14	14	7	19	5	8	12	20	6	10	1	16	1	6	17
16	5	13	19	6	12	20	5	1	4	5	10	7	13	5	8	6	19	20	6
9	14	10	10	13	11	6	1	3	17	14	4	3	12	4	18	14	20	16	4
4	9	7	16	13	12	12	7	17	19	20	3	18	3	17	17	3	17	9	17
2	14	6	14	19	20	18	2	11	12	1	2	18	11	15	13	10	3	17	11
16	20	19	15	13	7	7	13	10	2	8	1	15	6	18	14	16	2	18	4
17	20	7	7	9	20	16	3	11	17	11	12	18	19	6	16	2	6	9	1
20	7	9	18	4	3	15	14	9	16	13	15	14	9	7	9	5	20	13	1
9	13	10	1	10	14	18	6	15	8	2	13	19	8	2	6	4	17	3	9
19	11	16	15	18	19	1	10	19	1	3	3	6	1	17	11	10	11	10	13
12	2	18	1	10	9	3	6	17	9	2	12	19	4	13	14	4	17	20	13
8	14	7	6	9	19	14	16	1	12	2	5	3	18	18	2	14	7	1	10
12	12	3	19	12	1	16	9	8	7	20	12	9	12	18	9	1	18	11	6
5	11	17	8	16	7	13	3	16	11	15	3	19	6	3	1	9	18	4	15
16	5	17	15	17	16	9	9	10	3	15	7	20	19	5	1	5	15	4	15
15	9	7	6	9	13	5	17	7	7	5	1	14	13	13	19	3	16	3	3
8	2	11	2	5	20	3	8	14	9	16	6	17	8	15	7	12	20	13	14
14	9	20	12	6	10	17	17	10	11	18	13	19	1	8	1	3	11	8	16
14	15	8	12	15	14	10	16	19	15	13	19	10	2	13	13	18	8	19	5
13	18	3	17	17	8	15	3	4	13	15	11	9	9	3	9	17	20	5	14
4	13	15	7	16	18	4	16	18	3	9	17	18	6	10	15	12	4	17	9
7	14	5	16	14	4	15	11	15	15	16	11	14	1	17	15	15	5	9	13
15	4	3	18	11	2	14	3	4	13	4	20	3	2	12	16	5	12	10	5
3	17	1	10	5	13	7	3	13	19	4	4	10	6	16	10	4	18	5	6
19	12	13	5	11	20	7	17	7	9	15	7	11	2	17	14	2	12	4	8
18	19	2	17	1	20	12	11	2	14	15	9	18	20	12	1	7	2	2	1
6	20	2	11	15	11	1	6	17	14	10	7	5	14	3	13	4	17	7	20
13	7	9	19	7	17	7	10	8	17	2	10	7	12	5	15	5	7	9	8
12	4	9	19	19	6	7	10	19	16	2	15	19	2	5	8	5	6	12	18
10	7	2	17	9	5	1	5	4	20	10	17	16	20	19	17	2	11	5	13
2	7	8	13	16	1	20	2	15	19	15	12	9	6	10	9	1	4	12	18
14	14	12	7	2	15	14	11	10	13	12	8	15	14	5	13	17	20	12	14
7	10	14	20	7	4	4	20	11	14	14	7	11	19	3	18	3	8	17	2
9	9	8	6	7	12	3	11	2	5	7	10	7	12	16	12	16	15	17	18
17	1	18	8	2	18	7	1	16	9	10	14	8	5	8	11	11	20	6	10
4	7	14	11	3	18	17	14	13	19	7	15	14	4	2	1	12	16	16	16
4	10	12	19	11	20	1	4	3	15	10	20	11	9	8	18	15	9	13	3
10	17	16	5	19	14	8	5	13	4	11	13	13	8	3	12	5	1	2	9
7	10	9	18	13	2	16	18	4	7	18	11	9	17	17	18	2	10	12	5
18	2	10	19	14	7	20	19	20	5	17	20	11	6	12	2	11	12	12	17
9	12	18	7	10	2	17	6	2	7	9	1	9	5	9	11	19	6	11	3
2	7	17	18	16	6	15	7	18	11	20	3	3	6	4	11	14	18	20	14
3	19	12	18	2	20	6	10	3	5	16	3	14	9	3	9	1	1	11	8
4	15	8	19	4	11	1	11	18	6	3	4	20	15	3	16	3	11	19	4
1	9	9	6	15	20	9	17	9	6	11	8	19	15	16	19	14	8	5	14
12	13	11	18	7	16	9	18	2	6	12	16	15	14	12	12	20	2	5	1
18	1	18	16	5	12	18	10	18	13	10	1	9	11	10	20	13	13	1	20
14	17	12	16	16	14	4	1	11	14	2	6	1	16	18	17	17	7	17	15
4	16	11	11	6	14	14	17	7	1	19	13	1	17	2	16	19	3	7	5
13	7	9	14	5	6	6	12	6	8	6	14	14	3	15	8	18	4	13	10
6	11	17	13	7	14	13	11	10	12	1	3	17	8	16	10	9	18	7	18
2	19	5	19	15	6	9	11	15	19	16	3	1	20	2	18	20	16	5	8
15	3	13	9	12	18	12	3	4	5	6	5	4	8	17	9	17	10	5	9
12	15	4	3	7	14	7	1	16	11	16	16	10	14	13	14	4	19	15	15
15	9	2	10	12	13	17	14	8	13	7	7	19	18	20	4	12	7	15	2
7	12	3	9	3	6	3	9	7	19	14	12	19	7	6	9	9	15	2	5
3	10	9	5	5	1	20	3	1	6	19	2	14	2	13	18	19	7	16	1
17	9	11	7	19	4	10	20	16	9	17	20	18	4	19	14	19	18	14	4
2	8	3	5	1	18	1	14	6	3	13	12	3	9	13	4	19	18	13	18
7	5	19	18	13	5	6	6	9	6	13	10	16	18	11	13	14	7	8	5
13	14	12	10	5	13	14	14	12	13	16	12	18	11	19	18	5	11	15	14
12	17	16	17	13	8	11	17	18	20	9	9	7	1	3	18	15	7	10	4
14	20	2	14	18	18	8	19	4	1	4	14	7	11	9	10	10	6	7	17
13	2	12	17	18	4	7	7	4	6	3	2	17	8	6	18	10	6	12	6
9	5	9	13	16	9	13	16	11	15	2	11	11	8	9	19	8	5	17	20
4	12	17	17	1	10	16	1	19	15	18	5	16	10	9	3	4	13	15	10
1	17	16	5	5	10	18	12	4	11	19	2	4	11	2	15	19	8	16	4
15	14	1	6	12	13	9	9	20	17	18	16	15	17	9	4	16	11	15	9
18	15	10	2	1	10	16	5	6	18	8	4	7	9	8	5	9	12	11	17
9	17	1	4	19	2	7	17	3	9	5	2	13	4	11	17	3	19	12	7
20	17	13	17	17	8	9	18	2	9	9	3	19	17	7	2	15	12	2	13
7	17	10	5	15	20	16	15	4	7	1	2	15	14	11	13	16	10	6	11
4	9	10	7	1	6	8	5	20	5	10	2	11	16	5	19	16	16	10	20
10	6	8	3	11	11	19	17	6	3	5	8	2	4	10	7	5	3	7	14
12	1	5	16	17	16	8	18	13	13	16	5	5	17	19	20	8	5	19	17
19	16	9	11	2	7	16	4	7	7	5	2	7	20	4	9	4	14	13	16
5	12	19	3	1	5	16	13	5	4	10	15	14	5	6	17	12	11	6	9
16	6	12	15	4	3	16	17	12	2	17	5	1	20	12	8	11	10	1	16
10	3	6	1	9	16	8	6	5	13	6	2	20	18	15	10	19	1	6	18
10	9	5	13	3	14	7	14	6	6	8	9	5	10	19	19	5	3	19	9
19	5	8	13	12	12	3	18	16	3	5	8	19	13	18	3	15	9	10	3
8	1	1	10	14	15	18	6	14	18	9	2	6	12	16	14	14	12	16	13
4	8	5	1	5	18	9	17	12	3	15	19	12	2	5	15	19	10	19	11
20	11	15	1	15	17	1	11	2	15	18	19	14	4	16	12	20	15	15	4
14	13	3	8	4	11	7	4	14	14	12	9	12	15	15	9	14	10	14	3
18	16	2	8	10	18	1	8	4	8	3	10	7	17	20	6	12	6	19	2
14	19	20	12	10	8	3	7	3	16	11	18	20	10	17	7	16	1	2	14
3	14	1	4	13	5	13	19	4	5	16	14	6	12	16	16	6	10	1	4
9	8	3	15	3	2	3	7	17	14	19	20	8	9	9	7	14	6	3	12
3	17	8	1	19	16	4	3	8	13	16	15	2	10	1	15	15	3	18	13
9	9	19	5	9	5	13	20	2	9	15	11	8	7	7	19	6	12	2	8
3	10	3	13	19	8	8	19	9	14	9	20	7	3	16	17	11	13	11	16
11	11	19	1	5	1	3	11	18	16	4	18	14	18	8	12	7	17	13	16
2	13	17	9	16	14	17	17	18	10	2	20	7	17	8	2	15	8	7	1
16	17	14	4	3	19	18	4	6	2	14	13	15	17	12	5	3	11	7	15
12	20	20	17	1	16	20	4	13	20	16	20	9	12	15	18	20	2	11	4
10	8	14	6	9	19	10	6	13	16	12	17	18	5	16	4	18	7	3	9
1	14	5	7	1	10	18	16	19	20	19	16	15	7	19	4	14	3	15	13
16	12	12	13	6	2	18	8	16	18	17	5	17	16	4	9	2	14	19	19
20	13	15	13	10	18	2	2	10	13	17	6	1	15	3	15	13	17	8	13
16	19	16	16	18	10	20	13	9	18	12	9	11	11	1	17	16	8	1	16
20	19	15	20	17	17	7	9	5	3	13	20	4	9	16	11	12	16	3	9
4	11	8	15	14	7	5	4	20	14	9	15	12	9	14	15	4	8	6	4
11	15	13	17	16	9	15	12	16	13	16	6	16	2	17	2	12	20	17	13
5	19	13	14	8	3	12	4	6	11	20	20	6	5	4	17	3	11	8	3
14	14	19	15	20	7	3	9	16	9	14	1	1	16	1	17	17	3	1	4
1	14	17	9	4	17	5	12	6	16	6	20	1	2	11	9	2	11	6	17
1	15	5	1	3	9	10	20	19	14	19	11	4	3	1	14	19	7	18	12
9	19	2	7	11	12	14	18	1	9	14	18	16	2	20	16	3	5	16	12
16	8	19	3	12	12	1	19	17	1	12	16	3	20	15	16	8	16	5	16
14	17	4	2	7	9	8	12	2	20	20	7	5	3	9	12	8	9	14	18
2	1	11	16	9	5	6	4	7	6	6	10	16	18	11	9	11	8	13	19
1	14	4	7	2	4	4	4	12	8	3	11	10	12	19	13	16	17	1	1
17	20	9	19	10	1	20	13	6	7	4	3	5	2	10	10	16	17	7	13
4	13	7	18	15	6	11	18	8	9	5	18	11	16	13	13	19	18	18	15
15	8	16	12	14	18	5	4	19	13	4	15	20	20	12	18	17	11	7	13
13	7	12	13	4	3	6	8	5	9	7	3	1	17	19	5	10	14	3	15
17	6	20	9	3	9	2	12	5	6	9	14	6	6	9	3	4	4	2	6
16	4	13	17	11	19	15	13	19	2	11	7	13	9	20	17	19	13	13	4
5	20	13	7	12	16	9	9	15	14	14	11	11	17	5	13	6	1	20	4
2	12	12	9	2	10	6	11	10	19	12	2	16	19	7	11	1	20	1	5
9	5	19	18	8	15	16	6	14	9	1	2	10	8	16	15	12	13	17	4
3	8	13	4	11	6	4	3	13	5	5	9	8	6	7	10	4	17	15	9
13	18	12	18	14	8	6	14	2	19	15	4	19	19	12	19	15	19	8	19
2	1	5	1	19	2	10	2	14	1	9	9	20	8	7	2	20	20	15	16
17	14	5	19	9	5	12	19	3	17	5	18	17	18	19	11	8	11	4	2
9	6	5	12	1	8	9	16	5	15	19	2	18	7	3	4	6	7	3	5
12	10	17	16	19	8	3	9	10	13	10	17	10	9	7	5	15	5	3	1
3	12	1	13	3	11	16	15	14	15	19	7	2	14	4	1	8	6	1	7
2	10	10	3	17	19	19	10	18	17	10	16	18	2	11	18	2	3	7	20
20	20	18	7	13	20	10	18	12	16	10	8	6	5	5	17	20	19	9	18
9	4	13	13	10	6	1	15	18	11	17	13	1	18	2	12	7	5	5	13
4	6	17	15	20	11	13	4	3	14	5	12	4	14	17	3	20	2	9	19
9	15	17	11	20	5	17	6	5	9	6	5	13	14	11	1	17	7	15	5
5	18	14	2	11	3	2	4	11	12	4	1	13	19	18	5	19	14	16	3
1	7	7	20	15	15	1	1	9	6	17	19	18	3	4	16	15	13	18	6
15	16	20	18	19	17	19	3	14	14	6	6	19	11	9	11	15	7	14	3
6	8	13	18	6	15	11	7	9	9	3	17	9	2	9	17	1	1	17	10
2	6	4	18	11	18	19	20	12	17	14	1	20	15	16	9	6	10	1	13
19	7	13	19	8	18	3	12	9	15	3	20	6	6	12	14	10	6	11	9
12	6	2	8	20	13	16	8	13	15	13	9	3	16	18	7	8	4	9	19
4	1	5	7	10	2	11	3	5	15	16	9	13	10	1	14	6	2	5	7
8	17	19	19	12	1	4	18	12	20	5	7	5	5	1	14	1	20	16	5
4	9	8	3	3	17	14	5	7	8	16	13	18	2	10	8	5	13	16	6
12	3	11	15	8	19	3	18	2	8	10	13	5	3	13	9	1	10	1	2
11	16	8	6	12	7	15	1	18	5	7	6	15	6	18	17	9	3	12	7
2	14	11	20	2	10	8	7	20	15	2	15	16	4	19	7	10	15	8	8
7	20	17	6	16	15	3	16	17	13	18	13	19	11	13	8	19	3	8	6
13	4	10	8	13	9	17	16	5	13	20	9	15	15	15	15	3	4	4	2
12	19	1	17	3	10	19	13	19	12	19	18	13	12	20	2	5	15	3	8
6	5	7	12	5	18	9	17	7	10	4	2	7	14	4	10	10	10	14	12
10	2	18	2	17	18	19	16	18	16	12	5	9	10	10	16	6	13	2	4
2	10	2	12	8	8	16	2	7	15	15	1	1	11	3	13	20	12	19	18
10	4	5	20	4	14	10	19	3	9	10	9	18	4	7	2	14	4	1	7
15	12	12	4	15	1	20	20	13	16	1	2	17	16	7	4	15	1	7	9
6	11	1	18	7	3	13	8	8	20	12	13	14	15	6	9	4	20	7	1
8	15	1	1	4	15	6	12	13	5	19	2	2	18	7	2	19	13	12	5
12	17	3	6	10	17	8	2	13	2	9	9	14	19	14	14	20	3	7	2
13	15	10	12	7	17	16	10	19	14	2	14	8	2	10	1	4	9	18	12
10	20	13	8	2	20	7	1	11	3	6	8	9	9	16	5	15	14	12	3
14	15	1	16	15	6	7	14	9	15	11	5	20	3	5	4	1	3	12	20
16	13	9	7	5	8	18	2	10	18	17	13	14	9	16	19	19	4	14	15
2	8	12	6	2	7	15	8	16	19	18	12	18	12	20	10	1	13	11	2
5	18	11	14	20	4	5	9	3	19	6	10	15	7	14	9	12	14	10	5
11	8	17	6	3	1	14	1	15	17	15	19	17	14	17	16	12	14	7	5
13	2	16	3	2	10	14	20	8	4	19	7	20	19	16	12	9	3	13	7
9	9	11	1	14	9	8	15	7	7	6	6	11	1	4	12	10	11	15	2
4	14	15	20	1	15	4	12	19	7	16	11	12	7	5	16	1	7	8	14
14	4	4	9	15	16	17	18	9	8	3	13	11	1	9	20	12	9	5	18
17	8	6	2	8	9	1	8	17	15	15	14	9	10	10	3	6	4	1	2
18	9	20	5	17	9	15	15	5	7	19	6	11	15	20	4	14	20	5	11
6	18	2	8	18	13	7	14	15	2	3	18	20	20	1	5	14	7	10	4
19	20	4	11	10	1	20	14	7	20	19	3	10	7	15	20	19	18	18	17
10	14	20	4	2	19	20	12	4	10	6	20	12	6	20	11	9	19	13	5
11	9	1	6	17	12	19	9	7	6	19	1	17	4	5	3	17	13	6	2
2	16	4	4	1	13	7	9	13	13	19	10	9	20	6	14	7	18	15	10
12	2	7	6	3	13	9	7	10	13	6	5	9	9	2	1	2	3	2	8
13	20	16	4	2	2	2	5	17	3	13	5	10	14	2	15	5	7	13	6
6	2	6	8	10	17	16	11	10	12	13	18	13	16	14	16	4	15	19	8
16	4	4	14	12	4	1	7	6	13	16	3	10	14	10	20	5	7	13	7
19	4	6	6	14	4	2	7	11	3	12	6	8	12	17	13	1	12	5	9
12	13	11	16	19	14	10	9	5	16	4	8	17	1	9	17	1	20	5	20
19	14	5	10	18	13	1	11	4	14	13	15	11	14	12	1	19	4	5	12
8	3	7	8	10	3	8	1	2	5	5	14	11	13	13	10	11	2	4	15
18	10	14	8	5	2	6	4	1	14	16	16	11	7	16	13	7	18	1	9
16	4	14	4	16	18	15	8	17	8	4	14	16	9	7	11	5	9	20	4
15	7	2	18	20	4	15	10	12	8	6	1	3	16	4	10	1	5	3	13
12	20	16	12	8	10	5	2	14	4	11	14	8	3	17	7	13	2	2	20
19	14	12	6	6	8	4	11	13	20	8	2	13	5	3	2	6	20	15	7
7	20	3	3	12	7	14	5	6	3	7	12	9	11	20	15	20	17	6	2
3	8	7	5	16	10	6	12	6	6	6	13	3	18	18	17	11	18	10	2
6	20	6	14	3	20	10	11	11	8	12	10	19	15	16	3	11	16	6	1
14	13	13	10	1	20	2	6	18	18	6	19	8	13	12	9	12	6	19	3
13	18	16	19	14	20	20	18	9	11	12	18	7	11	5	14	15	6	13	11
3	2	12	9	19	11	10	13	2	13	17	16	18	15	15	10	12	9	7	12
1	7	18	12	12	2	15	4	5	6	9	20	2	20	14	3	8	13	18	12
2	9	17	13	16	14	6	4	15	9	2	17	3	8	19	6	18	17	13	18
16	15	4	4	8	19	13	14	15	20	3	2	12	7	5	4	19	3	6	19
20	10	6	3	2	8	6	17	2	12	13	11	6	16	17	4	11	13	18	8
12	1	15	11	11	4	5	16	8	7	8	6	2	8	3	12	18	10	14	2
16	3	4	17	2	18	1	20	13	20	4	19	5	3	8	16	14	2	12	9
5	4	10	20	4	2	6	6	5	14	16	4	11	3	13	16	19	10	14	15
20	2	8	20	18	9	13	7	3	5	19	2	6	13	20	13	6	4	6	7
1	19	5	6	4	20	7	10	18	4	13	3	13	17	20	17	6	5	7	13
14	7	11	5	8	13	19	8	10	6	10	5	12	13	12	5	9	14	7	15
20	16	5	11	16	7	11	5	13	16	11	15	5	6	12	13	3	16	16	5
9	17	20	1	5	3	17	17	9	10	7	12	1	10	13	11	19	2	13	15
19	18	17	8	13	10	19	12	1	4	18	16	9	4	13	12	15	15	20	18
6	5	4	11	6	14	15	2	8	12	2	7	1	4	11	10	12	13	9	10
16	12	8	18	10	12	1	3	20	8	11	15	3	2	19	15	1	13	16	10
15	16	18	19	4	12	7	7	11	1	4	6	17	14	11	13	5	8	5	14
14	4	11	14	17	10	20	12	11	10	5	12	20	13	10	7	19	7	15	9
3	11	17	10	20	4	14	17	16	19	7	20	9	16	9	14	8	2	4	2
7	16	20	12	16	2	19	16	14	5	2	15	20	2	2	1	11	17	9	15
18	1	16	14	6	2	7	5	9	18	8	13	9	17	2	14	7	19	11	10
6	18	14	14	2	18	16	15	7	11	8	4	4	11	5	6	13	15	13	9
10	15	6	2	1	5	12	10	13	13	14	13	2	16	2	14	20	19	10	13
9	14	6	5	18	14	15	12	16	4	11	18	15	19	19	4	20	18	9	3
5	15	16	19	1	3	3	9	10	18	16	1	18	11	17	6	5	14	2	17
6	10	4	13	5	16	9	16	15	5	13	13	3	9	6	17	7	7	3	18
11	19	17	10	17	14	17	14	4	13	8	8	19	8	8	17	20	12	15	8
18	14	12	12	6	11	13	14	19	9	6	16	4	13	16	19	17	1	8	16
5	15	4	3	18	16	1	8	18	16	12	14	9	8	8	1	9	9	3	15
3	15	10	16	10	17	12	13	11	17	14	19	16	11	9	19	16	2	11	19
9	6	6	17	6	18	18	3	19	7	6	15	17	15	15	2	8	13	19	7
1	6	4	20	4	11	13	12	3	13	1	16	8	3	17	3	18	11	5	1
10	13	4	1	12	6	15	6	17	11	7	15	11	16	5	2	18	12	19	14
3	11	20	3	14	5	17	9	2	4	17	6	11	14	20	4	8	14	3	1
15	5	6	8	2	5	12	12	9	15	8	1	2	2	1	6	18	20	13	13
7	3	5	8	16	12	1	19	17	19	3	13	13	17	7	1	12	17	7	7
2	8	7	17	14	4	17	9	5	11	12	5	9	14	9	18	11	15	3	7
17	2	7	1	3	3	8	13	18	2	2	5	10	20	6	9	7	5	11	7
6	4	18	17	3	18	13	8	9	2	7	9	15	20	8	4	12	15	6	6
14	10	4	20	13	19	4	19	17	1	9	16	18	18	1	10	6	3	17	15
3	1	14	16	8	17	13	1	12	2	12	6	1	13	11	7	3	6	7	17
6	8	15	1	15	19	16	10	7	9	8	11	8	20	5	16	14	5	13	7
4	11	2	17	1	12	9	8	5	11	18	14	4	2	5	1	7	2	8	7
5	18	11	3	17	16	14	3	9	9	11	16	19	2	9	10	15	10	4	15
20	7	11	17	2	4	9	2	10	12	16	7	4	9	20	15	12	18	11	13
4	8	15	6	10	17	17	14	10	10	11	2	10	3	19	14	1	15	8	15
15	5	12	12	6	5	9	14	13	19	3	20	5	2	20	14	1	1	10	8
16	2	13	16	9	3	7	15	16	19	15	10	18	1	18	16	10	12	14	4
7	17	10	7	9	4	11	19	4	2	5	3	1	19	18	15	16	19	18	13
1	14	1	3	6	4	19	4	9	6	18	17	1	10	11	4	17	9	7	8
8	18	6	3	3	18	15	17	11	7	10	7	1	18	3	20	6	19	18	5
3	14	3	10	7	16	15	15	9	1	12	7	16	17	15	15	15	18	19	6
6	12	14	7	17	7	20	16	18	6	3	10	10	18	16	13	16	10	19	16
1	16	2	15	4	11	13	6	4	17	1	8	3	6	17	15	12	14	14	17
8	14	9	16	19	13	15	6	13	7	9	13	18	7	18	4	16	20	16	9
19	9	6	16	3	19	11	8	3	5	18	5	8	2	6	7	11	13	8	14
7	17	3	2	6	18	10	20	16	17	16	7	19	11	19	17	11	15	19	8
5	3	11	7	15	20	11	1	20	18	19	11	17	19	9	15	19	9	3	14
20	1	2	10	10	10	18	15	1	17	9	5	11	4	10	4	9	13	2	2
10	9	19	9	4	17	2	20	3	16	12	14	3	15	5	11	13	16	13	6
8	18	16	20	3	3	8	4	17	6	2	2	14	19	16	11	17	11	18	7
19	10	11	14	16	9	7	1	14	8	8	19	1	14	15	4	1	8	11	3
10	9	17	11	5	19	13	20	15	11	5	19	11	2	18	17	19	12	6	10
16	4	18	3	3	3	20	2	8	6	18	16	16	1	9	18	20	6	19	9
9	6	12	5	20	11	13	11	10	12	10	12	20	11	16	17	11	10	11	9
13	4	12	4	6	12	3	12	3	7	8	17	1	16	5	5	12	7	12	4
19	20	10	8	1	4	9	19	19	12	5	8	12	1	14	8	10	6	11	5
17	7	12	20	1	20	17	5	11	4	17	10	4	2	16	5	12	19	10	10
15	17	1	2	17	5	10	15	6	11	1	1	10	2	16	19	9	11	11	16
6	8	5	9	6	14	11	14	8	10	18	18	5	12	1	7	9	8	3	1
14	17	9	3	3	11	6	1	20	6	15	18	3	17	2	8	12	13	5	15
11	19	15	8	20	19	14	8	8	18	6	7	5	15	11	3	11	17	4	2
9	6	9	17	4	20	10	18	12	14	20	18	16	10	8	6	18	4	14	18
11	15	18	18	9	3	1	17	19	13	14	9	8	16	19	10	8	11	15	17
15	19	5	7	6	16	15	6	2	6	18	2	8	18	13	8	14	19	11	8
16	12	7	11	20	11	13	19	16	14	11	20	1	16	2	14	13	4	13	15
12	8	6	17	19	15	13	6	8	19	15	13	1	1	20	3	12	3	15	8
15	3	19	3	12	2	8	15	20	8	20	13	9	17	13	15	19	12	11	7
7	9	2	9	3	16	11	6	5	8	13	3	11	1	6	19	11	19	5	2
12	14	15	16	19	1	5	2	18	16	17	3	8	7	17	15	2	4	1	13
2	2	11	9	2	6	17	3	17	19	2	3	14	14	1	8	12	10	20	1
4	15	3	1	20	16	4	12	4	4	13	3	12	7	14	14	12	4	19	12
2	18	14	9	9	14	9	17	8	4	14	17	12	20	13	8	15	18	14	16
11	14	7	18	6	20	12	6	11	9	17	16	7	16	2	4	19	20	18	12
7	19	18	2	6	2	4	16	2	12	16	1	8	8	13	7	18	20	3	18
14	2	13	12	20	3	1	13	17	16	2	8	17	7	3	12	11	6	19	1
10	1	12	18	9	18	20	18	16	9	10	6	8	15	3	6	8	15	6	20
3	19	11	16	19	11	2	6	16	9	20	13	4	7	5	9	16	17	6	14
6	15	13	19	15	15	11	5	17	2	16	16	20	14	18	15	2	16	5	17
2	3	3	15	17	1	20	3	1	1	20	2	9	13	15	3	16	20	8	8
18	7	17	19	10	10	5	20	10	6	14	1	12	5	18	5	17	18	8	3
7	4	20	17	3	6	5	3	20	1	7	9	2	2	13	14	15	15	6	20
7	5	5	17	8	7	12	7	20	13	15	7	15	5	17	6	7	10	12	5
20	20	10	1	12	13	14	18	6	14	3	3	3	3	16	19	2	4	14	18
16	20	16	10	5	8	8	1	15	1	7	20	15	10	17	13	19	17	16	7
20	17	2	2	20	6	8	17	20	13	18	16	19	13	12	20	10	4	18	5
13	7	15	4	10	19	19	13	8	17	16	9	6	5	20	20	7	8	19	9
10	15	3	5	9	14	8	6	16	9	13	17	12	2	15	13	8	3	2	18
12	2	4	10	14	3	2	18	16	3	11	11	4	13	20	18	4	4	2	7
8	18	18	13	1	19	6	19	6	14	7	14	3	11	15	12	18	14	20	5
15	12	18	18	2	20	4	13	4	7	5	15	19	1	13	5	3	10	16	6
16	10	6	12	17	20	13	12	6	18	15	3	19	14	7	14	11	16	3	19
10	14	13	9	3	7	14	19	2	18	2	14	3	7	20	13	10	19	10	5
6	20	17	8	14	3	10	3	15	16	3	10	20	14	5	2	14	9	2	1
6	1	7	18	1	12	15	15	11	16	1	5	20	15	12	9	13	8	7	19
17	12	20	18	18	17	19	19	20	17	5	19	2	17	15	16	10	12	19	20
11	13	13	6	18	13	14	2	7	2	19	19	16	1	1	9	16	8	4	14
1	20	1	17	4	11	10	18	7	12	16	15	16	6	10	6	16	5	15	14
16	20	9	17	19	4	2	10	16	8	13	4	5	15	4	2	5	17	2	11
2	5	11	13	15	7	13	16	7	8	10	4	20	8	20	17	9	19	12	10
3	9	15	6	19	16	15	4	12	10	9	18	7	17	20	19	3	3	14	6
15	12	10	2	3	6	3	1	20	3	16	16	12	10	10	13	2	9	7	15
8	6	5	2	11	4	20	17	17	18	17	12	8	5	2	5	15	20	16	11
20	1	14	9	6	11	3	9	8	8	11	17	16	15	16	11	10	11	20	6
18	11	15	6	6	6	12	15	5	16	16	11	10	11	3	16	9	7	1	19
3	19	9	10	10	4	13	1	20	13	16	20	9	12	6	13	14	11	5	6
4	14	5	6	11	8	19	6	17	7	19	12	2	10	13	8	12	14	12	3
13	1	5	10	2	19	17	18	1	11	11	2	7	17	1	11	20	5	4	20
5	2	9	12	12	16	4	15	8	3	19	18	1	6	13	17	15	9	16	13
19	11	18	19	3	17	2	12	6	17	7	13	14	19	9	17	11	1	9	11
11	2	15	10	14	11	7	5	5	13	10	4	10	13	20	14	17	11	3	7
3	4	2	6	10	13	5	19	14	20	1	9	9	4	8	4	19	10	11	15
1	20	1	19	8	7	6	2	12	4	16	12	6	9	14	6	17	6	6	13
14	19	11	8	11	14	4	6	11	19	13	16	6	7	13	2	11	11	18	13
14	11	11	5	15	1	19	12	10	8	8	14	6	12	19	11	19	2	5	4
4	12	1	16	10	7	12	20	10	4	19	18	4	7	6	12	10	13	2	1
19	12	4	1	16	17	10	16	3	15	5	15	6	6	6	14	2	19	20	4
12	12	17	1	20	14	8	11	16	1	12	2	19	20	7	1	20	12	17	20
9	14	19	2	12	19	6	10	4	2	16	15	9	9	3	7	13	10	4	20
16	9	8	9	19	2	11	4	3	4	16	4	13	6	12	19	18	7	11	2
10	16	10	4	2	12	4	14	15	6	18	15	2	8	1	7	10	2	12	20
9	12	12	2	7	12	2	11	10	7	20	16	17	8	13	1	13	11	15	9
16	1	12	20	9	5	13	15	17	18	11	15	20	8	7	2	10	1	14	8
9	4	14	19	19	16	3	15	20	15	3	4	7	13	8	9	7	7	17	8
19	20	20	6	8	6	11	6	1	2	5	7	5	4	13	14	10	9	15	15
1	8	12	9	9	15	6	5	17	10	17	4	14	8	18	9	14	20	18	15
16	2	7	20	12	16	2	12	17	11	10	1	16	17	1	12	10	9	2	12
9	11	6	15	17	18	20	11	7	16	18	2	10	13	13	3	10	20	10	13
7	17	5	13	4	7	2	1	13	15	7	8	11	10	19	16	15	15	7	2
20	15	9	20	10	16	3	18	20	4	9	8	7	4	7	15	19	12	2	16
13	15	7	12	20	10	17	13	11	19	11	9	9	7	18	19	20	19	8	11
1	16	13	9	9	12	20	7	2	2	19	13	18	6	2	2	9	19	16	6
20	20	12	12	12	16	10	7	15	6	8	10	7	20	10	7	14	16	6	5
19	9	9	10	14	11	18	15	6	15	3	6	18	2	5	12	1	15	13	20
14	3	8	5	13	4	10	12	8	13	8	2	20	12	17	12	15	13	10	15
19	10	14	1	13	14	4	15	12	19	4	17	5	2	9	20	2	16	4	4
7	11	4	10	12	12	9	10	15	10	7	8	10	10	3	13	16	5	20	4
3	3	2	4	14	8	10	4	20	17	15	8	8	15	17	7	8	6	12	3
19	19	16	6	1	2	3	18	12	8	1	16	5	7	16	15	20	13	19	17
20	12	19	8	5	12	9	4	9	3	15	3	19	4	18	15	16	8	8	3
1	17	11	20	1	16	16	3	16	9	5	14	9	10	2	15	8	3	11	8
3	1	8	19	18	12	1	6	5	17	4	16	19	10	13	16	17	19	13	16
18	3	18	10	11	11	16	2	1	16	5	18	2	14	3	15	2	12	17	10
6	12	6	9	5	13	12	17	1	20	17	9	20	12	16	4	9	8	11	19
19	7	2	20	16	15	16	16	5	16	10	5	9	2	16	15	15	12	2	10
6	11	6	18	6	6	2	11	4	14	17	19	8	7	16	4	14	11	10	10
20	3	7	12	4	18	1	18	11	12	4	1	19	1	6	5	7	2	2	7
9	8	20	20	13	16	19	14	10	2	4	7	12	10	11	2	7	5	14	1
1	1	10	7	12	10	20	9	18	16	16	15	20	2	20	19	6	1	5	17
6	16	9	14	9	3	16	12	10	10	2	9	5	5	5	7	5	17	4	7
7	19	9	1	19	3	6	12	12	5	12	8	20	11	16	18	2	10	8	3
17	18	20	19	12	14	7	20	8	11	7	6	20	1	10	7	16	1	8	16
5	19	9	8	9	18	1	6	12	3	16	20	15	2	4	6	3	17	12	16
10	12	9	16	6	2	5	13	6	6	2	10	16	17	2	13	3	18	4	19
1	11	1	5	20	19	13	9	14	8	10	19	15	19	17	12	2	2	10	2
16	10	12	16	6	10	17	3	5	14	17	19	9	6	16	14	13	4	13	8
9	4	13	10	10	15	17	16	15	15	8	10	10	11	8	8	19	11	9	2
18	2	10	6	20	6	5	16	2	20	10	19	9	18	2	18	6	7	14	18
6	5	6	12	20	19	12	2	6	17	2	16	1	9	2	20	8	19	2	1
19	20	20	4	4	11	2	12	15	7	4	10	8	19	15	17	16	9	11	11
15	8	3	13	20	13	15	16	16	11	15	6	11	16	14	7	17	6	8	19
12	19	6	18	5	4	12	9	17	3	17	20	7	6	10	1	12	10	11	15
10	11	16	8	17	20	15	5	9	11	20	15	19	13	4	2	20	19	19	11


2	2	1	1	2	1	1	1	2	2	1	1	1	2	2	1	2	2	1	1
4	3	5	1	5	3	2	4	1	2	3	2	4	1	2	3	3	1	1	4