500	2	20

1	1.3	1.55	1.75	2.1
4	6.76	9.61	12.25	17.64

41	62	77	84	94	69	60	73	35	12	17	99	98	6	62	52	23	98	60	84
40	94	79	35	21	22	27	2	4	96	44	52	3	61	50	27	50	88	97	94
77	39	74	63	90	91	50	38	25	68	99	52	75	68	27	51	41	26	73	38
41	46	40	71	87	16	32	45	55	64	34	15	9	33	85	93	13	71	56	69
3	75	70	42	55	51	96	12	2	16	70	66	67	76	78	87	47	58	74	85
21	80	31	60	28	78	20	50	79	54	88	32	46	51	51	37	54	56	13	38
59	57	83	97	54	32	67	79	62	33	82	45	90	36	75	90	72	22	13	64
57	91	16	4	48	97	7	65	98	4	86	73	98	46	63	13	83	34	14	30
15	58	65	82	80	36	13	76	20	47	74	55	27	95	90	48	94	61	40	82
91	3	89	47	72	95	27	43	47	49	90	17	77	12	37	34	2	77	72	68
96	55	14	8	86	70	5	39	31	65	72	45	95	12	86	23	9	41	38	69
67	35	8	81	53	95	8	40	55	2	85	91	30	27	76	53	87	5	62	44
59	36	9	26	63	77	95	91	48	25	41	86	76	48	15	13	51	70	42	13
76	98	92	17	61	11	25	27	1	81	41	72	74	26	95	39	54	24	57	54
84	83	92	84	54	34	59	41	38	14	25	36	1	24	58	34	19	90	46	5
27	18	54	28	64	6	87	61	71	97	90	19	13	31	11	36	9	4	8	64
27	73	71	12	1	24	59	33	7	16	22	34	35	15	66	17	56	38	10	5
7	74	76	78	84	44	18	18	41	65	58	85	17	90	2	35	20	19	34	2
48	83	29	72	98	50	54	6	93	11	9	62	9	49	1	26	44	57	97	18
71	49	78	49	89	88	15	3	14	57	45	61	29	32	35	20	85	74	60	73
25	73	22	12	23	13	45	54	58	89	73	98	49	47	14	47	85	4	54	67
61	22	15	5	86	6	89	85	8	39	65	25	18	95	52	25	69	40	54	95
51	21	41	47	42	48	77	6	92	83	3	1	63	24	81	83	57	21	12	32
5	4	53	11	71	63	89	91	45	53	66	27	91	21	67	48	76	60	15	52
96	92	34	17	74	70	90	76	99	40	88	44	37	35	16	51	68	16	84	2
32	36	29	44	50	31	91	18	25	63	21	37	54	70	6	78	69	33	87	20
81	27	57	86	96	92	36	27	41	17	14	26	55	46	4	37	26	91	89	58
95	43	81	31	31	94	48	8	86	37	19	45	62	89	46	88	71	65	68	45
86	37	97	27	54	93	20	48	74	97	91	36	5	69	39	16	89	84	80	38
56	16	83	65	6	70	39	25	46	12	92	17	46	10	44	90	61	98	11	29
40	98	12	40	81	95	27	77	57	27	75	19	11	83	48	84	66	41	33	72
68	5	24	70	65	55	31	46	44	6	1	71	85	64	80	75	77	55	15	45
67	82	2	52	31	86	58	76	14	97	56	70	67	55	76	26	74	52	63	21
89	44	35	61	78	47	22	21	41	89	12	95	9	90	32	47	41	47	77	16
12	53	75	53	60	4	44	26	64	13	94	2	40	98	37	54	19	13	52	88
87	72	59	16	65	94	58	3	42	8	78	86	62	74	25	15	91	37	78	84
61	10	98	29	69	66	31	99	65	18	41	85	68	17	58	53	38	82	71	22
29	71	55	11	20	88	76	29	53	7	76	31	57	12	88	56	53	74	4	13
25	67	87	2	61	74	97	41	85	98	50	81	33	11	39	27	73	97	48	68
33	16	42	95	34	46	5	76	2	60	51	60	29	23	52	9	86	38	61	32
26	67	74	83	36	23	58	37	51	5	22	70	97	32	39	90	59	92	70	79
37	54	74	58	28	41	65	14	30	87	83	10	82	91	72	90	85	95	36	65
91	22	36	83	58	6	8	72	69	33	83	83	7	63	82	74	54	8	57	36
13	71	44	77	21	11	76	39	90	88	98	88	96	73	37	79	44	57	97	48
61	95	55	56	28	8	2	69	24	75	54	87	37	18	98	5	95	36	72	17
59	60	65	91	8	73	35	44	24	75	46	19	91	6	93	92	33	91	30	46
14	90	50	78	15	76	1	12	13	54	29	53	60	71	37	87	79	2	75	49
45	7	15	82	4	22	90	90	11	37	32	66	62	66	93	21	38	49	91	86
93	21	53	18	1	23	1	16	34	5	68	23	82	25	72	70	39	8	20	32
21	84	44	52	6	81	33	38	14	47	84	34	69	56	26	51	14	6	58	41
84	68	13	87	88	59	59	86	91	55	31	43	96	15	51	49	74	79	72	39
71	13	15	31	19	53	62	20	62	99	99	35	14	83	81	41	40	38	45	76
28	24	58	78	36	38	98	83	8	63	12	58	37	91	2	58	80	20	73	13
41	56	69	80	55	41	8	1	46	11	17	88	19	66	38	94	40	85	36	96
95	31	27	10	92	93	24	13	37	31	79	69	55	3	36	54	7	41	94	17
76	81	45	99	27	99	15	27	36	2	14	94	72	18	89	1	66	56	98	95
4	70	81	41	59	42	46	77	52	79	51	62	85	16	2	91	94	31	44	75
46	94	52	53	8	16	4	81	74	60	74	81	75	75	76	29	71	35	96	44
10	58	72	96	4	24	26	89	67	99	35	99	61	32	31	45	89	93	28	86
51	30	60	57	71	40	13	11	47	46	90	16	47	47	40	29	96	48	37	18
13	37	49	96	85	8	43	63	31	62	5	66	74	83	47	61	55	7	49	54
70	87	39	88	3	95	89	34	63	24	16	43	68	84	92	87	18	26	9	25
99	58	33	38	40	13	37	42	14	3	44	95	35	12	74	63	59	94	89	90
42	88	84	85	78	31	72	57	73	95	18	83	89	64	11	56	56	17	75	90
29	45	26	97	56	46	90	28	24	63	1	73	95	8	39	17	22	73	32	44
4	83	94	42	31	64	93	26	85	55	70	73	48	44	45	95	26	38	73	87
6	74	59	20	9	20	96	15	14	29	14	49	16	5	32	74	1	17	13	62
11	82	74	17	47	63	24	53	82	13	38	40	19	83	20	53	64	54	25	39
18	97	75	34	86	74	66	22	90	62	88	68	32	54	81	81	50	52	14	26
61	39	20	56	8	61	35	16	91	18	23	83	15	79	39	88	74	40	95	6
29	3	50	90	87	96	41	55	56	16	52	15	61	55	34	25	81	56	77	7
76	34	7	77	35	35	81	96	14	36	63	43	87	37	90	92	56	1	43	84
50	77	3	51	87	48	64	39	20	80	88	29	73	63	77	76	8	88	43	57
69	66	76	58	77	27	93	10	73	74	66	68	35	29	93	87	52	99	85	41
72	40	50	9	37	91	66	6	23	59	2	64	52	54	23	11	1	97	73	67
28	9	85	15	83	43	91	61	81	20	18	20	66	99	57	78	18	18	6	96
98	88	55	44	8	39	44	59	29	99	17	43	90	29	87	83	92	96	6	6
83	24	31	95	29	68	73	31	10	19	56	86	61	44	44	6	49	21	14	43
48	68	66	42	82	77	27	27	21	69	87	55	37	83	77	19	31	37	87	68
81	79	96	63	28	5	57	33	74	99	53	26	1	48	48	7	41	27	28	41
2	10	5	94	27	43	68	82	84	58	17	22	68	86	64	41	34	27	59	65
80	12	17	14	94	55	33	10	12	13	21	66	5	44	98	33	68	32	95	62
77	93	59	78	60	28	89	33	76	13	78	95	32	61	53	66	41	77	18	45
52	48	13	80	45	18	16	22	51	53	5	52	17	5	61	22	99	29	12	58
28	40	62	31	87	94	95	47	6	93	14	84	60	78	27	66	62	85	61	86
13	3	29	76	75	35	91	22	2	43	85	66	32	93	58	83	89	27	32	6
79	70	27	63	17	64	25	40	21	82	39	10	17	23	87	91	97	23	46	49
99	48	50	14	38	30	52	51	87	92	18	96	32	16	55	34	37	6	61	1
54	14	38	37	76	2	82	4	92	90	55	66	46	57	20	7	16	12	60	25
77	11	77	69	86	26	35	49	73	16	27	56	96	94	84	41	11	65	2	78
45	77	60	67	64	6	19	18	87	63	33	92	88	88	79	91	47	27	27	30
65	17	99	55	78	31	67	51	78	10	6	37	5	5	40	62	46	67	59	41
10	67	58	88	30	4	62	96	84	16	70	30	46	95	65	54	17	77	32	95
23	87	97	34	15	97	79	31	3	52	82	96	45	49	33	87	15	71	71	26
84	63	34	75	87	63	28	60	50	57	27	21	95	2	58	67	74	96	63	77
18	78	20	69	37	47	17	37	11	50	18	1	70	7	77	87	12	38	25	67
63	65	58	47	25	80	67	68	73	67	33	76	15	90	97	83	46	30	76	47
57	97	79	94	3	22	74	11	40	58	70	56	56	59	70	94	52	40	68	2
43	32	36	95	63	56	10	89	16	79	41	17	52	88	70	30	68	95	80	3
19	86	88	37	40	5	93	28	12	82	55	49	72	22	63	50	3	77	6	16
27	4	31	21	90	30	4	32	49	51	72	14	9	45	29	7	14	80	26	10
33	42	7	19	74	11	66	26	37	56	22	20	38	88	69	84	61	31	46	33
43	3	81	85	91	7	23	5	79	24	28	43	47	56	20	30	29	68	73	95
77	29	55	25	89	26	59	19	1	89	81	79	8	94	34	98	67	79	90	93
70	94	66	60	6	98	63	76	43	53	14	72	72	87	28	4	90	64	89	65
8	8	77	48	60	68	99	15	4	61	2	81	79	97	72	22	7	90	39	59
68	10	80	9	36	94	68	95	71	97	95	87	24	98	36	33	18	83	75	2
58	24	92	93	42	44	36	73	81	15	11	47	88	46	63	8	88	24	98	21
3	33	83	9	53	85	11	36	17	89	90	59	58	80	12	45	54	14	22	50
35	98	28	90	48	20	64	39	76	12	96	32	4	45	55	76	68	54	24	46
37	85	34	61	75	12	90	34	78	71	96	30	49	23	4	23	73	63	24	27
84	98	78	4	84	51	95	41	41	28	99	62	69	94	15	42	4	10	32	1
16	1	7	17	21	46	36	38	26	72	10	91	61	53	49	18	52	26	33	14
41	48	65	11	20	56	29	95	81	27	71	85	43	53	53	71	53	64	4	84
14	56	42	91	71	70	68	34	91	48	16	12	96	23	94	97	71	75	59	76
58	16	55	2	90	1	60	52	94	91	31	38	66	42	45	76	42	38	2	27
91	92	63	51	84	47	58	25	61	57	80	41	48	37	27	4	36	62	37	33
75	12	70	83	84	98	92	33	6	32	86	43	55	61	23	87	30	67	2	90
99	45	71	81	54	79	20	44	21	21	53	53	44	42	41	25	57	48	38	71
59	36	51	14	26	58	72	43	81	15	91	55	62	32	86	36	94	42	90	63
55	99	74	77	46	53	4	95	43	8	69	31	4	31	84	98	51	96	2	70
61	57	93	61	60	13	85	12	93	45	64	78	10	7	76	4	67	98	30	94
80	27	72	35	86	29	81	24	22	37	84	24	46	64	32	75	27	61	1	70
91	6	11	99	58	18	75	65	85	54	94	58	25	62	24	31	52	81	99	33
21	10	77	79	62	37	77	23	32	8	23	38	29	32	57	92	91	98	10	60
24	8	88	77	98	12	66	15	94	71	77	94	49	73	85	50	46	7	98	18
29	58	30	43	85	37	54	70	86	39	62	85	95	53	65	66	73	76	28	45
81	98	24	32	3	95	31	42	24	26	58	55	91	8	29	50	95	39	53	44
97	27	10	52	86	5	81	30	68	14	84	29	19	73	49	20	69	54	78	90
93	20	98	82	23	29	95	5	89	98	6	99	24	42	61	82	68	64	35	17
87	75	80	14	87	78	3	81	71	17	18	29	63	45	37	83	27	78	94	99
2	72	75	87	16	90	18	6	74	78	41	33	59	81	26	75	47	31	84	22
97	31	13	58	17	83	68	35	68	11	78	87	10	71	67	59	17	64	94	47
96	80	41	16	36	16	3	95	88	56	5	82	78	97	79	18	72	42	80	12
49	50	57	60	28	80	98	97	78	27	14	68	83	56	8	96	62	59	9	70
23	68	21	94	70	40	99	95	41	21	58	13	17	95	78	33	11	99	24	13
63	43	70	80	95	58	11	38	34	98	98	40	31	24	61	96	42	22	39	24
97	5	15	91	50	66	31	15	29	70	74	2	34	11	30	68	83	3	77	81
86	27	85	75	73	40	4	52	78	56	4	40	17	54	97	85	38	54	52	79
20	8	33	91	8	4	56	22	18	88	7	39	19	41	50	91	48	14	49	20
79	57	72	73	9	32	48	89	1	9	96	6	7	84	6	52	72	50	76	18
86	23	68	22	27	76	21	49	6	85	69	15	41	66	28	22	71	75	43	28
84	46	89	69	40	48	30	16	56	10	99	76	9	9	34	87	3	9	21	5
70	3	9	84	4	99	1	81	77	84	89	89	72	98	8	36	45	89	66	15
76	52	68	33	48	89	21	79	60	3	52	69	44	17	94	31	97	15	28	46
41	7	47	70	99	70	6	56	92	86	37	75	35	22	30	93	46	77	59	35
29	32	70	1	17	22	52	28	1	17	92	76	83	72	40	79	76	59	34	78
43	66	74	84	80	76	72	13	57	99	79	72	74	17	56	10	39	2	15	41
90	85	50	64	52	77	98	18	79	46	98	60	15	8	62	3	73	99	67	1
17	45	44	46	87	75	35	10	79	51	53	38	13	65	39	42	99	31	47	53
66	51	97	36	62	65	29	74	23	81	42	23	66	55	11	60	3	66	97	62
69	88	60	80	37	76	2	67	54	97	72	68	83	3	72	95	65	70	3	47
2	31	93	6	35	66	32	96	57	59	55	32	17	74	15	49	72	72	95	42
74	87	39	34	72	47	69	45	50	50	78	19	65	78	72	80	29	27	8	63
4	85	13	14	60	62	30	16	23	99	61	65	24	35	28	51	50	93	40	14
52	64	55	45	61	61	81	57	46	49	1	95	67	84	39	75	66	72	39	37
38	82	23	12	22	86	40	15	31	41	55	42	49	74	32	87	51	2	49	22
27	18	93	94	40	64	10	86	43	76	38	25	77	75	90	20	46	68	85	59
85	16	66	18	48	29	22	21	32	17	27	99	73	1	58	95	98	23	78	82
50	69	75	73	74	57	15	58	69	35	41	89	45	5	93	63	99	29	92	54
41	35	20	92	31	96	6	32	72	48	52	74	15	15	58	65	61	81	9	28
53	67	10	59	29	96	94	12	63	67	90	93	1	50	70	38	42	28	14	58
14	82	80	89	22	95	89	61	46	26	16	34	56	66	31	24	14	69	67	99
39	83	9	13	39	16	64	57	68	20	50	54	10	46	2	26	73	2	56	52
99	91	82	33	25	51	70	72	39	1	64	49	51	11	5	78	60	33	29	94
91	38	85	12	77	50	15	60	44	26	79	10	39	8	49	41	64	73	37	38
66	22	66	7	49	25	76	71	95	80	63	29	8	46	3	14	18	20	76	55
81	55	19	59	36	54	35	70	63	15	44	56	8	77	52	57	14	32	99	75
84	98	18	1	95	91	72	70	54	13	58	34	13	90	60	80	28	75	56	1
39	67	44	71	17	32	91	31	45	9	44	21	88	43	20	45	97	84	49	12
19	94	23	51	7	3	13	17	94	58	39	97	36	47	65	55	24	73	2	23
15	35	76	21	35	73	5	5	23	57	36	77	76	24	66	12	42	1	61	74
84	13	37	97	38	41	72	38	51	78	84	18	5	50	72	16	26	72	4	94
88	82	15	76	95	32	46	42	98	2	55	39	19	22	14	24	98	51	13	90
30	61	18	91	53	81	37	10	37	91	85	57	40	4	26	33	58	34	14	1
27	76	20	4	87	93	4	59	75	24	78	83	23	89	8	16	7	54	82	56
11	81	62	17	96	19	45	13	87	68	20	63	26	39	60	5	44	99	91	68
62	49	40	1	28	96	5	38	96	36	46	39	14	72	22	4	81	31	39	64
74	42	39	27	73	25	17	94	36	63	50	29	68	6	21	76	6	86	25	47
53	87	61	22	20	61	49	97	41	13	98	64	92	45	40	88	48	8	5	38
72	74	72	56	51	30	76	68	9	70	46	40	47	15	27	4	87	84	97	27
31	29	81	46	18	52	8	45	34	92	21	38	46	86	4	53	19	98	70	10
68	10	28	31	51	31	25	52	26	2	1	95	6	75	12	7	66	40	91	7
92	52	63	76	1	99	37	48	63	62	14	88	43	72	61	65	56	46	62	54
19	94	25	87	66	27	85	8	19	94	71	90	68	51	49	48	25	26	15	17
13	86	4	1	80	67	61	53	83	82	15	72	75	81	94	64	66	55	56	86
5	12	16	90	93	84	40	60	9	74	55	88	59	2	52	56	94	71	5	12
5	33	4	38	47	98	76	54	87	75	97	90	29	70	53	43	79	99	56	32
44	25	46	14	18	1	9	98	39	20	46	81	85	79	62	46	14	26	66	11
91	40	81	41	53	60	34	23	98	20	4	38	62	89	2	12	48	30	79	79
58	2	74	53	61	39	67	67	46	23	4	98	35	20	9	26	55	98	8	92
99	8	66	82	17	99	27	7	81	69	91	39	87	60	73	71	86	37	60	57
77	84	41	92	68	38	37	22	91	90	7	66	25	10	71	68	81	11	37	30
73	82	62	59	26	24	60	1	86	81	89	2	92	30	31	77	51	9	78	46
97	4	94	32	86	89	69	57	82	7	96	99	75	54	71	53	68	75	76	2
82	60	18	98	31	45	18	35	29	34	58	70	84	69	91	3	20	34	64	37
71	71	78	95	16	94	66	35	65	18	19	1	88	83	26	77	60	85	52	13
69	20	58	31	17	74	52	74	42	80	77	3	7	49	81	32	72	65	1	26
75	64	67	79	93	99	73	45	49	40	13	85	2	88	75	16	53	15	79	84
7	13	1	51	89	11	20	5	85	60	82	71	23	59	82	87	82	53	26	38
94	90	65	15	80	4	50	94	86	17	49	8	56	95	43	86	75	50	99	9
92	28	99	67	26	35	80	79	64	27	59	27	65	88	1	67	49	75	26	27
51	59	74	49	34	53	39	74	34	33	20	19	6	12	62	17	42	76	7	38
52	10	2	68	26	17	10	19	19	62	52	5	90	68	23	58	18	73	68	51
16	10	89	79	7	78	43	50	10	35	89	17	2	78	97	21	86	8	98	56
18	39	73	11	17	59	45	94	15	67	58	92	28	12	5	58	48	84	34	33
86	69	37	70	10	52	69	54	15	69	92	93	68	91	45	7	48	48	65	18
21	63	96	54	56	82	82	16	19	63	78	88	82	45	1	77	65	8	35	27
5	50	38	34	95	53	77	18	53	39	82	47	35	61	55	44	26	31	38	95
39	71	62	94	63	46	54	27	22	31	23	69	28	41	98	4	22	45	51	38
7	41	70	2	52	72	73	76	75	92	32	37	25	29	15	89	9	5	61	17
16	87	98	6	6	48	61	55	33	6	29	30	77	6	83	11	17	70	57	67
33	97	85	99	35	48	1	96	76	82	88	16	82	16	32	33	70	92	2	26
61	49	17	26	33	86	91	24	65	36	17	14	25	85	80	32	61	84	43	12
8	56	2	90	44	35	64	91	19	77	59	40	3	1	55	95	14	39	98	50
99	41	72	34	81	40	49	84	74	3	95	31	85	98	48	23	24	99	12	73
15	52	96	88	15	56	66	97	38	13	51	41	31	22	45	64	22	28	9	38
34	77	46	76	54	51	73	93	3	14	55	80	33	19	87	31	49	88	37	12
34	39	82	61	48	40	55	4	16	76	7	69	43	20	56	26	62	77	13	67
4	16	76	61	6	42	1	19	42	60	47	98	8	77	32	27	36	26	12	6
80	91	4	47	20	56	35	15	74	81	82	2	89	95	80	24	78	70	39	32
19	79	11	45	81	22	24	17	95	25	96	25	76	72	72	6	91	66	91	5
87	77	26	83	40	26	92	48	87	25	50	10	92	98	62	98	82	52	43	52
27	17	12	41	23	3	11	43	1	20	66	23	40	12	12	8	24	37	78	53
13	16	48	67	53	18	20	33	32	71	43	3	30	20	45	40	97	57	87	33
3	66	67	58	75	46	10	35	41	64	98	69	23	92	55	44	54	61	91	65
34	20	20	47	17	28	5	53	5	25	86	88	97	77	30	14	18	49	38	88
71	62	46	63	53	84	80	18	11	61	97	43	54	68	19	46	19	8	77	13
18	90	57	44	4	15	37	65	30	71	29	87	23	28	27	48	88	23	74	37
6	22	97	14	51	98	30	79	48	59	8	94	35	3	69	1	62	77	95	40
52	39	92	97	43	80	72	39	61	83	65	97	4	25	55	23	86	4	19	83
52	28	36	54	18	70	15	49	63	19	69	6	76	58	62	7	76	32	23	92
78	19	89	79	79	57	34	75	43	69	75	62	3	69	92	57	76	58	56	53
42	32	51	55	11	38	35	54	83	93	2	84	37	93	71	26	49	7	36	7
90	45	29	53	17	87	1	29	34	77	70	81	90	56	75	16	81	64	26	30
41	81	75	48	17	83	60	90	33	32	44	14	74	5	87	72	27	64	13	34
56	47	59	88	66	4	98	55	88	87	33	47	22	60	60	92	13	3	8	19
50	32	58	90	80	13	19	24	19	46	67	71	87	99	23	24	13	4	34	73
5	16	37	63	51	3	56	67	33	76	81	20	9	38	7	60	61	65	66	90
53	51	66	50	73	75	56	87	9	76	81	96	6	74	5	73	7	43	10	4
38	66	22	34	65	61	28	25	12	50	76	34	14	79	95	62	21	24	77	8
1	84	62	37	6	54	51	56	75	51	68	99	6	45	55	35	47	96	1	86
66	39	78	48	79	74	66	65	41	15	15	46	27	71	17	27	37	25	8	21
30	92	90	61	49	41	37	10	18	73	66	63	50	13	93	79	98	69	44	11
35	81	7	38	69	59	83	18	11	15	18	56	11	56	9	57	29	15	65	27
53	52	87	63	57	1	13	80	45	96	78	56	98	13	33	20	73	68	11	53
41	82	74	9	28	64	55	88	8	38	70	16	81	41	99	91	70	6	83	82
61	65	9	71	91	51	24	89	78	70	20	37	94	42	4	92	87	86	73	40
87	19	41	43	3	48	59	88	28	17	8	31	88	24	22	23	42	86	10	16
55	25	79	15	32	23	36	84	33	35	97	26	76	74	44	63	68	82	36	28
20	79	63	11	93	84	75	24	34	94	77	5	70	12	54	23	73	7	17	69
43	79	31	37	46	39	87	43	45	43	6	18	72	81	23	16	23	83	83	18
64	89	18	90	69	88	93	32	65	67	46	38	67	59	34	45	56	90	71	16
33	57	18	60	37	24	90	55	53	20	34	74	80	24	9	45	13	59	81	17
84	38	90	40	19	83	86	1	30	84	68	19	5	83	69	20	63	72	95	94
33	88	91	72	77	29	73	32	2	7	13	48	19	3	47	15	9	92	37	61
73	39	41	27	72	26	77	82	96	52	46	11	18	63	39	62	29	16	79	79
45	11	34	25	72	56	30	14	81	27	47	92	87	7	79	42	86	93	34	53
14	5	97	57	2	73	92	54	17	31	87	83	92	41	33	28	55	41	74	90
57	84	41	71	69	49	76	55	26	15	98	80	28	84	32	48	77	44	82	78
42	4	22	64	31	22	75	81	46	87	14	88	13	58	1	41	69	77	33	73
54	70	14	72	95	6	43	34	55	15	19	6	67	89	43	71	12	39	76	74
57	43	61	67	49	56	21	83	18	34	38	80	34	31	39	75	63	23	58	92
69	92	10	59	7	77	74	91	10	86	32	7	24	16	33	24	33	88	44	62
84	67	9	32	27	16	50	72	50	41	53	19	37	26	5	6	18	91	97	44
1	75	16	14	24	58	37	78	46	6	10	42	26	61	9	40	17	40	28	68
11	47	15	37	24	73	22	68	92	92	75	30	72	61	20	73	84	25	50	29
51	63	82	92	11	71	18	9	36	16	78	42	59	19	82	24	15	54	98	67
35	55	77	14	78	61	82	53	80	30	25	25	63	88	20	76	66	58	81	83
6	14	93	77	53	75	91	88	64	99	78	39	16	79	9	90	88	37	47	49
51	62	67	22	30	51	59	96	30	91	67	51	94	40	6	32	89	88	50	62
41	48	39	77	19	64	53	70	92	68	88	51	94	61	85	84	83	71	70	75
37	87	46	42	28	61	82	14	64	82	17	91	92	45	51	26	76	82	22	82
6	25	89	7	41	58	21	89	47	39	8	79	3	2	47	87	71	48	17	2
29	74	71	74	56	9	14	68	59	99	77	75	42	68	94	25	83	45	55	71
67	73	93	51	34	22	60	21	29	97	83	62	43	46	25	8	45	63	21	8
56	69	91	57	56	81	92	21	53	84	12	28	48	51	70	34	52	47	14	51
42	39	68	4	25	40	21	23	16	68	80	38	19	97	23	90	75	28	69	27
90	53	58	36	24	33	66	29	50	4	53	58	80	48	65	32	18	24	3	29
17	64	31	45	6	31	67	7	92	59	97	93	21	50	85	54	96	48	64	53
40	94	72	24	5	65	96	3	64	52	43	86	37	8	9	34	70	35	73	21
31	81	70	98	98	15	47	8	74	33	63	96	99	31	23	66	80	96	95	39
69	47	53	89	32	62	60	34	25	90	6	29	88	75	87	80	9	39	51	40
68	84	53	60	70	30	14	63	27	4	6	37	7	19	51	73	61	63	31	33
56	37	31	19	42	90	72	28	78	87	59	7	32	95	43	74	85	86	4	61
90	20	42	55	40	62	1	5	22	11	67	65	46	99	69	43	33	76	26	81
36	68	3	5	5	23	52	80	36	84	2	24	67	19	89	9	21	83	41	78
65	76	24	45	22	90	47	38	52	43	44	46	4	17	78	28	14	11	89	60
6	41	47	5	99	36	80	54	59	20	21	33	98	14	79	39	98	96	91	74
50	20	96	64	35	47	98	46	55	1	57	25	85	27	20	40	34	50	98	6
13	75	38	90	82	64	60	56	83	94	52	36	1	37	32	73	65	94	46	40
2	82	57	64	38	89	95	19	13	99	22	62	37	1	53	79	8	29	16	18
29	81	34	51	64	69	87	21	26	94	4	74	3	59	44	89	36	88	79	6
22	80	14	78	66	87	18	21	93	69	1	18	51	55	45	32	90	74	8	47
11	22	28	16	74	47	34	21	94	24	37	48	68	27	31	84	1	90	19	96
86	55	22	79	90	70	31	73	60	16	46	3	87	75	93	89	37	40	83	26
99	48	3	22	48	64	9	18	64	56	62	44	70	40	86	62	64	43	8	94
26	38	67	70	11	43	49	52	86	97	55	81	74	47	90	8	98	24	95	31
26	61	57	97	94	84	26	69	81	36	9	62	65	61	74	75	39	41	11	76
1	83	46	22	57	5	54	16	50	56	53	46	96	48	42	64	93	15	97	61
22	37	61	70	36	18	33	25	47	83	76	12	10	32	13	42	5	53	23	62
69	20	40	94	27	71	13	68	39	68	49	47	94	29	38	91	48	39	10	63
76	48	59	75	85	82	81	28	15	69	80	23	23	57	15	44	73	87	66	10
41	73	50	13	14	30	34	49	31	34	74	73	76	74	42	75	52	99	11	13
24	91	94	22	69	88	43	8	92	84	42	16	66	11	94	46	50	18	37	30
12	55	95	10	8	38	2	29	83	10	90	76	3	50	39	75	48	89	60	98
26	42	55	22	80	86	26	36	47	82	24	71	6	80	45	41	6	82	14	36
81	84	76	59	6	33	75	40	95	95	97	89	60	74	59	74	46	66	20	96
19	28	4	66	97	92	80	23	21	46	40	31	95	18	7	53	4	91	69	19
24	77	93	95	23	91	1	58	80	39	20	59	1	37	46	63	15	21	51	18
33	65	9	34	39	73	25	88	43	80	6	72	47	95	32	55	45	87	44	84
42	45	74	48	83	39	63	74	46	18	32	72	26	50	46	73	83	69	50	25
48	95	73	76	91	15	32	47	83	51	37	56	34	36	92	13	18	27	19	23
92	46	53	99	96	1	98	55	47	51	35	49	98	93	58	15	40	71	67	92
39	45	8	93	71	89	57	68	55	80	61	10	8	80	66	81	90	74	79	37
78	56	4	96	71	79	56	80	81	24	66	43	37	18	2	73	46	74	51	73
28	11	55	95	46	33	54	65	82	4	49	88	95	80	69	44	58	81	78	44
71	6	32	29	23	63	26	5	41	74	65	80	13	1	30	52	6	73	11	59
95	83	31	87	12	61	70	37	59	26	25	51	53	6	26	73	40	7	44	36
16	93	50	38	49	5	83	68	45	64	20	93	11	81	58	33	69	60	72	60
48	65	12	49	12	52	42	81	32	24	93	77	32	35	53	15	52	36	71	25
72	4	43	23	31	4	17	39	53	23	35	30	10	22	32	62	85	8	52	13
94	11	90	35	46	87	35	2	43	58	92	26	29	9	34	99	5	48	93	33
71	70	34	70	82	61	16	27	96	30	11	87	24	22	5	42	71	14	93	62
38	87	25	75	79	99	86	72	14	20	28	54	15	90	76	14	6	77	21	93
16	29	33	99	19	13	11	37	21	28	37	95	56	13	73	58	56	39	12	52
52	50	96	52	99	97	81	67	75	95	92	56	28	31	11	52	64	64	86	23
2	91	7	9	91	57	36	79	27	74	55	86	53	64	75	49	84	12	24	20
76	44	85	87	64	27	34	95	50	57	12	11	54	13	43	91	48	71	90	21
52	70	3	27	46	27	86	46	3	52	5	67	3	70	84	50	10	31	69	78
22	95	5	22	37	25	24	89	64	84	19	26	43	64	8	93	3	83	13	6
66	49	98	30	35	66	96	6	72	2	4	54	76	36	68	41	1	63	39	46
83	65	42	23	25	49	98	96	73	43	60	44	29	24	26	63	23	55	19	7
21	26	11	8	23	39	88	31	65	96	32	48	34	94	33	44	58	83	52	70
60	92	18	30	81	66	41	79	72	26	68	76	26	97	53	64	42	39	93	47
90	76	3	27	56	66	86	27	91	27	96	49	12	92	38	2	41	92	97	73
62	40	63	78	87	96	34	23	86	33	92	7	30	60	68	31	51	98	93	92
81	96	35	81	2	88	13	46	1	80	86	19	86	52	27	74	8	48	91	54
83	92	35	26	56	60	42	26	2	52	30	6	88	36	93	54	4	29	11	62
63	52	83	17	70	30	86	91	13	84	12	65	24	77	9	7	34	4	38	19
14	23	93	15	30	24	39	33	50	1	23	53	70	44	41	14	61	43	1	94
29	3	41	72	55	89	7	34	78	18	93	98	37	47	74	15	20	49	56	46
16	90	88	78	75	79	45	85	53	87	38	65	51	40	11	67	27	90	79	20
79	15	53	91	25	59	78	81	18	75	82	32	56	30	63	54	48	26	67	60
23	75	8	27	58	42	31	19	40	84	3	65	36	10	6	2	13	12	82	36
57	21	6	29	81	79	25	52	37	50	77	89	53	60	37	57	92	18	57	67
19	49	75	16	11	20	48	79	79	45	98	38	45	17	82	7	40	95	10	40
56	42	10	31	70	64	54	37	81	45	78	3	64	74	27	65	38	14	81	46
60	7	22	53	49	21	58	54	86	80	45	10	34	59	58	12	73	84	7	1
52	85	81	59	39	60	92	75	71	97	78	3	66	93	41	55	47	73	12	74
49	73	51	44	98	92	67	46	33	82	75	93	27	59	74	7	75	37	99	45
61	47	86	2	45	90	94	80	12	72	34	43	79	27	23	27	63	69	65	70
56	46	98	46	2	46	50	52	79	9	46	33	63	53	51	55	34	31	50	39
67	18	28	21	84	34	99	98	76	71	39	66	4	90	63	62	87	45	50	64
44	57	81	6	74	34	70	42	53	91	22	47	83	80	54	11	17	5	43	72
58	57	23	40	58	4	17	82	97	64	85	43	96	17	18	40	78	56	70	41
50	33	44	30	64	3	7	51	2	72	54	14	56	35	94	43	75	9	74	46
97	84	75	21	67	27	76	13	49	86	53	37	92	91	75	50	35	29	26	87
81	86	22	82	16	39	5	35	21	3	83	71	91	87	97	47	51	94	30	3
80	35	10	11	17	25	37	54	5	25	75	59	41	30	36	39	19	24	6	52
89	2	35	3	55	6	23	30	81	83	14	50	98	87	38	18	7	75	81	74
74	53	86	94	51	11	63	58	96	20	89	15	33	97	17	38	39	32	44	86
49	42	80	39	63	19	33	29	9	56	7	16	67	87	99	28	58	36	53	50
46	98	10	26	48	13	70	32	51	90	30	22	29	64	56	45	86	67	99	98
80	38	88	59	18	13	32	10	91	63	87	10	7	22	20	54	36	6	19	23
58	85	31	6	49	12	6	66	42	82	23	48	14	81	82	23	8	8	63	83
60	48	68	93	66	1	64	99	13	93	31	94	5	15	66	27	86	45	2	19
13	77	78	14	20	60	53	34	27	85	17	20	97	10	55	90	6	62	27	97
50	51	45	75	86	72	28	88	88	76	80	39	78	37	76	40	32	59	18	27
36	4	80	52	12	12	78	49	46	87	61	36	86	91	80	32	74	68	4	32
78	84	45	6	68	29	43	29	77	28	92	96	1	98	99	29	38	96	14	55
88	26	75	10	64	80	59	90	38	49	42	78	91	12	82	69	76	22	35	91
26	43	16	3	1	79	64	32	9	20	33	68	97	24	69	97	67	58	77	35
58	69	85	5	38	26	94	60	6	60	62	44	75	98	94	94	27	92	11	12
82	64	77	90	67	25	22	10	10	16	12	83	77	32	55	30	19	79	14	54
3	75	70	30	52	64	22	35	12	68	80	21	58	17	9	88	30	95	40	37
60	73	40	49	7	40	7	78	10	84	54	58	77	52	61	5	53	52	87	81
57	47	37	59	91	64	34	40	60	48	17	65	67	80	72	62	81	91	28	39
59	89	79	91	23	63	90	98	1	72	39	10	89	57	22	2	8	51	88	91
84	23	4	11	83	75	41	92	60	55	32	45	40	88	62	96	94	82	40	85
43	58	96	72	40	90	34	94	20	38	44	82	13	45	53	69	53	23	48	3
82	43	70	88	11	35	72	87	18	86	57	82	28	92	82	11	3	94	4	44
91	90	89	55	48	14	87	30	32	86	24	6	13	54	28	78	31	80	8	28
38	46	97	52	84	60	31	23	13	38	36	48	65	11	67	95	84	98	34	39
70	49	96	83	84	83	84	6	39	8	52	91	64	88	92	47	73	67	61	98
41	34	20	16	56	65	73	89	33	40	74	87	45	39	87	17	99	44	63	44
39	3	68	33	30	99	11	84	72	58	45	68	55	45	34	64	72	86	68	57
18	69	16	93	82	27	70	79	11	68	51	13	9	54	37	48	14	99	22	69
22	85	56	74	51	38	3	54	31	42	22	16	96	6	54	5	95	70	59	27
61	52	32	96	42	44	49	21	73	17	37	96	35	88	20	93	1	89	95	89
97	27	94	14	44	18	98	57	35	86	83	17	80	45	19	51	99	59	62	65
64	63	37	75	97	86	59	48	21	84	14	19	65	34	54	33	25	7	85	9
15	95	43	39	67	79	44	38	38	3	81	92	46	60	65	20	74	36	69	5
44	19	90	82	85	80	44	60	63	16	67	52	89	7	81	19	98	91	94	36
1	68	14	23	26	71	95	57	33	76	70	21	25	74	73	10	72	27	27	80
76	17	81	10	20	76	6	18	53	61	41	40	58	15	38	22	34	2	66	62
60	20	61	6	17	71	54	18	12	36	56	64	35	2	62	71	87	46	78	59
6	87	78	67	34	37	11	76	40	96	50	45	41	25	88	83	33	71	6	15
74	26	50	52	99	49	39	99	52	1	26	94	58	43	11	87	49	48	17	53
52	41	32	81	86	57	30	4	47	3	29	76	62	41	10	23	41	97	41	46
1	29	33	67	56	23	29	25	68	73	4	19	94	55	76	83	28	41	66	91
94	85	87	84	12	83	5	33	59	79	29	88	78	74	35	19	92	13	84	20
40	5	89	13	2	69	9	23	51	29	88	38	36	70	10	37	57	45	8	72
54	27	60	12	9	82	26	35	54	11	2	81	70	1	24	47	42	22	14	32
48	96	63	2	21	77	26	44	98	39	3	72	6	93	33	85	42	12	39	90
34	6	43	53	16	21	44	35	78	59	36	6	71	74	24	26	77	3	94	67
90	72	61	86	46	33	96	29	21	91	92	88	63	4	89	57	2	2	46	3
75	27	31	24	41	90	94	61	26	7	80	70	75	86	67	72	55	19	84	98
35	89	95	16	33	13	64	44	79	16	47	99	35	93	3	76	49	60	35	14
64	73	36	47	39	3	98	45	97	74	76	31	45	3	67	17	26	51	21	55
74	99	97	34	81	33	46	54	24	52	91	53	59	91	40	77	77	35	98	94
11	22	83	54	93	63	33	47	82	86	30	67	35	67	81	56	57	79	59	32
82	85	30	86	28	1	70	43	55	81	61	14	15	67	8	7	16	36	78	32
87	11	92	66	66	5	41	76	4	40	76	70	5	62	95	30	69	12	48	49
6	82	29	73	41	60	57	32	80	95	86	27	76	7	32	77	86	22	22	22
21	43	97	95	31	68	94	64	95	77	72	37	62	91	89	49	73	5	66	81
6	72	5	65	8	29	24	33	35	77	78	31	94	11	27	52	61	83	20	74
9	74	41	37	22	8	86	39	2	73	89	67	76	52	71	38	96	59	80	78
28	31	99	53	15	26	2	79	47	18	50	43	5	10	15	49	80	60	8	55
28	25	98	12	66	61	71	70	69	10	31	19	83	44	16	76	90	46	20	78
66	42	45	28	11	71	69	79	57	58	72	28	16	15	88	75	33	20	80	63
89	94	27	75	24	32	1	37	6	65	26	62	58	48	47	68	35	79	88	10
55	60	80	47	90	78	46	96	18	27	60	18	79	47	62	19	67	20	91	64
40	7	57	98	54	18	74	36	14	75	77	23	34	14	12	23	99	36	8	80
14	80	5	68	82	37	59	45	38	27	59	99	29	94	73	79	20	1	22	16
89	99	57	69	19	43	36	78	57	2	23	12	75	19	39	87	16	23	15	68
78	67	33	95	16	11	18	91	21	97	82	77	36	26	7	20	35	48	51	76
19	80	41	63	90	28	62	92	68	45	64	42	1	59	12	42	79	22	94	49
61	95	28	39	19	13	15	28	32	39	23	61	30	76	1	89	41	53	35	32
76	30	57	19	47	64	23	14	85	7	45	14	83	18	77	82	54	8	86	2
15	74	52	69	3	81	48	27	50	17	22	9	55	60	14	96	48	51	8	15
7	92	49	96	69	43	71	82	23	68	97	63	35	72	92	46	30	35	96	52
63	93	4	67	70	45	65	30	33	3	1	63	93	74	87	19	50	89	89	27
30	53	36	62	47	17	5	58	95	5	4	19	54	43	89	54	35	90	68	56
75	75	31	37	58	4	68	71	6	5	29	76	49	55	26	71	83	14	79	75
81	18	44	16	31	43	86	28	53	2	14	14	15	23	49	67	27	49	57	15
1	36	56	54	19	90	17	5	94	69	52	3	47	16	57	1	88	59	38	5
49	36	50	5	91	91	46	36	93	91	7	76	49	65	86	25	96	12	70	47
57	96	21	46	83	90	31	70	76	29	44	30	44	10	96	81	44	22	49	43
45	85	76	33	63	21	97	26	20	47	63	7	17	17	85	87	21	68	80	38
19	79	29	63	3	43	8	84	55	14	43	24	49	57	1	4	61	33	15	58
1	46	46	48	83	73	25	67	21	28	89	19	2	65	21	98	13	59	27	58
21	77	46	74	56	23	42	91	79	84	54	97	57	82	89	34	48	44	32	26
12	35	68	91	36	12	86	89	28	61	42	26	96	90	84	46	27	67	53	14
31	95	23	54	19	98	33	71	37	54	93	95	54	38	69	28	41	13	37	4
88	77	8	96	95	33	26	58	87	27	15	59	77	7	50	5	13	91	1	47
36	87	16	40	18	72	49	63	89	80	92	63	44	81	93	82	73	1	99	93
64	73	5	22	64	20	53	40	83	4	17	68	72	25	15	84	69	37	22	16
42	14	41	8	18	42	99	76	19	87	60	51	31	3	91	35	38	58	22	84
88	41	8	25	76	38	8	34	2	78	37	6	75	41	69	30	88	46	57	73
45	22	74	32	65	57	1	64	47	48	20	50	57	96	63	83	84	25	30	98
76	77	10	89	24	68	39	30	11	71	54	4	91	92	6	38	68	62	93	46
68	35	63	68	99	65	68	95	44	55	20	40	95	65	47	33	3	8	23	89
53	21	35	90	99	6	68	41	23	90	91	72	17	84	61	63	65	35	53	99
67	49	54	45	72	68	74	9	25	42	48	91	64	20	30	20	64	4	74	17
79	76	73	9	62	84	5	33	20	65	74	89	9	19	2	96	28	73	71	20
37	14	1	18	11	94	99	38	75	51	8	30	38	39	90	86	95	23	34	31
82	22	18	37	3	58	2	31	62	54	83	99	57	25	60	77	60	31	44	83
91	66	48	73	10	81	51	83	89	43	52	94	89	72	19	72	46	7	18	82
98	30	30	78	76	50	54	93	35	15	29	22	8	3	73	6	49	90	98	21
60	55	56	91	9	10	75	18	75	83	10	96	93	52	33	99	45	19	34	67
6	23	85	37	41	48	90	58	88	75	66	56	46	92	75	54	6	16	82	74
72	6	39	31	51	15	68	16	74	58	49	77	88	63	99	95	34	74	45	64
78	20	78	22	9	38	95	99	48	31	61	13	53	51	34	81	80	52	53	22
12	95	80	87	6	93	8	31	1	1	21	37	26	55	40	87	92	73	55	76
98	55	66	29	77	83	23	17	5	10	79	89	24	42	22	19	65	90	54	99
55	9	3	89	71	6	71	6	17	55	58	84	88	33	70	1	88	86	18	27
82	95	66	38	50	40	21	23	15	38	1	7	53	57	60	30	54	29	65	32
59	33	45	20	72	24	72	96	28	67	50	50	88	87	34	98	76	70	39	67
18	10	37	68	33	3	46	98	24	2	63	90	83	45	46	5	39	30	63	95
77	26	6	64	47	28	32	51	28	24	15	85	45	68	22	78	69	73	96	19
26	40	46	97	10	75	79	7	28	71	8	51	88	17	8	68	53	56	31	67
33	73	26	98	24	30	47	3	34	48	31	30	8	93	49	18	77	66	56	48
84	82	15	22	36	4	46	24	98	20	14	35	16	49	67	40	68	45	79	83
55	52	85	84	70	73	15	57	90	63	63	40	91	22	13	74	93	42	63	62
26	91	65	36	56	10	36	97	26	81	76	51	19	22	22	78	34	89	82	34
59	40	31	31	48	12	51	85	74	36	72	27	74	53	30	1	30	23	76	86
94	85	67	25	24	1	12	49	48	16	14	49	28	67	59	73	76	10	56	38
23	98	47	53	55	39	19	55	93	47	66	13	30	86	23	88	92	8	72	64
1	18	90	57	39	94	63	1	7	10	54	70	63	82	58	24	76	94	86	6
78	93	65	52	92	22	55	62	94	48	63	13	74	85	88	20	47	50	69	45
31	10	92	59	89	46	74	91	9	36	74	59	88	43	13	98	29	99	69	51
53	47	91	18	79	68	39	70	76	48	91	16	16	92	39	16	27	90	93	33
16	73	31	90	6	74	15	92	14	69	14	9	91	87	40	13	31	92	56	42
77	65	25	45	50	83	47	93	91	43	14	19	72	65	22	91	54	3	66	61
4	29	31	42	66	76	82	78	80	61	72	8	66	42	67	15	90	48	37	7
31	56	97	20	36	58	57	43	58	82	5	23	92	94	76	67	18	19	61	75
63	3	66	49	58	72	67	3	54	76	50	58	80	38	93	2	84	89	60	51
85	27	7	74	75	77	85	37	73	77	85	79	26	60	24	87	33	86	68	81
35	20	68	54	70	81	16	80	42	10	27	26	54	88	39	89	74	23	74	95
21	55	94	4	72	11	12	66	24	2	93	25	76	55	60	83	36	67	67	95
73	51	25	54	75	7	89	77	57	4	27	59	80	22	10	10	34	72	87	47
87	63	83	17	23	73	71	4	33	10	39	74	92	94	88	19	36	44	48	32
66	49	21	35	26	93	9	99	38	95	7	15	2	48	5	91	32	58	92	50
59	83	36	64	72	58	59	34	87	56	58	76	26	81	31	24	14	45	47	69
58	12	19	57	13	19	9	72	78	11	94	67	82	41	22	94	18	25	46	2
29	80	71	47	97	23	14	87	21	15	13	29	68	20	4	29	98	62	18	72
42	50	35	27	51	99	14	1	76	81	81	57	19	83	51	57	96	53	98	38
87	64	54	93	10	25	9	12	78	39	69	76	84	93	80	48	25	43	77	45
46	81	49	19	71	52	91	35	43	70	19	15	76	84	67	57	21	76	25	45

2	4	6	8	13	12	15	4	9	14	3	18	1	7	18	5	20	5	16	16
1	2	7	10	15	10	15	1	1	2	6	2	3	13	13	1	16	6	8	19
5	5	15	19	6	16	3	3	11	20	4	7	5	20	7	4	19	11	3	13
11	6	14	2	1	19	13	9	1	19	14	15	7	1	3	17	13	9	18	2
2	5	11	11	14	12	5	14	12	1	4	9	11	1	7	17	16	3	2	15
16	3	13	8	11	6	2	9	5	11	12	6	17	20	19	12	9	13	17	13
7	6	2	9	15	2	2	3	15	2	4	12	7	12	1	5	15	1	17	4
2	7	3	12	14	13	13	9	18	14	12	1	11	17	18	7	4	19	9	14
15	1	20	4	11	10	11	5	15	17	10	17	15	18	15	11	20	19	9	4
3	10	6	6	4	1	5	2	10	3	18	5	3	12	19	13	14	4	20	14
13	18	4	6	1	9	11	18	4	19	8	9	16	8	20	6	8	19	4	12
8	17	5	14	20	20	1	10	17	1	1	15	16	14	18	3	18	1	13	1
18	20	14	18	8	3	10	16	8	14	20	12	5	9	15	12	11	14	7	20
7	12	6	16	18	9	12	2	19	17	3	19	15	4	1	2	12	12	3	2
20	2	11	8	9	7	16	7	15	5	2	17	10	10	2	17	17	6	14	16
6	11	14	20	18	11	16	1	15	12	4	14	9	2	15	7	4	5	5	13
13	11	4	19	19	11	14	1	18	7	6	2	14	20	8	12	14	1	14	2
6	16	8	8	4	18	17	11	15	5	12	11	9	15	16	20	13	15	8	14
13	17	18	8	15	18	17	5	5	10	2	14	5	2	19	3	20	1	19	18
3	6	15	2	4	15	12	11	15	18	11	15	7	20	6	6	7	10	20	15
9	17	11	12	15	3	9	17	2	1	7	9	10	17	12	4	11	20	7	2
7	7	1	9	1	12	10	4	4	5	3	14	13	20	9	16	9	9	11	11
4	16	6	13	7	3	1	7	13	19	6	8	8	2	17	20	19	19	2	12
2	14	7	9	1	8	4	18	13	4	3	15	15	20	5	6	5	6	10	10
3	7	2	11	16	3	16	18	11	8	19	13	1	19	2	17	15	3	19	1
20	12	10	11	14	13	20	13	10	17	14	15	2	3	8	14	1	4	17	10
2	16	2	3	17	2	9	5	10	18	12	5	20	6	11	15	9	4	8	2
14	19	16	20	4	12	14	6	11	16	10	17	12	17	16	18	1	2	2	8
2	9	20	17	6	11	18	7	1	20	18	14	1	3	10	16	6	20	4	10
6	15	16	19	15	2	8	10	2	8	7	7	17	18	19	3	11	13	20	16
11	20	16	18	15	18	4	20	8	8	17	1	5	12	9	14	11	20	8	6
4	1	9	4	13	14	5	9	15	14	14	8	2	16	8	13	6	13	3	16
2	16	6	15	15	16	10	9	5	10	20	11	4	4	16	7	19	5	10	6
17	18	9	16	12	19	4	10	11	8	8	5	11	13	11	10	2	20	16	8
17	14	15	9	6	18	1	17	12	12	16	2	9	1	17	18	4	7	15	2
14	8	8	14	16	13	15	6	6	20	13	14	1	13	20	2	9	16	17	9
8	5	20	2	3	20	15	14	11	6	12	17	13	14	17	6	2	11	20	12
12	8	8	20	16	4	9	10	16	18	6	13	10	2	4	16	17	1	16	5
6	3	7	7	15	13	2	13	12	19	1	7	5	1	9	4	15	5	10	14
20	4	19	3	6	18	5	1	18	17	5	17	8	6	2	11	9	18	15	11
9	11	12	1	2	2	8	1	16	13	2	2	11	1	4	16	4	11	4	20
13	17	11	20	12	14	20	1	3	3	8	15	10	19	6	16	20	1	15	1
20	2	20	1	15	20	15	17	6	9	1	9	17	15	5	16	7	9	7	2
1	13	2	18	12	17	3	16	2	4	16	3	14	7	4	18	13	16	17	13
10	3	8	16	15	10	17	18	8	6	19	14	19	6	7	8	17	17	19	4
9	8	15	16	15	9	12	1	6	12	7	3	12	3	3	15	16	20	7	12
2	8	1	9	7	20	1	10	20	11	13	14	8	2	19	11	1	13	10	4
4	8	8	7	14	15	15	11	15	17	12	18	2	1	10	7	3	12	18	1
12	14	8	16	9	12	6	9	3	20	1	8	9	10	14	1	10	15	3	2
19	8	1	7	20	14	12	18	8	20	13	14	8	16	16	15	5	14	10	7
11	11	5	1	6	4	13	5	7	4	16	15	9	5	14	20	1	20	2	6
10	13	6	5	9	7	9	7	15	5	7	4	6	14	6	17	6	15	14	16
20	2	15	14	3	6	6	7	9	4	13	8	1	16	20	6	14	13	13	1
14	18	10	12	2	12	15	9	18	4	18	16	4	10	14	11	6	2	11	17
15	16	17	9	9	18	4	15	4	10	7	19	6	4	20	2	3	1	17	18
8	12	10	1	9	9	9	5	2	4	7	12	2	14	2	10	17	2	1	1
18	2	10	1	11	14	9	17	16	17	13	7	3	11	19	2	14	20	16	10
5	18	15	12	1	1	12	5	12	16	11	3	17	1	3	5	9	3	18	15
9	6	6	8	8	8	3	10	4	11	18	3	15	7	20	4	10	1	5	7
2	20	2	10	6	20	11	20	14	8	12	13	15	2	13	17	19	6	13	3
1	19	6	4	5	2	5	18	11	12	8	11	2	9	15	17	14	8	18	9
16	6	5	15	5	3	5	20	18	6	3	16	15	8	10	16	16	18	2	16
9	11	5	5	16	13	4	2	4	8	8	19	4	16	4	4	11	3	6	6
7	6	2	16	2	11	1	17	20	17	8	4	18	15	8	1	5	17	20	9
5	4	16	18	16	1	2	7	1	14	15	10	17	20	11	12	5	17	19	11
14	11	12	10	5	12	16	18	13	16	2	11	13	11	1	14	14	17	19	19
5	17	17	18	16	2	7	17	10	9	1	14	9	11	16	13	14	3	12	3
16	9	16	8	7	10	4	3	1	14	12	7	5	9	8	5	15	16	14	3
1	6	6	3	19	5	3	14	4	19	3	13	19	14	18	1	11	11	11	6
17	19	7	6	11	16	15	8	6	5	19	2	17	19	17	15	18	11	15	12
5	15	5	13	12	5	7	19	4	19	10	15	1	18	14	15	1	20	16	11
8	16	4	12	6	2	11	4	2	18	5	19	20	9	13	18	1	13	6	7
2	6	4	3	12	6	18	15	8	13	10	15	10	20	5	8	1	10	18	2
20	14	3	18	16	19	8	14	4	2	9	13	4	2	3	17	14	20	11	19
16	9	19	7	4	12	3	8	4	6	8	12	20	3	10	4	16	19	14	5
18	6	8	7	17	7	1	12	17	6	11	4	18	11	1	12	9	6	17	7
4	14	19	4	18	3	14	11	9	9	16	8	13	7	20	14	11	16	11	4
4	19	18	20	15	10	2	8	15	6	16	8	7	9	11	18	15	6	2	10
14	7	9	7	18	18	20	5	20	18	13	6	1	8	17	16	12	12	17	19
5	1	4	5	1	3	13	10	14	9	10	9	8	4	14	16	3	20	6	1
12	14	9	9	4	3	6	5	20	11	10	10	7	20	19	12	3	7	6	14
2	20	2	3	7	13	5	17	17	8	17	20	7	17	2	12	3	11	7	1
9	15	17	9	19	11	2	11	4	6	16	17	2	6	20	2	8	3	10	6
1	10	11	19	2	13	20	14	5	13	8	16	19	8	16	15	5	12	4	12
14	10	16	16	20	5	5	3	1	18	13	19	17	5	10	4	12	19	14	9
15	20	6	5	9	14	8	19	8	1	4	20	14	8	10	16	15	5	9	8
11	6	14	18	3	7	8	2	6	3	3	19	8	20	4	11	10	4	16	14
14	16	8	10	18	14	3	11	14	6	3	7	5	9	7	13	11	16	16	6
14	6	19	16	5	12	15	11	5	19	17	16	9	15	8	12	2	4	14	16
15	11	17	16	2	16	5	2	3	17	13	3	4	20	17	4	11	4	15	6
10	15	12	9	4	17	10	2	15	15	6	10	3	6	9	4	20	16	9	20
2	20	12	11	11	4	19	4	1	4	19	3	13	20	2	6	19	10	16	13
19	10	9	6	5	19	2	14	13	8	16	9	7	12	15	18	17	18	17	5
10	14	4	11	17	17	6	16	7	12	2	4	9	12	6	19	10	15	19	13
14	19	11	7	16	9	8	14	19	9	12	8	10	2	8	10	17	2	17	4
2	7	12	1	16	5	15	18	17	14	17	20	6	13	20	2	6	17	20	6
14	17	11	7	19	14	17	5	20	8	16	13	17	1	5	14	8	6	10	17
18	4	12	5	2	11	8	15	6	14	12	19	12	2	12	6	12	1	15	12
16	18	12	13	11	5	4	4	13	13	9	7	1	7	3	12	11	15	11	3
1	13	12	13	9	6	3	1	19	18	6	20	4	5	15	18	17	16	1	14
8	10	17	1	8	6	18	16	20	11	11	19	11	14	20	5	4	17	3	10
17	9	13	19	2	9	4	15	13	5	8	18	3	8	8	10	17	9	10	19
4	10	7	16	2	9	10	13	5	17	1	8	3	5	2	13	9	3	5	18
5	15	2	3	10	18	4	11	10	7	11	5	10	8	15	19	14	2	8	14
6	6	16	7	18	5	6	9	14	9	3	1	15	9	4	8	3	6	17	13
2	14	12	7	16	16	1	13	14	1	3	18	8	19	4	19	20	20	10	19
13	5	8	6	20	10	13	16	5	15	8	1	5	19	17	7	19	1	1	16
13	6	11	19	8	6	12	15	11	20	13	9	6	7	2	12	4	18	13	19
11	5	13	6	10	14	18	7	8	8	9	4	11	7	8	1	6	3	8	5
14	7	6	17	15	17	12	9	20	2	20	2	19	15	12	20	15	17	5	16
17	7	13	5	11	9	9	12	14	12	14	15	18	20	11	13	4	4	16	11
15	10	19	12	2	16	5	5	18	11	10	9	2	19	7	13	11	11	20	2
13	13	20	1	13	13	14	3	10	11	1	19	8	15	9	1	14	3	13	13
2	12	19	20	11	18	17	5	8	13	9	18	17	4	13	1	6	7	1	7
4	15	18	13	4	1	4	18	5	18	15	12	12	7	16	9	3	20	10	3
8	16	4	8	1	8	14	4	16	17	6	20	11	18	5	9	18	17	16	9
7	13	10	4	12	2	8	12	17	5	1	18	17	15	16	12	7	5	6	14
1	17	15	17	16	5	19	6	18	7	16	13	12	9	1	7	5	16	9	17
5	17	20	9	12	11	15	18	15	12	14	3	15	4	3	4	3	19	3	2
20	8	18	3	6	10	4	1	5	5	6	8	10	1	3	5	5	3	13	2
1	13	14	18	17	1	5	10	18	20	15	18	7	14	8	9	15	10	2	18
5	14	19	9	7	6	16	17	16	6	9	13	19	7	4	13	20	18	12	7
5	2	10	5	14	16	2	6	3	9	17	14	6	8	13	7	15	20	17	9
8	20	19	12	11	1	17	17	2	8	2	14	10	5	19	9	6	11	16	10
18	15	6	10	4	18	3	8	8	20	1	10	1	19	13	16	3	2	7	17
8	2	17	19	17	9	20	4	15	12	14	1	8	20	15	18	6	13	15	11
19	10	16	5	11	11	18	7	14	17	15	13	18	10	7	8	15	12	12	9
11	1	12	7	5	16	3	1	20	13	6	4	5	12	13	9	3	5	7	20
10	16	11	6	8	14	14	12	3	16	19	15	6	16	18	20	12	10	3	9
1	17	5	3	6	14	11	1	2	7	11	15	8	1	5	8	16	12	15	7
14	18	7	3	5	7	15	8	1	20	5	3	14	3	14	14	16	11	7	4
8	10	17	17	10	19	13	6	14	17	19	6	14	14	11	13	2	1	19	12
13	8	12	8	5	9	8	6	16	12	16	19	7	7	8	15	18	13	14	11
4	11	16	3	19	15	18	7	2	5	14	19	8	19	19	8	10	2	20	16
17	11	16	1	10	12	14	16	16	6	7	6	13	8	7	20	11	13	7	7
12	7	9	3	4	18	8	11	5	6	10	6	1	7	15	6	20	3	4	13
9	16	10	13	18	16	14	6	10	15	15	19	14	10	18	14	3	10	13	3
12	15	20	12	18	19	17	5	4	11	5	15	13	10	7	6	9	10	10	14
7	15	1	15	7	9	11	3	17	20	9	18	4	5	4	12	13	19	20	20
17	4	13	2	20	12	7	1	10	3	2	14	11	11	11	16	9	19	8	17
3	4	14	16	12	13	6	17	9	20	17	2	15	15	19	15	4	10	20	2
16	15	2	3	12	1	9	7	2	1	9	18	5	7	13	19	12	4	8	7
1	2	2	16	1	11	17	8	5	19	5	9	16	9	6	11	17	10	15	12
3	2	17	3	5	11	14	2	18	11	2	19	15	6	5	15	1	19	10	7
3	18	12	8	14	18	11	18	4	15	6	2	10	7	13	16	5	4	15	1
15	11	5	1	15	14	20	20	16	17	15	12	10	7	20	4	19	18	8	1
15	14	5	17	7	8	8	6	5	18	12	1	18	10	19	16	11	18	4	14
16	2	7	4	8	11	19	17	15	11	16	11	11	8	4	11	8	11	6	6
12	5	19	3	4	12	15	14	9	19	11	12	19	8	20	10	8	10	3	17
5	1	16	13	13	10	18	8	4	13	7	7	13	8	5	4	11	10	1	15
12	5	5	6	8	1	18	3	1	9	17	9	19	11	10	3	3	17	5	2
3	16	10	11	14	10	10	12	15	1	4	12	13	9	17	8	6	7	4	11
15	19	17	7	12	9	7	13	18	8	11	4	7	3	6	2	10	19	5	5
15	6	10	11	1	3	20	20	1	3	6	20	17	14	1	8	4	3	10	17
10	7	8	7	3	3	8	17	1	1	13	1	12	6	5	2	6	11	7	8
18	18	15	2	9	18	17	20	19	12	6	1	13	12	17	6	13	14	20	8
6	16	10	8	1	10	12	19	7	9	4	20	20	2	13	5	9	7	2	11
20	6	13	11	11	16	4	13	19	13	9	15	16	1	8	1	17	11	9	16
13	4	16	1	11	8	14	19	8	16	13	20	11	12	1	4	13	7	20	17
19	2	6	8	9	1	4	19	13	15	9	16	15	2	13	11	9	10	18	1
11	4	2	8	9	1	19	2	10	13	7	7	19	1	16	6	10	12	16	13
14	19	1	15	17	13	2	7	4	17	16	6	5	20	6	11	14	6	10	4
20	11	12	4	9	2	10	17	6	8	14	20	6	20	11	19	20	16	15	4
11	8	4	13	13	11	19	7	8	17	17	13	5	8	6	13	6	2	6	15
7	3	17	4	17	11	2	18	18	14	12	13	16	13	17	3	10	7	1	6
3	13	18	8	7	16	11	9	7	12	11	15	8	9	10	7	4	5	3	4
5	11	12	14	17	8	9	8	1	7	15	4	15	2	3	11	18	3	18	14
3	15	8	20	2	19	5	17	12	20	12	14	16	7	2	4	19	13	8	9
10	16	7	6	19	20	13	5	1	7	8	16	5	9	3	16	14	17	19	13
17	8	14	12	6	10	20	2	10	11	19	13	8	15	17	11	19	2	18	16
14	12	17	11	15	11	9	6	1	19	1	13	13	12	19	19	17	2	5	10
7	7	10	4	5	7	4	16	12	9	13	16	10	11	7	16	19	3	15	10
12	1	13	6	6	4	10	2	17	1	9	20	7	17	2	5	3	16	9	14
13	6	19	3	5	14	14	3	15	13	18	7	6	4	9	6	13	14	18	5
12	17	19	9	6	15	6	1	20	8	6	19	17	14	13	18	2	12	5	7
8	4	3	10	11	13	12	10	11	2	6	9	7	2	16	8	5	12	15	11
7	8	15	20	3	1	4	3	7	8	2	15	6	15	20	6	16	1	20	1
7	5	2	3	3	17	9	2	7	13	1	11	19	1	15	16	3	1	14	18
17	15	8	1	14	1	13	15	20	10	7	4	19	10	13	5	3	6	1	5
6	2	17	14	4	3	15	5	12	9	5	2	2	2	4	6	13	5	2	13
16	10	10	1	17	19	18	17	1	11	13	5	7	9	7	14	16	10	13	17
4	11	3	3	17	11	1	3	16	13	15	13	12	4	1	4	19	10	6	18
4	11	4	11	20	20	4	17	4	18	18	18	13	8	15	4	6	12	2	4
19	11	4	8	4	13	19	4	15	17	12	6	7	4	13	12	7	16	9	9
12	7	8	7	19	13	5	19	1	5	12	5	18	6	7	4	2	15	16	2
18	8	9	18	18	15	16	4	1	17	20	3	4	14	2	5	9	11	20	9
15	1	4	7	17	4	14	18	5	20	9	15	13	19	12	4	20	14	18	11
1	12	19	17	15	8	11	9	17	18	6	1	13	19	16	5	13	10	3	16
1	4	9	11	16	9	5	4	20	17	3	16	7	12	5	9	1	3	8	13
6	5	13	17	5	14	7	6	18	16	9	19	20	17	3	5	19	5	3	13
19	12	16	15	9	18	5	7	18	14	17	18	17	14	8	5	20	14	7	10
11	11	10	3	2	2	20	19	8	18	5	1	9	1	14	5	5	17	8	11
7	1	17	8	9	1	3	6	3	2	2	19	13	8	9	16	12	9	5	10
4	8	18	8	6	2	10	18	16	10	4	9	4	6	12	14	16	6	12	13
8	11	14	7	19	18	8	16	1	8	6	15	12	8	4	1	18	17	6	17
11	7	5	4	20	3	16	6	14	10	3	4	10	20	1	9	8	13	2	8
20	1	16	15	19	5	3	7	17	18	20	10	20	19	3	20	6	1	15	18
14	5	6	1	1	10	12	18	15	5	3	17	13	6	1	12	6	20	4	16
12	19	18	7	4	14	18	17	20	16	12	16	12	12	3	17	14	17	18	4
9	18	16	17	20	12	20	20	13	18	12	4	5	19	6	7	5	17	10	11
7	15	8	9	6	10	1	2	11	2	18	20	8	7	14	13	8	14	14	19
9	16	4	15	13	15	7	3	12	17	9	2	1	18	8	6	11	8	8	10
15	18	20	17	1	15	15	8	5	13	1	9	7	5	15	12	17	5	19	13
9	1	19	10	17	17	2	7	19	14	11	15	10	10	9	14	5	13	16	20
11	14	3	9	11	14	4	8	2	12	20	13	10	3	9	8	16	10	20	18
10	9	14	12	8	19	2	4	8	7	14	20	19	1	3	4	12	18	1	20
16	6	5	15	13	13	20	2	12	1	2	17	8	19	14	20	14	5	17	14
10	3	15	12	15	10	16	7	5	14	17	4	14	18	13	7	14	15	16	8
20	9	1	8	13	1	15	4	11	9	5	7	9	10	5	3	16	18	12	19
15	6	6	13	2	16	19	1	19	17	9	18	9	11	17	17	20	9	15	13
9	13	8	12	16	9	15	11	19	12	3	15	6	4	4	3	12	12	18	14
8	5	9	20	4	3	17	11	4	8	17	15	6	19	18	2	10	18	20	4
4	18	9	14	11	2	13	18	10	11	18	1	17	1	14	20	4	3	10	9
7	19	8	16	16	16	6	12	8	17	11	3	4	6	4	2	2	18	4	5
2	9	1	2	18	12	13	4	17	1	8	15	11	4	16	3	19	8	8	20
14	19	11	15	14	4	7	2	12	13	6	15	1	5	20	2	16	14	11	13
2	19	17	5	2	8	18	20	11	19	2	10	9	17	6	17	7	15	8	3
1	12	10	20	20	2	18	12	18	2	8	17	7	9	18	2	16	14	20	13
16	15	13	4	7	20	5	16	17	17	17	18	6	20	6	18	13	2	15	20
9	19	14	14	18	12	17	18	5	7	6	19	7	18	18	12	20	11	17	18
19	12	14	1	18	20	6	11	17	16	11	20	17	12	20	8	12	4	19	16
4	19	13	3	3	7	17	11	14	19	8	14	11	10	14	11	8	4	14	11
5	1	18	8	1	15	6	3	14	14	16	2	6	15	1	20	2	13	5	6
16	13	16	13	14	18	7	2	5	1	18	1	11	9	3	3	3	7	20	9
4	4	1	8	11	11	12	19	6	15	1	19	5	6	12	1	11	9	12	20
14	3	3	5	18	9	14	14	1	12	6	16	7	13	19	10	18	11	11	4
2	1	15	1	7	20	19	2	6	5	10	19	8	6	19	2	8	1	7	5
19	11	3	3	6	7	14	19	5	1	15	20	13	1	16	5	19	3	18	8
12	8	1	20	3	12	12	4	14	8	2	19	13	16	18	11	3	17	5	15
14	19	20	18	15	9	4	13	11	9	13	5	14	3	16	15	12	5	1	7
10	16	3	12	19	12	8	19	12	7	2	15	19	19	6	12	8	3	9	3
6	12	18	19	5	17	7	18	9	6	16	4	5	19	4	2	17	1	8	20
2	9	3	7	18	19	15	13	5	20	5	10	8	11	12	11	19	5	12	19
14	12	14	10	15	11	18	16	8	2	18	5	1	18	6	8	5	3	9	5
4	14	6	16	8	10	20	4	6	3	7	8	8	1	15	2	20	5	1	17
3	3	13	7	17	15	1	7	13	14	10	2	19	9	18	2	17	9	17	9
7	16	13	10	4	7	7	7	5	18	5	16	5	9	4	10	20	6	1	8
10	8	8	9	19	9	8	12	5	15	17	18	20	10	10	3	7	19	4	15
12	11	1	8	8	8	18	6	17	14	10	5	15	14	2	11	15	9	19	6
14	1	11	16	6	8	20	8	2	17	10	14	14	14	15	15	4	12	18	12
1	13	13	14	7	14	4	16	9	16	10	20	7	8	17	2	14	2	6	11
18	12	5	5	12	18	6	5	10	5	1	19	16	2	19	15	17	15	14	19
3	19	2	8	10	6	1	3	6	15	13	4	19	8	20	20	19	7	2	4
16	10	19	4	20	15	7	15	19	2	13	18	2	12	8	18	6	4	8	19
9	10	1	15	4	4	9	11	16	10	13	4	17	10	4	1	16	15	20	18
20	10	4	2	11	7	2	3	1	8	6	3	15	20	11	9	11	6	5	18
19	18	14	8	9	1	18	2	14	7	20	3	8	4	13	17	19	5	9	11
20	11	7	18	11	16	16	7	11	20	2	14	15	14	8	12	7	8	6	17
19	17	9	2	10	18	12	5	3	3	17	7	5	6	11	8	1	12	16	13
18	4	15	20	6	19	12	14	6	16	7	8	8	9	11	9	2	20	9	4
2	6	9	4	17	10	13	2	14	16	19	8	4	20	13	3	11	20	1	9
16	14	16	4	15	1	19	13	4	3	6	17	2	16	19	2	13	1	10	11
16	9	12	12	4	19	2	16	16	19	13	5	7	16	8	8	9	12	3	8
1	1	2	6	18	17	10	1	5	12	15	20	1	7	18	9	7	19	17	11
4	4	2	15	8	14	17	20	10	10	20	16	5	17	20	2	1	20	15	13
3	8	13	1	15	9	4	18	9	2	17	8	17	13	2	1	13	6	14	6
4	13	17	18	4	15	5	1	7	3	16	5	20	17	20	6	17	13	6	6
8	20	2	11	10	1	6	5	7	7	5	2	8	15	13	19	20	1	16	12
1	13	1	11	5	19	19	12	13	20	12	13	7	10	3	16	18	15	19	20
8	5	16	11	12	11	16	7	10	13	15	7	5	16	6	7	2	6	14	1
2	13	13	14	11	11	1	12	2	12	12	1	11	20	10	17	20	1	10	19
8	3	17	1	1	11	3	10	9	12	4	1	16	4	20	19	3	13	5	20
8	15	14	6	6	11	9	10	9	3	12	17	6	15	5	11	20	7	17	1
10	4	17	3	10	4	6	9	20	4	12	4	7	10	6	8	5	8	2	3
8	12	7	17	2	17	9	14	8	13	10	10	6	9	3	19	3	6	12	4
6	6	15	10	14	14	14	1	20	1	9	6	14	19	9	17	10	10	13	2
6	11	8	13	2	5	16	13	14	11	6	16	14	15	3	12	12	14	4	8
20	13	8	8	7	5	13	4	17	4	14	9	4	11	18	17	18	12	4	5
1	14	19	6	20	2	17	7	15	17	13	17	7	18	5	13	2	5	16	20
9	18	14	14	13	12	12	4	8	1	5	17	7	8	5	8	12	10	19	5
19	10	16	6	2	8	5	20	4	13	1	13	4	11	18	20	6	20	17	8
11	5	16	16	5	19	18	7	3	11	20	16	4	4	11	18	10	13	11	20
15	14	20	18	11	1	20	10	14	5	10	11	11	2	3	18	18	3	5	7
15	17	1	4	9	14	13	13	16	4	9	1	13	6	20	13	12	5	3	9
9	20	1	8	19	4	9	1	11	11	13	13	1	7	14	4	4	4	13	10
15	6	12	19	9	1	11	5	13	17	12	5	13	11	19	16	10	5	12	18
8	4	10	13	4	18	12	14	11	17	6	8	15	3	8	18	16	1	9	9
1	11	14	2	1	16	10	11	9	19	14	12	5	13	16	12	5	16	11	14
14	15	2	6	12	4	12	17	11	1	19	3	18	20	8	6	16	10	2	14
15	11	14	8	13	10	17	6	13	4	5	19	18	7	2	9	19	2	20	14
20	20	12	1	15	17	18	7	18	10	5	9	12	16	1	16	20	19	12	20
17	13	20	14	9	20	1	18	1	6	1	7	8	1	8	10	2	17	16	13
2	6	12	4	1	16	1	9	10	2	7	6	5	2	9	8	6	20	17	12
11	4	17	15	1	13	19	5	10	5	9	11	4	9	7	17	4	6	15	1
8	6	10	17	11	10	12	1	5	19	17	13	11	5	13	16	14	7	12	17
3	11	16	15	16	12	6	5	12	7	3	16	11	13	7	7	14	2	12	17
11	12	4	10	2	20	17	5	15	12	8	11	12	8	14	7	9	4	3	15
9	10	15	5	19	3	10	17	20	8	20	19	20	6	5	14	14	13	1	13
6	2	14	18	17	19	11	17	11	12	12	19	16	2	1	4	9	6	11	2
10	20	11	1	15	12	13	18	1	17	6	2	20	5	1	4	17	20	6	14
9	20	6	18	2	2	18	18	16	4	4	17	12	20	20	8	8	6	14	2
2	18	12	12	17	4	4	2	5	12	15	19	14	9	17	13	1	20	19	14
4	4	1	7	8	1	3	10	2	18	8	18	10	19	16	5	9	4	15	11
4	14	10	1	7	2	7	1	9	15	20	14	3	19	2	13	10	2	4	2
3	5	1	7	20	1	6	4	8	7	7	20	14	9	18	12	5	9	10	9
12	4	20	6	10	5	8	2	8	14	17	1	4	14	8	10	13	20	7	9
5	15	17	20	17	2	17	4	4	12	13	3	10	9	9	1	12	5	6	10
18	5	8	2	11	17	5	6	18	20	10	17	8	12	10	10	11	9	14	13
14	13	17	16	11	3	20	1	16	12	12	7	6	10	10	15	8	14	3	17
11	13	8	15	12	18	4	2	1	20	8	5	8	12	13	15	6	18	5	7
17	9	13	12	7	20	14	20	8	14	13	6	12	3	20	9	9	8	5	13
11	11	20	18	4	12	2	15	13	6	3	11	5	9	9	8	19	8	6	20
19	1	13	1	7	11	18	15	5	6	13	11	4	7	4	12	20	4	15	20
9	18	20	14	4	10	16	18	11	8	1	7	14	19	4	12	4	3	8	10
20	7	6	2	3	11	14	9	18	6	18	2	19	16	20	17	6	18	9	5
15	7	8	15	17	10	1	2	1	2	13	3	4	3	2	5	19	17	12	10
8	12	2	4	16	9	3	18	12	16	9	8	8	11	13	1	5	12	7	13
7	4	13	18	3	11	17	2	7	20	5	14	4	9	7	19	10	1	16	2
15	14	9	9	11	20	6	12	4	7	3	10	13	3	19	9	12	3	14	6
5	14	1	8	1	16	10	4	12	6	20	4	8	9	5	2	16	2	14	19
13	14	18	18	5	16	3	8	20	10	11	14	16	4	11	2	16	17	18	17
10	11	7	17	19	18	1	6	3	4	15	11	7	1	11	9	5	13	9	1
16	17	19	2	9	7	2	18	8	14	18	19	12	14	4	1	11	10	12	16
2	8	9	19	2	12	19	15	5	14	17	12	6	15	12	5	18	20	18	2
4	18	2	2	12	9	5	2	13	7	10	8	2	4	8	3	17	6	11	6
18	3	4	10	9	9	4	15	18	5	15	8	10	2	18	4	8	1	15	9
8	8	14	7	11	11	16	7	20	13	18	15	8	6	12	20	13	12	18	20
9	14	8	17	5	18	18	1	1	2	7	9	20	9	7	16	17	15	16	5
19	19	6	14	3	17	10	5	1	7	5	14	15	15	14	11	2	5	11	10
11	3	6	14	14	20	3	9	5	10	13	20	3	4	11	2	20	1	11	2
3	16	3	8	6	12	2	3	4	11	8	20	7	14	20	14	1	1	9	12
6	11	9	12	16	15	19	11	9	6	9	14	8	10	6	19	1	19	9	13
13	2	15	20	18	19	14	13	16	5	2	6	12	15	9	12	11	17	5	6
4	17	10	13	8	10	1	19	13	4	5	4	16	7	7	14	20	3	3	14
4	13	17	13	17	11	17	3	2	11	1	12	2	12	1	16	4	9	19	10
1	2	14	12	18	3	20	13	20	17	9	19	17	17	9	11	16	17	12	9
9	19	4	11	13	19	16	12	11	14	13	19	5	20	20	4	4	2	4	6
15	7	17	4	16	14	4	4	7	16	14	8	13	20	10	5	20	5	16	11
11	14	9	2	15	19	2	13	2	4	6	14	19	16	18	9	8	19	7	4
6	8	16	9	4	3	20	16	14	15	13	14	17	20	6	7	1	8	11	4
18	13	8	6	10	5	2	14	16	12	11	19	6	4	15	15	12	1	10	5
20	13	14	5	19	9	14	20	1	9	16	1	20	9	11	13	18	7	7	16
4	16	14	9	5	1	12	20	6	10	2	15	15	17	9	13	18	7	17	9
17	3	13	13	12	14	2	9	7	11	11	10	19	1	6	3	11	20	3	7
20	13	2	3	18	10	3	7	5	20	5	6	13	20	17	4	2	4	5	6
16	12	1	12	3	20	8	14	10	20	16	11	19	20	12	14	17	19	11	11
19	10	14	1	4	20	9	18	4	15	15	13	2	10	13	5	16	17	20	19
11	3	4	19	12	11	13	5	13	1	16	6	18	20	5	19	19	3	17	1
4	19	18	17	4	15	15	4	5	4	3	3	7	10	8	9	4	18	1	7
9	16	10	8	1	13	15	1	4	6	2	2	13	11	11	17	5	8	13	17
6	7	11	12	14	2	14	4	4	7	20	18	13	10	6	15	17	18	19	18
1	15	12	12	7	15	12	20	6	16	8	2	12	10	7	5	19	14	12	3
10	17	4	15	10	9	3	1	13	1	14	8	15	16	19	7	19	11	5	19
2	1	19	9	15	12	20	17	3	5	15	16	3	6	18	14	17	1	2	2
3	19	19	20	6	5	6	2	7	14	14	18	16	9	16	5	9	6	12	2
18	4	16	9	17	9	18	7	3	13	11	2	2	4	3	9	10	14	18	2
3	6	9	13	9	17	9	13	17	5	8	1	14	4	13	13	2	11	20	9
2	3	19	4	7	4	1	12	7	8	3	13	13	15	18	1	14	18	18	2
20	15	11	18	3	3	15	17	10	13	5	17	1	3	11	9	14	14	13	8
18	3	8	12	20	20	19	7	9	16	19	19	9	16	16	20	14	15	11	8
18	2	6	7	3	4	3	13	8	20	19	8	7	2	4	9	3	7	5	11
12	16	7	19	7	4	5	6	1	1	5	14	18	19	15	6	2	4	8	17
7	5	8	9	3	6	16	16	15	5	13	5	20	10	19	18	13	7	16	19
6	4	14	9	1	9	19	13	9	16	4	15	3	11	10	14	12	2	9	13
16	7	5	8	13	4	18	17	15	5	10	15	11	1	12	3	5	1	9	5
1	17	19	14	8	16	10	20	1	6	5	10	12	1	10	12	18	2	20	5
20	17	14	8	7	5	2	12	6	1	9	6	9	8	11	1	18	15	16	10
5	9	7	13	8	12	13	10	9	13	20	3	1	7	2	19	14	9	5	18
8	12	8	19	17	4	10	3	1	15	2	10	3	11	8	9	12	15	12	13
2	3	12	5	1	14	15	10	13	17	16	10	13	2	14	15	4	6	2	6
7	10	6	5	1	11	12	11	13	17	3	4	3	4	16	12	20	3	11	20
14	15	7	1	6	16	16	18	1	8	17	20	8	15	10	19	19	8	11	14
17	15	3	7	17	19	4	13	14	20	4	19	4	5	11	9	9	5	18	9
11	20	17	18	19	15	3	2	7	17	5	17	4	3	14	7	16	12	4	17
8	2	15	3	7	10	15	14	17	18	3	7	2	2	12	13	3	17	1	2
9	20	6	19	20	1	15	7	11	17	16	4	13	11	7	20	12	4	3	18
7	13	12	20	15	11	12	8	4	3	11	15	17	15	6	14	11	16	14	11
13	13	16	14	8	1	3	11	17	4	1	14	6	20	14	3	18	8	11	17
4	16	20	15	2	2	13	12	3	10	11	1	17	8	15	11	7	4	4	18
14	20	20	16	16	2	11	1	2	3	13	14	8	10	19	13	12	4	9	3
12	20	13	4	2	8	19	3	8	16	19	12	13	19	13	6	13	4	19	9
20	13	19	7	10	14	14	17	17	3	19	20	18	10	2	2	8	7	8	9
10	10	3	16	16	10	19	1	16	17	16	9	10	11	3	10	18	5	1	8
18	1	13	17	13	10	20	11	4	10	6	16	17	1	4	5	2	7	12	11
7	14	10	3	1	11	20	9	13	4	13	15	6	1	4	16	9	11	6	20
8	4	8	9	14	2	10	7	20	1	10	7	14	7	1	7	8	5	2	19
19	4	9	4	17	3	8	16	4	15	9	19	18	11	18	10	19	17	19	2
6	3	6	6	3	20	12	8	8	19	12	5	13	18	12	12	13	4	2	14
15	14	3	15	16	17	5	20	5	17	6	16	9	17	9	19	13	14	13	19
18	5	18	4	12	13	7	16	1	19	7	4	14	17	20	6	14	9	4	19
8	13	15	4	17	8	10	16	20	20	8	8	17	7	10	12	9	16	6	18
4	18	15	6	19	4	5	16	10	4	17	14	19	12	13	16	3	13	10	17
5	8	19	2	13	15	4	18	1	14	15	2	7	11	7	6	10	3	13	17
2	2	11	4	1	7	5	1	11	3	7	2	12	3	17	11	4	10	10	10
4	6	19	8	7	6	1	2	15	5	5	17	7	14	6	4	3	6	1	5
15	19	19	17	11	7	11	19	7	17	19	18	4	12	19	17	10	2	10	18
11	16	7	3	9	7	2	1	7	18	11	10	2	19	11	17	17	9	3	17
18	3	8	7	14	8	16	13	14	3	9	1	1	1	15	9	3	14	1	9
20	10	15	17	20	7	4	11	5	5	5	11	18	12	13	6	16	14	3	16
15	13	10	2	4	10	5	4	15	18	17	12	13	14	20	14	9	4	7	14
4	3	7	20	17	19	13	10	13	13	5	20	12	9	8	3	1	1	2	6
20	6	15	9	3	19	18	16	4	19	20	4	2	17	15	15	17	6	5	6
12	20	1	20	1	11	13	6	18	6	9	6	14	18	11	7	1	18	7	20
13	15	15	12	7	18	4	17	1	19	8	8	18	17	14	14	13	9	7	6
15	2	9	8	10	10	18	11	18	9	16	17	2	15	4	10	15	4	16	3
15	14	19	10	5	1	1	20	14	17	19	5	13	3	15	2	7	17	19	7
17	10	8	10	17	7	9	3	7	3	12	7	10	18	10	3	8	11	9	13
11	7	6	12	20	15	18	16	16	2	20	11	16	13	19	14	1	2	6	13
1	17	2	7	4	1	2	13	11	2	15	1	13	16	9	16	12	7	1	9
19	18	2	7	12	5	13	16	13	20	2	19	13	2	2	8	16	1	11	8
2	13	16	14	12	13	19	5	6	18	20	8	15	9	15	9	11	3	5	16
16	14	18	15	18	12	4	20	18	10	13	8	7	7	2	13	7	10	6	19
12	15	17	6	6	1	7	17	20	6	8	5	12	17	12	2	13	15	7	11
17	2	14	19	4	12	12	7	19	18	8	3	5	10	5	19	10	8	18	11
5	3	12	3	15	11	19	20	17	15	19	18	20	6	7	19	2	14	11	9
8	19	20	15	20	17	15	11	8	9	4	3	17	4	6	1	3	11	4	9
5	15	2	10	13	5	1	8	10	3	16	5	20	11	18	20	13	15	7	8
11	13	2	13	13	17	8	17	9	7	5	10	7	11	17	18	17	8	20	4
6	18	14	19	12	1	6	12	1	15	20	16	13	4	2	8	5	9	20	6
3	19	1	14	15	2	14	4	6	16	3	19	17	4	9	17	8	16	15	5
9	5	12	4	5	10	20	19	5	16	1	2	8	17	1	15	15	5	2	13
12	15	13	10	11	10	12	14	20	9	19	5	4	11	4	19	14	1	15	13
10	5	17	8	8	16	20	3	1	5	10	5	16	1	7	9	7	20	16	12
14	3	11	18	19	2	14	11	16	15	5	8	15	20	1	15	4	14	17	1
5	7	11	17	11	11	16	5	12	12	19	15	17	5	17	17	16	4	19	11
5	5	8	3	7	11	18	20	18	8	12	14	12	2	12	4	20	20	7	5
7	19	15	5	16	9	4	2	6	12	1	15	13	18	5	17	6	1	16	11
1	1	11	8	17	13	17	19	14	16	20	18	20	4	6	3	6	16	11	11
17	9	16	7	14	6	1	17	14	13	8	6	20	6	18	7	6	15	5	8
9	10	11	11	12	17	9	12	15	13	4	12	4	17	8	4	9	18	2	16
13	9	4	6	4	10	20	5	4	1	13	9	8	3	13	17	11	10	1	6
5	15	14	5	1	5	5	18	2	7	3	3	13	20	12	19	20	20	11	6
8	7	11	2	15	18	13	4	13	9	7	10	11	20	7	19	12	15	10	7
14	1	1	16	7	10	18	19	11	10	13	17	14	15	4	1	3	9	18	16
5	4	18	6	2	11	17	6	9	8	17	11	10	1	15	3	1	18	2	5
9	5	6	14	10	7	13	15	6	9	5	4	4	11	4	13	7	2	2	1
20	8	10	11	15	6	20	4	3	19	8	8	12	13	18	15	10	19	16	19
11	13	8	10	16	10	4	6	10	3	2	6	6	15	2	7	17	17	5	10
1	6	9	15	1	15	13	11	9	13	3	6	17	4	17	13	12	18	10	5
10	14	19	4	4	17	15	5	20	13	5	19	10	5	11	3	6	20	6	11
12	9	14	3	13	4	10	14	11	13	5	5	13	10	4	20	3	12	5	14
15	6	15	1	1	17	9	20	10	18	13	1	19	15	16	15	8	11	9	11
4	3	8	12	2	20	2	2	6	6	17	13	13	18	2	3	18	4	2	13
1	8	7	15	20	18	1	8	1	1	17	5	19	20	1	11	5	20	2	14
9	1	13	20	9	6	7	3	5	2	11	5	18	11	18	17	2	12	16	19
2	1	8	2	19	1	17	6	9	10	2	1	11	19	7	16	10	5	17	6
20	19	19	1	12	7	17	13	8	2	20	5	6	4	10	1	15	2	5	12
9	4	17	10	4	14	3	20	1	10	20	2	20	18	14	19	20	17	6	13
10	11	16	12	11	7	13	16	20	14	3	13	1	4	12	5	4	16	8	4
16	10	18	1	12	5	18	16	9	20	4	16	18	16	12	15	7	12	17	20
8	13	15	18	9	8	8	5	14	6	19	10	10	16	3	4	8	4	14	2
18	4	12	1	17	9	2	1	19	17	9	7	16	13	18	1	6	20	11	14
7	8	2	2	17	3	19	1	9	3	16	4	6	16	5	13	9	11	16	7
2	5	6	6	18	9	16	20	7	6	3	12	2	2	4	10	11	18	3	3
19	5	20	6	8	2	2	2	7	13	11	12	18	5	7	15	6	17	8	20
11	1	1	11	17	10	14	3	17	10	6	12	17	14	10	18	20	7	11	15
11	13	18	20	15	11	2	7	17	6	13	13	5	4	3	9	16	17	8	1
16	12	7	17	4	1	13	10	7	13	6	9	2	17	7	18	15	1	18	19
13	8	16	14	14	20	17	9	8	6	7	8	5	1	20	5	6	20	10	19
13	4	9	2	15	6	12	12	18	7	11	14	18	1	18	15	14	2	16	7
6	10	13	15	18	16	3	9	14	6	2	17	2	15	1	1	4	5	12	16
16	7	11	17	16	19	5	13	18	17	10	14	7	15	6	7	16	12	17	12
13	19	8	10	18	17	6	10	12	17	12	13	16	7	13	6	16	18	13	2
13	9	5	10	9	1	17	16	4	4	1	20	18	14	7	4	6	11	13	5
8	11	2	11	15	10	19	10	19	5	19	16	15	3	18	19	3	18	12	11
5	5	2	9	15	7	12	15	4	13	2	14	8	13	1	5	8	15	7	11
19	13	7	17	17	11	11	5	20	3	1	15	8	2	15	4	8	7	12	6
8	4	13	4	12	16	11	4	11	14	6	12	9	20	14	16	16	3	5	1
10	11	15	20	9	9	18	1	15	8	19	14	15	17	16	4	11	16	11	4
8	15	5	10	14	2	7	7	7	2	5	13	14	4	13	13	4	4	6	9
1	14	8	6	17	20	3	13	15	13	13	5	13	13	8	5	16	13	5	13
20	13	8	17	10	18	4	8	20	5	12	8	10	10	2	13	3	12	10	17
18	3	1	19	11	14	3	7	2	20	1	19	1	17	10	7	5	11	2	18
3	11	4	13	2	1	15	6	1	19	16	3	4	4	12	12	11	5	1	16
14	16	19	16	8	12	5	13	11	20	16	20	18	12	6	14	19	4	7	11
14	15	9	19	6	2	17	2	13	7	13	2	18	1	10	15	1	18	15	5
12	12	20	1	19	20	3	20	5	1	13	12	18	14	18	5	3	4	20	12
9	20	2	20	16	20	12	19	4	11	8	17	10	8	1	17	8	1	12	8
19	5	2	10	6	19	16	1	1	10	6	9	9	7	3	19	9	2	9	19
18	14	2	11	16	2	6	16	20	2	2	7	9	18	18	20	16	3	4	2
1	13	8	5	12	7	11	1	15	13	9	14	6	18	18	3	12	4	19	6
20	13	15	20	2	2	7	9	14	15	3	18	16	6	9	16	9	8	15	9
17	15	17	13	18	7	15	2	16	12	3	14	20	15	3	17	1	3	5	19
15	18	19	4	8	1	16	11	8	18	1	2	7	20	6	6	9	7	7	1
10	15	5	8	7	2	9	14	7	12	20	15	2	3	10	6	18	19	18	5
6	18	14	12	14	16	20	6	19	8	14	6	14	11	5	8	5	8	6	9
8	10	9	10	2	9	18	15	20	16	14	19	14	7	5	6	13	18	15	3
4	17	16	10	7	3	12	14	11	2	11	13	10	10	20	3	6	20	12	10
1	18	7	6	9	13	11	6	8	14	6	2	3	4	12	8	11	6	10	4
11	8	9	15	19	14	14	4	16	10	7	19	8	17	7	16	19	11	16	20
17	15	19	14	8	3	11	11	4	10	14	1	14	7	8	19	19	15	12	20
9	7	10	2	9	9	4	20	4	18	10	10	9	1	7	4	2	14	4	5
7	8	8	11	17	19	17	4	14	1	16	13	19	3	9	12	1	14	12	16
18	12	7	1	13	12	13	15	16	18	6	20	2	9	9	7	17	16	9	2
2	2	16	19	13	11	13	20	17	18	9	7	1	13	15	20	19	20	15	14
5	19	4	12	18	4	1	20	5	5	13	15	6	3	12	1	5	14	1	3
3	19	19	6	8	10	3	1	17	7	17	14	6	4	4	16	9	11	20	9
2	7	10	15	18	11	10	7	13	7	5	15	12	9	5	19	2	14	11	20
16	18	6	17	14	14	20	17	18	12	19	20	14	14	8	5	10	3	10	10
16	9	4	7	19	2	17	8	1	6	17	13	11	8	6	2	7	15	14	13
8	2	12	7	3	7	12	11	5	15	2	1	8	10	19	3	11	6	11	9
4	1	12	4	8	11	5	4	10	18	5	11	11	11	12	15	20	8	10	8
9	17	4	11	5	3	12	13	8	3	2	16	5	20	7	15	15	14	5	16
20	4	8	16	2	7	14	5	1	9	10	1	19	12	17	3	16	19	9	2
11	11	14	13	11	12	18	4	14	2	19	11	7	10	10	2	19	7	11	10
4	15	6	13	20	11	12	4	13	15	18	2	3	15	14	14	11	10	7	20
6	5	10	2	2	18	13	9	4	16	10	13	7	2	4	20	15	19	12	5
17	19	9	8	16	5	11	6	17	12	12	1	9	3	18	13	19	9	3	19
14	20	10	12	15	1	10	6	13	10	10	13	19	3	9	3	17	4	6	6
20	9	10	15	13	19	10	20	2	6	9	9	13	9	16	6	8	5	20	15


2	2	2	1	1	1	1	2	1	2	1	2	2	1	1	1	1	2	2	1
1	1	3	5	4	1	2	5	2	5	1	1	4	1	3	1	4	1	3	2