500	2	20

1	1.3	1.55	1.75	2.1
4	6.76	9.61	12.25	17.64

80	54	48	37	8	48	13	87	50	93	61	81	35	19	55	46	67	70	51	86
20	50	57	10	47	37	28	40	23	46	34	15	80	95	47	38	2	13	28	77
96	61	2	73	32	49	67	90	49	50	16	84	48	31	92	69	95	98	57	28
88	31	53	5	71	8	4	39	80	79	81	33	82	95	39	58	5	6	10	42
24	40	36	17	54	60	72	91	95	56	85	84	16	60	9	18	37	66	14	35
68	20	49	54	45	8	26	13	79	90	51	1	54	29	65	72	66	82	40	60
92	95	14	89	2	67	45	53	38	60	55	29	20	65	54	26	92	55	51	15
75	28	32	78	17	3	96	48	50	25	88	84	1	42	7	2	82	87	14	25
64	19	12	92	77	36	29	81	83	8	79	85	28	85	26	19	89	65	23	31
16	74	2	85	84	7	46	72	23	90	31	7	63	64	93	47	97	67	79	25
89	97	61	94	65	47	90	62	97	38	91	40	94	70	95	65	78	57	88	65
1	87	23	20	33	36	69	90	96	1	32	75	41	59	77	66	33	23	45	79
93	91	57	68	54	86	69	76	97	11	71	64	75	88	13	25	92	39	64	30
87	56	26	69	93	3	6	49	97	35	71	9	82	46	3	47	18	10	93	11
44	22	50	41	62	1	16	33	5	65	88	93	18	50	70	84	69	15	36	70
75	44	97	72	39	34	71	90	75	7	32	64	86	94	22	93	88	83	45	29
27	47	72	5	26	87	29	77	19	66	51	63	33	64	87	25	35	87	57	67
69	68	66	6	54	93	84	10	9	79	80	23	63	97	62	36	58	15	94	44
48	77	66	79	81	6	44	19	45	7	90	50	93	19	9	5	49	39	77	13
72	71	65	98	3	30	9	3	53	87	8	45	17	84	14	35	36	19	10	74
58	74	14	13	4	3	13	55	97	63	72	32	2	51	74	71	77	71	24	22
58	59	71	32	37	21	30	58	78	27	38	85	6	59	40	46	20	79	59	19
16	58	77	15	86	7	38	66	9	24	14	10	24	6	74	55	66	80	6	68
19	81	32	85	58	52	51	99	8	33	42	19	42	82	2	66	86	60	17	83
37	29	39	14	33	77	38	70	7	10	30	94	40	52	59	41	56	82	27	94
20	22	78	12	41	46	7	27	41	40	84	41	59	26	42	9	48	85	50	2
26	69	61	38	62	29	15	4	85	60	33	59	31	71	39	47	65	39	30	30
27	45	96	4	4	57	93	93	82	62	85	54	86	73	9	10	49	36	24	94
52	23	11	35	99	67	40	49	82	65	27	78	99	16	87	90	50	97	79	9
46	86	58	59	57	24	84	28	88	76	79	67	43	50	86	85	63	68	99	20
15	43	86	43	86	60	42	62	2	66	29	4	73	50	75	29	34	68	83	56
7	86	71	58	34	11	43	86	67	56	3	85	71	75	78	57	45	32	89	14
60	84	20	50	97	90	52	71	21	91	24	59	85	4	19	16	45	81	43	9
4	69	83	23	20	97	27	66	41	10	26	9	94	78	83	12	98	44	93	48
89	75	43	29	50	59	72	78	48	36	37	55	54	64	23	27	52	63	28	48
3	59	66	52	34	28	74	71	60	43	87	17	48	55	90	30	88	46	59	80
62	57	97	85	16	52	71	73	79	57	67	9	6	47	45	61	64	24	67	90
42	6	70	38	43	80	91	9	36	86	77	26	58	68	33	89	32	58	26	75
70	16	96	62	43	48	70	71	63	76	96	95	68	55	51	12	25	28	8	65
55	2	86	41	31	93	28	72	42	85	88	63	4	95	81	5	52	77	1	75
80	81	82	89	13	26	44	78	8	91	91	4	43	37	73	61	73	10	53	68
99	68	98	16	5	70	99	25	94	50	6	32	13	8	25	65	7	28	10	33
96	11	69	5	13	90	22	93	95	94	3	61	56	10	33	34	79	64	28	12
53	35	52	15	68	8	99	15	74	91	69	28	87	68	23	11	28	56	35	54
56	90	52	6	72	37	3	66	42	92	78	44	96	31	43	15	84	62	66	15
36	73	55	47	83	60	17	42	91	54	40	64	62	66	2	52	40	8	45	43
79	48	27	34	98	6	95	54	49	22	55	50	12	50	27	54	8	34	64	77
18	5	64	74	99	40	42	7	76	44	78	73	41	87	87	99	76	27	4	36
32	11	2	73	9	84	75	15	98	51	12	4	57	83	13	25	93	81	38	52
14	32	13	51	14	43	49	50	99	69	92	67	46	2	22	30	58	56	12	67
62	75	34	51	98	66	9	96	99	60	24	43	65	81	33	10	67	69	16	52
96	63	4	52	56	17	50	64	88	77	71	41	73	14	69	41	9	28	45	25
34	44	18	97	35	17	34	6	54	52	92	11	9	75	49	17	45	9	40	53
84	36	56	12	63	41	86	3	61	26	24	48	66	11	20	66	30	1	71	94
75	63	64	25	1	54	37	78	91	27	94	3	21	54	86	14	77	38	34	84
20	59	32	90	79	12	39	43	58	45	23	96	44	1	2	36	99	10	34	8
35	48	94	25	97	3	26	73	16	75	81	55	53	99	72	80	91	15	85	70
32	62	91	20	4	33	18	87	33	4	49	85	7	86	36	46	97	8	30	91
28	40	19	60	49	34	99	48	12	95	73	94	89	77	49	54	44	85	79	72
96	73	21	38	83	92	74	29	84	87	60	58	59	20	12	22	84	79	57	77
73	9	67	44	4	76	34	4	84	3	53	92	96	43	84	60	76	53	78	22
15	78	70	86	6	67	20	85	49	93	8	53	9	43	81	78	26	74	23	91
84	54	75	68	40	98	83	46	76	87	7	91	7	37	88	4	74	49	17	75
65	30	29	74	25	18	1	84	8	44	60	21	59	51	42	98	21	4	34	54
36	88	65	4	94	93	82	20	29	84	16	78	51	15	32	74	29	91	71	96
1	58	33	40	75	60	88	97	4	9	28	89	82	23	13	98	10	65	48	19
61	5	29	92	83	81	86	77	18	39	73	21	9	36	86	56	97	45	98	52
80	67	91	97	6	66	49	83	42	41	90	31	37	39	53	1	86	10	38	95
87	32	77	61	17	64	3	88	49	2	96	11	56	60	52	1	70	31	51	55
81	9	62	82	34	58	29	4	56	82	4	93	63	29	84	60	64	13	14	13
7	45	24	94	26	37	45	32	45	49	86	20	50	71	67	40	79	32	52	44
33	2	90	96	14	45	1	94	61	11	36	30	89	24	63	16	57	2	69	59
92	2	2	93	99	76	33	11	6	66	11	37	90	84	71	60	37	70	65	72
10	14	25	65	70	56	87	62	29	68	44	74	7	18	58	84	37	43	24	56
8	3	56	73	7	33	69	90	8	72	2	21	93	94	68	2	25	34	2	72
37	80	20	1	82	37	59	35	13	26	82	69	46	19	89	11	84	47	74	62
52	39	31	13	21	76	67	80	2	1	31	80	80	87	85	99	56	32	92	41
66	5	28	36	12	30	41	16	15	73	71	33	16	91	20	29	78	68	30	2
89	58	6	70	17	26	56	55	90	87	91	6	37	16	62	77	67	79	9	58
34	46	78	97	94	50	64	3	59	78	45	46	66	77	15	1	20	36	3	71
10	89	31	88	33	72	43	78	89	2	32	69	9	58	8	9	13	10	33	64
45	81	80	92	86	9	70	56	34	32	95	60	31	2	34	65	43	76	80	9
98	52	14	93	60	94	55	41	29	25	22	82	24	83	84	91	22	61	2	99
11	23	69	67	24	46	93	41	9	22	25	52	92	23	50	78	50	1	24	25
50	58	61	44	23	5	41	61	27	79	46	23	93	90	10	80	6	63	9	34
8	36	17	46	84	50	54	5	69	56	4	16	10	87	93	45	13	62	33	24
24	93	45	28	87	30	91	70	1	75	45	62	5	66	91	56	35	55	90	54
40	65	53	97	32	31	69	78	95	59	62	37	22	91	29	74	29	55	3	44
62	4	30	33	94	31	27	97	4	90	36	3	75	56	65	7	73	23	57	24
89	9	72	26	30	73	60	26	41	9	55	76	6	13	76	24	70	45	19	31
62	78	30	11	48	71	74	23	22	64	68	24	35	92	17	66	85	84	3	18
93	37	70	20	10	32	25	10	60	99	4	32	14	70	77	8	49	36	82	97
87	24	37	39	39	43	10	81	57	62	8	36	31	88	64	42	14	65	95	86
47	17	72	1	93	33	72	91	3	72	49	51	34	24	41	23	31	45	41	54
37	33	37	4	71	22	69	52	94	60	51	34	4	44	45	21	55	14	19	52
43	44	36	29	9	89	54	75	43	74	95	9	28	87	42	24	55	62	84	45
68	10	10	35	25	16	47	78	38	33	1	5	19	22	30	56	96	32	25	92
81	25	39	56	16	15	52	3	89	61	93	34	71	87	36	93	55	87	8	42
56	64	9	77	8	13	87	23	76	94	3	51	47	70	75	5	4	31	97	19
89	51	16	46	24	20	74	7	62	76	88	69	31	31	58	98	31	49	94	94
26	70	80	26	35	10	26	56	58	30	87	14	47	71	76	31	92	83	6	72
55	99	49	80	19	23	73	68	97	14	1	26	38	98	43	49	87	50	75	55
74	2	10	77	49	35	19	89	4	76	6	92	87	13	18	15	99	71	59	17
68	7	12	56	36	85	26	85	50	43	37	75	2	77	5	59	1	99	35	5
29	9	51	83	36	1	42	16	86	75	67	59	72	32	54	4	51	69	20	96
94	73	27	46	14	59	21	46	86	5	36	48	55	37	32	90	4	33	94	78
6	3	57	41	43	82	39	13	97	63	23	18	17	19	96	65	3	61	26	87
74	17	58	62	72	80	87	79	58	93	8	70	27	59	53	31	97	50	10	14
73	40	10	92	39	38	82	65	26	67	70	5	14	59	46	28	17	25	93	18
60	42	35	22	77	17	65	69	3	97	44	58	52	88	43	91	55	21	79	47
79	45	29	96	48	20	63	18	94	69	57	56	20	23	98	19	88	85	60	2
13	17	61	38	35	39	74	31	2	21	43	82	85	51	66	78	53	84	27	62
98	61	14	16	83	30	20	75	76	67	89	14	82	83	62	59	35	56	97	18
41	10	50	24	92	31	31	52	55	72	50	83	70	20	87	75	63	73	78	51
18	70	76	70	15	12	42	41	90	7	33	13	59	15	28	20	28	45	13	44
92	77	32	6	49	14	16	73	21	3	85	33	86	95	40	63	38	12	12	82
71	47	23	77	54	83	45	27	95	79	76	82	66	64	86	82	50	94	70	65
75	83	35	58	27	85	44	83	23	91	71	10	95	2	79	74	25	83	69	96
2	40	83	53	33	22	5	87	45	37	61	92	19	53	98	36	75	28	50	32
3	46	85	20	92	45	91	76	75	67	36	13	79	19	68	78	12	43	41	26
60	78	94	24	5	15	90	77	8	31	82	67	78	89	52	30	57	49	48	14
46	11	55	7	91	69	35	66	15	84	39	38	53	89	88	15	64	9	89	90
11	19	20	94	33	11	40	72	61	81	20	43	49	63	44	56	88	19	17	5
72	10	64	13	92	34	70	85	11	36	5	26	91	83	73	51	94	31	37	81
60	63	96	74	20	75	86	60	66	89	18	9	15	31	10	75	49	67	78	46
44	41	70	72	18	35	26	75	66	24	46	70	10	2	76	83	89	14	7	17
66	84	12	18	56	68	60	46	17	49	43	42	54	66	90	20	48	89	3	86
64	70	31	3	66	54	43	35	70	21	99	88	7	53	96	48	65	99	78	64
83	62	11	84	16	77	3	80	58	9	26	31	78	13	63	94	12	83	7	85
93	81	94	21	48	12	47	37	94	39	95	98	43	48	14	5	49	5	29	21
86	13	57	9	26	32	90	60	56	90	22	31	1	74	88	71	49	67	45	8
20	46	57	72	33	59	56	18	31	84	46	93	22	29	7	58	26	77	17	65
7	13	38	46	41	92	66	35	45	48	3	8	56	14	37	67	27	6	50	97
71	69	16	59	6	70	15	95	8	5	48	64	47	76	4	30	13	56	88	78
72	99	97	71	38	69	17	32	56	96	6	92	38	20	41	98	11	81	51	75
80	83	4	1	17	57	9	60	18	85	29	7	32	62	29	49	1	55	54	1
75	28	28	73	18	75	79	91	68	27	19	9	42	70	86	55	74	64	52	5
88	63	79	75	30	24	42	10	92	24	27	65	4	2	31	89	72	5	13	71
74	54	42	1	55	32	92	71	90	62	58	32	47	15	14	16	69	6	13	42
37	52	65	40	57	86	82	27	50	83	22	79	45	81	64	86	64	94	61	76
21	77	78	95	17	87	52	31	1	73	69	52	52	84	29	90	6	63	73	17
10	63	3	16	35	72	29	89	71	60	11	3	64	21	92	77	14	58	31	17
75	90	39	13	83	52	61	81	28	26	84	14	94	24	68	84	65	93	99	72
73	43	17	81	91	71	1	62	98	85	17	44	2	87	55	89	24	15	16	97
33	15	89	29	16	73	69	78	37	97	55	77	11	23	38	46	33	18	77	47
99	81	71	49	1	81	24	73	29	79	89	55	33	46	77	54	18	43	38	94
98	67	36	1	14	19	1	43	49	59	56	72	79	62	23	94	61	43	23	56
62	70	44	48	70	87	83	15	55	80	34	59	56	66	15	67	57	77	14	16
98	41	70	66	64	89	58	51	20	46	83	68	35	52	94	61	33	28	54	79
1	29	72	73	50	70	27	78	31	18	2	62	51	79	59	4	88	84	4	84
54	41	59	6	44	18	7	3	36	7	62	33	93	72	78	60	40	88	63	82
5	20	16	60	5	79	79	12	25	92	4	20	58	53	41	32	32	92	31	55
60	74	24	95	85	9	44	16	86	23	28	5	81	72	94	22	37	34	94	18
41	77	95	29	56	46	50	42	90	35	80	18	82	13	58	57	50	99	27	88
26	7	68	46	38	92	65	42	32	74	25	13	52	69	3	37	14	98	88	9
92	29	39	18	61	36	23	37	4	35	1	89	94	90	80	60	88	1	61	63
57	3	58	93	77	34	74	28	38	40	38	83	16	99	12	75	92	32	8	63
45	79	66	52	20	23	34	41	42	71	55	9	9	75	96	50	19	48	61	85
19	44	19	52	51	1	39	44	52	17	98	78	70	89	93	8	29	67	32	36
61	71	32	86	43	66	43	21	61	61	7	23	99	14	11	26	92	38	1	86
42	98	12	92	73	86	1	92	67	24	54	19	89	84	11	84	94	52	35	66
8	8	71	91	98	25	77	19	38	40	24	79	50	39	47	10	36	89	84	12
72	36	6	91	29	56	40	12	90	74	26	62	95	32	75	51	41	71	26	98
23	28	47	95	34	98	23	18	16	85	51	21	3	83	29	86	41	98	62	76
16	79	10	97	14	98	97	90	51	58	15	54	59	12	74	33	40	71	74	87
59	15	27	12	67	26	17	22	78	38	18	93	90	61	45	39	21	79	78	96
59	60	16	96	58	34	88	81	43	40	57	48	39	85	19	32	39	70	49	71
49	97	32	47	23	35	23	48	41	91	51	26	55	95	59	36	58	41	98	29
99	54	52	92	3	6	21	33	87	65	70	18	86	8	33	86	61	28	72	52
20	20	10	58	17	25	4	45	52	85	34	33	6	29	89	71	10	17	61	80
33	77	36	28	51	87	53	92	49	9	25	30	18	79	54	33	46	59	34	38
86	65	91	49	5	85	55	94	62	71	9	99	25	40	63	68	82	94	56	43
42	88	48	90	3	95	33	46	20	71	13	6	73	89	30	33	69	4	46	96
85	40	8	93	51	93	92	57	17	31	47	62	57	90	11	95	36	55	67	84
23	64	50	62	9	3	96	11	6	78	57	36	71	69	16	67	80	86	92	80
7	44	99	9	2	46	67	58	55	63	19	99	39	33	76	63	24	88	10	96
56	81	85	69	45	43	20	57	45	73	58	56	45	54	22	23	61	51	96	96
30	70	38	34	55	18	3	21	63	71	96	3	54	33	77	80	65	62	32	31
72	39	48	37	37	84	15	33	94	23	12	44	62	37	89	97	55	94	86	72
4	62	76	77	11	62	42	77	20	91	66	85	30	1	90	61	34	42	31	63
66	33	20	27	40	7	93	20	99	80	12	71	96	52	83	41	73	60	85	97
85	64	61	90	91	67	37	1	21	15	16	27	14	20	55	16	99	61	76	61
65	5	62	9	36	16	39	60	65	47	87	3	80	24	14	94	3	25	80	5
96	73	4	7	34	44	80	61	64	48	61	74	37	35	91	34	60	68	77	39
18	97	65	66	21	86	34	92	63	14	79	16	72	7	98	92	18	8	7	2
61	90	79	48	71	20	27	12	87	93	38	35	32	23	57	35	28	49	33	57
30	54	28	76	37	15	83	5	5	67	15	77	24	1	9	84	32	37	20	49
97	93	26	7	50	84	20	58	16	87	89	21	66	16	84	63	71	13	41	81
71	85	65	59	82	3	99	81	24	40	94	51	95	46	80	24	80	88	45	59
42	73	86	11	82	17	82	74	17	44	26	36	81	86	60	30	97	95	43	33
83	23	67	72	24	91	5	67	2	19	53	15	14	61	90	13	37	87	9	99
31	72	85	61	64	18	31	97	69	98	25	26	71	81	84	30	42	61	59	4
78	71	43	64	53	45	36	85	67	14	14	76	1	92	65	53	32	49	9	8
85	5	74	77	23	91	24	18	64	22	81	70	31	52	62	77	65	23	72	31
25	12	60	33	94	60	97	40	98	28	6	54	58	32	89	26	43	23	83	18
37	93	70	29	25	65	87	11	26	68	89	57	40	58	42	39	40	14	52	3
34	42	92	28	32	98	32	66	77	46	92	62	37	69	12	83	82	29	69	94
11	82	83	27	32	67	86	54	2	65	62	48	87	32	31	76	58	69	97	51
23	30	6	3	70	75	34	45	64	35	41	29	82	89	57	6	27	37	4	39
28	83	96	66	58	39	62	9	23	20	21	45	34	65	5	29	93	41	74	44
74	17	2	53	49	40	24	42	6	42	59	52	47	95	6	42	2	14	37	59
11	15	95	80	93	45	85	29	82	91	60	41	54	12	88	66	50	19	7	75
51	63	96	76	4	24	42	44	37	61	69	84	80	96	33	47	60	91	46	82
94	86	15	1	16	42	14	59	28	99	90	83	88	65	48	74	57	94	62	43
14	66	54	6	35	6	9	68	55	14	5	15	57	4	10	45	60	16	17	86
41	48	44	91	5	56	44	97	42	54	39	9	13	88	55	39	8	4	84	34
18	68	82	88	22	46	59	61	58	38	2	17	48	39	95	39	65	45	24	23
31	12	49	64	17	10	80	35	78	94	71	14	18	32	1	34	24	23	9	16
13	67	35	50	69	3	53	59	81	29	95	26	69	96	9	96	76	89	68	46
9	4	71	44	60	76	97	34	63	14	50	73	71	40	79	9	8	48	30	20
10	24	5	78	25	76	4	30	50	85	95	56	50	35	21	58	13	83	81	6
11	26	90	36	61	16	14	10	16	1	58	79	27	15	61	53	82	60	65	21
35	90	1	7	37	24	27	62	22	54	36	25	22	19	86	71	45	75	38	93
34	85	56	56	8	45	52	27	25	61	89	44	92	69	45	31	59	43	22	83
42	23	49	98	36	32	80	45	16	65	5	67	96	92	44	50	51	55	37	88
64	31	37	5	21	66	83	16	97	86	13	10	43	25	30	60	60	43	35	57
90	82	59	8	91	57	32	43	62	19	16	19	89	4	38	85	41	92	2	90
72	27	39	73	84	58	58	84	23	58	20	68	41	49	59	18	75	47	24	14
49	27	92	97	8	48	6	37	36	8	67	39	86	94	16	92	94	81	84	11
16	62	85	93	69	59	12	15	1	46	85	24	39	99	61	69	29	82	39	28
33	74	57	98	24	18	82	38	88	35	29	94	32	27	22	5	48	37	89	88
52	91	93	37	9	21	89	30	56	78	45	9	61	81	6	6	65	99	47	6
16	64	27	91	85	76	81	44	89	60	81	66	81	67	64	45	2	36	89	9
87	14	11	6	9	8	63	29	77	21	53	50	23	2	92	5	67	40	52	14
8	98	29	10	11	70	65	35	86	34	12	71	31	5	30	95	30	90	92	59
96	22	62	19	57	7	3	55	19	41	34	76	44	33	63	57	45	42	54	57
14	86	99	30	15	43	59	44	12	80	52	72	91	88	83	82	44	33	25	37
91	29	6	11	45	38	95	25	83	58	58	65	76	37	99	76	32	87	44	79
42	8	76	17	37	50	69	87	98	85	89	28	14	61	52	44	46	82	63	99
53	78	81	33	5	16	57	78	64	23	59	86	46	68	65	88	39	59	79	50
36	44	80	13	77	44	5	85	85	58	18	91	85	37	33	28	28	97	28	67
72	64	4	89	14	63	24	27	23	60	16	25	6	33	19	99	68	56	53	82
82	13	12	91	60	90	11	38	39	79	81	35	6	16	16	85	3	36	40	5
21	70	68	75	49	43	95	12	56	43	51	55	94	23	46	91	59	75	20	84
50	86	50	56	31	94	96	87	13	69	94	75	83	73	63	33	40	54	89	51
9	72	88	88	84	81	80	38	22	2	80	40	68	28	78	93	53	69	60	44
62	57	35	72	88	95	63	70	15	26	87	60	57	87	1	19	34	18	38	56
19	9	45	46	65	23	42	89	72	20	53	4	90	5	24	68	41	92	81	81
95	46	5	13	95	21	25	50	85	83	14	52	16	36	39	38	63	98	48	18
89	65	78	7	43	13	75	30	91	7	79	1	87	23	70	26	70	18	51	73
75	21	7	71	15	55	22	28	34	88	25	45	28	27	29	25	26	18	65	11
32	60	44	61	2	5	43	96	7	90	19	51	61	23	95	7	85	49	16	99
18	11	30	32	69	52	34	1	72	59	32	75	7	61	69	86	64	54	57	39
80	34	12	64	38	35	54	87	93	33	53	48	55	60	42	77	66	56	65	75
28	91	37	24	35	66	79	77	9	96	43	3	28	69	7	70	91	88	24	68
52	11	75	68	94	70	61	83	21	28	70	21	4	20	67	47	29	56	33	86
68	22	13	69	19	45	80	95	51	78	93	61	86	26	57	96	99	72	49	78
50	94	13	12	18	11	3	26	85	32	89	95	84	97	77	22	66	75	3	54
35	17	99	80	14	98	9	68	43	68	56	38	34	91	40	43	26	72	82	6
91	34	53	74	13	15	9	27	78	87	68	26	14	89	65	80	27	92	43	32
69	71	21	56	89	84	30	70	16	11	36	86	25	79	77	91	11	16	78	90
99	44	36	31	32	30	34	49	82	89	38	95	23	34	9	60	23	8	87	95
42	82	90	91	92	38	96	18	76	12	58	8	72	9	24	79	7	81	96	47
45	49	82	41	18	42	28	5	83	86	33	36	58	96	65	91	35	93	99	67
87	12	80	83	2	50	74	8	91	83	9	14	80	87	66	26	41	4	89	89
76	80	11	45	22	74	50	42	70	43	68	90	73	64	9	43	45	52	47	32
87	57	4	87	41	62	75	51	69	48	34	46	96	8	90	33	2	47	41	12
87	32	51	95	42	12	46	28	15	48	44	10	51	70	71	13	98	38	36	69
40	16	12	64	63	28	88	86	67	94	29	64	53	51	18	51	46	16	62	23
89	53	5	16	39	59	12	50	63	63	13	41	95	96	47	98	18	73	21	86
70	99	41	74	34	1	54	84	50	25	54	49	29	47	41	7	45	93	27	87
61	38	72	5	69	11	7	44	54	53	92	96	42	13	75	24	22	53	67	28
25	47	2	64	57	63	62	46	52	34	89	86	45	22	62	48	22	32	72	41
5	72	57	27	99	21	83	35	27	53	62	9	91	40	86	97	16	61	86	22
70	5	16	72	70	25	37	28	45	9	64	82	38	37	80	34	98	46	18	69
77	97	42	58	35	8	48	93	32	9	23	96	40	25	6	73	63	96	82	71
58	55	5	15	14	74	78	56	43	33	23	50	79	57	90	50	74	16	59	92
96	26	39	68	47	12	37	79	43	82	3	93	50	8	95	30	15	79	34	55
39	63	32	47	26	25	76	70	45	35	80	21	77	42	45	63	19	18	34	45
44	38	91	22	73	43	63	62	8	98	36	97	61	12	48	52	32	91	14	61
16	84	64	37	94	50	16	13	58	21	11	6	83	54	62	91	71	41	68	8
95	80	68	24	24	96	61	5	97	88	5	51	83	75	74	63	67	32	87	42
11	85	84	75	61	51	44	15	51	28	80	80	18	71	68	85	86	58	34	25
17	17	47	84	92	31	39	89	35	99	72	89	69	81	77	34	45	89	38	22
38	5	76	73	97	89	62	15	75	32	32	11	83	88	68	93	41	50	48	42
7	91	27	84	55	67	80	50	38	97	38	91	67	79	99	82	30	6	71	78
92	58	61	28	48	84	37	79	37	94	20	64	8	96	98	22	26	58	2	57
19	16	69	15	14	23	88	25	62	57	72	89	92	12	95	24	60	34	40	7
82	50	76	99	90	12	92	82	3	91	11	14	49	10	14	95	83	98	23	94
51	62	87	41	32	84	41	3	25	57	56	96	61	41	87	38	13	19	25	96
63	84	15	89	8	34	54	11	40	89	90	95	15	99	14	15	69	71	16	93
87	21	24	86	13	41	11	15	22	56	80	22	11	96	78	95	95	63	56	61
57	54	39	65	72	50	45	80	52	16	74	78	63	40	90	25	67	20	65	33
1	27	50	73	82	15	66	97	55	71	6	63	82	7	10	80	50	44	13	25
93	8	90	46	53	88	93	19	97	64	36	38	60	44	93	50	83	27	87	66
22	39	57	86	62	97	7	91	25	94	4	55	27	20	36	47	81	19	82	59
32	41	18	77	32	16	50	76	37	57	25	27	10	43	36	57	11	88	97	35
88	72	82	33	5	10	67	6	75	85	4	94	82	14	75	18	31	55	52	90
51	87	38	73	89	58	31	4	73	64	94	85	71	89	53	24	70	99	28	2
12	80	67	81	85	38	37	43	49	70	24	33	62	93	64	80	2	26	51	17
31	13	9	51	51	85	28	1	7	37	58	80	62	65	1	10	17	71	27	42
65	16	91	80	61	32	68	15	71	14	2	90	36	93	64	94	4	64	9	97
91	76	27	16	35	94	85	53	51	51	22	21	39	14	2	57	60	44	15	25
40	99	41	7	62	66	27	47	21	17	89	85	36	37	53	48	7	26	29	46
4	80	39	18	74	80	16	25	2	43	47	3	98	15	14	81	10	22	54	60
27	21	86	73	11	95	40	23	34	76	57	95	48	27	22	98	95	90	73	58
30	99	14	69	72	92	41	30	56	56	72	46	81	78	37	38	81	39	31	54
25	31	17	81	42	81	89	78	62	21	91	91	51	42	98	93	89	8	18	47
95	55	94	19	6	95	20	26	22	94	37	40	16	43	32	63	93	3	85	81
65	85	46	49	55	69	96	71	92	33	22	32	78	55	51	96	83	45	86	21
15	39	87	1	7	40	13	89	53	80	95	24	77	93	4	79	61	89	11	33
92	76	24	87	57	2	61	70	26	98	48	90	89	61	73	45	31	27	41	27
18	67	52	63	76	50	48	34	74	27	64	33	78	25	95	88	92	20	64	78
62	81	96	12	90	60	55	24	9	34	28	43	95	5	80	41	94	72	27	66
83	38	30	52	62	95	9	31	53	63	58	64	70	53	67	60	44	10	55	62
73	98	17	76	85	39	9	97	54	48	60	75	1	64	28	32	36	40	27	86
41	55	78	76	87	19	2	65	47	10	42	59	78	1	37	96	31	52	52	39
29	72	24	62	57	77	57	98	80	41	68	93	61	16	1	27	86	98	82	64
5	27	85	16	62	34	80	62	37	79	76	54	81	96	71	23	38	10	99	72
58	52	63	35	37	94	39	96	40	47	82	74	87	42	68	21	62	37	79	19
84	23	90	82	22	38	12	96	15	74	55	73	38	12	17	60	76	36	85	59
99	95	6	43	84	39	46	59	5	66	77	83	30	85	27	99	47	43	63	35
59	57	80	43	92	94	77	92	60	27	16	50	31	2	66	91	33	71	90	37
94	40	6	52	53	67	48	10	98	42	84	51	31	25	36	73	25	15	82	29
80	22	35	60	32	19	85	7	72	92	35	22	20	23	6	28	36	41	11	53
89	45	35	5	82	87	82	45	36	39	81	73	1	78	15	74	44	63	2	97
27	20	25	32	5	6	33	64	66	81	67	91	59	50	75	17	3	43	79	70
33	47	67	17	17	39	84	98	57	50	28	43	59	55	40	99	79	37	13	26
1	6	64	16	15	23	52	2	29	45	19	89	97	76	2	19	6	18	92	8
62	24	66	2	46	53	33	39	52	14	48	96	97	11	4	71	86	56	3	50
36	73	91	89	9	29	35	78	29	93	48	7	23	83	76	10	9	15	35	57
2	16	14	99	79	22	40	10	20	73	61	74	45	13	42	33	45	32	16	50
26	63	80	74	26	84	79	25	73	16	95	16	3	45	35	22	76	62	17	69
70	45	84	5	81	10	49	80	9	49	74	67	15	30	2	97	7	53	73	17
98	5	8	72	73	50	87	33	3	15	56	68	43	65	94	32	67	16	61	93
74	57	31	17	7	49	68	81	97	6	51	97	99	65	45	94	84	80	85	67
61	52	52	90	46	3	94	65	64	52	47	65	17	84	10	16	96	30	75	65
53	34	79	52	38	65	51	99	70	20	35	29	65	32	10	46	55	66	40	2
54	79	7	68	38	30	4	7	86	73	2	92	9	6	72	82	72	91	28	65
6	89	77	59	5	27	79	33	35	1	57	90	72	78	32	87	85	77	65	1
18	33	22	92	4	20	49	1	28	8	58	54	54	56	92	31	54	79	25	2
49	78	32	39	14	33	26	49	31	43	44	43	59	6	51	48	30	92	77	2
96	41	42	44	38	33	57	32	96	32	23	81	24	69	43	23	69	44	74	97
42	57	17	70	75	10	68	95	36	80	82	64	99	41	37	15	38	99	16	74
85	51	79	23	84	71	97	66	1	9	92	28	66	40	94	43	12	62	50	42
61	88	89	62	36	98	75	1	86	80	39	64	67	22	95	72	59	34	88	64
78	21	98	69	21	32	36	60	75	38	86	70	91	80	52	19	5	18	44	10
66	52	76	73	33	80	93	66	45	20	66	90	84	3	39	93	13	59	97	77
35	32	92	6	55	14	73	97	94	7	59	59	46	85	9	51	63	74	93	20
87	71	85	83	26	11	3	48	18	43	86	42	16	53	20	81	31	6	2	11
76	61	78	5	46	64	82	8	45	8	37	16	24	92	80	31	83	19	97	19
88	72	16	76	15	49	9	53	42	81	14	8	12	87	60	54	82	70	95	75
62	23	48	80	22	77	25	28	73	40	62	43	14	5	66	88	32	5	39	3
79	96	74	25	7	62	41	33	1	55	4	27	10	93	22	84	19	80	93	30
17	70	84	13	49	72	27	53	92	31	83	13	82	90	62	41	71	75	70	25
65	8	1	23	20	19	86	79	41	72	35	83	54	18	7	22	9	49	46	57
14	70	71	64	90	53	98	94	89	68	87	92	9	45	33	78	26	90	85	63
87	40	29	95	55	22	41	98	27	89	47	20	37	10	71	89	76	66	61	38
84	32	78	93	10	44	30	75	92	41	7	99	55	37	50	92	41	56	95	84
57	78	12	11	60	63	63	93	17	2	68	9	58	65	50	64	59	42	15	62
66	36	58	77	11	46	8	50	50	60	36	37	22	24	97	57	43	30	52	66
59	80	3	18	9	77	94	2	26	51	53	35	46	90	38	97	36	34	45	25
96	92	92	2	16	61	6	92	47	68	81	22	54	92	60	60	76	61	71	57
54	80	53	64	82	21	84	20	29	74	3	13	45	67	12	31	86	5	11	20
41	97	27	43	92	56	83	19	27	88	23	49	74	35	45	26	22	74	29	30
67	49	37	99	41	14	17	93	82	80	51	47	33	97	37	91	89	49	77	19
4	11	60	65	79	57	3	86	36	55	1	74	5	46	97	23	92	29	11	19
7	10	2	92	76	29	57	20	24	67	30	93	62	3	86	21	11	5	64	98
4	31	45	25	90	26	89	7	64	28	87	5	93	7	95	99	68	72	39	57
25	8	72	23	50	9	78	11	32	16	43	36	79	97	37	50	98	67	83	71
14	29	35	61	86	23	91	34	11	71	49	44	97	43	27	22	21	24	31	42
10	4	25	68	6	31	59	56	28	33	85	74	5	7	4	86	49	64	5	75
27	83	22	93	82	67	47	75	84	98	76	8	70	76	58	98	98	90	65	34
83	20	95	68	70	55	18	37	46	28	34	9	10	26	17	59	35	53	67	9
35	61	90	43	27	24	30	28	39	17	93	20	85	13	49	77	13	26	65	35
6	80	55	90	79	31	99	27	10	55	70	81	38	93	24	93	19	17	76	15
23	48	83	84	61	96	79	15	45	28	84	67	21	6	88	6	94	10	66	13
88	3	38	4	28	23	6	25	84	26	37	94	69	57	3	86	53	13	54	75
40	21	65	23	86	54	26	67	32	94	37	12	19	82	1	37	12	99	16	74
4	33	34	76	17	90	43	67	81	23	6	69	85	49	5	59	94	24	88	4
42	46	59	48	62	33	50	30	41	18	2	55	79	28	38	38	11	26	60	42
97	86	12	88	42	10	5	65	96	12	83	39	59	13	84	92	96	50	76	85
31	22	41	52	58	45	73	76	93	77	65	18	22	8	68	80	30	78	48	21
90	82	35	90	76	80	94	94	63	71	24	40	1	93	54	57	92	87	27	87
92	37	83	91	64	40	15	65	84	89	1	23	99	16	99	86	31	51	25	60
21	23	50	71	41	54	55	12	15	43	31	16	71	88	94	21	11	87	92	41
73	97	72	21	86	93	73	20	70	15	33	32	58	87	92	78	8	59	60	50
88	42	69	85	17	31	3	32	47	12	6	8	38	60	32	19	23	3	96	95
89	90	36	53	83	2	61	82	26	65	57	61	72	69	80	44	43	68	53	58
81	4	31	32	71	92	24	87	86	25	43	32	18	61	11	40	33	28	10	1
37	93	43	44	62	8	78	1	32	70	71	31	35	73	90	44	30	97	48	46
72	22	87	31	86	76	93	89	25	18	18	26	32	70	82	37	10	31	20	50
12	8	71	15	39	5	10	95	66	68	57	36	12	70	76	16	29	33	63	94
49	24	24	37	89	73	91	32	47	13	96	28	12	69	7	17	5	32	34	47
74	43	61	48	6	89	84	75	82	51	67	48	48	57	21	83	64	57	38	1
77	71	89	19	75	88	84	44	44	47	53	19	18	34	42	80	3	74	27	34
46	24	38	81	83	66	73	42	78	80	62	60	10	92	65	55	58	57	73	45
63	3	59	3	19	47	62	34	96	50	67	87	19	47	40	38	70	14	18	29
43	97	70	10	84	42	17	81	90	29	15	25	4	84	43	22	36	97	57	38
93	85	35	97	2	71	24	13	95	5	44	90	2	76	97	84	43	15	54	88
20	63	37	46	86	56	81	64	48	42	72	36	92	85	79	4	44	8	3	37
44	22	31	82	65	29	43	81	47	46	71	55	3	30	41	80	64	2	11	22
81	11	30	82	35	28	64	85	57	15	85	35	93	7	7	18	46	78	1	91
36	7	93	37	43	98	41	73	41	91	73	26	95	13	15	29	11	20	6	3
16	88	7	40	56	40	5	56	4	83	33	66	70	25	90	70	96	25	29	42
90	72	15	64	44	98	21	28	27	29	52	38	56	20	54	99	80	54	20	47
33	65	27	93	42	71	61	45	15	13	43	19	45	5	18	54	87	34	55	3
12	81	23	89	4	29	95	4	99	71	11	22	41	95	45	35	21	55	1	79
49	18	70	47	84	67	29	15	70	74	16	57	25	72	1	38	49	87	73	85
70	97	69	73	90	6	7	19	56	14	36	11	14	86	65	45	88	65	75	49
37	27	6	16	8	16	79	90	43	27	17	64	60	81	3	56	65	61	69	94
98	13	56	22	52	62	45	58	43	34	40	61	30	63	54	92	92	6	39	45
30	8	97	5	35	18	51	92	13	57	20	29	18	29	7	23	63	44	88	29
44	59	93	83	63	47	70	41	30	53	27	53	94	5	30	40	22	47	10	45
65	38	55	82	5	59	73	12	14	71	51	35	43	28	26	30	83	56	25	58
30	4	49	10	55	92	17	27	40	34	41	1	7	20	11	7	81	25	85	27
10	90	6	2	54	85	98	9	12	4	5	9	43	9	98	48	24	21	90	64
40	47	7	90	97	56	14	22	86	95	64	83	3	83	22	43	23	17	60	98
95	85	47	20	72	37	84	65	74	97	7	4	19	16	62	70	42	39	97	77
62	52	39	36	30	32	3	1	91	37	55	70	10	39	28	24	27	64	46	37
21	8	47	72	59	40	11	6	96	96	14	72	75	78	28	9	72	82	70	63
98	2	14	83	15	62	34	10	77	55	6	94	38	31	71	38	2	7	13	32
13	31	18	86	79	40	80	40	77	1	98	53	98	59	89	19	32	81	60	69
24	34	8	74	20	35	92	90	37	81	38	70	92	36	32	62	11	88	73	86
4	68	18	62	15	86	17	66	17	52	99	55	34	41	93	33	98	95	83	7
9	47	7	83	92	40	72	3	94	59	27	57	28	56	64	27	93	13	39	14
20	13	17	50	71	58	84	42	78	67	24	20	94	76	33	72	42	96	98	60
33	40	54	37	97	2	2	62	77	46	1	25	14	21	7	81	82	9	92	23
10	15	97	25	2	81	19	63	78	77	60	50	13	46	7	23	8	85	81	81
53	33	30	63	41	41	25	60	41	40	96	53	8	75	14	99	44	63	30	56
46	94	91	81	84	73	59	7	28	25	6	50	54	14	30	78	99	40	64	27
93	3	59	57	39	39	10	66	20	72	76	81	92	84	49	14	6	36	83	79
32	39	60	92	87	13	5	48	7	7	15	87	50	20	82	22	71	8	52	61
46	70	30	12	13	54	67	23	25	21	39	95	62	77	25	32	94	65	44	73
74	47	71	92	4	74	38	9	51	86	10	42	55	57	79	50	12	82	88	76
10	91	15	72	96	97	62	20	92	86	4	62	92	59	34	48	96	20	51	97
11	51	73	98	32	65	69	2	44	82	54	32	4	67	34	15	70	69	67	33
50	92	43	15	36	4	28	31	8	99	73	22	93	3	75	1	64	52	80	26
97	62	88	15	60	16	31	13	30	8	72	54	68	12	65	20	31	43	56	63
37	79	91	80	23	51	27	57	3	71	95	94	48	80	89	66	87	41	30	63
23	17	31	83	13	88	78	98	96	32	43	69	40	45	86	61	75	90	26	80
81	42	13	99	8	53	81	44	30	27	31	89	9	97	83	2	29	6	95	23
98	62	33	39	93	33	59	17	19	32	90	94	58	95	75	68	79	63	45	45
76	29	36	53	57	66	29	31	16	19	58	98	14	35	25	62	19	64	11	89
38	26	51	76	70	82	41	65	77	54	91	42	78	84	30	96	7	93	99	68
59	64	27	27	70	86	65	92	30	2	55	95	34	14	32	87	87	62	83	86
96	45	1	36	65	21	9	76	77	89	39	96	10	62	50	67	80	68	77	36
89	93	65	60	40	77	96	52	35	92	33	7	69	68	28	75	11	95	9	54
73	33	64	58	24	78	19	88	43	89	43	61	81	52	57	59	18	9	1	15
32	30	11	46	20	80	93	18	3	97	21	39	31	52	99	26	71	74	29	45
18	67	44	6	70	87	53	95	1	44	70	75	56	2	88	73	38	25	52	45
18	74	17	18	3	90	31	27	17	81	99	4	87	80	5	83	6	43	54	33
63	32	41	93	9	5	53	13	73	14	73	79	21	85	83	7	70	55	19	6
9	10	96	88	73	17	12	69	95	28	76	2	11	27	68	94	66	47	93	45
65	37	40	88	48	39	53	29	11	13	16	73	80	60	88	68	94	19	80	13
85	24	46	60	37	78	19	70	84	24	11	86	76	97	36	52	45	50	35	78
62	87	27	49	3	3	67	91	73	45	45	60	31	7	52	40	77	87	55	77
6	56	26	73	40	31	61	5	70	36	7	91	79	19	84	77	54	82	74	16
73	35	85	21	97	4	14	93	34	23	94	4	94	96	66	28	53	59	41	90
20	8	19	35	41	80	81	89	61	67	1	6	79	8	34	59	38	56	11	40
80	40	53	74	34	49	67	56	79	88	79	99	38	59	25	68	94	94	14	90
14	58	73	79	88	76	49	41	22	53	66	87	49	16	79	16	96	13	73	8
67	22	62	98	1	96	3	28	2	40	31	9	68	91	48	3	48	34	81	46
28	31	71	98	68	82	3	18	47	20	6	96	90	2	39	83	33	83	15	76
72	93	92	11	96	99	42	66	99	67	58	96	47	13	61	83	15	40	78	61
70	9	88	5	68	89	89	15	49	26	51	91	39	93	50	66	24	30	53	67
83	86	60	85	18	55	39	50	39	59	46	91	94	84	81	55	61	34	17	73
24	20	93	33	89	8	71	8	78	96	87	15	24	22	24	9	37	85	72	71
73	36	44	63	19	56	49	99	18	78	16	12	97	77	94	33	75	27	31	59
22	23	70	25	19	98	4	94	64	14	1	13	56	41	72	30	7	67	64	63
53	47	99	62	72	76	3	40	59	31	17	28	7	72	4	30	44	36	14	8
82	94	32	21	77	8	25	69	64	47	50	21	4	93	52	7	97	27	12	18
76	5	29	8	65	14	29	40	73	60	42	43	29	83	14	45	37	45	59	11
1	65	71	92	87	77	39	46	6	46	96	63	74	45	82	4	72	22	19	90
71	74	87	66	79	3	12	4	69	92	31	26	17	16	97	13	22	40	81	99
19	47	99	69	75	36	77	73	82	15	28	36	57	46	94	7	8	84	63	82
61	80	30	75	4	23	24	68	42	36	97	36	10	43	72	38	87	39	48	92
19	39	84	63	46	27	62	77	47	32	58	97	69	4	71	7	84	83	2	92
84	73	40	60	95	76	76	87	75	23	80	9	3	42	30	11	4	22	76	23
39	65	47	63	33	4	63	89	78	73	93	40	15	56	84	36	21	24	36	53
15	82	81	40	75	25	39	67	12	31	26	38	3	11	12	29	27	22	9	83
87	54	30	40	91	42	72	20	94	16	57	26	53	71	78	95	11	98	98	48
79	18	11	16	81	74	67	65	23	45	51	80	69	90	13	58	97	30	73	32
29	64	32	55	94	11	79	14	76	55	46	45	10	46	9	62	92	68	54	80
97	50	74	72	54	43	41	95	58	93	32	58	75	89	61	87	92	40	26	56
17	22	42	75	40	87	60	46	38	61	73	26	44	4	62	15	65	15	94	90
80	54	58	97	28	24	19	82	15	95	23	10	85	40	2	76	16	99	94	8
84	78	69	3	16	2	89	32	81	34	22	80	40	38	38	81	15	82	15	93
98	73	86	93	31	84	22	61	28	80	22	14	50	77	28	65	49	88	73	33
51	85	9	15	38	17	71	99	79	26	34	74	76	98	8	49	24	25	60	3
64	82	51	30	50	60	16	90	28	15	61	13	75	35	62	16	50	12	42	33
68	85	42	57	61	4	11	15	41	69	15	16	17	28	40	72	29	46	45	26
17	29	27	87	98	27	56	60	93	58	17	29	37	9	97	94	45	39	56	77
90	29	92	41	42	35	66	60	89	95	68	73	55	26	16	98	72	54	24	35
98	45	56	82	53	33	10	15	32	43	40	25	37	39	73	70	67	42	12	28
56	52	22	27	34	5	86	51	33	31	96	68	77	35	41	39	59	54	76	86
56	19	24	6	50	61	22	6	49	31	34	89	50	18	60	47	16	10	84	31
27	79	4	47	90	88	31	54	78	40	72	14	42	16	21	73	97	68	28	14
14	64	97	98	86	19	49	68	65	49	2	42	74	49	81	45	6	16	88	96
38	23	44	71	72	6	18	30	99	87	69	46	90	68	32	8	95	96	5	53
26	56	34	34	34	59	87	52	30	53	77	1	78	56	30	24	89	61	14	85
81	29	21	35	83	37	36	33	19	2	66	16	40	6	27	59	51	40	12	21
64	56	92	74	88	44	2	46	29	85	49	66	98	87	17	76	18	56	27	19
64	41	34	37	95	14	60	44	44	65	69	42	76	26	30	48	49	68	72	84
12	38	82	55	79	8	17	60	63	93	59	18	96	67	48	94	61	94	87	6
68	29	35	78	4	65	10	47	63	77	32	96	33	98	14	60	37	38	46	51
3	1	95	76	99	53	29	32	66	87	88	34	46	91	15	80	71	26	3	75
47	54	57	89	41	37	73	93	28	37	77	75	67	1	9	82	16	6	94	37
19	49	10	44	81	86	65	48	62	44	53	57	87	54	18	19	18	91	75	20
21	79	80	26	85	59	83	57	22	58	79	54	59	71	67	41	3	5	58	48

7	9	13	6	15	11	11	19	7	3	8	1	19	5	19	2	8	10	12	15
7	3	11	3	3	15	5	18	17	9	13	14	20	1	18	4	19	13	17	2
10	2	4	17	18	16	1	18	17	19	17	4	14	6	10	11	3	7	3	5
18	13	10	17	11	12	17	2	17	16	15	5	9	10	12	10	9	19	11	5
17	16	4	11	13	8	1	6	19	9	20	19	11	17	2	10	14	20	19	12
18	7	5	13	10	4	18	16	10	5	9	1	2	14	19	14	6	12	13	2
1	9	9	6	1	10	4	19	5	5	13	15	12	8	12	7	17	6	5	1
18	15	5	5	15	4	9	8	16	4	14	14	8	14	3	10	13	11	20	2
5	9	12	14	12	13	3	4	17	1	10	11	1	11	11	17	19	8	1	8
11	6	6	19	5	9	3	10	10	2	15	18	7	11	1	8	1	6	3	9
1	17	6	2	8	17	2	18	12	20	9	8	15	10	14	16	7	17	16	7
7	3	1	7	16	12	4	16	8	4	11	2	12	16	19	16	9	19	7	8
11	14	14	10	20	19	4	17	17	11	1	1	6	13	4	9	15	20	11	19
7	15	19	16	1	1	13	14	10	5	6	2	17	10	10	13	10	11	3	16
10	12	20	1	11	5	19	14	13	1	5	4	6	4	9	7	13	9	1	8
20	2	16	13	9	3	2	4	6	8	16	17	14	17	11	17	20	15	16	13
19	15	4	16	13	15	7	10	5	10	3	11	15	11	7	9	12	5	19	5
19	20	3	13	15	12	1	8	17	8	3	16	19	2	7	11	12	6	20	1
1	10	15	5	1	2	20	10	14	5	6	2	13	14	7	20	11	14	14	4
2	3	14	15	13	18	18	16	4	10	11	10	6	1	17	14	12	13	19	6
6	14	6	18	4	9	7	14	19	4	17	4	6	11	10	1	4	10	15	13
15	5	3	12	17	16	18	6	11	11	2	7	13	18	19	14	18	16	18	20
9	9	2	1	10	4	1	19	14	15	19	12	3	7	1	11	18	15	11	3
20	13	5	7	3	11	9	8	11	17	4	16	3	4	19	8	19	9	4	14
10	10	7	17	1	9	6	9	19	12	3	3	4	2	8	10	2	18	2	5
16	18	1	14	4	7	18	2	13	8	18	13	15	7	10	6	20	9	5	11
18	19	18	9	17	11	7	5	4	16	12	6	20	5	3	6	1	14	18	19
13	5	17	8	16	18	2	2	12	4	18	20	19	14	2	12	5	12	19	8
17	10	4	14	3	12	5	8	20	17	9	10	6	20	14	19	3	7	20	9
13	1	7	9	15	4	14	4	18	16	13	5	7	7	11	8	13	2	6	16
6	1	5	19	4	13	9	17	5	11	8	16	15	2	5	12	13	9	15	19
1	15	14	4	18	6	11	7	20	2	4	10	13	8	3	4	13	5	20	4
18	20	16	4	17	3	8	19	18	12	10	17	11	2	10	17	12	2	17	17
5	7	16	9	17	6	1	5	20	5	20	15	18	4	17	3	10	4	17	10
12	5	12	4	5	6	20	16	17	20	8	3	15	7	20	11	4	6	7	11
1	14	19	13	14	10	8	5	8	1	11	5	9	17	9	9	5	12	14	16
10	13	13	9	10	1	19	18	3	4	8	12	17	6	8	13	12	4	10	13
2	11	2	20	2	11	15	16	17	7	18	11	20	18	19	1	14	9	9	20
10	19	19	7	8	13	15	6	1	19	2	8	12	16	19	8	4	7	11	12
12	9	5	15	3	2	3	4	12	4	11	20	1	6	13	12	17	19	7	10
12	3	14	8	1	9	15	7	11	19	9	2	15	10	8	16	5	10	5	9
8	18	7	20	12	1	18	18	15	11	13	6	15	8	15	3	3	1	4	12
2	12	11	10	17	19	10	11	5	7	5	12	4	8	4	20	18	15	8	7
10	3	4	4	11	17	18	17	16	13	20	8	5	14	4	14	4	7	19	20
7	1	5	19	14	8	6	7	18	2	14	10	8	16	16	11	17	7	6	6
3	2	7	12	7	2	13	3	4	6	1	2	9	17	3	19	4	4	7	12
19	6	7	12	19	7	2	19	9	2	12	10	10	17	19	7	16	13	6	2
13	1	10	19	19	11	5	7	6	13	17	17	5	12	5	2	12	6	3	17
12	20	20	9	10	16	3	12	12	11	6	16	20	11	2	10	4	12	9	12
3	16	15	11	9	11	11	2	9	17	5	8	6	18	19	16	5	9	14	8
13	12	16	14	15	8	19	7	15	16	12	16	3	17	16	11	14	14	10	18
11	10	19	2	11	2	18	3	3	10	15	9	13	18	15	13	9	7	10	1
1	6	13	5	11	14	15	17	2	17	5	6	6	4	4	12	1	5	17	2
5	15	7	12	13	7	14	17	9	10	10	11	1	12	20	13	4	17	14	2
2	14	13	6	5	10	12	6	7	18	5	7	6	1	1	5	9	7	4	20
15	18	4	1	12	20	13	3	17	2	20	14	9	5	7	12	14	10	10	14
12	15	16	17	15	19	5	14	5	7	20	14	20	12	19	2	11	18	7	17
5	8	10	5	12	2	10	20	13	7	13	6	9	9	7	6	9	14	5	19
11	3	2	14	1	19	9	11	11	12	8	16	2	17	12	13	14	4	9	15
20	18	8	14	18	3	18	17	16	20	4	19	17	18	16	20	16	14	4	20
17	14	7	9	4	3	9	16	15	12	6	13	17	4	17	12	15	18	8	10
6	8	6	16	2	8	13	13	5	5	14	13	5	19	3	17	11	4	20	3
13	15	17	9	6	13	13	12	1	1	18	5	19	9	3	13	10	6	15	13
10	6	11	4	20	4	15	5	14	9	11	13	7	9	1	18	15	4	4	17
6	13	19	3	6	7	11	2	5	10	8	8	5	12	13	9	17	16	5	1
14	17	15	16	8	20	5	5	5	13	15	6	4	15	2	6	17	6	12	17
7	6	17	11	12	1	8	20	17	16	13	3	3	20	12	17	11	13	3	7
12	12	4	15	5	15	11	20	6	8	17	11	7	18	4	6	15	14	5	4
12	19	2	20	13	5	12	8	16	9	13	19	6	17	19	17	19	14	15	18
3	9	12	17	13	3	17	5	11	14	9	6	8	8	1	13	14	14	9	16
1	17	4	19	7	20	6	7	12	1	1	11	15	5	3	19	12	16	18	11
5	17	12	11	20	13	19	7	1	7	6	14	13	9	5	8	20	12	5	1
8	18	13	5	10	6	1	18	12	20	10	20	4	18	15	15	15	19	18	1
7	18	19	14	2	13	10	1	8	4	19	1	1	12	1	15	5	16	11	5
2	3	2	6	15	14	5	6	2	4	7	16	13	3	10	4	7	2	12	20
4	7	6	4	2	17	2	9	13	8	20	11	8	9	15	4	20	7	7	5
5	15	2	14	11	4	19	19	5	3	12	15	16	17	10	6	12	4	5	15
14	19	11	17	13	5	16	4	15	2	4	19	9	15	1	6	8	13	7	2
20	5	11	18	13	19	13	10	20	5	13	12	11	11	19	1	7	20	2	17
13	17	5	10	5	6	3	1	2	12	3	5	3	8	18	1	7	20	20	8
15	2	8	3	4	17	5	15	3	18	2	4	8	5	14	2	11	16	5	14
12	5	12	18	8	9	19	16	12	8	11	2	2	11	13	3	9	6	7	15
4	15	9	12	13	12	2	20	4	18	6	12	1	7	7	16	7	18	1	10
4	7	1	16	17	10	12	5	11	4	18	10	13	1	18	11	9	6	4	5
4	1	14	11	14	8	9	20	12	10	2	11	20	13	2	4	20	2	5	14
7	19	20	15	15	2	17	16	14	1	10	2	16	18	4	10	1	6	16	14
14	7	18	17	11	11	14	12	8	18	15	4	13	10	19	12	16	15	18	18
5	12	13	7	4	13	16	5	15	17	1	8	9	15	13	6	3	14	3	8
18	6	20	9	18	13	9	8	14	13	16	3	7	20	10	2	9	10	12	19
3	2	19	9	12	14	8	20	9	3	14	16	1	3	14	5	10	17	2	12
7	11	11	18	4	16	7	1	16	7	13	5	8	15	5	20	3	16	13	5
16	14	20	5	4	14	4	4	16	14	20	11	18	12	1	11	10	15	17	6
9	8	8	13	12	5	6	4	14	2	13	11	3	1	3	10	16	20	1	14
15	19	20	2	1	12	12	19	3	16	7	6	15	18	14	13	3	14	3	20
18	17	2	2	4	10	17	17	7	9	17	8	18	15	3	17	8	3	15	17
10	17	4	13	5	20	15	6	18	19	10	20	14	15	11	8	6	17	19	19
4	7	10	17	6	6	4	11	6	3	11	10	6	14	2	14	4	4	13	6
15	20	4	8	20	13	4	18	8	20	18	3	13	19	4	10	3	6	5	14
17	7	13	2	11	10	2	13	13	2	11	7	11	2	1	3	13	5	8	12
7	19	14	20	12	9	6	20	10	16	3	5	5	5	17	20	10	5	1	3
2	4	1	11	2	17	6	8	8	19	17	13	1	9	5	20	20	15	8	18
12	7	4	20	12	17	2	8	13	16	7	9	5	6	13	19	1	20	7	13
15	2	14	6	15	3	15	15	20	11	13	19	3	3	17	5	15	8	1	8
12	10	10	2	12	1	13	11	19	1	11	8	17	11	3	5	9	5	7	9
20	17	7	12	4	6	4	9	16	10	2	15	8	16	6	6	1	12	19	16
17	13	17	15	4	9	17	18	19	4	20	10	2	3	11	8	12	17	14	18
14	11	9	6	16	15	16	6	14	8	18	19	13	7	10	18	14	11	11	1
7	20	18	8	5	16	17	8	5	13	2	11	17	8	7	9	11	17	2	5
1	17	5	13	17	5	12	3	10	18	1	3	16	2	6	14	12	12	12	9
15	12	14	13	16	6	2	2	3	1	20	5	19	2	3	8	8	12	14	7
4	13	17	10	7	11	3	1	17	20	16	7	9	6	9	20	19	20	13	11
7	10	2	12	10	14	17	19	16	4	6	8	20	12	7	5	10	11	7	5
7	19	2	20	2	7	1	5	17	8	4	14	1	12	18	11	5	10	13	12
10	1	9	4	8	13	13	14	8	16	19	4	11	1	7	12	17	20	14	7
14	16	17	12	3	15	13	10	11	4	11	10	18	6	18	18	13	16	20	13
12	6	13	14	5	6	6	11	18	1	13	9	6	17	17	18	20	18	14	11
11	16	5	10	2	18	10	8	1	16	8	6	6	2	1	9	20	15	11	11
7	14	17	14	2	12	11	7	16	11	19	2	3	16	6	10	19	1	13	17
18	13	20	14	14	5	7	14	2	6	18	11	6	2	13	14	1	16	3	10
12	1	13	16	9	18	6	10	9	11	15	5	6	9	20	6	15	11	19	4
1	4	5	6	19	17	14	5	7	5	8	11	9	11	18	20	15	1	6	14
14	8	9	16	16	17	6	16	13	4	8	3	5	17	14	12	20	5	7	9
17	4	18	19	18	3	10	8	18	2	20	18	7	4	10	14	6	13	3	18
18	6	14	5	13	13	3	7	12	11	10	17	2	13	6	5	11	1	2	5
9	7	16	12	5	17	12	6	10	18	8	20	3	11	17	16	17	6	6	7
1	18	1	11	2	4	10	12	8	12	9	3	13	9	6	4	14	14	13	3
17	12	15	16	15	6	5	3	4	20	14	14	5	7	20	18	17	16	9	13
4	2	18	19	4	4	7	12	13	14	20	2	13	10	13	18	19	12	8	14
16	2	6	10	8	18	12	15	12	10	5	14	13	11	12	2	5	16	12	13
13	10	12	16	3	20	2	5	3	15	1	11	11	11	3	1	4	5	4	10
11	3	2	11	17	20	1	20	8	12	5	9	3	17	8	17	4	18	3	20
4	2	3	2	20	5	9	19	19	4	8	11	6	3	5	4	13	8	2	6
9	18	12	8	18	20	10	2	8	20	1	1	19	16	12	14	6	20	4	11
10	2	7	6	9	9	8	20	10	9	10	16	11	2	18	3	5	11	18	16
20	6	10	13	1	1	16	5	18	9	12	3	13	15	6	14	4	8	18	10
3	8	9	1	9	20	17	16	2	18	13	14	14	14	10	11	9	11	8	10
9	1	17	8	10	18	16	17	4	1	18	18	18	9	10	17	9	2	6	5
15	11	16	10	3	13	16	1	1	5	2	14	11	5	13	4	1	16	10	5
12	3	1	14	3	13	20	9	7	11	11	12	18	20	11	6	1	15	18	16
19	11	2	17	9	10	3	17	6	3	5	18	2	8	19	20	7	9	2	9
10	1	13	17	5	10	19	8	17	20	1	6	17	15	8	9	7	18	9	2
4	5	18	15	18	1	2	13	15	6	6	15	9	13	5	15	20	10	13	12
19	16	15	16	13	15	19	17	7	4	4	3	7	10	5	17	17	9	7	6
13	17	18	2	6	14	2	1	14	18	4	18	16	13	7	6	8	4	7	6
16	10	7	2	16	1	7	7	5	9	20	7	2	3	8	6	14	16	15	5
16	12	3	4	1	18	10	12	18	2	1	7	17	4	9	13	6	2	15	14
5	6	8	12	20	9	15	18	13	13	2	19	2	13	14	10	18	20	17	20
6	18	15	7	11	14	18	6	16	20	7	18	14	11	18	6	10	1	11	4
18	14	18	15	1	13	4	4	10	16	14	17	7	8	19	5	7	14	5	19
18	10	1	17	6	19	2	3	2	17	10	12	9	20	19	9	2	15	8	9
19	9	18	9	1	18	13	20	13	13	4	15	11	16	16	7	8	19	16	18
11	12	16	1	14	5	9	15	10	4	4	17	9	13	5	18	16	11	16	7
20	1	19	18	15	18	10	14	1	19	3	12	4	13	15	9	12	1	6	16
12	19	13	9	13	15	18	7	12	4	13	17	20	2	9	14	6	13	14	18
4	16	14	18	16	4	20	20	8	10	7	4	15	15	10	17	15	15	14	16
15	10	19	11	13	2	5	18	13	8	8	11	9	18	1	4	19	10	9	12
16	19	5	19	18	3	14	14	12	4	18	16	1	8	17	5	18	1	13	3
18	4	17	8	4	15	12	19	2	18	8	3	14	7	10	5	7	1	3	19
17	13	1	1	6	16	17	9	17	11	4	2	14	5	17	4	13	7	19	3
14	2	20	11	4	3	16	12	19	18	4	7	1	13	17	12	20	11	12	13
11	9	5	4	8	13	2	6	18	5	14	16	20	18	10	9	4	18	11	20
19	14	3	3	6	9	19	11	8	4	15	13	12	2	16	15	2	19	16	4
4	3	1	12	19	3	13	5	16	16	12	20	8	8	16	7	15	15	10	15
5	14	9	10	20	14	3	1	11	14	11	14	17	4	4	18	13	10	9	3
9	15	6	4	3	6	10	3	12	1	4	5	4	7	10	1	5	6	3	18
9	15	19	19	6	11	15	20	11	5	13	12	6	2	10	17	2	2	8	13
8	5	15	10	20	16	9	13	8	2	19	14	6	16	18	1	14	18	11	14
16	13	18	1	9	9	18	13	7	18	14	1	9	6	18	18	10	3	11	7
14	17	5	17	6	16	1	10	4	8	10	8	7	1	9	3	3	17	15	17
3	11	15	11	20	6	8	15	18	10	17	13	15	17	19	1	3	9	20	2
11	7	5	11	14	9	17	16	11	10	13	7	12	2	9	3	10	11	11	6
4	9	14	19	20	2	10	17	4	7	1	13	18	3	2	10	8	14	3	13
15	5	12	13	12	6	12	14	4	5	16	1	18	17	8	6	14	2	17	15
9	4	7	4	14	12	2	13	5	8	5	14	10	13	10	16	12	10	17	5
20	10	11	12	2	9	7	2	9	9	15	20	18	19	1	20	5	20	20	13
13	12	18	4	10	3	2	9	1	3	17	17	11	10	5	15	4	6	17	1
17	7	16	2	2	18	3	20	15	11	8	3	13	1	3	14	17	2	14	1
17	5	16	11	5	18	17	19	5	5	9	13	5	10	4	11	13	19	18	4
9	6	16	1	13	13	2	12	14	3	16	11	15	13	12	13	16	10	16	2
15	7	10	18	13	6	10	15	11	13	2	18	4	10	4	10	16	15	12	6
16	3	9	18	13	8	11	4	18	2	19	18	4	14	10	5	12	16	6	6
18	4	12	7	4	15	1	19	15	10	16	15	6	18	9	2	20	1	14	7
18	2	2	12	9	16	12	12	12	16	1	20	17	3	12	13	9	20	7	10
14	12	2	12	20	18	12	7	13	12	6	17	6	2	16	13	2	19	1	10
4	5	12	19	8	5	11	11	11	19	2	18	8	8	12	5	16	15	15	10
18	15	17	10	16	15	5	6	6	2	3	18	1	19	12	19	3	8	8	6
8	12	12	5	2	7	9	7	20	10	14	13	13	4	18	7	15	7	11	8
18	14	9	11	5	4	3	15	10	1	12	13	13	9	7	15	8	6	18	6
19	18	6	10	2	15	11	9	8	6	14	5	7	5	8	11	9	6	14	7
12	17	18	12	12	9	10	10	12	1	1	9	15	8	2	4	15	10	20	12
3	1	15	1	6	12	20	18	15	7	10	6	19	16	20	3	11	7	17	13
19	19	18	7	10	8	7	7	19	17	7	10	7	2	11	9	12	19	9	1
19	9	20	5	18	7	17	20	2	17	4	2	6	4	17	13	16	6	7	3
4	1	4	14	13	3	19	15	4	5	3	7	17	7	17	19	7	11	1	13
10	7	13	14	6	16	20	19	16	8	15	5	10	4	16	6	6	9	10	20
16	9	2	8	16	13	19	2	16	4	8	7	13	10	17	8	2	8	20	6
15	17	2	15	4	12	15	16	18	7	19	2	11	7	15	11	8	17	6	2
10	9	11	12	18	6	1	20	2	19	14	20	8	11	6	12	20	13	13	4
12	13	1	16	8	3	20	3	19	9	13	5	4	14	18	9	16	7	7	3
8	18	9	16	15	11	17	10	3	19	19	9	11	13	14	4	6	7	3	6
11	20	1	14	10	14	1	13	15	2	14	20	9	8	3	8	16	17	1	13
16	9	6	7	20	4	7	13	6	1	18	10	11	11	17	12	9	2	12	18
10	19	20	14	4	4	7	4	18	14	7	19	15	14	16	2	15	20	13	1
16	4	8	3	2	12	2	20	3	16	14	12	19	11	12	18	14	7	8	10
20	14	20	16	15	10	6	7	17	16	13	17	13	2	15	14	4	12	10	12
11	13	1	9	10	11	13	4	11	13	16	19	17	20	17	7	11	18	13	6
20	15	14	10	10	12	1	12	4	7	19	11	1	6	3	1	14	20	10	10
15	19	3	20	1	4	7	5	8	5	4	2	13	13	14	5	1	15	2	9
15	1	7	10	6	7	9	8	2	10	9	20	13	11	8	14	7	7	19	8
17	15	20	20	12	9	10	18	13	20	11	14	1	12	15	3	20	18	13	20
9	13	19	19	18	14	4	16	19	15	16	18	17	16	10	8	3	16	8	8
14	15	5	16	13	14	19	19	11	10	20	16	2	18	20	20	12	7	17	19
14	13	2	19	11	13	20	8	1	12	8	13	12	11	6	5	9	14	20	11
15	4	13	2	1	7	19	6	5	9	9	16	18	9	16	6	6	4	4	14
10	9	17	17	3	7	12	4	10	16	15	18	19	14	5	12	4	12	6	15
6	17	11	4	14	2	1	5	19	4	5	1	15	1	6	10	16	17	4	15
16	10	9	10	5	4	9	3	13	11	6	2	6	4	16	10	19	4	1	16
11	8	17	6	4	9	18	1	9	3	5	14	16	19	4	5	17	12	12	2
19	1	7	20	7	11	9	13	4	16	1	13	15	16	13	16	15	2	18	15
13	16	1	16	5	11	11	19	6	16	4	4	20	14	5	3	16	10	19	19
9	16	20	2	9	12	18	20	19	8	14	9	17	17	15	14	5	3	9	6
12	8	7	12	1	14	19	8	16	9	8	8	20	10	1	12	18	17	2	10
16	19	20	6	12	5	1	7	14	2	12	1	2	19	18	16	16	15	8	10
5	19	18	2	3	5	19	20	11	3	11	16	4	18	18	16	10	10	1	4
17	18	18	2	15	14	11	3	8	7	13	12	2	18	1	7	16	19	1	5
19	1	8	10	13	11	16	6	7	3	17	11	19	11	4	2	9	2	14	2
19	15	10	18	6	7	3	4	1	12	3	15	13	5	7	17	6	8	17	11
20	20	10	9	11	13	13	11	19	9	4	18	16	7	11	15	7	5	3	16
15	6	20	18	20	2	10	4	6	5	11	1	5	9	17	9	11	18	3	5
20	14	1	8	17	12	5	9	16	2	5	18	19	12	11	2	1	7	1	13
11	7	14	19	5	12	9	4	20	12	1	16	20	13	16	7	1	17	1	6
6	4	1	10	11	14	11	14	20	14	5	3	7	20	16	11	13	7	10	20
12	8	7	12	16	1	13	14	4	3	14	16	1	11	7	14	20	7	6	9
14	12	18	17	12	20	18	17	15	12	9	4	11	13	18	8	1	10	6	12
17	20	4	16	14	20	14	20	4	6	19	10	4	11	6	13	9	4	9	15
13	1	5	12	5	18	7	13	14	3	14	16	9	3	12	17	18	13	11	20
2	4	4	6	2	7	11	2	2	1	18	10	14	10	4	9	2	12	20	8
20	3	17	17	2	13	1	9	10	7	9	2	16	20	5	3	17	8	20	10
8	9	4	9	18	3	10	16	13	8	19	7	15	12	17	12	16	15	12	4
1	13	12	1	4	15	4	16	3	1	20	9	16	7	7	16	5	20	11	5
15	7	20	12	2	13	15	8	16	2	7	12	7	11	17	9	5	14	18	17
1	6	13	17	16	14	10	4	5	4	7	8	20	6	5	10	9	11	2	8
9	18	13	9	19	15	3	14	18	10	10	11	14	7	15	7	11	1	5	9
13	11	8	5	16	20	7	12	2	12	12	20	1	13	16	5	19	3	4	18
1	5	20	3	12	15	5	5	5	17	10	15	5	5	1	14	5	9	17	11
20	20	7	14	8	20	17	9	14	11	3	9	15	8	4	15	9	1	4	7
15	18	14	10	19	19	15	3	8	5	10	3	3	15	8	15	9	20	4	13
11	17	15	20	5	17	9	14	11	13	6	19	12	12	11	16	16	8	14	10
17	14	20	7	11	1	7	1	19	9	13	17	10	16	14	2	14	14	19	14
20	20	13	6	15	17	4	2	13	4	7	16	9	14	10	9	4	3	1	11
7	19	4	14	4	2	18	17	14	1	18	6	6	8	20	3	4	10	12	5
6	6	16	20	1	8	6	8	11	18	2	12	10	18	8	14	1	5	18	9
19	1	6	17	10	17	2	17	1	20	18	2	7	15	8	16	17	12	9	17
19	12	15	14	7	11	19	16	14	3	4	12	15	11	16	8	19	18	12	16
19	1	4	16	7	15	14	8	1	2	2	3	2	18	4	12	2	16	19	4
18	2	13	6	5	18	10	9	19	19	4	5	9	7	5	15	11	14	9	8
18	9	3	2	4	14	6	20	8	7	2	17	19	11	8	18	19	13	14	6
19	14	8	9	7	6	11	2	9	9	9	17	10	10	17	8	2	17	19	17
13	4	3	2	3	12	20	16	12	11	8	6	20	18	2	8	7	8	6	18
4	2	10	18	13	4	14	7	9	20	15	6	3	11	12	8	7	9	15	20
4	6	18	14	19	15	17	14	8	16	13	10	8	18	8	15	3	1	16	14
11	15	17	3	13	6	13	19	1	4	19	6	18	7	6	19	12	17	18	9
8	16	2	5	8	19	11	3	12	13	14	9	16	15	19	19	12	17	2	4
13	12	20	12	5	10	16	5	11	19	4	2	7	11	7	6	12	10	6	10
7	13	9	13	17	1	9	1	20	4	5	1	7	8	13	19	17	7	3	1
5	17	13	2	15	9	11	18	9	2	7	11	14	15	17	16	6	11	15	19
14	2	1	14	9	8	19	6	10	3	17	19	7	9	16	17	3	13	3	16
20	10	14	2	10	16	4	9	20	8	17	10	9	5	10	4	2	4	20	2
8	2	13	17	15	17	1	6	16	4	4	8	14	14	20	9	6	4	11	12
7	16	17	2	15	19	6	16	17	19	18	4	13	11	12	8	9	5	1	12
10	8	18	6	10	11	6	16	7	11	5	2	19	3	1	20	13	14	14	16
14	14	19	14	5	16	8	18	11	17	7	1	19	12	1	1	16	10	2	6
2	16	7	18	8	12	20	7	19	11	6	15	2	14	15	16	5	16	10	4
8	8	19	5	3	4	18	18	2	15	6	11	20	2	14	17	10	16	19	14
5	16	4	12	17	11	11	13	16	19	7	20	20	2	3	4	15	1	1	20
12	17	8	5	18	16	16	7	12	1	17	7	8	11	3	4	16	6	2	16
14	17	10	20	10	10	20	1	14	17	9	17	20	15	2	6	1	5	20	20
1	20	8	4	10	3	13	15	5	20	7	14	15	1	9	2	6	17	16	18
18	11	13	14	3	4	15	13	19	15	8	16	19	16	7	1	3	14	1	14
16	9	13	11	5	12	13	20	11	13	3	12	14	19	8	16	20	8	16	11
11	11	3	4	20	3	14	12	9	4	5	15	20	11	10	12	18	12	15	5
4	12	3	8	5	7	14	10	1	8	13	7	20	3	3	3	4	18	14	17
3	20	14	3	5	17	20	18	10	14	17	4	15	16	20	8	9	8	14	8
15	10	10	18	14	12	9	4	8	4	15	13	9	9	1	18	15	16	17	8
12	17	14	5	18	2	10	7	4	13	5	5	4	2	9	18	13	7	13	13
15	18	9	18	8	7	17	10	18	3	5	8	14	15	8	14	15	11	14	10
19	6	18	9	14	14	6	2	10	18	3	19	1	1	18	17	16	14	1	20
20	11	13	11	15	10	15	17	19	19	11	16	5	9	18	20	4	6	13	17
18	17	7	2	11	5	7	18	15	1	5	12	19	4	13	2	9	6	18	8
8	20	15	12	4	10	8	6	3	20	12	7	12	9	18	8	19	8	1	9
17	18	15	15	1	15	18	14	19	6	18	7	15	6	2	7	16	9	1	19
14	15	1	8	1	19	16	19	7	5	19	13	17	20	9	4	1	12	17	17
17	6	10	2	12	4	8	2	6	9	4	20	1	11	1	17	17	18	18	7
10	11	11	18	8	14	11	17	6	17	9	9	20	15	17	14	13	12	18	20
10	13	3	16	18	2	4	3	3	18	17	7	13	13	8	17	4	10	7	1
9	12	10	1	1	11	20	10	15	16	8	2	6	1	4	17	6	5	11	7
11	17	5	18	6	8	20	14	19	15	10	15	11	11	2	13	3	10	2	15
9	11	17	6	20	1	7	19	1	7	1	5	19	16	2	17	17	11	20	13
9	6	19	18	7	14	13	6	16	20	3	4	11	15	8	17	15	19	20	8
15	5	19	18	11	16	6	6	9	18	8	1	2	16	20	8	14	15	11	1
7	14	1	7	6	12	14	16	8	11	15	20	17	12	13	2	6	20	3	17
20	12	10	4	18	13	10	7	13	1	4	9	17	14	19	15	13	19	19	16
12	5	17	11	2	9	13	5	3	13	13	1	16	7	1	15	11	16	16	1
19	8	6	14	9	2	18	18	6	4	18	14	7	11	16	8	15	3	15	18
4	13	16	6	4	14	12	5	11	11	11	13	5	2	2	5	14	2	17	19
11	17	9	1	8	17	20	11	17	8	4	11	13	1	11	5	10	14	15	19
20	3	14	3	17	14	17	9	7	11	1	5	1	2	2	3	15	18	9	11
17	1	19	17	16	10	8	6	20	12	17	1	10	15	16	19	15	8	16	19
8	20	7	7	6	13	20	11	12	4	9	3	11	9	5	15	14	16	3	9
13	8	16	20	19	19	4	1	16	18	13	2	20	3	4	5	12	3	10	13
4	19	6	17	14	8	18	17	15	18	18	11	8	13	2	14	10	11	2	13
20	12	16	1	3	4	19	1	13	15	11	13	6	14	17	20	17	14	13	2
20	19	19	14	19	6	16	4	10	12	13	14	20	16	15	16	9	18	3	17
11	9	9	11	7	16	15	1	14	14	3	1	10	12	18	10	8	9	7	17
16	3	6	5	8	4	14	10	16	12	20	4	8	18	7	12	7	10	12	9
2	13	16	11	7	3	16	9	2	18	11	13	3	19	17	2	12	1	20	14
19	7	7	13	12	1	19	4	6	3	11	4	4	11	7	13	17	1	10	12
8	3	8	9	20	1	8	6	4	17	13	3	20	16	15	10	15	18	11	6
19	11	13	4	6	1	1	5	13	4	2	20	7	20	15	5	1	3	17	12
9	10	18	6	14	2	7	10	16	17	18	18	11	13	11	8	9	5	2	7
8	14	7	16	14	7	8	1	12	17	20	8	16	15	14	8	19	18	11	8
8	14	1	16	11	16	7	17	11	16	5	9	11	9	11	9	17	13	2	7
17	3	15	9	13	20	17	14	16	9	14	2	13	19	17	16	3	14	9	18
18	5	11	14	14	12	4	7	7	11	2	11	9	1	10	1	11	16	12	16
13	3	16	16	17	20	18	18	9	7	4	1	1	12	12	12	15	12	3	6
10	18	9	3	7	7	11	8	4	3	14	5	10	20	18	9	6	3	6	18
16	1	13	19	5	17	18	10	16	13	2	14	2	8	20	13	19	14	13	2
3	4	15	8	20	5	15	15	2	6	16	13	11	1	5	17	20	15	16	3
4	1	4	8	5	10	5	20	4	5	15	4	7	11	11	18	7	11	6	5
2	11	15	9	10	17	13	20	12	14	10	20	19	1	11	12	5	9	2	5
2	7	19	3	14	1	4	20	6	18	5	12	7	7	8	17	18	7	14	8
9	9	12	11	7	12	10	4	9	1	18	5	11	1	2	4	11	17	12	4
12	3	9	19	13	7	20	11	14	12	4	20	3	17	4	1	11	2	8	18
10	1	9	6	16	9	11	17	13	3	19	2	19	12	11	8	11	7	11	17
13	4	9	11	15	20	12	14	9	16	11	9	10	7	17	11	11	3	20	18
5	3	14	1	17	3	14	7	5	2	17	3	7	4	17	7	14	11	14	18
6	15	13	2	3	6	5	13	18	10	17	1	20	2	19	11	19	16	2	9
10	15	10	2	16	13	14	7	16	7	7	3	7	14	15	3	1	19	3	7
13	19	8	3	15	15	13	14	4	6	16	3	2	13	10	6	12	5	4	7
15	8	1	19	7	9	18	11	15	17	9	3	1	2	4	12	17	4	17	16
16	17	9	18	16	1	19	16	9	9	7	15	16	13	7	14	18	4	3	12
7	7	8	7	7	2	16	20	6	16	9	12	11	20	18	11	7	9	2	18
14	11	11	6	18	7	17	15	16	20	15	12	11	4	13	16	8	20	10	9
2	19	18	17	13	16	4	3	8	12	15	10	12	6	14	16	18	4	18	11
15	17	10	5	12	2	11	10	13	5	9	19	4	5	4	12	1	9	17	7
10	10	11	17	11	19	17	2	16	12	2	20	13	16	11	14	13	10	2	20
11	16	15	10	1	8	2	20	19	7	16	3	3	12	17	16	9	18	20	5
13	5	1	1	10	4	14	17	20	5	5	1	8	19	14	20	14	11	8	8
20	19	12	14	13	13	5	3	4	6	4	12	19	17	11	6	13	18	8	5
16	16	12	12	19	3	1	13	17	15	1	12	5	18	16	19	2	17	4	5
13	9	10	15	10	11	18	2	14	19	1	14	1	4	7	14	1	10	4	5
18	18	6	16	2	13	6	10	9	19	10	6	19	14	8	13	5	16	20	11
11	4	17	11	20	2	3	2	5	1	14	14	14	18	14	6	1	6	6	4
14	1	1	2	13	2	13	5	20	18	12	12	6	9	7	1	13	2	2	4
19	12	15	17	1	12	6	19	17	10	7	20	1	5	11	20	16	13	12	17
15	3	2	20	4	4	15	13	17	12	17	8	5	13	15	5	17	1	12	5
11	19	4	19	17	11	14	8	11	4	5	18	5	8	12	11	19	4	15	11
7	14	13	7	15	17	18	6	12	16	9	20	13	7	8	19	8	1	10	20
7	17	5	2	17	11	14	1	14	3	1	3	1	13	1	13	20	12	4	10
17	7	15	4	2	4	19	15	5	12	13	6	8	15	16	11	1	19	7	7
2	17	3	17	18	14	1	20	7	20	2	16	3	4	16	6	12	6	14	9
8	15	12	9	8	15	12	9	2	16	4	19	11	4	15	4	9	10	18	11
8	12	2	2	3	13	10	1	9	18	11	7	17	10	13	14	17	14	20	7
10	15	12	9	14	4	14	18	3	12	2	9	13	12	10	11	17	8	15	11
5	12	12	11	11	15	20	16	4	5	16	15	9	10	3	14	12	19	15	19
19	10	1	18	17	5	4	1	11	17	5	7	6	17	17	13	3	1	18	13
20	4	2	16	3	19	13	2	10	2	9	9	7	20	12	8	10	11	5	5
3	8	11	3	10	19	13	20	16	19	11	14	1	20	4	5	17	17	14	4
4	8	10	4	1	10	16	2	9	16	7	8	6	2	3	15	11	18	12	12
8	15	1	9	6	9	17	7	5	17	13	14	3	15	15	3	15	8	19	10
15	11	9	10	13	20	14	2	2	7	2	12	10	4	8	9	12	16	1	18
15	9	9	3	17	6	11	7	20	10	18	3	2	1	9	1	11	11	12	8
10	19	7	16	9	16	1	14	1	2	12	6	13	2	4	20	19	13	8	2
4	10	10	11	20	8	15	18	20	1	9	13	3	13	6	12	10	11	13	5
4	5	8	9	12	19	6	7	1	13	20	15	16	5	1	4	13	10	8	16
11	10	11	7	3	5	8	11	11	13	19	19	14	6	7	10	1	20	6	8
15	8	12	1	14	1	13	18	20	19	6	13	5	8	7	8	5	2	11	20
1	6	3	7	13	1	3	8	14	18	1	6	1	3	13	8	17	4	5	13
17	18	8	13	16	1	13	7	2	1	7	11	9	9	15	7	7	9	3	13
7	1	10	11	20	6	20	7	1	20	2	4	18	8	13	3	20	5	19	16
2	10	18	5	2	2	19	20	6	3	8	17	15	4	5	6	6	4	7	12
2	3	5	6	1	9	11	4	10	9	19	9	19	19	10	19	14	14	7	15
17	9	16	1	14	11	16	20	19	6	19	10	11	15	4	10	1	17	1	13
8	3	6	8	12	13	2	1	10	2	1	3	3	3	19	19	4	2	11	10
7	19	2	20	18	4	8	12	8	16	12	2	7	17	11	14	8	3	13	19
19	15	15	19	16	13	19	14	6	18	1	18	3	17	12	1	8	11	12	11
1	17	2	13	12	8	2	5	1	8	10	8	11	18	18	8	10	9	16	19
9	17	15	5	11	20	11	6	19	8	18	15	6	10	5	13	10	11	17	1
6	17	1	13	19	15	11	4	17	4	9	19	13	12	8	14	20	13	1	12
19	8	18	3	6	5	13	9	2	18	6	8	15	11	16	5	1	3	7	20
5	9	6	4	4	7	6	17	7	11	14	10	4	18	7	10	2	1	10	16
15	12	10	16	2	6	18	7	11	8	14	14	3	15	1	5	8	4	4	10
6	13	6	17	6	7	16	17	12	2	11	18	14	1	3	18	4	16	9	5
14	7	16	3	1	5	20	20	15	15	3	14	19	17	9	6	20	14	7	20
5	9	5	17	2	10	10	1	1	14	11	11	2	20	12	10	12	15	17	19
20	18	8	6	15	20	6	17	7	12	4	11	16	12	8	17	16	7	3	19
1	8	16	18	3	19	15	3	15	20	19	17	8	18	6	7	4	7	12	19
6	19	3	7	1	18	20	3	11	20	17	17	16	17	18	4	4	12	7	7
18	20	8	7	18	12	12	8	15	19	16	18	17	11	11	9	12	15	20	4
4	12	9	17	18	5	18	14	18	10	4	9	2	11	17	8	10	14	3	16
15	16	7	7	19	17	9	17	4	8	12	6	20	12	19	18	18	8	3	16
16	10	17	13	3	9	17	11	14	6	10	6	10	9	10	1	3	8	13	14
1	12	3	20	10	6	4	10	13	2	4	4	10	1	14	10	14	12	10	12
9	8	8	14	16	17	6	18	7	6	16	11	18	17	18	18	17	10	3	2
9	9	2	11	11	11	5	6	2	17	17	12	12	20	11	13	17	11	14	19
5	1	6	7	15	4	16	16	14	4	19	15	20	1	17	8	15	4	11	18
6	7	16	19	11	5	8	3	11	20	3	12	2	20	4	11	13	17	11	2
20	15	6	20	14	17	9	1	5	4	11	16	20	16	12	20	7	20	9	12
14	20	5	7	9	3	16	3	8	17	6	16	8	3	12	17	4	2	8	16
7	6	18	17	8	20	9	7	18	2	17	10	16	11	4	16	15	19	10	17
5	10	8	5	6	6	4	5	8	17	1	10	2	3	11	19	13	9	13	12
20	17	10	7	8	1	11	17	7	15	7	20	17	10	17	17	9	2	12	3
9	6	4	6	10	13	11	13	6	12	20	5	18	9	20	16	9	10	18	18
9	1	7	1	2	12	8	18	17	11	17	3	9	14	15	8	10	9	9	1
1	2	17	17	7	20	17	12	14	8	12	17	17	1	10	5	10	15	8	16
13	17	19	16	4	17	5	5	3	13	20	1	2	16	11	10	18	20	2	5
6	2	4	5	6	7	16	1	13	4	6	17	7	6	2	15	11	12	13	8
3	6	17	3	10	14	1	5	12	12	12	15	14	17	3	17	3	10	10	10
19	17	10	14	12	13	16	15	12	10	2	3	14	12	14	8	5	10	4	13
5	17	10	6	13	18	2	9	12	9	3	13	2	4	9	19	20	14	20	14
9	19	11	6	14	4	4	20	14	15	1	13	1	11	8	8	20	7	9	3
13	19	9	9	12	2	3	14	14	10	1	19	5	17	17	16	16	5	17	17
14	4	1	8	18	20	18	10	7	16	5	18	11	13	8	7	12	13	2	3
14	16	11	4	4	4	8	9	17	9	14	15	15	9	17	2	19	3	12	8
16	1	1	12	19	14	6	1	18	16	3	20	1	13	11	7	1	13	15	11
14	1	15	18	19	17	18	6	18	18	7	1	6	12	9	10	1	20	4	10
16	5	2	17	3	19	6	5	15	6	18	7	15	2	7	16	13	6	13	14
14	7	2	10	17	15	11	17	7	2	19	1	10	20	13	13	4	8	4	13
17	16	17	4	16	4	4	3	15	2	5	19	11	17	14	15	8	9	17	19
9	20	14	10	9	14	18	17	9	3	6	8	8	13	19	5	20	12	14	6
12	1	20	15	20	7	18	11	4	5	13	3	16	2	4	11	1	10	1	14
10	13	5	7	9	13	7	13	7	7	9	14	11	5	3	2	19	1	20	5
2	3	20	20	15	2	6	2	13	8	5	5	9	14	12	14	6	20	10	12
11	20	11	6	6	19	17	1	6	2	1	19	3	5	19	16	6	5	16	18
3	7	11	18	8	2	12	10	2	2	18	12	17	10	11	10	5	11	19	2
15	14	4	1	17	13	19	17	20	13	16	5	4	9	10	13	17	15	20	16
15	12	4	20	5	1	1	17	3	6	15	15	4	15	15	19	14	2	12	8
19	13	11	3	15	11	10	6	1	17	2	14	20	11	11	14	3	11	11	9
10	12	18	17	3	2	9	7	15	11	6	14	16	16	20	7	10	4	14	5
4	20	7	12	9	10	6	20	6	10	5	11	6	2	14	2	4	9	13	9
6	7	12	15	6	1	17	20	10	12	13	20	15	7	16	19	9	6	17	14
17	20	19	15	16	11	17	8	15	16	1	14	19	10	4	16	10	15	19	4
3	2	12	7	6	9	9	7	3	8	3	12	13	8	5	1	7	18	1	4
6	12	19	9	2	7	12	5	7	8	11	11	16	17	3	14	18	20	19	18
2	17	10	1	10	13	10	18	3	13	1	6	20	18	18	8	2	3	3	13
7	8	17	15	18	20	10	7	1	18	12	4	11	2	1	3	9	5	3	2
17	17	17	18	3	17	3	10	10	6	1	14	5	9	12	9	19	19	1	8
2	20	16	5	16	9	17	8	9	6	14	5	20	4	16	2	8	6	5	7
18	9	8	5	14	13	3	5	2	9	4	6	4	6	20	18	8	17	14	19
10	15	19	14	11	3	4	16	5	16	13	16	20	1	4	16	5	15	20	4
19	16	13	3	9	6	19	16	9	19	3	7	2	12	14	20	3	19	12	13
12	5	11	18	2	14	12	15	12	15	2	17	11	12	13	9	11	1	20	10
11	18	10	12	2	4	10	9	4	17	18	14	12	13	6	4	19	18	14	14
2	12	14	17	16	12	6	14	8	17	7	12	6	9	11	1	1	1	17	17
9	8	14	1	16	2	16	10	2	3	19	20	14	10	14	7	6	17	5	1
10	12	17	3	4	5	4	3	16	3	2	7	13	2	10	17	17	14	1	2
17	2	16	7	5	4	7	15	20	9	18	19	8	9	9	20	16	7	16	7
16	13	20	11	17	17	18	20	10	1	19	6	4	5	6	5	3	20	10	7
8	2	12	18	19	13	3	11	18	18	11	11	10	6	7	13	5	18	3	9
7	15	4	9	1	8	17	15	12	19	18	13	20	14	10	20	4	9	8	19
3	7	4	18	17	2	6	6	19	6	2	18	7	10	5	5	4	12	16	19
15	16	18	8	17	16	17	8	13	14	12	8	20	7	15	9	9	9	19	11
14	3	10	19	16	14	10	7	13	10	11	12	3	19	9	1	12	1	11	18
15	1	4	18	9	1	7	17	17	9	18	14	4	8	16	5	10	9	4	16
19	19	2	13	4	15	13	13	16	3	13	16	16	19	7	17	4	17	4	20
12	19	16	17	18	4	18	15	15	15	17	3	18	19	11	4	6	4	12	14
19	6	15	2	20	18	14	4	4	19	1	18	17	2	8	3	15	2	18	5
9	15	8	2	3	16	10	19	12	11	5	1	15	16	18	14	9	1	20	13
14	5	4	18	2	3	6	10	8	12	8	8	15	20	20	2	14	18	19	17
13	8	15	5	20	18	16	20	18	18	16	20	1	6	7	2	1	14	17	15
5	3	4	9	5	20	17	9	14	13	3	17	7	13	14	12	2	13	10	2
10	4	10	17	1	11	16	8	19	9	7	10	2	11	2	16	1	8	15	8
2	4	3	19	11	10	5	4	7	1	4	13	8	11	5	19	10	2	15	12
10	10	8	12	9	1	6	13	5	5	16	5	18	14	3	7	1	9	8	11
20	20	2	3	10	18	6	11	20	3	4	9	20	6	17	11	10	4	13	8
6	11	9	15	1	8	7	6	3	1	3	2	4	9	15	12	9	11	17	8
1	15	3	15	7	2	11	16	13	8	19	20	10	13	6	1	17	4	5	20
16	9	18	14	15	17	4	5	4	13	14	10	3	4	4	20	9	20	19	2
13	15	19	20	12	17	20	10	7	10	14	13	3	6	8	20	16	16	19	3
3	4	3	7	8	11	18	16	11	17	1	9	9	14	7	10	7	11	10	14
19	9	7	19	15	5	3	14	15	8	9	17	2	18	9	10	18	15	16	19
14	10	15	9	2	4	7	17	12	16	3	1	17	2	8	18	15	13	4	19
20	6	13	3	7	5	14	12	2	2	18	3	19	15	5	6	4	5	10	13
1	6	1	12	1	1	18	4	6	18	17	13	11	20	17	18	9	6	9	10
16	20	1	12	12	12	18	3	17	2	11	20	11	8	9	11	14	16	7	15
13	17	13	16	12	4	17	16	9	6	1	1	1	11	20	11	17	9	15	14
17	9	15	6	7	3	1	13	15	17	20	6	3	3	1	20	17	20	14	5
20	5	2	10	20	3	16	19	12	3	14	19	18	12	11	13	14	14	19	1
2	5	8	8	7	9	16	19	11	16	15	19	14	20	9	5	15	11	4	9
14	9	9	20	19	4	13	4	20	3	4	5	1	19	7	11	6	1	17	20
11	7	14	15	20	18	20	13	7	12	1	8	13	2	9	15	12	4	16	15
18	1	20	13	12	16	5	7	13	19	3	18	9	4	14	6	1	9	14	18
3	5	17	18	11	20	12	15	15	1	20	5	17	1	19	13	1	19	12	14
12	16	11	3	12	20	1	10	3	11	7	19	6	13	5	12	20	4	13	16
19	10	11	1	12	7	2	19	14	10	10	1	11	13	6	7	2	14	11	7
17	3	4	15	2	14	6	8	9	1	13	2	7	14	13	13	4	10	14	13
18	2	8	4	3	4	16	6	5	13	7	3	4	12	12	6	16	20	1	4
4	17	14	12	5	13	11	11	14	11	7	15	16	4	2	9	2	2	17	19
11	15	13	7	6	16	4	19	18	16	6	11	10	16	2	20	9	17	16	11
8	19	4	15	12	2	6	15	7	18	15	17	16	17	3	13	5	5	18	14


1	2	2	1	1	2	1	2	1	2	1	2	2	2	1	1	2	1	1	1
4	5	4	5	1	4	3	4	2	2	4	3	5	5	3	4	2	5	3	3