500	4	20

1	1.3	1.55	1.75	2.1
4	6.76	9.61	12.25	17.64

73	69	24	93	22	68	54	86	58	86	2	78	43	5	96	10	40	8	19	12
58	42	67	35	8	89	90	2	4	88	53	52	44	29	87	86	2	8	6	24
46	31	52	19	11	30	21	36	75	13	2	58	56	88	76	17	67	54	99	58
14	62	88	42	46	90	6	40	72	36	89	52	24	58	74	66	54	65	84	45
71	82	4	30	63	76	93	9	82	19	57	69	18	77	82	18	84	35	88	60
71	66	78	85	43	50	55	11	43	32	64	59	47	13	2	55	64	74	3	81
8	43	20	53	64	52	96	68	47	43	16	23	79	76	11	69	97	48	23	21
52	29	26	90	96	14	70	87	47	66	77	59	50	99	69	44	40	37	62	16
61	64	64	4	96	25	61	8	24	49	31	32	52	89	83	15	1	96	19	88
85	52	79	52	33	52	74	96	19	46	2	44	71	30	2	76	47	78	2	38
3	33	9	93	24	63	31	91	62	99	95	4	12	9	30	44	39	87	30	49
46	42	98	22	22	61	40	25	42	60	12	94	25	28	63	7	33	19	20	31
20	45	83	50	36	80	32	84	37	49	57	22	2	90	57	44	12	22	93	69
8	92	70	14	55	83	80	27	30	79	53	25	41	29	17	90	21	3	83	94
18	79	8	97	47	36	47	14	57	55	47	66	56	36	17	15	10	44	93	85
61	57	18	78	21	32	6	94	15	7	33	69	57	73	94	23	6	35	6	4
65	32	89	36	69	71	28	64	39	73	24	26	95	6	65	45	6	64	2	56
89	68	3	38	63	61	9	4	62	91	53	38	31	41	40	79	83	91	24	98
96	66	96	47	59	29	34	90	19	87	20	43	17	28	57	37	35	74	43	80
34	16	89	1	82	65	55	44	55	23	59	69	42	6	29	69	61	49	96	24
48	50	64	33	34	45	3	75	2	1	51	77	14	11	49	90	74	12	91	1
54	37	11	34	85	82	10	40	39	97	38	24	47	25	13	43	47	67	22	56
69	98	52	37	50	1	75	87	46	3	97	51	36	87	53	67	50	5	1	22
18	47	96	70	34	75	74	98	88	21	93	51	37	87	95	26	88	1	43	76
42	90	75	89	27	63	93	20	95	23	24	58	8	81	76	51	58	84	68	27
60	97	59	63	79	11	60	93	74	15	90	34	7	85	51	14	61	94	89	65
10	55	53	56	69	74	61	97	29	40	46	12	15	33	14	76	95	65	29	77
30	2	35	86	11	63	63	15	24	31	18	97	67	70	58	73	99	52	7	48
9	23	51	22	51	97	1	95	15	82	43	89	81	96	61	36	42	53	71	4
28	66	89	49	24	37	44	87	66	68	44	57	89	30	27	45	30	75	99	83
52	44	27	12	97	45	1	26	79	74	16	86	18	71	29	75	97	97	57	10
11	36	83	10	18	2	72	34	26	40	41	47	46	48	47	44	74	23	31	41
81	42	65	26	81	6	94	1	22	41	41	35	39	79	22	52	46	14	56	45
97	39	95	9	20	5	30	8	9	28	50	23	81	82	39	69	84	6	84	45
81	31	72	85	2	80	14	26	66	88	96	85	81	90	42	87	16	20	30	48
26	95	39	79	75	40	55	78	78	70	94	30	2	49	27	28	54	75	50	31
28	86	2	97	35	75	75	22	26	14	47	75	58	83	75	49	82	15	45	94
10	45	80	25	27	3	79	85	15	96	51	54	54	87	56	17	8	53	60	62
64	51	96	75	14	93	57	59	49	99	81	12	78	10	97	69	51	71	51	43
60	69	9	45	39	32	98	51	97	74	50	23	37	20	68	30	75	50	58	54
20	29	54	55	52	8	14	82	95	15	49	72	31	33	64	13	91	9	1	21
45	37	67	87	49	64	22	93	45	31	42	64	97	86	46	84	29	67	64	83
91	92	10	90	2	42	10	51	58	26	49	36	44	12	93	7	93	82	66	93
28	77	45	4	29	6	38	95	2	17	75	82	55	55	18	2	25	46	47	39
94	89	29	14	57	45	61	69	57	11	97	14	62	36	89	74	78	96	48	38
82	41	60	70	94	23	78	55	83	96	68	52	54	10	43	53	65	2	62	76
19	56	58	64	9	14	14	22	91	10	79	50	83	6	74	73	86	47	40	86
62	19	14	74	11	27	34	48	32	31	57	58	58	59	65	12	1	94	51	92
41	26	52	24	31	36	63	64	33	66	57	91	83	30	70	35	90	1	80	98
47	15	4	36	16	54	76	44	31	76	95	97	70	33	65	10	61	22	20	39
67	59	64	81	86	80	98	54	79	83	97	16	8	72	38	61	55	3	21	47
60	32	95	26	7	67	28	74	68	54	15	21	80	88	16	65	21	59	48	7
22	43	32	8	4	19	55	45	38	97	29	73	34	42	53	56	49	11	86	40
26	11	88	73	52	58	89	34	28	20	66	30	7	40	94	74	14	94	77	72
14	98	26	67	60	21	37	15	80	77	31	12	91	24	61	2	71	11	49	47
56	5	89	21	36	46	3	51	87	52	21	98	34	96	91	69	30	77	7	57
3	23	21	6	95	1	32	93	23	52	59	79	49	36	62	28	56	54	58	68
30	92	45	25	3	99	46	64	95	40	56	80	8	76	7	22	48	52	15	16
30	72	14	92	95	7	12	89	10	49	47	56	15	96	34	64	34	29	4	78
67	22	91	56	75	92	43	36	21	87	52	77	58	27	56	19	66	9	62	4
15	41	51	41	69	21	49	4	34	70	5	69	75	34	69	81	16	70	15	5
13	23	70	61	54	80	36	94	75	51	98	43	68	65	47	72	29	48	30	65
78	17	51	61	75	74	6	30	22	15	98	91	13	40	53	66	39	97	53	68
13	96	46	41	30	12	11	81	98	29	8	5	41	24	17	68	83	34	35	51
68	64	5	31	85	82	73	66	42	89	28	60	90	36	42	58	64	29	11	42
57	68	27	52	81	83	51	58	71	90	83	27	13	34	89	84	70	51	79	13
95	55	71	38	97	72	93	55	64	28	8	64	33	89	80	15	19	7	73	16
47	43	73	88	77	22	56	14	62	96	16	49	58	20	82	41	67	18	47	18
3	59	68	76	5	63	8	73	80	51	33	86	20	81	32	30	70	15	21	94
91	77	61	2	47	78	37	76	65	25	90	78	46	26	77	73	95	90	73	27
85	38	65	71	85	5	49	66	27	74	26	40	61	95	40	72	72	63	57	13
52	62	12	9	3	79	49	80	95	41	52	27	95	71	90	70	24	35	58	4
4	59	94	21	41	51	51	2	53	14	65	78	99	29	68	96	83	51	8	46
41	99	71	91	46	42	91	18	78	18	15	80	59	9	83	62	33	60	26	14
65	26	5	63	81	29	99	16	78	32	54	70	39	70	31	34	6	77	36	34
74	66	73	98	45	20	71	53	45	78	51	75	23	3	17	55	84	62	30	63
89	85	1	86	29	49	70	76	18	61	59	78	67	86	69	95	5	57	74	60
40	7	61	16	60	85	88	84	50	98	17	73	62	75	72	12	50	31	85	30
13	15	8	22	98	68	42	99	21	13	32	5	2	59	70	96	4	20	98	87
20	16	13	75	37	33	85	89	3	75	12	61	1	52	56	72	3	61	62	8
40	68	40	71	89	68	16	86	34	6	7	64	10	30	30	79	50	31	81	29
18	98	66	49	7	29	87	9	65	52	3	95	62	57	26	57	81	81	89	91
38	56	1	43	58	78	81	1	7	98	28	84	87	49	56	31	20	34	97	46
3	28	35	70	29	58	76	73	10	51	51	39	78	16	83	99	41	82	51	3
26	11	48	33	85	16	67	57	69	70	80	52	68	52	62	80	70	58	1	12
11	17	18	35	60	66	89	60	8	46	15	93	30	79	26	11	70	60	19	55
81	27	98	76	82	38	32	10	86	43	28	14	48	58	90	78	67	74	31	46
44	51	69	3	30	57	97	34	10	79	23	82	12	26	22	38	80	35	55	53
86	54	40	83	93	26	6	91	84	19	44	47	43	35	68	43	62	68	70	45
23	45	95	5	46	5	84	16	29	88	33	61	63	65	61	21	80	68	12	25
55	28	89	2	82	94	70	63	17	17	75	27	98	88	6	55	39	95	36	93
24	33	18	9	75	43	9	18	89	97	81	83	90	58	3	96	43	46	88	84
97	48	13	99	40	84	7	36	85	89	27	79	20	99	2	10	12	42	51	76
46	10	15	95	57	17	19	31	84	18	23	21	97	70	11	69	20	54	39	19
15	11	56	50	51	85	2	5	48	75	81	99	13	82	45	30	45	12	51	4
40	91	91	93	23	6	70	87	29	60	3	15	89	50	89	29	4	23	61	93
60	64	94	28	34	2	64	24	26	73	93	7	67	35	50	93	51	74	73	39
13	87	3	25	11	54	81	21	89	78	10	48	86	36	20	59	70	2	22	27
79	24	47	25	88	8	61	73	90	92	77	48	30	41	21	63	12	12	57	83
43	61	71	80	90	49	53	71	33	53	69	16	51	1	71	48	98	67	71	89
69	51	11	48	55	83	96	91	76	74	33	41	12	14	88	35	83	60	57	22
51	33	58	63	10	51	22	66	74	88	77	87	66	32	41	65	73	13	88	18
21	71	32	35	35	89	80	47	58	67	38	18	16	48	79	73	33	5	50	81
73	61	92	33	24	53	86	65	32	10	56	96	15	36	3	18	33	29	94	95
77	70	41	75	21	96	34	52	39	55	65	80	47	56	65	55	85	68	77	32
1	92	45	87	94	14	34	86	7	30	27	48	97	82	6	80	13	75	57	99
43	88	34	61	82	75	8	78	32	13	15	29	17	55	3	71	6	78	80	58
39	17	58	92	29	13	30	43	40	16	98	40	72	26	44	93	47	17	30	62
23	11	18	44	96	60	62	37	34	42	53	3	70	84	68	96	72	42	10	8
65	87	27	4	21	41	43	99	87	95	79	44	42	16	39	35	97	32	93	85
23	13	40	41	8	4	68	62	75	26	88	24	2	55	9	36	14	7	70	84
3	62	17	66	7	67	35	38	3	7	80	89	9	17	51	88	60	23	47	43
33	30	54	63	78	46	30	80	82	30	88	84	93	95	56	91	76	69	79	1
8	81	20	99	5	58	28	39	5	63	23	31	33	18	71	97	71	32	2	60
35	62	88	56	54	8	17	20	92	72	76	83	70	57	14	93	7	71	17	76
63	42	44	88	13	96	63	28	59	29	36	38	79	49	6	27	80	92	86	74
37	75	75	66	28	19	92	50	33	29	24	44	67	96	8	57	33	66	6	30
41	67	84	86	24	33	71	47	61	98	37	70	76	91	78	40	47	21	46	10
96	31	86	82	61	12	86	39	42	60	20	37	82	15	61	21	3	24	88	6
4	89	82	22	71	15	20	72	31	47	71	40	66	32	70	89	96	81	45	16
23	10	30	76	14	83	91	6	87	35	77	27	51	20	17	10	50	47	34	84
41	31	91	33	31	17	4	2	94	62	60	34	20	36	78	86	55	45	53	52
18	67	96	28	68	30	63	86	43	22	84	44	39	72	32	1	71	94	2	38
59	1	4	62	89	46	52	91	83	49	33	19	41	86	55	96	74	94	17	79
22	63	6	17	83	10	56	52	22	86	29	67	65	76	3	28	86	44	42	34
1	88	68	95	45	47	56	38	85	17	6	12	65	65	73	96	60	56	45	2
88	27	22	42	53	17	85	61	94	43	87	12	68	28	14	45	28	76	39	74
22	82	71	77	64	12	96	98	91	58	92	39	72	21	50	81	37	69	93	3
16	42	46	14	93	96	47	32	72	19	50	64	22	91	80	15	17	34	88	94
40	42	2	68	23	37	91	36	23	29	81	38	2	74	40	71	84	46	81	79
41	87	75	53	42	28	99	86	96	28	31	1	10	11	32	89	68	37	90	68
59	23	45	88	99	56	74	70	82	10	31	30	2	19	58	12	89	80	33	53
9	93	17	81	14	27	84	39	28	96	5	83	45	42	47	22	55	31	21	7
3	59	11	27	79	97	31	9	13	72	54	8	65	14	26	65	35	3	44	73
41	94	43	78	1	6	87	11	76	72	6	73	60	99	49	95	39	3	50	40
88	34	21	3	3	85	24	30	12	80	42	66	82	10	20	78	15	84	11	44
9	28	35	71	63	5	93	51	22	29	3	31	50	63	45	14	79	5	42	5
57	91	4	75	24	63	60	45	89	56	14	62	44	87	96	11	62	81	2	6
94	91	18	28	69	64	67	17	44	87	49	91	5	80	57	41	79	24	16	46
49	1	25	41	75	89	44	54	50	20	74	54	85	85	11	20	66	16	61	94
45	88	74	15	69	73	69	74	35	42	1	55	74	48	40	9	57	81	34	66
61	15	87	68	24	82	2	27	22	80	28	19	57	89	1	42	7	71	50	41
99	51	75	91	22	56	10	22	93	15	27	94	90	78	12	55	5	11	4	61
45	88	83	37	33	78	54	36	40	86	55	18	47	15	41	68	45	10	52	16
2	85	10	62	18	8	4	3	1	37	82	76	70	50	35	14	70	26	4	27
94	86	52	40	29	84	36	71	49	8	34	94	71	49	62	15	40	62	69	45
43	32	8	34	64	78	83	48	63	59	42	37	52	56	1	66	22	19	13	35
31	14	73	57	2	55	78	89	79	45	90	75	85	71	97	40	76	59	95	15
68	40	60	32	41	26	10	78	83	42	5	75	19	47	29	1	69	25	3	33
71	32	39	5	59	77	43	12	86	44	39	51	77	20	18	57	34	77	46	51
84	78	99	81	83	87	32	73	26	33	74	84	45	21	95	34	65	24	94	92
39	23	1	13	36	79	16	88	91	36	13	35	49	11	74	64	48	71	15	63
55	86	34	61	25	79	72	79	14	33	44	95	83	75	1	36	91	74	32	63
70	91	44	12	65	85	8	87	10	49	5	87	57	97	95	60	27	83	11	50
93	55	7	16	90	3	56	26	33	68	84	57	10	42	91	55	75	32	31	80
6	47	73	10	16	1	78	33	14	54	16	5	9	19	57	98	83	23	25	59
78	80	99	85	89	2	53	4	8	93	47	24	13	97	48	44	68	43	92	23
84	1	27	60	34	97	54	79	82	45	5	65	3	8	29	56	61	75	4	73
70	49	27	50	70	16	17	66	8	23	6	52	77	45	24	46	51	80	59	23
65	13	60	46	98	98	18	30	83	66	8	59	1	55	95	72	85	44	84	80
72	36	80	89	60	99	28	93	38	61	28	42	55	40	23	36	5	16	83	97
24	83	11	64	88	50	27	91	84	81	53	38	45	72	43	91	8	87	64	9
91	24	74	27	88	98	56	61	58	63	43	35	7	60	40	62	80	66	59	43
19	87	73	86	16	55	95	51	37	39	61	23	66	42	23	20	45	24	14	74
67	28	5	28	86	57	20	17	44	46	51	89	60	83	44	86	21	25	99	37
8	71	6	13	62	53	95	64	53	85	77	76	92	47	54	41	20	58	4	3
37	60	74	95	92	48	79	5	24	77	87	3	81	91	42	88	84	10	89	97
5	65	91	24	40	52	87	4	66	20	38	92	45	45	49	10	91	43	88	57
11	42	1	99	43	3	19	12	39	18	64	89	42	41	14	67	54	95	28	31
21	44	25	60	1	95	43	28	94	94	8	37	87	95	70	17	23	32	44	79
57	94	59	15	46	94	93	7	66	36	54	17	91	61	8	56	94	66	30	74
72	43	85	40	55	41	80	18	79	25	18	91	56	44	66	46	14	49	35	79
49	66	82	69	67	93	40	5	86	44	94	16	79	50	26	57	44	48	49	35
81	77	46	88	72	30	74	53	4	69	39	7	32	87	72	53	15	14	34	4
88	73	29	14	55	20	37	19	50	35	62	85	27	15	70	54	52	80	15	22
3	43	87	63	6	13	45	41	94	19	38	55	13	48	51	33	85	7	69	85
84	66	13	16	1	30	8	15	98	38	19	56	28	68	10	73	86	21	98	16
83	45	66	40	63	95	30	64	28	53	59	53	93	25	47	91	74	9	39	18
18	82	52	96	21	34	70	32	91	80	13	7	67	40	61	32	77	58	97	13
4	87	75	76	38	23	57	69	96	55	52	65	50	92	94	7	74	10	58	81
16	5	77	44	11	7	91	55	12	99	10	17	61	35	30	24	72	17	33	48
49	72	87	58	71	79	69	24	36	36	50	11	50	26	66	44	94	51	26	67
68	37	15	28	61	45	7	89	63	27	42	91	17	3	31	79	56	24	92	93
15	79	15	9	15	77	30	9	25	42	69	88	63	25	10	75	32	14	92	6
6	24	70	91	24	92	20	29	55	59	33	72	32	91	36	66	59	46	43	82
33	46	41	35	85	30	92	24	13	33	52	38	79	56	22	48	11	83	86	90
64	22	16	39	81	85	80	21	19	80	5	7	95	85	31	25	3	22	72	50
23	52	69	79	49	18	97	65	57	35	98	95	3	50	78	35	13	82	86	44
19	3	36	91	63	78	33	66	16	89	94	43	7	61	23	88	72	57	4	22
64	39	12	14	61	60	9	67	49	27	4	31	25	76	15	62	67	61	88	65
7	63	62	55	65	66	38	26	15	61	97	42	26	61	16	40	94	34	49	28
89	85	62	7	4	47	69	31	40	22	74	73	77	70	99	18	57	69	94	77
10	92	4	22	80	30	96	55	42	72	38	4	98	64	11	24	77	42	54	11
42	42	83	32	84	60	38	16	22	36	57	44	7	34	5	18	2	39	82	70
72	82	6	2	3	69	59	21	42	6	60	80	92	12	98	37	28	4	40	43
30	87	7	31	43	65	75	98	51	21	57	28	88	87	83	57	21	21	22	2
49	3	51	34	17	97	38	49	62	62	92	14	16	46	65	22	72	3	55	82
4	33	98	74	85	25	89	31	19	31	62	4	61	66	42	55	62	97	14	99
40	80	27	31	23	9	49	67	19	84	91	70	88	50	71	93	99	51	22	65
29	18	63	77	57	2	23	41	88	93	43	15	3	38	85	19	11	42	1	32
28	69	60	23	7	18	43	13	48	78	83	60	2	15	62	64	58	31	27	8
60	30	86	70	99	86	84	62	17	40	56	64	11	71	43	10	91	68	22	9
73	1	70	50	26	40	59	45	97	70	10	41	89	63	77	68	48	83	84	68
92	42	15	7	84	17	64	75	10	85	29	46	11	76	9	5	6	68	36	60
74	42	93	23	25	79	63	19	75	62	81	23	82	75	86	6	35	28	32	60
88	45	3	99	76	67	39	48	36	90	9	58	98	13	75	96	87	90	24	47
28	34	26	81	84	31	9	34	42	7	83	73	88	59	78	47	18	71	29	8
59	1	57	73	29	2	70	60	59	67	85	20	44	59	93	55	33	5	68	51
29	99	69	20	84	67	52	21	56	99	73	70	24	99	90	88	84	4	72	10
83	71	89	36	79	15	86	30	20	94	65	16	90	51	90	61	27	39	30	6
94	58	14	3	46	99	2	70	5	82	91	64	71	60	87	55	16	60	2	2
7	52	54	8	8	60	10	80	62	91	75	9	25	81	92	97	22	65	90	76
90	95	1	47	4	71	3	12	16	14	97	72	14	23	7	86	86	94	93	45
96	58	78	47	62	65	32	83	35	71	21	31	54	83	99	3	10	93	69	69
13	96	60	86	10	26	1	44	17	80	99	21	44	93	17	65	58	28	8	97
70	43	14	20	94	92	15	82	50	57	71	81	6	74	7	21	30	61	50	1
57	83	63	79	13	31	1	15	11	3	5	37	87	31	67	79	78	19	75	83
48	72	90	28	75	4	62	5	62	48	29	36	80	70	24	65	90	17	77	47
47	69	26	5	93	91	12	64	31	5	85	74	30	77	58	25	71	81	43	8
65	96	54	23	93	20	82	99	97	51	77	96	5	73	17	96	84	13	94	26
66	46	53	62	29	53	35	25	22	15	94	5	80	60	25	75	63	52	89	10
93	42	37	68	41	22	40	8	17	51	75	82	13	71	50	58	75	45	17	29
34	45	99	55	90	50	47	28	36	87	82	26	56	23	18	59	84	55	35	48
29	63	39	94	2	28	76	32	21	6	99	9	96	79	78	8	18	47	91	59
76	50	15	6	86	94	25	86	41	76	53	97	91	98	32	26	76	42	89	5
48	70	81	41	72	67	22	49	86	24	15	87	79	63	45	43	58	93	79	34
95	56	60	96	1	95	99	83	38	45	14	73	45	82	61	94	36	99	37	3
54	64	66	45	67	90	36	5	76	37	65	72	79	24	87	32	79	35	3	44
23	49	74	59	88	38	96	27	47	3	61	92	60	47	81	46	94	63	7	25
36	1	30	94	51	77	10	76	92	32	20	54	32	95	39	70	19	75	57	94
37	48	11	24	69	41	85	43	92	44	90	83	3	58	13	22	9	4	60	39
25	31	58	28	91	30	70	48	10	4	86	82	3	10	25	57	2	37	75	69
74	31	24	95	4	2	6	26	17	85	68	98	46	92	70	25	72	12	91	43
14	17	88	35	2	14	6	3	41	73	41	87	89	76	48	38	24	54	78	96
22	76	42	29	87	91	44	52	77	22	96	80	20	84	62	84	8	16	78	82
33	29	42	5	82	28	23	19	50	53	2	33	79	9	61	80	58	70	54	40
94	19	35	26	16	20	85	83	82	38	87	75	65	40	59	91	28	57	34	78
81	9	77	45	92	22	21	76	22	20	21	23	81	34	67	52	7	78	96	38
47	1	32	84	82	2	1	22	90	45	75	61	12	84	76	87	2	1	37	41
12	70	97	71	38	67	92	86	69	16	91	11	91	28	18	61	84	29	38	23
82	26	21	63	4	71	27	71	76	33	63	84	51	23	38	13	55	62	9	86
31	65	91	88	51	12	89	9	39	95	27	43	77	81	25	77	16	6	81	94
13	47	15	14	32	38	1	9	14	64	34	56	97	75	24	36	58	50	99	22
81	38	9	81	40	36	18	66	43	50	77	63	79	5	84	64	9	61	93	90
22	89	53	40	69	21	76	18	29	13	7	31	81	90	91	52	76	99	71	32
77	46	71	39	23	33	89	92	41	96	17	24	24	97	30	54	10	16	73	54
21	74	65	51	78	42	50	13	78	9	64	35	48	42	59	85	3	39	7	29
57	23	81	4	64	62	15	81	43	23	41	22	61	40	15	62	79	81	32	97
72	23	15	21	72	78	28	86	23	32	70	49	52	67	80	48	52	92	90	75
3	79	14	24	76	30	43	89	18	82	90	43	82	64	4	13	33	16	2	85
2	76	29	19	24	37	67	96	10	77	14	30	87	46	73	53	51	47	82	11
31	91	55	98	26	44	11	17	73	35	26	72	10	27	66	58	51	54	41	69
76	10	38	2	27	37	4	26	67	50	9	98	2	43	32	53	36	12	71	5
90	99	38	64	39	24	43	27	19	94	13	89	63	23	63	91	35	72	13	43
68	86	5	37	77	29	97	14	91	69	12	38	21	89	35	91	27	62	54	6
69	5	95	41	85	13	10	53	65	91	20	70	69	94	59	5	11	79	39	11
19	27	76	9	15	58	37	20	15	27	66	50	34	72	75	86	98	55	87	9
3	6	70	94	58	57	74	74	96	55	47	73	51	15	58	77	92	88	31	81
3	24	84	54	66	82	32	53	60	33	97	74	27	83	67	45	63	81	39	43
90	77	64	64	51	43	88	95	25	49	35	41	72	30	57	40	17	38	65	81
7	31	95	50	52	90	23	94	82	91	9	54	6	35	48	64	83	65	67	67
85	59	85	83	45	4	65	34	1	48	30	40	28	18	48	99	5	5	37	84
72	47	96	43	97	54	58	63	69	85	18	50	34	13	69	4	17	51	13	59
39	46	32	86	30	43	60	79	19	61	92	7	84	16	51	38	28	92	31	20
82	41	23	62	90	33	21	3	6	25	52	30	91	25	45	70	3	54	71	41
62	27	97	86	79	23	99	20	48	57	90	56	28	56	12	48	3	17	42	51
43	41	95	63	5	93	12	86	22	78	33	8	78	31	37	46	63	78	48	77
99	24	15	37	2	99	49	46	41	28	81	81	85	75	79	26	94	55	65	25
37	65	43	4	15	82	23	39	90	84	74	21	84	46	56	44	95	50	91	42
58	70	73	21	75	51	10	86	58	7	77	84	23	63	50	16	21	51	2	81
42	12	17	11	28	68	91	27	80	1	35	87	87	92	79	75	9	98	5	27
86	25	51	23	18	28	93	76	63	13	54	82	64	77	83	64	32	28	42	47
30	3	28	31	23	53	14	96	71	65	4	38	68	61	76	97	55	86	67	70
87	76	33	16	39	83	23	31	97	99	7	50	22	36	26	45	12	2	52	11
98	65	51	94	50	43	80	42	89	3	71	42	91	17	40	23	20	6	74	38
26	99	93	7	59	94	55	98	90	56	97	31	89	63	41	88	45	53	64	82
74	9	42	53	23	94	12	67	47	96	9	28	41	30	27	26	43	46	79	82
31	32	82	45	63	53	60	44	48	94	88	98	4	44	35	3	99	63	42	6
94	56	73	91	36	96	48	13	34	62	5	50	14	31	86	38	32	64	69	65
35	99	46	54	75	40	7	57	44	15	74	51	99	61	34	22	79	17	36	27
68	6	12	15	13	58	44	72	28	65	42	75	78	46	3	81	80	71	2	64
25	75	12	74	47	37	15	93	37	67	56	99	63	30	71	5	21	11	94	25
72	9	70	38	11	99	61	58	79	72	34	12	87	88	1	84	91	47	25	8
85	25	13	46	77	19	92	96	47	48	59	28	70	91	3	62	96	73	69	81
6	50	76	39	30	10	36	69	25	36	45	17	22	18	41	81	91	55	19	67
95	66	56	43	87	71	58	28	46	89	35	5	87	88	55	94	71	68	72	4
93	28	5	74	88	80	32	50	54	56	85	78	50	54	81	9	36	81	50	64
10	14	73	74	56	87	98	18	59	70	77	44	28	79	17	27	15	38	89	45
61	69	98	4	55	1	58	37	3	33	11	91	32	35	62	4	28	49	97	54
18	91	94	30	54	53	1	45	19	42	63	67	75	39	9	60	15	52	98	40
58	43	19	85	43	38	79	64	34	75	59	91	89	93	60	93	56	93	23	13
80	10	73	47	33	13	59	95	22	45	64	29	32	93	74	95	48	33	89	70
3	39	29	89	63	26	17	78	54	7	16	50	40	1	93	63	93	85	7	99
69	84	23	54	60	9	55	79	82	49	31	66	16	92	81	77	49	7	71	46
45	60	38	13	89	72	79	50	68	1	40	87	51	19	23	59	77	91	20	34
13	19	56	54	78	45	61	96	82	55	93	43	66	49	26	14	63	99	78	69
10	92	37	58	58	63	23	87	23	53	98	28	39	8	19	20	35	50	7	46
37	47	17	96	78	58	80	93	67	39	44	45	56	49	49	76	78	64	11	39
89	61	45	49	11	64	38	52	57	41	16	2	78	39	85	95	33	62	1	21
86	64	86	41	64	33	58	68	76	86	82	42	74	97	47	29	82	37	10	92
49	71	60	62	22	49	22	97	77	57	42	57	48	58	72	70	67	5	56	57
46	94	80	20	62	87	63	31	17	46	83	72	66	93	40	29	55	24	30	95
43	82	97	80	2	12	72	45	8	54	58	77	10	37	49	36	85	28	13	60
90	17	99	81	42	1	92	9	31	68	60	81	41	9	97	48	74	38	20	76
76	7	14	89	77	4	99	9	64	8	20	23	98	69	6	1	62	70	70	94
45	95	72	74	7	59	97	15	91	88	89	3	14	11	83	95	35	79	50	78
35	78	47	21	71	31	46	86	96	95	17	45	75	80	40	94	6	56	54	70
21	19	94	27	92	17	57	61	67	66	82	21	16	26	78	39	44	32	33	32
16	91	59	87	1	48	83	58	57	59	41	94	52	12	19	54	40	14	54	61
82	19	74	63	62	29	78	11	77	88	61	1	65	36	22	17	84	25	54	23
46	19	80	65	42	11	48	31	4	75	10	62	40	66	64	74	58	64	66	27
67	51	98	66	12	60	81	74	9	2	91	46	5	91	40	84	85	39	83	26
66	8	24	38	90	20	70	60	35	51	39	54	26	49	73	18	54	14	85	59
71	69	3	63	70	71	8	16	78	20	34	64	84	63	19	78	67	38	33	40
94	41	56	93	76	87	44	72	36	4	63	75	10	95	29	11	4	36	29	27
28	44	25	28	53	31	23	34	1	83	89	32	86	42	54	79	52	46	79	74
10	44	40	58	10	20	30	72	99	28	26	97	75	10	85	73	95	61	92	44
85	23	42	61	78	45	23	89	42	26	79	47	55	60	36	91	32	85	12	66
62	74	53	1	59	27	30	58	9	20	52	38	47	87	98	27	28	44	12	27
59	56	52	90	63	43	26	23	2	63	81	4	80	51	7	59	78	47	36	54
79	82	63	11	91	58	8	99	22	8	45	76	9	22	84	12	68	51	69	39
9	30	93	59	7	64	43	85	95	94	25	73	65	74	22	77	71	22	58	24
87	23	99	61	87	23	19	68	58	12	33	36	61	49	77	58	41	3	53	55
50	99	72	25	60	31	17	33	55	98	50	14	48	18	34	44	62	30	53	77
31	35	20	20	57	68	80	64	6	27	80	74	33	33	51	4	14	70	90	17
73	65	62	71	55	27	51	97	85	97	32	91	3	17	13	55	22	24	44	9
74	30	28	5	54	36	52	1	27	40	13	19	24	29	24	30	63	67	81	2
93	3	29	76	76	20	11	58	90	45	39	19	47	22	44	24	4	47	31	4
22	87	88	11	48	43	84	86	38	53	67	20	31	97	67	50	31	13	96	6
32	42	3	96	73	32	43	96	77	95	24	90	16	66	42	52	33	59	21	61
50	16	27	68	57	63	11	67	82	50	34	56	15	88	23	59	34	17	25	18
26	3	64	81	26	26	81	63	37	13	86	16	20	52	10	99	6	6	2	25
70	22	7	21	56	8	65	31	59	86	5	31	67	92	19	7	52	32	83	18
23	60	62	37	42	78	74	21	90	62	3	39	17	39	90	4	98	42	11	9
37	25	29	52	29	59	87	26	72	62	26	17	46	11	52	68	88	42	12	22
13	50	25	1	63	8	51	23	54	69	63	88	34	27	75	79	15	8	82	64
39	59	42	16	75	67	53	33	72	42	54	91	39	96	38	19	13	45	82	68
13	23	95	76	64	90	11	93	91	72	66	71	21	53	15	95	28	14	75	78
97	2	35	83	35	72	8	56	49	57	32	51	87	25	40	40	52	21	20	50
85	74	69	16	5	55	83	31	1	60	58	69	29	87	70	75	48	3	28	28
80	54	6	28	98	18	45	80	11	77	48	1	52	37	17	23	15	42	92	88
30	29	34	88	76	82	49	94	88	50	12	99	3	86	87	47	91	81	49	67
57	32	31	15	44	85	89	79	57	26	65	23	69	58	10	50	76	44	41	53
40	51	31	11	98	59	41	97	6	39	50	50	37	50	51	82	15	17	62	67
47	91	64	66	62	35	89	59	20	57	77	45	81	13	72	65	45	56	22	77
76	98	27	88	19	16	78	19	28	56	86	21	20	53	61	65	30	9	75	33
60	29	12	61	73	91	41	14	92	99	56	47	18	95	71	98	87	59	94	68
1	90	9	4	88	8	42	22	1	69	18	53	30	75	35	10	14	46	63	79
40	14	90	91	84	9	39	72	70	89	97	14	3	63	6	8	35	63	50	7
31	17	62	19	5	79	32	43	99	78	45	96	4	1	97	44	94	50	50	12
73	49	72	43	29	8	67	97	43	96	9	67	62	42	33	39	52	82	78	35
30	75	64	23	80	16	50	51	78	79	67	59	63	27	74	40	63	66	92	35
73	19	19	79	62	68	84	32	94	39	62	85	67	39	1	59	29	30	91	89
98	48	96	31	26	63	55	3	84	6	20	74	6	65	26	92	38	52	95	85
56	99	14	4	91	54	7	29	52	61	84	27	22	55	34	22	5	62	49	76
67	16	80	82	98	56	95	88	48	16	26	89	81	35	16	41	3	6	78	25
4	96	5	13	27	2	50	30	52	64	93	42	31	89	73	54	13	91	80	66
84	79	60	64	47	54	26	99	97	62	41	4	87	42	76	73	55	19	67	95
17	77	58	68	41	74	5	67	71	19	23	95	55	21	41	83	96	12	75	67
2	38	38	95	77	40	91	37	94	48	54	30	3	48	55	29	44	35	49	63
18	47	91	61	30	71	86	52	89	63	45	84	17	53	82	46	72	49	48	40
55	87	23	84	69	98	1	98	38	72	50	36	78	35	63	83	33	92	31	49
25	60	96	38	61	8	60	2	5	38	66	1	63	38	50	54	34	88	2	9
80	52	62	90	26	25	60	96	21	86	53	28	42	69	33	93	79	59	36	26
72	68	2	41	5	95	29	62	33	8	84	92	28	83	4	70	86	49	22	39
27	94	54	81	91	83	44	32	28	98	13	10	42	48	81	93	87	89	57	84
70	79	2	3	51	15	37	79	55	65	79	2	13	55	48	38	60	72	32	84
66	80	82	54	1	33	49	31	11	21	74	91	29	72	86	43	93	94	62	28
87	75	5	46	23	10	36	79	24	59	84	74	86	8	71	48	92	25	24	91
10	33	69	85	12	59	61	53	46	60	98	17	7	91	90	81	35	39	90	18
59	66	56	51	95	13	65	86	69	22	62	41	36	90	3	86	44	95	18	80
72	82	45	88	5	58	24	18	35	18	58	39	97	90	10	42	21	26	12	28
58	68	50	57	18	13	57	25	65	94	48	22	31	65	14	35	28	74	8	22
26	87	11	43	59	42	26	88	38	41	33	79	5	9	49	62	99	11	58	52
85	54	98	21	40	93	64	35	38	2	34	71	85	3	81	24	46	22	77	74
31	50	75	14	72	74	33	69	13	96	22	51	60	50	81	16	45	36	92	62
32	60	30	69	76	28	73	96	5	18	29	11	94	37	84	9	5	81	62	74
2	35	66	77	69	78	52	85	76	44	86	41	61	35	17	45	5	84	64	15
13	94	10	56	83	14	49	66	20	74	40	78	64	33	77	70	34	27	42	41
75	8	16	26	28	93	55	99	14	11	32	50	86	93	19	1	89	27	16	91
96	8	45	97	11	50	56	23	9	43	29	76	88	48	86	41	92	12	4	28
28	31	33	91	43	13	48	69	25	52	37	41	68	11	2	62	96	34	50	51
92	73	34	60	81	27	68	87	9	60	1	33	46	93	95	20	63	77	33	26
21	11	53	83	54	63	54	10	57	35	38	10	84	97	91	49	29	58	56	22
76	44	74	12	48	14	87	70	61	77	24	65	63	64	21	15	24	62	20	69
42	94	86	11	77	70	51	52	86	48	90	97	35	16	61	31	79	94	89	68
78	80	99	19	55	52	17	86	53	41	28	7	98	53	42	89	15	71	87	64
27	14	18	95	83	75	94	10	24	41	19	76	49	27	46	64	98	61	46	9
49	81	4	67	15	12	14	93	10	51	5	62	24	66	97	46	83	88	6	70
27	69	86	88	80	66	29	44	81	55	61	43	81	86	32	8	14	30	90	78
36	22	56	76	81	32	83	68	75	77	48	45	64	49	44	85	31	77	12	33
46	41	52	5	43	84	25	60	66	56	61	62	25	25	64	35	69	37	63	76
36	20	60	23	93	19	79	55	19	9	78	69	83	35	16	78	21	1	41	71
85	82	31	31	71	31	60	33	72	11	23	85	77	96	24	30	50	51	34	37
17	76	14	83	7	28	53	1	85	72	67	19	19	87	27	15	46	90	47	76
1	99	39	42	42	96	87	27	40	17	47	61	60	76	12	42	14	69	29	33
56	97	44	42	70	68	56	86	64	50	29	90	49	47	63	55	32	9	21	44
88	85	7	85	6	30	14	43	13	93	9	31	52	29	14	44	38	11	47	61
72	36	87	12	59	83	93	80	41	11	11	68	25	61	20	48	98	66	9	59
28	2	24	61	61	2	27	2	67	11	84	4	72	86	34	50	47	43	64	63
47	22	6	69	66	22	26	94	26	47	68	60	57	16	68	27	34	93	17	17
2	84	94	54	97	60	69	46	26	76	25	86	3	12	47	2	80	38	15	45
89	77	80	80	99	79	88	98	47	54	70	74	11	72	53	45	60	8	4	64
56	95	78	12	35	41	7	76	69	94	47	30	67	36	99	34	81	77	83	3
37	70	1	38	6	35	74	60	43	73	40	76	85	10	75	81	11	40	10	51
99	87	25	93	10	46	7	94	47	81	48	23	97	62	30	89	65	19	39	55
41	8	25	86	57	63	91	33	95	34	57	61	39	46	25	39	69	89	51	57
15	81	33	18	74	17	4	77	90	45	1	86	58	88	19	12	40	15	58	83
68	45	53	3	44	35	18	82	32	94	71	29	40	36	85	61	4	19	2	28
7	1	97	67	61	44	18	49	95	21	31	65	10	75	59	2	82	9	17	81
49	82	59	68	3	83	31	43	37	22	1	76	37	95	34	50	82	20	37	44
64	21	21	60	63	50	87	52	74	15	10	51	72	91	11	90	6	92	75	58
78	18	76	89	33	13	44	60	59	33	20	78	20	78	2	94	67	82	74	76
22	18	75	47	47	42	27	71	91	41	75	85	50	32	77	91	85	53	33	41
4	27	94	44	52	7	64	57	38	80	38	65	5	41	28	25	75	6	64	70
29	4	99	56	25	85	43	85	32	28	88	19	28	23	3	50	96	47	54	70
77	46	49	58	64	47	75	38	39	37	55	45	5	39	99	29	65	40	64	99
44	58	63	72	59	84	10	21	12	38	50	7	99	60	59	42	95	84	35	5
15	25	80	43	40	60	62	91	40	95	55	30	68	84	80	44	28	99	69	35
3	20	55	31	3	93	37	85	42	18	72	59	74	67	44	20	21	27	70	20
42	1	80	78	2	30	30	14	22	6	1	88	30	50	89	92	10	3	66	69
63	8	69	44	82	4	71	7	56	13	11	40	2	49	85	95	42	19	72	72
67	26	61	50	31	17	91	8	76	85	25	97	67	63	56	88	27	11	59	84
17	9	89	71	73	47	50	75	99	54	81	90	39	33	20	45	96	4	34	57
61	8	49	20	73	8	30	94	37	40	40	96	24	95	28	63	6	14	84	69
83	13	93	14	75	3	60	18	42	47	83	5	68	53	80	73	48	66	80	12
26	75	83	56	40	84	46	80	44	96	42	79	44	6	11	28	29	83	75	96
73	52	2	11	90	16	55	1	12	79	90	65	35	66	22	61	57	57	54	5
64	67	95	1	42	64	12	14	31	79	82	22	45	8	59	89	64	66	29	23
94	58	6	63	5	45	5	74	4	60	22	13	54	95	96	98	11	97	12	98
69	24	35	19	25	84	9	57	95	68	18	12	25	20	54	50	75	23	29	87
15	66	22	15	59	77	69	13	31	95	8	91	38	60	42	63	10	21	2	67
97	52	84	50	95	34	38	2	67	33	43	66	9	73	96	53	24	15	25	79
40	19	83	9	65	90	86	44	10	70	13	5	1	30	72	47	71	87	40	42
53	73	75	76	69	38	24	31	76	78	14	68	81	50	58	92	51	72	60	7
76	24	92	80	3	25	41	67	92	29	42	62	72	73	28	83	96	57	78	73
95	62	89	38	92	9	10	42	69	97	80	37	21	15	56	99	35	63	85	1
23	97	45	34	69	83	25	95	21	14	92	88	83	22	41	36	70	66	1	18
5	5	75	6	81	55	9	7	39	24	89	75	63	20	57	22	29	21	84	30
98	44	37	58	46	17	8	27	65	50	39	94	69	30	15	54	52	59	56	9
25	72	40	54	81	61	11	92	58	29	5	39	24	99	41	81	23	84	26	16
3	29	38	67	17	33	80	95	47	35	33	41	23	51	50	8	30	90	86	84
78	90	11	91	94	25	61	38	31	69	43	52	50	3	94	55	10	23	79	90
94	28	5	93	12	60	11	48	14	1	89	51	82	39	87	66	69	69	25	26
11	52	31	61	51	68	99	5	73	24	46	53	83	95	56	22	41	12	73	15
18	71	90	2	51	13	81	35	27	80	23	60	45	76	37	67	7	41	44	51
68	46	44	85	4	78	92	53	99	79	84	90	52	62	68	39	20	43	73	88
91	30	53	27	99	41	75	77	90	12	39	11	49	70	56	38	51	86	53	95
52	61	90	44	52	23	41	7	29	14	33	98	44	2	46	34	35	50	54	1
71	3	13	80	99	66	66	90	30	33	80	8	18	38	26	59	92	90	7	98
49	94	63	22	56	83	48	12	66	61	58	57	20	77	24	43	70	38	28	49
1	66	69	82	27	46	44	66	17	6	16	74	36	6	67	41	27	39	65	17
67	40	42	81	86	8	80	66	5	44	35	34	60	87	16	70	5	2	52	7
14	90	37	1	10	50	9	26	2	28	36	17	79	10	91	60	84	35	4	84
9	15	76	31	75	34	17	31	56	39	20	48	17	80	20	30	56	40	61	22
14	98	52	39	51	12	52	1	49	32	40	11	28	96	3	9	71	99	75	6
96	53	95	80	27	38	6	45	11	9	88	31	53	40	5	82	53	59	94	91
7	4	21	32	63	5	33	6	7	49	28	82	60	65	16	28	5	8	4	88
14	54	55	50	88	96	45	72	33	58	6	47	86	5	8	83	43	8	27	12
75	95	20	38	63	20	28	89	30	90	19	16	91	29	28	49	81	41	33	56
84	1	93	54	35	85	15	99	11	99	20	57	8	68	4	22	70	26	93	37
66	21	12	50	85	31	44	34	58	9	84	7	95	64	1	29	73	47	79	22
26	37	3	68	28	53	6	99	16	15	9	14	61	93	99	27	79	62	10	84
39	45	56	28	82	38	46	41	70	18	99	23	16	84	24	12	36	4	81	46
10	45	38	41	16	30	91	87	3	8	6	23	24	1	66	24	51	81	46	83
36	28	62	59	67	93	68	44	39	24	61	90	2	43	85	66	95	13	22	22
34	65	23	48	69	23	27	22	91	74	38	74	80	22	22	79	29	68	69	25
96	82	49	14	2	38	56	31	30	93	34	31	86	80	25	91	63	36	21	24
49	86	1	41	14	25	24	32	48	42	63	79	23	85	69	81	91	37	23	19
6	67	5	64	85	53	15	93	36	25	94	7	67	76	43	90	30	30	68	57
17	27	14	44	86	75	44	93	75	5	44	4	46	87	15	82	13	81	64	15
13	26	7	23	37	16	70	59	78	57	7	78	9	93	78	19	40	68	70	57
90	23	38	2	48	27	73	14	56	39	87	72	85	65	22	26	6	58	18	23
59	18	80	70	45	93	48	16	18	18	16	65	23	46	71	3	42	30	88	42
85	62	72	20	46	31	78	86	9	60	5	44	22	7	2	13	52	24	62	37
69	93	3	41	32	69	91	86	18	45	26	29	3	71	31	46	78	56	18	27
9	2	1	11	33	88	4	65	67	38	97	82	82	90	55	38	54	12	92	24
83	53	31	90	69	76	29	55	87	52	98	59	25	61	97	5	36	94	39	18
18	7	52	12	92	38	13	98	38	48	29	20	25	14	48	83	20	36	43	90
53	43	81	15	53	61	97	89	47	51	54	63	86	77	41	19	81	87	87	80
17	60	3	9	48	95	70	5	81	1	36	23	9	97	24	43	87	7	53	83
29	71	94	50	58	97	70	70	72	7	32	82	4	68	33	9	42	44	30	61
39	9	26	98	75	3	81	61	84	76	69	61	82	78	50	15	37	93	42	81
98	19	48	63	16	5	54	44	33	30	46	8	93	67	72	70	76	61	36	8
57	51	99	40	63	45	12	32	53	85	37	42	98	55	51	5	73	77	94	81
62	44	44	40	97	16	63	20	77	94	48	1	60	51	83	66	20	79	9	59
67	19	18	78	64	8	66	12	48	52	77	73	82	50	36	8	45	92	97	99
78	46	26	4	43	50	13	36	91	24	74	47	13	11	20	41	72	52	4	6
5	15	20	52	78	83	20	58	25	65	57	58	55	93	77	10	3	61	42	63
93	56	98	82	46	99	92	40	84	96	31	14	30	75	38	75	1	21	82	75
4	89	58	32	71	35	26	17	93	25	21	34	34	93	76	92	37	17	35	88
92	85	22	55	33	55	11	98	29	96	49	42	28	51	87	9	5	76	32	98
35	51	25	19	37	97	71	89	9	55	26	11	53	89	65	39	1	63	94	5
66	54	57	42	55	90	33	5	95	58	52	43	43	24	54	76	8	5	96	4
11	23	89	41	55	94	73	50	51	60	3	82	29	6	72	81	66	98	73	21
63	72	95	7	42	7	90	9	92	55	76	70	60	97	54	31	35	27	77	16
79	78	87	73	43	26	14	86	72	2	6	96	52	33	5	27	22	8	44	37
2	17	41	96	22	4	25	31	41	73	13	91	36	24	29	88	46	5	54	25
98	65	66	99	95	81	44	32	37	37	57	55	85	95	93	62	42	76	94	16
27	15	66	55	65	10	24	24	45	84	81	22	2	93	99	55	30	29	15	79

16	1	10	9	20	14	4	1	3	17	7	16	3	6	19	13	7	5	16	14
7	16	19	4	15	16	14	18	20	4	7	16	12	11	10	7	16	12	19	3
17	18	20	15	15	14	12	2	7	9	18	18	11	14	16	16	13	4	7	20
9	18	5	1	10	4	10	3	3	10	3	11	10	11	16	4	12	12	14	18
16	18	4	17	8	16	17	13	9	20	10	14	6	3	13	1	19	13	12	15
17	17	14	7	2	7	18	5	5	9	14	5	14	11	16	11	11	17	4	1
20	18	11	6	2	19	20	9	13	14	2	18	4	17	16	8	1	11	13	17
9	9	8	20	18	15	1	6	3	11	10	5	3	17	1	15	17	6	16	5
16	2	14	9	13	7	16	16	10	11	3	9	17	14	5	13	10	12	9	12
6	13	3	5	12	20	10	19	2	13	6	12	1	11	1	1	9	3	4	18
19	5	9	13	11	7	3	20	13	7	9	14	4	11	14	5	19	16	10	9
15	19	3	1	9	13	15	6	10	12	14	20	17	18	18	2	10	18	18	16
8	10	7	12	4	17	20	1	2	3	4	7	19	17	8	18	13	7	7	6
18	6	6	10	18	15	3	13	19	20	6	20	6	8	17	13	14	17	10	9
13	18	1	12	5	20	6	16	2	20	1	12	3	8	19	6	15	2	13	5
15	8	4	5	9	7	10	16	11	9	15	7	4	14	16	17	15	18	4	19
11	13	10	14	7	7	20	2	9	2	8	17	17	12	7	15	2	13	16	9
17	8	19	1	14	4	16	18	7	10	3	9	7	9	20	6	13	8	8	1
7	18	13	14	9	8	10	17	5	11	9	17	4	6	5	17	9	13	17	10
16	13	18	3	15	16	14	20	4	9	6	16	2	5	6	9	15	15	16	19
6	12	15	8	9	8	8	8	3	17	19	16	19	11	2	3	15	14	19	2
16	1	5	8	7	10	12	1	11	6	14	4	6	6	19	1	18	11	9	19
11	5	17	4	4	15	15	5	12	11	6	1	19	5	4	7	8	18	16	1
3	8	20	5	10	14	11	5	5	12	2	1	16	16	14	17	5	6	4	18
16	17	5	17	14	9	18	19	1	7	20	13	20	11	13	2	8	3	15	5
18	6	20	6	8	9	18	15	1	20	15	19	19	7	3	4	18	3	15	6
3	19	2	5	19	20	8	10	2	10	15	2	3	11	4	12	16	8	1	10
1	2	20	19	19	3	9	3	2	10	20	8	4	1	20	18	7	5	18	15
15	18	16	14	8	18	17	10	8	12	13	12	12	1	12	16	10	17	4	13
16	20	11	18	3	5	9	3	19	4	18	9	5	12	16	11	13	4	14	18
4	20	7	7	3	15	16	12	15	1	18	5	4	15	3	2	3	14	10	3
5	12	15	14	2	13	17	5	7	2	10	13	16	11	8	17	10	20	14	7
7	10	17	17	20	2	20	9	19	20	15	4	17	14	10	8	7	8	3	20
2	12	10	3	3	18	2	5	17	17	11	12	16	13	3	6	14	17	14	3
4	15	13	17	19	11	10	12	17	13	14	5	16	9	10	4	19	8	7	19
14	2	15	6	17	1	2	17	7	5	2	6	18	3	12	2	15	20	6	5
13	7	5	20	11	19	11	6	15	5	13	20	19	5	11	11	2	8	8	9
9	19	15	8	8	5	10	9	13	3	8	10	11	6	16	4	7	16	20	6
9	19	10	8	11	12	6	15	3	7	13	13	1	4	12	4	1	8	18	1
6	16	12	3	20	16	11	15	10	10	18	11	19	13	18	1	4	19	11	10
15	17	14	11	8	1	15	3	15	14	9	20	9	13	13	8	14	14	7	3
10	14	3	13	9	19	7	10	9	7	16	16	19	12	6	17	1	17	16	6
10	1	2	19	10	4	13	7	12	13	4	15	7	7	16	5	20	1	3	15
15	17	4	19	17	11	13	19	5	2	20	9	12	10	18	4	8	17	2	17
9	6	14	5	5	5	1	3	7	13	17	14	5	2	19	7	1	20	6	20
20	11	11	14	3	6	17	1	1	1	6	13	2	20	17	10	19	4	18	6
13	9	16	13	11	2	3	16	16	19	6	3	2	16	7	19	14	10	9	18
5	17	15	12	3	17	5	2	12	4	14	3	18	3	20	11	4	12	19	20
16	8	7	15	14	17	5	14	14	4	5	8	9	18	14	16	5	12	3	12
7	14	9	20	16	2	3	6	6	4	9	1	9	18	9	15	2	1	8	14
14	18	7	10	6	14	10	16	17	3	3	17	3	3	14	8	10	15	14	14
3	12	18	13	12	13	5	9	5	14	16	2	4	1	3	17	12	17	10	15
18	15	8	16	18	16	4	17	4	12	16	7	3	12	10	5	11	17	6	19
12	17	18	9	20	5	12	11	1	16	13	18	7	2	13	10	13	19	9	5
20	9	3	1	20	15	8	9	1	9	4	10	7	17	11	14	20	13	1	3
3	16	1	1	3	18	19	9	9	13	15	8	13	20	14	15	9	15	2	13
8	20	4	6	10	5	19	15	2	9	20	4	13	1	11	8	6	17	18	17
8	9	15	17	4	11	15	11	16	9	13	6	4	10	1	12	12	18	16	8
11	7	3	7	18	19	2	17	12	5	5	1	7	15	5	19	15	8	1	20
3	20	4	14	17	15	16	10	13	8	5	16	10	15	20	6	15	6	12	5
18	3	8	20	9	4	8	4	19	16	11	3	12	4	18	18	18	18	13	10
10	12	19	3	17	18	6	8	10	11	7	11	9	19	4	2	19	20	1	17
3	12	10	1	10	9	18	2	8	12	19	4	19	17	13	3	7	16	20	14
11	4	2	14	10	1	9	6	16	13	2	1	15	15	9	8	2	8	15	5
12	11	8	4	14	8	8	5	5	10	5	20	7	5	15	20	7	20	12	1
13	10	1	20	9	3	1	10	11	11	2	17	19	12	7	10	11	13	3	11
4	18	11	5	7	7	20	7	3	8	8	20	16	4	20	2	6	9	3	9
16	7	14	5	3	12	9	18	4	2	17	8	6	14	13	19	1	13	3	11
6	15	8	16	3	5	12	14	9	6	20	17	7	13	2	19	13	8	16	12
10	10	15	16	3	3	9	1	8	9	6	10	4	2	8	17	9	15	1	9
16	19	12	10	16	15	5	15	19	19	11	16	20	1	5	19	18	10	6	16
6	5	6	12	5	6	13	20	19	7	4	9	18	6	17	6	1	10	7	6
19	12	9	16	16	8	12	5	14	17	8	8	5	8	7	1	2	4	6	16
11	12	17	14	15	12	9	14	4	8	12	11	13	5	16	10	5	19	3	11
15	14	14	2	8	18	4	7	19	5	1	13	20	11	20	17	9	7	7	7
16	20	2	17	8	17	15	13	8	11	16	1	20	1	17	11	8	3	2	20
9	10	12	9	17	6	7	11	13	8	12	5	16	20	9	7	15	5	7	10
12	19	9	5	13	9	5	18	5	15	18	4	4	6	7	17	1	11	13	19
13	3	4	17	19	1	6	13	8	20	18	18	13	12	16	18	3	11	11	5
17	4	10	5	12	19	8	20	8	1	1	9	17	11	13	15	13	17	3	16
7	7	19	18	19	17	4	20	20	8	5	18	4	2	13	5	1	6	6	6
20	10	7	18	7	6	7	7	4	18	2	6	10	3	12	6	13	6	4	2
4	2	8	16	9	13	7	17	17	16	17	11	15	11	15	4	20	7	19	1
11	14	20	13	15	1	20	7	10	3	2	6	17	10	17	2	18	8	1	16
8	17	4	10	17	18	15	11	13	17	16	14	5	15	18	14	3	12	8	10
18	13	10	9	12	3	1	11	13	6	9	2	15	2	5	7	19	10	5	11
17	16	20	8	9	11	10	10	6	15	2	17	10	16	15	15	2	13	8	14
10	11	18	12	18	11	2	3	11	11	18	17	13	17	3	16	15	16	17	2
8	3	14	9	13	1	2	19	17	8	5	14	15	4	4	12	2	9	7	19
18	12	12	15	2	3	19	3	2	4	2	20	19	19	8	9	10	19	11	9
2	12	10	17	5	2	7	19	6	13	14	11	9	14	8	6	20	19	18	4
2	15	10	15	18	4	4	5	20	1	11	10	3	1	3	1	15	1	2	18
14	11	5	15	15	10	13	8	15	15	13	20	8	20	17	13	15	10	2	9
10	4	20	15	13	16	11	19	5	1	11	2	6	13	8	20	7	13	3	17
3	7	12	18	18	20	9	15	14	17	1	17	15	2	7	11	18	19	15	3
9	12	17	19	13	15	3	13	10	6	17	2	2	20	16	5	4	13	6	3
9	15	7	12	6	15	7	10	16	20	10	18	9	13	17	19	12	13	15	14
4	9	5	13	18	20	4	18	11	4	2	18	17	20	20	1	11	18	14	10
18	9	8	10	1	19	12	15	13	11	6	15	6	19	19	3	15	14	16	4
8	5	13	1	13	16	3	13	19	9	3	12	13	9	13	11	12	3	5	14
16	17	13	3	20	17	8	10	17	20	4	14	16	20	2	6	10	7	6	7
16	3	7	12	11	13	16	5	15	8	18	20	20	20	16	11	17	10	3	3
15	9	14	2	1	2	12	12	6	2	5	3	15	18	9	8	17	11	17	15
14	16	20	6	18	9	7	19	11	4	15	11	6	13	10	13	14	11	4	8
2	19	7	14	17	8	16	4	8	13	1	2	17	5	2	1	4	9	4	10
10	8	3	20	14	15	1	14	6	20	1	19	18	11	7	17	17	13	19	18
9	8	10	2	16	16	5	10	3	5	9	19	20	15	19	16	18	15	15	9
6	20	12	14	8	11	1	1	6	19	2	12	9	15	17	2	5	17	15	2
6	11	17	5	5	13	20	10	17	2	8	18	2	18	11	4	16	15	16	6
18	17	19	14	19	11	2	4	12	7	10	19	4	6	13	10	17	12	20	6
13	3	13	4	15	19	12	18	17	15	12	15	12	15	4	2	5	16	12	13
17	6	10	18	2	2	3	1	1	14	6	12	4	15	5	19	6	7	5	8
8	8	13	8	11	7	9	20	5	20	5	7	11	3	17	12	15	8	11	5
11	4	4	15	15	17	12	18	7	6	9	18	3	18	8	12	12	16	20	6
20	11	3	17	14	12	9	14	9	19	18	14	3	11	15	14	19	4	7	13
20	4	11	6	11	16	18	9	14	1	20	10	16	1	11	7	6	8	4	1
13	18	7	2	3	17	5	1	18	19	2	6	17	3	7	2	13	4	18	10
7	14	17	9	20	3	4	4	11	17	10	13	19	8	6	19	5	7	19	3
20	9	19	11	7	16	18	17	11	13	19	3	18	7	18	9	15	5	8	19
15	7	12	5	15	10	11	13	13	13	11	13	1	15	15	10	11	18	4	18
5	5	10	9	9	13	16	10	8	16	19	14	14	5	11	17	16	2	18	10
14	20	15	16	12	20	11	5	11	8	8	13	1	16	1	14	17	6	4	8
13	8	15	17	13	2	12	15	3	5	20	10	8	5	6	17	15	2	1	3
5	5	3	12	3	15	13	4	8	2	6	11	4	12	1	9	8	15	12	2
10	1	4	7	16	20	3	2	14	3	10	15	18	18	16	18	10	2	10	1
7	6	2	7	11	7	12	5	5	17	18	17	17	12	4	8	17	10	19	1
10	19	4	12	16	3	3	19	8	4	2	7	9	17	20	6	12	18	18	19
18	1	10	15	5	1	19	15	12	14	11	15	14	16	15	14	15	2	2	18
1	9	12	10	5	6	2	12	4	5	8	2	20	6	20	2	20	9	10	8
18	13	7	20	19	8	2	16	4	13	9	13	10	10	9	4	5	2	19	18
5	19	20	4	7	8	4	6	19	4	7	7	3	17	4	19	5	8	4	9
17	5	1	15	14	12	15	14	9	1	3	12	7	9	19	4	18	15	7	3
5	17	8	9	14	3	17	3	16	1	1	10	19	9	18	17	18	12	18	1
14	16	16	15	2	2	14	20	11	10	20	17	1	2	5	8	14	11	20	12
11	1	2	20	4	9	16	16	19	1	1	12	17	15	7	20	16	20	8	2
14	6	1	17	15	5	16	17	5	6	1	7	6	19	4	20	14	9	6	3
1	4	9	19	12	1	16	20	7	11	5	20	3	12	2	19	7	3	15	19
10	16	13	15	20	14	3	17	11	17	18	19	6	8	20	9	3	3	14	8
9	2	6	5	19	11	1	4	4	9	1	13	17	9	15	3	4	19	12	8
13	10	9	13	11	19	10	16	17	7	12	18	13	19	17	5	8	19	2	20
2	3	17	4	1	17	7	10	4	13	10	3	4	10	7	2	4	13	14	1
18	17	6	14	13	9	4	15	20	13	20	18	6	7	3	7	10	7	3	16
4	16	20	16	8	4	17	13	8	10	13	8	10	11	15	7	2	18	4	16
16	16	7	1	19	9	4	15	14	1	12	16	7	2	15	19	2	13	14	14
20	10	13	17	1	9	20	15	11	15	14	6	15	15	2	7	10	17	7	1
16	15	1	11	15	19	16	7	3	3	17	13	15	11	12	1	6	15	7	9
17	20	1	7	12	9	15	5	19	13	11	9	3	19	4	4	12	11	13	11
12	15	1	10	2	13	20	7	11	7	9	2	16	1	4	1	5	3	7	11
18	5	18	7	9	15	20	4	16	8	17	3	1	6	20	20	19	18	13	11
6	18	17	20	12	4	20	4	1	13	10	12	17	11	12	9	13	10	4	15
8	6	13	18	11	2	12	17	6	15	3	4	20	12	3	11	20	3	1	5
12	18	9	8	9	6	16	17	10	18	19	15	2	4	17	8	8	5	3	17
4	15	15	14	18	3	8	18	18	12	15	16	3	5	3	17	15	18	14	20
11	17	12	18	17	16	8	1	19	11	11	4	11	4	6	5	5	17	13	12
4	7	10	3	13	20	18	12	17	12	15	17	10	3	16	10	1	6	1	5
5	18	10	16	1	10	16	12	1	5	20	16	13	16	4	4	10	12	10	1
14	7	1	4	12	2	11	15	8	13	5	3	10	4	16	16	13	20	11	11
12	11	15	3	1	17	7	9	6	8	2	17	12	6	7	12	14	1	3	8
20	11	19	8	9	3	8	6	18	1	10	17	12	11	19	15	14	6	14	1
16	2	19	1	13	9	3	16	19	13	2	20	15	16	19	15	11	18	5	17
16	4	3	14	20	16	1	11	20	14	16	12	2	17	19	15	9	20	17	2
7	14	6	6	9	8	10	14	6	20	16	5	10	1	8	20	11	16	5	7
7	17	8	11	6	6	17	20	10	5	5	10	7	12	7	9	6	1	9	16
12	13	13	15	9	9	20	16	5	13	19	9	8	19	2	16	10	19	19	7
9	5	11	12	19	7	7	19	13	7	14	3	9	4	3	3	19	6	1	7
11	9	13	11	8	10	17	19	17	17	18	15	20	3	11	14	11	12	13	9
16	11	19	11	15	18	7	1	17	10	2	17	10	12	4	18	15	4	4	2
2	11	12	9	2	9	7	18	12	1	17	4	20	17	13	5	10	17	10	13
19	11	2	16	1	19	12	9	5	20	13	13	5	5	1	19	5	15	17	7
13	18	13	5	6	18	8	12	15	1	6	17	18	1	14	15	8	10	4	1
11	6	17	7	5	16	14	19	17	5	1	1	10	17	1	12	12	3	6	17
12	1	4	3	19	17	17	16	19	4	15	15	7	14	19	5	14	9	13	17
17	16	16	18	1	6	10	10	3	1	11	10	13	11	2	9	5	7	13	13
19	19	15	9	1	3	6	16	17	10	5	1	19	14	14	17	20	13	7	12
16	12	15	14	7	19	9	13	2	12	18	17	8	8	2	5	7	16	9	1
10	9	8	5	2	15	16	11	14	15	9	3	14	18	4	20	10	13	20	6
1	16	8	3	15	13	19	20	14	11	1	18	17	17	3	3	4	20	18	13
4	14	6	11	9	12	16	10	1	14	9	9	2	1	6	10	12	11	7	6
11	9	14	17	19	3	8	9	18	14	11	18	19	18	1	18	18	8	16	19
1	14	6	20	5	5	8	13	4	3	9	18	15	11	12	13	10	14	6	19
20	6	9	8	1	16	9	10	7	1	12	12	18	20	9	5	7	9	18	1
5	14	12	19	18	5	8	12	17	7	10	18	5	10	12	12	7	12	7	5
20	10	3	14	20	5	4	8	20	6	1	18	20	15	8	2	1	6	1	1
6	4	18	16	19	13	7	11	11	19	16	5	14	16	6	18	11	5	7	13
11	5	13	20	14	3	17	17	13	19	5	3	17	6	7	5	1	3	14	19
2	5	12	15	11	4	13	12	20	9	16	4	2	1	18	5	15	17	5	5
3	1	18	7	13	13	8	1	18	17	19	15	7	5	18	9	15	16	20	18
19	9	11	16	6	18	6	6	20	11	5	2	10	8	6	20	14	3	16	9
9	4	18	18	1	6	13	7	15	15	7	2	7	14	18	14	1	7	20	16
19	6	17	1	1	17	16	1	14	19	19	15	15	3	7	11	3	16	3	3
20	13	11	7	6	12	7	7	4	14	16	17	4	13	19	7	15	20	7	5
18	4	19	4	10	11	1	3	11	15	13	16	3	2	16	10	14	14	19	15
11	14	18	13	5	7	6	18	15	13	14	10	12	18	15	11	7	5	4	9
3	19	4	5	18	8	1	13	19	15	20	16	9	8	11	9	17	12	16	2
19	8	1	14	12	3	10	16	19	18	4	4	18	4	16	5	16	17	8	3
1	4	12	7	20	19	13	12	10	4	10	18	4	10	11	18	2	11	10	11
10	17	17	5	4	13	17	17	20	19	2	9	1	19	14	6	1	19	4	9
12	3	18	4	20	16	18	18	2	6	8	9	17	6	15	12	12	15	17	14
2	15	3	7	14	3	18	13	12	3	14	16	18	19	16	8	3	11	12	8
4	11	13	6	11	12	8	8	10	4	16	5	6	5	12	9	20	16	15	19
12	20	20	7	5	4	2	11	14	4	18	13	1	20	17	2	14	16	8	5
18	4	7	5	11	16	10	11	18	1	19	8	5	11	6	9	15	3	11	4
4	6	9	13	2	20	7	6	20	6	8	4	3	18	1	20	20	14	6	7
7	8	17	13	17	7	14	9	10	5	10	7	15	3	13	12	11	17	5	13
6	9	16	6	7	2	19	5	18	17	9	2	13	10	10	12	3	12	12	2
16	7	16	7	3	10	2	13	18	13	9	16	7	7	8	17	1	17	8	18
1	11	5	17	8	5	4	10	16	8	5	19	6	14	16	18	11	14	20	6
8	11	18	11	19	7	11	7	2	19	1	13	12	4	10	13	7	5	6	4
8	10	20	17	8	9	20	4	3	14	17	9	7	6	17	5	16	5	20	13
12	8	3	9	4	3	16	20	5	11	2	15	19	17	14	16	7	7	10	18
8	18	15	6	10	8	2	4	6	1	17	12	2	6	12	4	3	15	20	8
1	6	11	18	13	2	14	4	17	17	19	20	9	17	3	19	10	2	13	3
9	19	10	17	19	15	17	3	1	7	8	19	1	9	10	16	7	15	18	2
3	15	11	8	1	20	20	2	9	8	12	17	4	13	18	14	19	2	4	8
14	17	15	11	3	7	19	16	8	7	1	12	7	8	8	1	2	3	6	12
10	11	13	14	14	10	11	1	8	9	12	3	1	15	2	18	16	20	9	14
13	6	2	2	6	9	10	3	6	3	19	19	15	8	16	17	17	15	5	13
19	9	4	11	16	16	14	8	5	16	5	17	5	16	10	2	5	18	6	11
8	10	16	11	18	2	2	17	4	9	12	5	14	16	5	16	8	16	16	19
10	20	20	3	6	12	8	18	3	2	18	2	20	11	5	17	19	16	16	9
1	9	8	20	15	14	17	11	20	7	9	2	7	13	3	17	15	20	18	12
4	11	5	6	10	14	7	9	11	7	8	7	10	3	7	3	9	17	16	10
5	2	18	17	13	4	13	1	20	9	10	16	2	6	6	7	4	7	13	17
2	9	9	4	14	19	6	12	5	17	2	7	14	12	4	12	1	3	15	16
5	15	7	11	11	20	4	4	6	11	2	6	9	5	16	15	5	3	13	14
2	4	15	14	17	11	4	7	10	16	10	19	15	18	16	1	20	4	12	4
15	10	5	3	4	7	16	5	7	1	17	5	4	8	10	15	13	12	13	18
1	16	1	1	11	3	8	17	8	1	4	12	20	4	17	7	3	1	4	7
11	12	9	18	16	9	17	20	12	17	6	1	8	9	11	20	17	13	4	12
11	11	4	20	4	10	12	13	13	17	8	4	19	16	12	8	16	9	20	15
16	11	2	17	14	13	4	1	3	13	3	16	2	6	15	6	14	13	16	9
12	8	2	5	2	12	16	19	5	1	13	9	16	17	19	5	12	11	13	20
3	13	8	2	13	19	3	9	7	20	19	20	15	10	1	17	10	15	4	11
2	4	8	7	13	10	3	1	8	20	13	11	18	11	17	17	13	17	18	15
4	19	14	16	20	10	9	11	5	5	14	10	2	14	5	12	19	14	16	12
17	14	8	7	12	10	15	8	10	5	3	18	1	11	11	13	18	3	3	8
1	20	20	13	12	10	11	14	18	1	12	9	11	4	17	3	19	16	9	15
14	20	10	6	17	16	13	8	18	12	9	4	5	19	6	4	18	3	8	8
11	7	3	20	12	20	1	17	11	11	20	6	16	9	2	10	7	18	2	14
5	2	18	10	20	1	20	11	9	3	8	4	14	3	16	6	4	14	9	12
9	2	5	7	12	2	9	17	19	6	14	4	4	20	12	6	15	15	17	3
10	4	17	4	10	2	13	19	8	7	17	16	6	16	12	19	11	20	4	8
2	12	5	17	4	12	2	14	4	11	1	19	5	3	13	2	17	14	11	17
2	18	3	10	2	12	5	6	19	9	11	3	18	9	9	2	3	17	20	12
2	4	5	5	17	19	18	4	3	16	8	14	3	12	12	19	11	8	18	8
5	7	3	13	20	1	11	5	14	17	11	14	6	3	8	5	1	12	16	10
9	19	8	3	3	19	9	16	2	19	18	7	5	11	18	19	18	9	1	10
8	1	2	19	12	16	2	12	11	11	6	9	12	15	1	17	20	19	18	18
19	12	20	4	1	19	14	18	3	8	14	5	20	6	1	6	3	15	4	9
7	15	2	14	10	20	8	14	5	11	5	18	7	12	14	10	15	9	20	1
19	20	15	14	3	1	7	10	18	20	19	2	15	14	11	16	5	5	9	10
1	5	11	12	6	14	11	5	7	2	8	7	7	2	15	11	14	20	5	15
11	20	7	16	16	20	17	20	5	13	2	4	5	7	16	7	10	3	1	6
3	15	2	8	9	20	20	6	9	20	10	10	4	1	15	6	11	16	8	9
10	9	7	12	18	4	20	10	3	2	12	1	5	5	4	18	17	14	18	18
10	17	18	20	9	7	5	18	14	12	12	4	20	8	3	15	10	7	3	1
13	2	1	5	12	16	4	1	3	12	10	1	6	16	16	12	8	9	15	8
16	2	14	3	10	15	2	13	17	18	2	18	19	14	20	17	5	14	2	2
12	12	3	20	12	17	19	16	1	3	11	1	2	16	4	11	13	18	16	3
6	9	19	2	3	18	9	13	11	9	4	14	12	7	18	1	3	4	10	16
11	19	2	6	5	4	8	2	12	7	1	13	6	5	9	8	3	20	11	6
13	4	13	12	10	14	2	18	17	5	7	8	14	8	16	11	5	14	16	11
13	3	14	20	12	4	3	19	15	19	18	11	16	9	14	15	2	20	8	10
18	1	6	1	15	18	1	20	16	18	9	7	5	11	14	20	8	3	7	19
14	10	4	8	11	14	1	4	14	4	18	7	5	16	7	1	15	9	1	5
14	3	17	7	5	1	4	5	15	1	12	4	2	10	4	12	7	15	19	20
1	4	9	1	3	2	15	8	12	11	2	8	6	14	18	4	10	7	6	1
9	2	5	10	4	19	3	13	12	20	7	18	3	5	18	12	17	19	3	20
15	20	2	2	11	20	8	4	14	6	18	6	11	10	1	5	16	11	9	18
15	20	4	8	5	8	9	14	13	1	5	15	9	5	7	3	8	3	16	16
6	18	4	20	17	15	2	2	13	4	10	15	11	8	6	12	10	15	18	19
8	10	11	13	11	19	7	4	10	8	19	5	2	11	19	16	1	9	19	14
16	2	20	7	4	16	9	16	8	19	19	9	9	5	20	10	7	1	6	4
20	19	12	6	12	9	16	18	14	11	1	1	1	20	7	13	18	10	19	2
1	10	1	13	11	1	17	6	3	13	11	8	17	14	5	7	13	11	8	11
5	17	10	15	3	18	20	20	8	15	6	19	9	13	17	4	6	18	8	5
16	13	5	18	5	19	20	11	10	11	4	7	8	4	10	13	9	7	1	5
5	14	5	13	5	8	12	8	11	2	10	13	16	8	12	8	14	14	7	1
14	9	9	3	14	20	11	4	13	2	17	17	8	15	7	14	11	3	18	10
10	16	5	15	7	11	2	3	3	15	5	2	11	10	16	11	8	12	17	3
8	4	11	3	8	13	10	18	15	20	2	20	20	11	7	18	1	14	7	10
18	3	12	1	4	3	5	8	9	9	16	17	18	18	3	4	16	19	15	8
5	20	10	3	2	4	17	8	5	15	10	14	7	9	12	13	9	17	16	10
8	11	2	1	17	3	4	20	6	14	8	14	20	6	7	7	8	13	8	12
5	14	3	18	2	2	11	20	18	3	13	6	10	1	17	15	7	6	2	19
17	6	1	16	19	13	20	7	1	20	18	20	19	9	12	9	16	7	6	9
4	4	6	15	10	11	8	7	20	12	9	11	4	20	17	15	20	9	13	2
6	4	17	8	6	11	1	3	3	19	4	7	4	12	10	15	2	18	19	19
16	5	4	4	15	12	9	10	17	15	20	17	2	16	12	12	11	18	6	8
19	14	3	9	17	3	9	18	16	3	8	20	20	1	17	5	20	11	15	11
13	2	10	20	14	3	11	3	13	5	7	10	10	11	7	2	3	16	1	15
3	14	17	3	4	16	18	10	8	19	10	13	2	16	4	18	10	15	12	8
6	13	1	14	6	15	14	14	11	14	7	1	11	16	4	5	7	6	17	20
3	1	17	10	3	12	5	1	2	16	8	14	18	16	19	7	17	5	1	15
6	6	13	5	18	18	2	1	8	1	5	10	13	11	20	10	7	9	20	9
4	12	19	19	20	3	3	2	9	6	11	16	9	8	18	14	20	19	4	17
11	9	3	5	19	20	13	3	12	3	13	11	12	9	10	9	7	12	6	4
18	7	14	2	10	17	5	12	8	15	14	12	6	7	17	1	13	5	19	16
9	13	4	10	12	15	16	8	12	15	12	16	1	10	1	19	16	8	5	11
8	1	18	19	13	3	17	18	9	3	20	9	3	3	9	20	3	10	11	20
15	18	16	1	1	6	12	20	4	17	7	11	1	9	10	1	6	10	8	12
7	5	10	3	14	12	2	1	15	3	5	17	10	20	2	4	5	9	8	19
8	17	8	6	16	18	13	20	5	12	1	18	2	10	5	7	5	11	19	9
10	16	19	5	20	11	14	2	9	17	12	20	20	9	14	11	4	14	14	1
6	1	7	14	9	11	12	15	13	4	9	20	2	15	13	14	4	10	7	15
10	6	17	10	7	9	5	8	17	18	2	16	16	10	7	3	4	8	12	13
16	15	2	4	10	14	7	8	5	19	6	7	20	6	13	3	3	17	4	6
10	6	8	20	5	17	18	9	15	7	10	4	10	17	12	7	11	6	11	15
19	5	8	4	18	9	20	12	4	16	19	10	17	9	8	7	5	3	10	17
17	10	5	14	3	15	15	10	1	11	5	1	5	19	12	1	4	6	3	16
6	20	3	8	6	1	1	19	3	11	10	13	14	11	5	8	8	7	10	3
9	14	4	17	7	2	12	11	17	17	6	11	20	12	18	15	16	18	4	3
12	19	9	19	14	17	17	16	4	7	11	15	16	7	1	14	9	4	18	19
15	6	6	8	20	7	3	14	17	17	18	17	3	11	11	2	9	9	15	9
5	5	2	10	13	15	17	1	8	13	6	13	2	3	16	15	14	9	8	16
4	19	15	18	9	5	20	15	14	20	12	10	2	10	1	12	3	11	9	1
16	2	5	20	5	8	6	6	15	11	5	15	4	5	9	2	2	3	2	18
14	9	16	12	18	16	10	14	20	6	9	2	18	18	16	3	14	5	4	18
16	11	11	3	8	8	16	4	4	10	8	3	18	19	11	3	4	1	12	1
13	11	6	10	16	16	1	9	20	7	4	12	14	17	3	7	7	8	11	15
3	19	11	11	4	1	10	5	2	12	5	18	6	15	13	4	7	11	3	16
16	10	15	11	7	15	15	7	7	17	19	1	14	17	10	12	9	7	17	3
13	10	9	9	6	8	13	18	2	8	8	7	14	14	7	11	12	7	1	4
5	4	9	14	8	13	8	2	18	11	3	18	3	8	2	16	9	6	4	4
12	4	11	11	11	8	20	1	10	4	13	1	1	2	3	8	15	2	12	6
5	11	15	16	16	2	9	13	2	17	7	4	14	19	17	16	12	13	15	9
3	15	13	6	8	10	16	4	10	3	10	3	14	3	7	4	19	20	3	16
4	20	1	18	6	9	16	11	3	2	8	4	10	6	4	19	10	11	16	7
2	2	4	14	20	20	7	12	13	11	15	12	11	9	15	7	3	14	12	9
3	16	19	16	20	13	4	2	15	13	20	15	5	7	17	11	11	2	6	14
8	17	1	19	8	16	6	12	1	8	18	8	2	2	12	3	5	19	12	20
15	4	19	4	12	20	19	3	6	11	8	8	2	1	3	3	15	2	1	12
10	5	18	18	8	3	4	19	3	17	19	16	3	5	18	12	6	13	11	8
13	1	2	4	8	19	19	6	11	18	11	6	1	9	6	12	13	3	20	3
1	16	19	10	13	16	4	11	4	9	13	6	13	20	11	6	10	19	20	19
4	12	3	9	20	20	4	10	17	10	2	11	19	14	16	16	14	4	15	6
15	10	6	3	6	15	11	13	4	20	10	15	10	5	8	7	16	1	15	2
9	13	19	6	3	6	13	16	9	18	11	7	11	18	11	2	18	13	16	20
20	15	12	9	3	10	1	12	16	2	9	15	2	18	9	19	5	6	6	5
2	3	8	19	6	2	16	16	7	6	18	20	13	2	1	4	4	10	19	11
5	5	3	10	12	20	20	5	8	17	14	12	12	1	5	17	20	11	13	1
6	20	17	14	19	12	4	19	2	7	4	7	10	7	1	10	8	10	9	12
12	3	13	8	4	13	19	14	20	3	20	17	2	5	19	13	1	7	3	12
10	15	2	4	19	19	2	12	11	5	19	12	20	10	4	9	12	19	7	6
5	6	7	19	18	3	2	13	12	16	16	2	9	19	8	18	2	14	7	4
7	19	1	14	3	14	11	4	15	10	5	14	3	16	7	14	2	7	7	7
4	15	19	20	5	7	16	10	11	8	9	17	14	3	14	13	1	11	7	9
8	3	9	17	14	11	5	9	2	12	2	18	4	8	19	5	3	2	6	17
19	5	10	8	15	5	10	8	2	4	17	12	10	1	17	19	15	11	6	11
19	7	6	6	10	2	12	16	10	3	9	13	8	15	19	10	13	9	2	1
11	20	3	4	17	18	11	7	18	12	17	13	19	6	3	6	9	10	19	12
10	17	16	2	17	12	4	15	1	18	8	3	5	13	6	8	15	17	16	20
18	18	6	7	10	4	8	10	13	10	13	3	11	5	3	18	14	6	7	3
2	13	12	19	8	17	8	17	12	13	15	17	8	8	19	15	10	12	6	12
14	14	13	13	19	18	15	13	13	17	13	3	6	14	18	11	18	4	4	2
14	20	1	19	9	1	8	4	8	9	14	17	10	7	8	7	1	6	19	7
6	10	18	16	1	1	8	20	6	13	7	7	13	18	16	12	18	4	12	4
8	1	6	5	13	18	9	10	7	4	1	2	6	14	7	6	14	16	10	8
9	12	11	14	5	18	1	1	3	9	12	10	11	6	18	7	3	1	16	12
17	7	9	15	15	16	4	11	16	20	12	13	10	15	18	18	13	17	12	8
12	11	17	3	19	11	14	3	18	20	7	17	1	19	20	13	4	16	3	8
17	19	4	9	13	20	6	18	20	8	12	4	2	16	14	2	16	12	14	20
19	6	2	20	19	2	14	20	14	11	16	7	7	13	9	12	12	12	11	14
4	20	14	19	7	8	9	6	15	20	14	1	5	6	5	1	17	20	13	10
1	20	17	12	5	14	13	10	16	1	8	18	17	12	8	3	9	17	13	1
20	19	13	10	14	13	6	19	16	17	17	10	11	15	17	7	7	14	12	11
5	1	15	3	1	12	15	14	18	15	4	13	2	5	14	16	9	11	12	14
15	11	10	10	5	16	10	7	12	3	13	1	12	8	19	1	19	15	9	4
9	18	4	18	6	13	12	13	7	11	19	7	10	19	13	13	14	18	5	12
7	7	14	11	7	12	10	17	7	1	5	12	19	14	18	17	9	9	17	14
3	7	6	4	14	8	15	15	3	7	9	1	20	18	4	19	14	10	20	11
19	5	11	10	6	19	19	14	20	17	14	5	10	3	16	17	5	2	4	16
19	5	17	10	3	9	5	16	5	16	14	4	2	1	1	12	19	16	2	20
5	16	8	13	12	1	7	19	17	5	16	8	3	10	7	15	5	12	16	18
12	19	9	4	6	1	16	19	7	20	1	12	9	19	7	13	19	10	1	13
7	11	17	5	11	3	17	20	19	9	18	19	2	4	13	13	10	14	20	17
15	11	4	1	17	19	2	3	11	6	12	14	19	18	19	10	13	17	15	12
16	2	19	14	14	3	7	16	20	8	9	10	13	14	13	13	9	14	19	8
17	10	3	14	4	13	12	5	1	10	10	4	10	13	8	10	11	18	7	2
12	19	6	2	3	5	7	6	4	17	3	14	3	14	8	12	7	14	17	11
5	17	8	20	9	9	7	3	3	16	6	11	11	14	7	13	17	9	10	10
13	20	17	6	16	6	19	10	20	10	8	15	11	18	20	14	12	12	18	5
14	1	11	16	7	3	11	15	14	20	12	17	5	14	11	9	6	8	11	16
6	7	8	2	1	11	14	15	11	17	5	15	5	15	12	4	8	9	19	14
2	4	17	7	10	16	4	15	18	20	10	12	2	15	12	5	10	12	2	18
16	3	5	20	12	4	13	9	9	17	7	5	13	16	8	15	15	16	11	19
20	20	9	17	9	8	8	5	14	3	15	9	8	10	19	2	9	3	1	16
12	1	4	18	7	15	17	20	16	4	8	11	11	12	17	19	2	9	5	7
8	13	18	3	9	18	12	9	20	9	8	15	19	17	9	20	18	18	9	1
16	13	7	18	5	13	20	16	18	13	12	1	7	8	3	18	17	18	10	13
20	6	12	1	12	7	15	17	11	15	1	13	15	10	11	13	8	3	17	9
7	5	19	16	16	4	4	10	15	7	3	19	20	17	8	10	9	3	7	17
8	16	13	6	18	20	15	5	7	16	2	6	19	20	5	4	19	20	9	13
10	13	16	6	12	9	17	15	20	2	1	8	2	8	12	8	11	2	9	10
11	12	8	14	5	15	17	14	18	12	13	16	11	7	11	17	17	2	7	9
3	10	3	14	13	2	3	10	11	15	5	20	1	8	20	3	2	13	7	18
15	3	13	5	17	6	15	6	13	18	9	16	6	6	7	7	6	16	20	16
18	15	5	9	5	12	7	2	8	14	6	17	19	19	15	12	7	5	17	13
12	5	8	1	20	2	5	19	6	7	1	7	10	13	17	20	18	3	12	11
18	8	5	3	18	15	13	16	4	7	2	12	11	1	16	9	13	13	18	3
10	9	7	15	4	13	8	19	10	13	10	2	1	7	5	5	7	19	7	1
15	18	9	13	14	18	6	11	2	19	5	13	6	18	19	14	10	18	20	11
10	5	7	9	8	5	5	12	10	5	3	9	7	16	4	17	11	7	14	7
11	1	9	3	19	13	5	5	2	17	4	5	19	19	3	6	11	5	15	16
20	1	10	6	2	15	4	14	18	8	3	16	17	8	5	4	18	2	4	8
6	10	18	9	12	16	9	11	8	15	2	12	10	5	7	12	11	18	7	6
18	13	11	12	5	9	13	11	5	2	10	13	5	3	5	20	5	20	7	15
10	1	8	18	13	2	18	13	14	17	20	15	9	19	2	3	9	2	12	11
1	15	18	13	6	4	16	6	8	10	3	19	10	15	1	8	15	15	15	10
3	11	6	5	18	14	15	8	17	20	16	14	2	16	9	13	19	8	7	14
17	3	9	10	14	10	3	8	3	13	12	16	11	6	8	19	9	3	8	15
5	14	20	4	13	2	11	3	14	12	2	3	19	17	8	4	5	13	7	13
1	10	17	20	7	2	15	5	12	16	3	4	16	9	4	20	1	10	20	6
4	8	2	4	19	15	10	4	18	11	7	5	20	7	8	10	5	5	18	2
11	5	5	18	20	15	4	10	9	7	9	5	12	2	17	18	20	16	15	13
3	3	14	10	6	18	7	6	9	6	10	10	11	4	16	4	7	9	18	20
12	15	7	14	2	4	13	8	3	3	13	6	4	3	10	6	20	9	10	7
16	17	2	2	17	12	6	11	13	11	15	2	3	9	8	15	12	7	11	13
10	20	17	14	11	19	4	4	2	16	3	20	16	12	4	19	13	10	9	11
5	10	1	9	11	1	15	17	4	11	2	6	18	14	17	12	15	11	6	1
13	2	6	11	16	7	2	7	3	4	5	11	9	19	9	8	1	16	10	20
7	13	19	13	9	8	19	19	15	3	9	2	1	4	17	9	6	14	12	3
20	17	8	14	7	7	9	10	12	16	16	8	3	19	15	14	19	12	7	14
1	17	8	15	10	16	1	18	17	8	2	17	12	14	17	12	6	2	14	3
9	4	7	3	6	11	13	3	4	16	13	1	12	13	15	17	2	3	20	19
15	15	2	13	10	7	6	3	11	15	12	7	5	16	7	3	7	6	5	6
1	11	16	6	10	9	5	14	12	12	2	4	5	15	14	5	14	14	2	12
10	11	17	7	15	20	6	1	1	10	13	4	16	20	2	8	17	5	18	9
14	6	20	8	15	2	8	19	16	5	7	15	19	11	13	1	4	15	7	9
18	10	3	9	16	16	20	4	10	13	9	20	2	11	9	18	14	3	16	10
20	8	5	3	19	17	9	5	10	12	10	17	11	3	13	20	20	7	2	20
4	18	5	15	2	17	16	9	3	17	8	3	8	4	8	2	4	13	2	18
6	2	3	4	7	3	9	13	9	9	18	2	1	18	15	9	9	3	20	16
18	18	4	14	5	2	16	6	4	4	20	9	3	7	1	7	20	14	10	8
1	19	13	5	4	18	1	18	18	2	15	14	13	2	16	9	2	18	9	9
5	15	5	13	12	13	13	2	11	4	15	15	20	1	12	13	2	16	8	4
2	5	11	19	15	18	14	14	16	1	6	11	5	15	7	3	5	11	5	18
18	16	2	9	1	7	14	9	7	18	2	20	1	3	6	11	9	13	11	4
10	14	9	4	15	6	2	12	8	12	10	1	4	4	13	17	13	4	7	9
12	2	17	7	5	5	15	11	8	4	1	3	12	3	17	17	4	9	19	19
18	2	19	15	19	18	10	6	11	14	19	4	2	1	12	17	2	13	10	11
6	17	3	19	1	2	11	10	7	1	20	17	12	18	8	5	19	19	20	13
1	18	5	3	5	16	1	3	5	17	14	20	4	5	15	16	19	17	18	12
3	15	1	14	3	10	11	7	14	13	1	15	19	16	11	16	3	12	14	19
16	2	1	11	7	20	12	16	6	8	5	16	5	20	7	11	15	13	4	17
5	3	15	3	10	14	4	10	8	20	4	5	8	2	7	3	14	19	8	12
20	8	7	11	14	1	4	12	14	17	7	3	18	12	17	8	17	12	9	3
1	4	17	9	19	15	18	18	4	8	13	5	4	7	12	18	14	10	8	10
2	12	10	14	10	17	3	8	11	9	6	19	12	6	10	20	17	6	16	6
9	15	1	13	9	6	18	17	3	15	20	6	18	3	18	3	9	3	18	9
2	9	20	1	7	6	19	14	6	14	20	3	12	8	12	11	5	17	14	18
17	20	10	1	12	5	2	8	8	10	4	20	8	17	7	2	17	17	16	8
12	2	7	20	18	4	5	20	5	1	14	16	3	7	9	1	1	2	1	16
15	19	6	15	7	12	14	18	8	6	1	14	7	18	5	20	2	14	8	19
8	15	9	14	12	1	10	2	20	8	2	6	2	20	5	13	18	6	1	10
20	7	1	15	5	10	7	3	14	2	13	12	13	13	17	6	9	12	3	12
12	14	19	13	12	18	3	12	17	15	4	11	11	10	9	7	3	19	17	8
17	5	8	9	14	1	7	6	4	14	20	4	13	13	1	9	11	20	3	10
19	5	6	19	20	13	12	6	16	11	3	6	18	20	5	4	16	4	8	7
17	9	13	4	3	6	3	18	9	2	16	10	3	15	7	14	16	3	18	4
16	16	8	18	5	2	5	10	11	2	12	1	13	18	16	2	18	14	8	8
11	18	20	1	15	11	11	17	11	2	20	20	18	9	10	1	1	11	1	19
7	15	10	3	4	12	18	7	3	3	2	1	3	10	7	3	11	1	14	17
18	20	9	1	8	1	17	17	12	11	16	9	19	13	6	7	12	4	4	6
12	14	14	2	1	9	8	3	12	14	2	11	15	3	10	8	15	4	17	3
12	7	14	3	12	3	1	4	19	6	7	11	18	8	2	19	2	4	2	7
2	8	7	9	6	2	9	14	13	3	17	20	19	12	5	20	1	8	2	17
19	12	4	13	14	4	6	6	4	7	17	5	5	4	4	6	5	6	1	5
1	12	20	13	11	11	16	1	8	15	15	11	2	5	8	3	9	20	17	1
17	6	18	20	5	6	11	14	10	9	11	2	15	19	18	2	10	15	10	14
14	14	4	10	15	14	16	10	1	17	7	10	16	20	15	2	16	17	8	5
2	10	17	9	20	10	12	11	19	4	15	10	16	8	9	11	5	6	20	11
5	10	18	6	7	11	7	5	14	10	6	1	4	7	4	8	14	6	15	11
6	18	19	7	4	15	18	15	3	3	18	18	18	19	17	5	20	1	13	7
16	17	12	14	16	5	10	7	4	12	15	10	11	11	8	2	9	18	2	20
16	12	8	11	20	16	7	9	19	2	3	4	11	1	14	6	5	10	17	12
15	8	5	5	14	6	9	16	15	3	13	17	8	5	4	3	15	5	18	11
11	1	18	17	18	19	5	11	12	8	4	18	6	4	20	17	10	4	12	6
14	3	14	5	16	10	1	5	7	11	7	19	11	16	2	6	4	8	5	9
12	20	1	2	10	11	12	18	8	20	10	16	6	5	1	11	2	13	2	4
19	3	12	8	8	6	20	14	1	4	2	15	3	14	7	19	1	1	15	10
15	16	13	10	11	5	4	8	14	1	20	17	18	5	11	3	17	15	6	12
2	5	11	7	13	8	3	1	20	7	12	8	13	12	6	15	1	15	15	2
18	5	7	11	16	14	15	16	5	11	6	4	20	10	13	7	14	13	16	14
7	19	20	3	5	19	2	20	9	20	11	7	13	12	6	19	1	18	14	20
19	6	4	16	8	11	10	14	3	9	15	11	4	20	7	19	16	17	9	13
10	4	19	1	7	7	8	17	5	12	6	1	14	9	19	13	18	6	8	14
4	3	8	5	6	14	12	15	5	5	19	11	19	15	17	20	8	13	5	20
2	5	14	4	6	1	11	4	3	7	2	19	18	1	15	2	12	1	17	17
15	3	11	8	18	13	8	14	13	7	20	12	20	3	8	1	19	4	5	1
15	11	20	6	20	18	5	4	20	14	11	12	3	6	4	19	8	8	6	1
2	4	2	1	1	6	8	13	19	9	10	14	1	9	12	4	5	10	4	16
16	18	13	9	18	5	4	7	6	10	18	15	16	13	5	20	14	17	6	1
14	10	17	2	16	14	10	20	15	6	12	1	17	19	9	12	4	18	14	9
7	7	20	20	6	20	19	10	20	2	17	17	5	5	19	1	5	19	6	12
20	1	16	20	18	13	11	11	14	5	7	17	4	4	7	4	17	15	1	7
4	10	12	7	16	19	3	20	12	11	18	12	18	13	5	9	9	14	5	19
15	20	15	6	16	12	14	11	7	13	13	5	19	12	16	18	11	11	1	17
14	19	13	4	19	7	20	9	4	16	19	12	5	13	19	4	8	8	8	16
19	17	8	14	12	19	10	14	9	15	9	2	5	14	2	8	9	13	19	7


1	1	2	1	1	2	1	1	2	1	1	2	1	2	1	2	1	1	2	2
3	3	4	1	1	1	3	4	1	5	5	5	4	2	4	2	2	2	5	5