500	5	20

1	1.3	1.55	1.75	2.1
4	6.76	9.61	12.25	17.64

97	17	40	90	62	30	15	41	79	70	75	88	57	84	92	78	9	94	93	61
35	23	24	69	96	95	74	62	10	28	6	66	47	12	3	43	25	14	36	87
26	22	53	32	89	9	2	22	43	27	84	4	26	14	47	46	27	58	75	60
16	99	94	40	27	53	29	48	70	23	75	8	15	15	88	85	22	34	39	62
63	95	72	85	31	84	12	90	5	30	19	80	97	63	66	90	7	16	26	3
15	42	79	11	14	24	86	79	46	7	2	12	86	11	2	49	47	23	18	67
17	76	1	6	69	36	83	17	11	22	5	79	77	94	63	58	1	95	74	37
28	24	99	54	41	61	16	57	8	46	26	22	42	24	1	66	5	6	61	59
47	18	56	93	53	53	91	6	43	64	79	78	92	39	46	54	52	73	28	55
47	46	99	73	65	74	59	77	55	55	2	18	30	58	41	19	59	29	42	74
8	37	96	51	20	50	24	6	18	1	18	12	45	48	26	65	11	24	75	33
1	86	68	61	69	77	91	47	50	47	33	28	40	52	65	18	21	37	69	92
67	34	20	85	27	31	50	32	5	52	49	25	98	62	32	33	9	88	11	10
78	22	2	60	62	18	38	41	38	92	82	47	44	68	7	65	24	88	56	47
99	48	39	26	73	56	48	20	31	30	59	15	6	23	68	11	83	24	30	5
89	70	5	69	15	96	95	47	55	72	69	15	1	32	87	77	15	3	66	88
37	53	7	53	10	41	58	94	77	41	97	68	24	18	86	22	47	96	7	64
76	75	85	89	93	43	27	2	58	34	74	28	15	92	89	65	66	82	59	65
5	21	31	59	46	51	61	18	29	53	5	37	70	5	8	16	89	2	79	92
94	68	68	21	6	3	49	61	57	76	39	30	45	99	33	62	81	94	15	40
18	76	70	53	46	78	88	91	94	11	71	99	41	50	65	16	99	45	74	61
84	21	19	82	19	66	31	27	55	19	68	45	69	44	78	13	87	49	3	34
2	51	83	76	11	55	38	64	86	60	24	51	65	67	47	39	24	5	19	58
56	39	52	86	90	26	25	68	27	54	42	38	77	67	86	49	51	50	59	56
22	18	72	31	50	48	7	27	38	6	85	22	75	68	83	41	17	86	38	2
19	22	82	88	46	41	37	45	95	30	22	23	13	19	88	51	28	74	45	27
26	2	53	25	42	26	5	23	5	51	52	29	19	20	10	54	96	9	60	48
48	28	39	44	50	83	43	60	33	55	3	64	50	78	3	71	38	84	9	20
35	2	2	40	53	18	76	10	52	92	31	96	89	69	57	12	68	97	77	74
34	83	5	14	17	70	25	30	28	34	87	41	53	6	35	56	14	48	70	51
23	89	88	59	93	57	61	54	65	79	94	34	45	96	74	11	91	65	16	37
13	65	76	17	42	41	96	31	30	34	49	69	80	31	55	71	24	23	91	82
33	29	12	21	85	85	74	94	98	55	82	37	19	47	62	77	61	75	5	95
50	82	43	61	34	13	42	77	87	75	71	16	5	14	15	54	5	52	78	97
64	54	7	8	43	6	29	50	91	69	14	14	11	25	57	91	50	72	23	90
85	36	75	89	19	3	42	73	8	94	75	44	23	20	38	10	81	57	26	17
23	58	98	81	38	77	22	76	23	95	42	68	57	29	62	89	51	8	98	8
94	57	58	26	48	10	7	86	33	71	9	71	97	34	2	15	51	22	7	56
52	1	76	40	79	41	93	18	45	4	11	40	18	33	20	89	82	12	75	52
27	81	30	14	79	10	40	83	11	69	75	77	87	84	17	78	70	35	57	13
13	46	93	43	58	50	25	96	75	18	42	77	20	53	44	65	16	9	68	67
18	68	19	24	88	6	36	84	60	99	2	66	63	69	99	73	29	21	11	27
12	70	9	97	40	3	74	76	3	45	49	32	25	37	65	43	4	33	70	10
25	62	50	18	46	40	19	61	44	7	6	81	98	33	94	96	42	31	66	1
69	31	8	35	48	58	98	57	65	26	95	10	34	53	6	85	66	42	35	62
80	11	84	1	81	82	40	88	51	49	33	37	59	3	45	62	34	74	80	82
5	56	82	46	87	4	72	11	54	87	53	40	54	93	5	70	70	63	8	87
66	81	96	91	38	56	5	29	3	11	90	50	22	81	78	51	8	54	99	83
32	73	54	62	21	32	59	22	10	35	96	85	86	37	13	40	27	37	80	97
86	91	13	85	50	28	11	53	85	63	71	66	49	37	18	78	22	70	5	6
9	65	41	84	20	15	44	65	12	30	28	57	93	7	91	65	75	72	44	46
37	59	52	18	66	24	24	73	1	11	67	69	14	59	53	88	76	79	23	78
40	63	18	56	22	74	88	39	2	97	44	57	90	70	8	18	12	49	8	26
62	25	76	91	21	44	1	17	87	33	15	75	2	59	69	84	12	54	2	9
66	55	27	95	14	59	46	98	51	3	13	27	65	96	61	66	35	67	91	57
66	35	10	34	77	89	25	36	88	11	62	69	24	45	83	55	50	1	70	56
83	88	58	66	57	36	88	42	34	98	37	50	85	6	28	13	20	90	7	52
97	37	65	87	26	61	78	6	6	14	30	97	95	53	75	42	60	10	71	72
29	88	28	18	25	48	59	7	39	90	14	85	84	23	48	48	98	50	86	2
71	50	51	48	40	39	97	25	19	83	48	13	76	41	90	22	6	91	36	32
41	53	55	64	25	98	61	18	86	51	97	60	42	32	73	23	97	44	19	64
58	24	88	26	50	56	41	56	46	2	56	82	27	93	61	86	43	96	92	9
81	84	97	69	59	51	64	10	78	25	38	69	16	76	8	43	64	34	40	44
49	22	24	99	79	64	19	12	40	93	56	47	2	28	13	51	53	4	81	67
60	95	71	26	29	93	97	19	61	25	99	73	96	73	71	15	70	62	99	13
1	95	78	10	7	72	63	94	73	95	71	11	98	33	84	5	70	17	52	71
33	26	19	44	16	12	32	93	9	74	52	47	40	13	11	83	9	54	6	12
87	34	69	37	52	25	3	11	82	53	96	48	20	77	88	63	87	71	93	43
89	49	77	29	96	35	42	69	17	23	44	47	32	75	80	2	39	29	46	18
61	4	32	14	81	33	3	58	10	81	51	52	31	86	54	61	20	17	54	46
10	33	75	32	12	78	5	70	9	24	73	1	30	2	2	80	90	69	64	76
74	87	70	56	31	70	61	52	88	11	96	37	61	71	45	36	11	61	25	20
78	74	30	56	22	83	20	74	1	82	12	14	40	74	62	2	53	64	3	83
1	63	72	61	62	68	96	54	50	38	47	98	66	59	92	23	99	15	95	76
18	73	71	3	36	55	78	66	16	79	9	93	4	47	90	69	34	48	11	3
70	86	29	55	86	96	3	29	5	46	99	24	55	28	14	49	56	64	9	58
89	67	85	75	41	70	94	82	12	34	52	71	98	98	51	78	82	21	76	28
13	70	15	26	74	44	31	47	59	56	14	32	56	51	65	17	23	89	43	64
63	92	59	46	76	44	83	32	26	55	43	47	86	91	72	12	44	37	92	68
32	62	31	51	32	60	43	24	34	36	11	56	57	99	82	24	87	1	57	47
81	52	9	93	37	71	47	78	41	15	29	2	29	18	18	88	2	69	59	82
15	60	44	46	8	33	96	36	59	62	60	92	79	30	62	3	34	27	49	77
64	56	40	75	7	40	86	50	13	63	21	85	30	45	86	45	82	62	28	65
99	74	68	64	76	52	41	61	6	20	99	91	58	54	26	77	56	90	89	47
1	24	74	81	22	79	45	73	71	50	41	23	22	84	29	2	82	15	96	90
10	79	67	83	11	90	94	21	38	2	94	31	40	66	55	99	9	10	98	98
30	97	72	1	57	66	22	22	68	39	4	2	57	58	32	62	82	52	16	92
48	35	94	27	3	97	31	60	8	5	60	99	87	5	8	17	81	74	67	98
38	78	29	87	55	47	57	73	68	31	64	15	39	15	54	3	75	18	94	45
44	66	87	35	96	5	89	73	2	32	30	32	8	30	54	52	62	82	28	92
36	6	93	74	84	15	64	81	86	91	99	94	81	84	82	53	44	55	90	5
29	3	72	53	37	52	17	70	17	49	93	72	59	94	6	81	11	86	8	73
46	43	27	79	60	61	61	65	43	83	87	69	26	45	66	26	32	85	88	12
30	88	65	73	51	33	49	53	86	76	16	50	55	99	95	21	5	53	66	72
81	22	23	89	67	16	94	23	25	85	38	34	68	37	82	21	73	15	92	44
20	23	18	99	82	48	86	22	68	89	74	80	64	73	10	81	88	57	65	2
99	23	60	57	81	37	33	15	18	18	21	69	61	35	8	91	52	56	19	39
98	83	72	71	90	43	49	81	62	39	45	95	18	56	12	61	85	99	2	26
85	85	8	2	88	60	20	78	10	32	74	36	47	49	21	25	25	75	94	83
18	85	45	38	84	11	86	14	89	30	58	97	25	78	61	18	18	37	49	2
96	47	18	60	38	37	90	57	37	57	76	49	82	27	51	20	85	75	76	40
12	14	52	88	86	28	3	90	71	84	82	69	2	32	10	21	22	34	16	42
12	83	88	6	48	46	82	2	1	84	56	53	82	17	77	55	66	39	79	57
32	2	39	15	94	75	56	31	99	68	70	46	20	9	64	38	49	79	38	86
72	8	27	85	89	73	78	73	81	62	39	66	8	76	53	21	51	94	15	77
62	22	4	14	37	98	29	85	43	53	53	23	23	76	33	84	49	17	31	27
6	74	49	80	53	93	23	45	95	60	89	4	54	9	43	97	88	98	5	46
15	47	23	23	32	6	94	20	89	38	66	56	8	76	12	15	77	84	81	88
52	98	42	11	54	64	76	39	69	95	4	76	82	59	62	49	75	2	90	74
27	81	80	99	52	7	18	74	49	88	99	11	68	11	82	46	8	6	19	75
11	5	88	24	80	83	15	27	47	53	25	59	98	66	62	53	18	74	56	80
71	2	3	77	31	11	96	12	33	34	50	97	12	63	2	95	29	33	69	74
35	12	77	3	88	81	89	96	38	76	22	4	51	66	33	51	66	12	28	51
56	96	34	81	48	93	62	51	96	37	56	50	65	92	57	19	18	9	67	57
70	86	3	51	63	6	91	11	93	68	73	57	66	15	71	86	28	98	88	8
40	66	16	82	30	38	8	66	50	86	5	20	88	52	3	85	12	36	64	21
8	29	16	90	19	89	67	52	11	44	16	47	65	97	24	30	58	67	77	98
4	51	36	53	20	46	72	58	57	40	86	74	50	10	4	44	45	92	12	82
25	82	88	35	93	35	88	86	72	67	79	50	38	73	80	33	78	10	91	29
38	51	1	43	45	98	18	76	96	46	39	17	15	22	28	48	64	77	65	96
88	44	71	62	11	83	73	72	25	25	66	11	33	68	83	40	39	8	8	77
68	31	42	30	23	96	27	64	78	12	30	27	43	70	55	10	86	68	98	72
5	42	8	75	23	48	99	30	26	75	47	47	51	10	50	22	47	87	9	99
40	46	73	8	43	92	86	19	2	91	95	49	39	10	58	43	32	77	89	43
35	34	64	42	64	23	50	86	57	18	78	98	91	3	70	47	50	11	53	3
65	41	99	99	27	29	15	48	22	37	51	79	93	80	74	39	65	56	30	4
80	76	54	38	97	32	5	71	54	68	77	3	59	71	40	83	1	93	89	62
45	82	21	5	5	4	25	82	89	54	20	49	9	47	66	33	35	31	5	35
33	71	30	84	6	23	5	64	26	66	98	61	99	57	4	87	32	13	89	42
92	20	91	39	31	12	52	16	92	77	33	79	87	41	46	15	58	53	75	19
41	37	15	93	87	76	44	32	30	16	10	57	29	95	16	73	56	74	89	29
4	24	46	13	6	63	98	61	77	16	98	74	74	31	70	42	40	79	36	82
48	93	63	41	89	14	50	98	72	2	17	46	20	31	5	13	62	57	85	62
37	9	96	25	98	75	36	21	44	73	68	84	44	76	92	98	54	99	55	69
47	80	84	3	90	33	28	67	1	85	48	68	50	43	49	71	96	77	99	89
8	29	20	53	91	13	90	29	91	99	16	82	52	35	29	4	33	24	34	11
7	43	29	37	55	76	28	83	40	28	98	3	51	19	18	72	37	99	78	31
75	88	95	61	10	35	76	31	88	53	16	52	95	93	7	96	56	46	46	7
6	87	14	71	56	13	68	75	90	27	30	70	1	78	94	98	97	59	8	77
8	12	70	88	81	36	64	67	77	20	25	30	69	51	23	63	10	41	29	16
58	67	72	15	14	46	54	62	89	30	90	41	14	80	23	2	11	77	30	92
20	30	5	63	88	90	97	5	55	84	50	69	84	82	58	77	66	17	15	33
18	2	69	12	63	23	27	5	64	50	43	94	73	89	15	44	11	72	4	94
41	33	17	19	71	95	12	84	69	26	83	42	91	47	43	13	57	11	8	62
88	67	83	21	22	70	20	37	91	90	15	70	20	34	32	19	78	23	79	64
5	92	25	68	26	12	88	19	73	91	64	27	88	27	65	34	15	83	46	81
34	39	19	93	78	76	36	10	3	93	22	78	2	63	81	30	41	91	48	88
90	8	66	90	48	50	67	22	49	74	41	97	64	93	69	22	29	56	58	71
4	2	18	69	28	83	81	6	37	66	23	47	7	68	21	38	49	34	93	23
40	23	81	51	2	63	57	93	21	86	52	71	96	35	9	73	62	63	23	8
99	35	30	25	62	89	37	57	42	92	27	44	9	36	54	15	12	34	77	38
2	51	68	71	41	1	84	82	87	16	89	52	38	9	21	58	85	82	41	76
90	17	28	72	96	15	75	65	9	70	55	28	20	76	69	56	55	73	39	24
14	75	59	1	86	58	79	1	33	63	57	4	23	70	5	89	55	80	36	13
38	43	78	27	89	8	89	63	78	50	70	81	22	12	48	4	74	33	18	24
29	99	44	1	76	42	24	15	1	7	7	22	16	12	78	87	55	1	52	4
50	5	58	28	27	28	87	26	21	65	2	64	98	47	61	27	80	65	40	11
71	78	46	45	38	45	72	14	48	16	62	32	76	92	6	20	14	1	29	24
52	69	21	78	76	55	26	67	57	3	36	48	82	40	95	99	65	61	36	55
69	53	43	95	12	17	38	99	21	42	34	79	20	3	10	24	77	16	83	13
80	76	44	46	77	8	36	39	53	47	89	70	77	19	9	13	44	84	23	12
1	23	43	93	40	44	63	83	26	59	24	28	8	91	63	93	62	52	29	16
11	97	57	12	81	13	15	29	65	95	52	49	94	14	50	84	53	58	56	71
88	55	56	57	82	19	33	32	37	82	75	99	35	24	13	79	78	60	62	50
15	68	54	96	89	18	7	33	61	58	30	76	39	18	21	91	55	17	30	23
27	24	72	70	68	30	64	78	99	12	6	18	22	33	96	28	63	31	92	33
1	20	33	79	51	11	39	65	50	11	27	32	82	6	58	75	99	9	35	36
63	86	78	14	77	16	51	99	61	71	19	91	70	6	13	54	95	27	16	77
7	90	64	31	49	81	35	1	26	72	84	73	62	17	11	12	40	45	62	83
57	45	79	68	8	53	26	48	55	17	92	16	93	45	20	79	98	35	74	59
70	59	78	90	96	2	95	90	39	34	17	26	95	96	89	14	37	23	83	59
2	13	44	47	61	87	45	36	28	48	83	63	57	55	7	52	18	40	55	35
74	12	22	30	71	49	36	29	21	7	99	34	6	80	47	83	96	84	49	41
81	60	88	98	37	33	97	86	83	83	83	33	33	81	81	42	23	26	6	88
63	93	42	8	18	38	43	78	66	80	45	69	76	43	19	67	39	87	43	55
59	1	1	40	20	66	14	46	50	93	25	99	33	14	33	33	54	22	75	40
65	9	79	46	49	82	98	27	3	81	6	4	81	55	29	56	1	96	94	8
65	68	4	63	7	14	57	2	66	92	82	61	19	91	32	27	95	68	73	58
39	95	29	17	65	53	78	40	46	20	45	79	40	79	46	19	69	69	57	43
61	17	70	46	98	38	29	32	47	84	33	1	74	26	25	57	36	72	90	85
75	30	24	10	68	16	6	10	99	1	19	12	78	36	98	21	97	66	86	22
66	38	24	94	36	18	45	39	28	84	95	29	19	29	41	89	96	80	90	94
75	33	61	17	33	81	11	42	41	15	2	12	97	60	32	71	26	31	92	62
14	69	73	71	53	88	39	5	20	83	73	85	37	68	88	41	21	91	9	88
17	27	84	53	1	18	13	47	93	27	93	9	3	14	20	83	17	20	70	49
15	17	43	98	19	89	10	31	54	89	68	86	75	21	56	70	81	74	25	6
29	72	65	37	56	31	14	6	44	36	35	39	39	10	99	34	83	7	51	25
20	43	77	51	15	47	79	98	36	90	50	98	64	62	57	47	52	79	53	80
98	99	69	83	14	9	86	3	25	29	37	15	31	24	42	68	97	87	9	4
83	42	88	52	17	44	43	20	94	95	19	45	84	78	66	82	2	69	81	49
81	35	15	86	60	2	39	16	25	73	14	5	61	39	98	36	81	19	90	72
19	29	70	80	5	67	8	94	3	45	70	37	12	75	68	86	59	55	54	49
40	30	71	21	21	40	17	83	31	24	29	54	62	26	81	97	33	97	88	17
17	50	79	3	52	78	73	7	87	1	86	56	32	52	28	27	24	22	5	45
81	86	15	97	34	82	86	56	25	8	62	6	74	1	63	12	80	19	12	71
54	24	68	48	61	43	91	50	59	24	41	35	51	17	87	51	50	77	36	37
54	12	72	23	17	39	36	96	18	11	89	59	14	33	75	60	65	83	41	61
35	44	31	33	94	88	4	26	5	76	83	61	35	59	9	73	38	49	75	27
54	4	18	88	15	79	44	59	37	15	10	31	32	71	2	94	98	25	36	22
73	11	55	38	65	68	60	9	82	73	32	29	26	94	96	70	43	99	82	54
12	64	65	38	5	37	82	92	64	60	72	64	73	17	5	52	82	95	9	22
62	53	31	21	15	33	79	81	38	23	18	38	28	93	17	43	73	74	11	84
69	16	21	74	24	87	44	59	9	93	81	2	34	88	66	33	71	80	92	49
28	53	38	60	42	68	9	48	11	74	18	49	98	13	83	80	55	65	55	1
15	1	65	49	70	74	6	52	18	8	93	66	14	42	22	76	31	33	93	63
96	43	73	24	65	13	23	4	24	47	7	14	30	50	68	4	40	93	37	66
92	33	37	65	4	42	99	82	38	88	42	22	74	36	36	44	53	43	76	46
93	15	9	80	6	10	36	10	24	90	1	36	51	76	25	5	97	80	84	12
26	18	72	98	3	79	98	21	7	56	71	58	57	54	60	50	16	86	71	15
7	62	14	84	54	61	20	81	97	1	3	56	17	76	76	23	76	67	3	16
98	49	64	61	71	90	51	36	10	75	59	39	6	27	55	16	66	11	60	79
9	7	54	59	34	91	92	84	70	66	89	3	32	28	2	36	23	18	48	28
55	46	34	99	88	62	35	88	39	95	91	12	29	7	80	51	73	13	67	72
23	65	53	3	37	35	67	90	19	31	18	26	69	85	2	85	10	80	16	78
52	7	13	17	85	61	99	59	10	80	54	75	45	58	76	75	76	57	1	12
17	61	42	14	30	30	90	64	97	57	65	28	32	33	97	99	98	40	24	31
57	55	29	51	45	65	43	19	76	1	16	73	67	90	28	39	1	71	25	42
18	83	64	72	5	17	49	5	74	57	42	33	44	93	3	76	91	98	79	28
55	72	49	5	35	72	55	54	38	10	37	84	20	95	25	51	50	38	40	13
34	56	48	99	75	84	10	34	29	84	20	54	47	65	36	15	50	78	86	49
16	73	42	99	92	64	32	6	74	97	54	99	70	24	57	85	58	40	38	49
95	40	85	71	75	93	56	8	31	56	21	85	64	94	67	65	19	24	89	21
44	83	52	90	65	95	76	48	78	48	47	6	76	55	74	7	85	27	2	8
21	89	41	89	86	76	91	71	70	36	4	51	47	32	77	94	51	95	1	37
61	26	32	4	27	6	52	20	40	32	54	46	61	26	29	64	71	6	78	99
19	98	97	52	84	50	20	30	15	34	72	30	62	67	92	83	75	4	49	82
59	80	31	42	71	82	1	52	6	26	2	26	27	91	74	13	7	87	13	77
17	52	46	49	59	8	59	78	9	71	46	28	6	92	33	42	46	21	66	74
99	3	5	60	29	18	37	61	5	44	48	14	24	61	17	93	61	35	57	18
30	82	13	60	96	95	9	27	19	38	87	57	39	18	74	34	84	34	44	24
20	76	76	61	28	39	11	86	45	32	8	76	78	67	54	71	3	26	73	79
61	63	15	80	18	56	68	59	82	24	57	23	1	74	49	53	51	3	18	39
89	88	84	49	31	18	38	45	6	74	19	62	59	99	70	57	27	92	79	73
9	71	41	11	57	27	99	26	80	24	13	55	55	45	60	58	92	92	41	62
47	58	64	88	80	34	76	90	52	14	47	48	44	95	75	21	10	5	31	25
24	62	46	5	88	86	3	95	89	41	56	64	71	8	85	95	84	51	74	16
13	74	45	48	10	8	2	81	82	11	46	36	70	98	93	58	10	35	38	78
49	13	9	80	29	9	3	56	42	5	48	63	9	71	8	42	17	15	53	97
35	46	77	3	79	96	35	26	44	88	58	65	98	61	11	7	72	65	37	6
28	99	49	72	21	13	13	99	26	69	71	17	2	82	14	15	88	77	3	95
22	69	93	90	47	40	24	59	84	15	54	69	97	52	81	32	78	89	26	13
8	25	12	32	37	6	31	94	70	55	68	94	72	49	37	30	50	95	12	16
44	90	22	11	49	34	17	88	94	85	70	99	84	22	92	23	69	40	36	38
47	55	29	97	94	89	90	76	90	38	65	65	38	36	48	91	30	72	21	6
48	34	96	29	33	1	9	9	8	86	57	28	46	26	4	81	30	82	3	56
59	69	37	66	38	2	76	8	36	46	88	20	14	46	74	26	89	14	74	66
1	22	19	43	8	39	84	22	61	77	79	69	55	95	75	50	91	8	10	67
89	98	95	9	95	91	18	6	50	99	80	35	43	39	2	13	21	62	46	46
23	90	37	42	73	31	78	67	62	72	91	64	93	27	72	91	14	5	52	48
31	5	35	45	71	55	32	84	63	56	53	24	57	61	99	43	28	65	5	41
24	26	32	44	98	64	51	35	7	77	52	83	13	33	95	78	77	3	95	64
99	84	66	72	75	1	20	2	1	63	60	7	67	69	72	65	9	3	2	85
34	32	47	45	97	37	13	5	31	36	75	92	16	6	38	23	4	12	83	13
14	47	18	17	49	99	82	61	59	69	72	15	31	50	82	54	95	54	7	79
33	89	53	62	70	34	52	10	10	28	50	53	37	88	90	71	60	71	24	60
15	25	30	82	97	69	99	23	82	98	80	79	76	87	2	42	90	52	94	62
39	38	3	20	54	46	11	36	63	73	40	39	99	55	72	81	60	14	14	56
5	23	81	67	5	78	54	69	55	56	44	98	40	39	2	36	81	48	47	27
89	98	21	9	75	72	18	27	26	78	36	59	39	91	70	66	15	5	40	5
92	49	75	73	9	38	75	53	76	72	85	21	84	53	20	1	43	2	15	74
31	93	3	49	12	41	3	89	8	8	71	49	10	72	41	76	55	24	27	93
89	38	50	69	86	47	62	28	83	54	81	95	41	81	30	26	2	84	63	35
68	44	40	50	77	77	86	95	91	71	33	46	52	81	2	19	57	55	74	68
44	83	92	65	61	83	12	25	92	72	17	34	75	45	36	61	39	54	32	17
51	51	99	1	76	44	71	8	85	96	40	79	19	99	93	30	87	26	81	25
86	83	69	38	6	39	83	23	30	80	86	67	79	43	58	63	10	36	75	7
27	93	13	81	17	88	37	30	55	64	30	19	7	58	4	71	69	37	16	63
33	74	78	28	88	61	48	45	79	87	73	94	55	48	44	91	33	92	89	90
84	68	68	60	83	59	27	17	25	23	85	52	61	49	16	60	3	9	40	52
61	42	32	54	7	64	69	82	6	82	38	28	26	3	99	89	42	24	73	68
70	56	19	79	93	51	25	97	45	35	57	91	23	67	10	47	26	97	33	96
59	9	39	72	92	54	99	10	76	75	58	52	19	28	29	93	6	17	27	88
90	48	55	5	96	33	51	32	96	60	33	99	24	30	92	94	29	9	8	26
21	15	36	30	7	51	11	29	91	33	54	70	41	32	9	18	14	22	37	8
2	45	52	52	94	35	46	21	29	44	96	29	99	18	36	46	9	71	69	82
90	45	34	6	63	59	44	61	30	18	94	50	49	7	95	31	89	71	35	37
79	99	3	64	82	38	8	50	28	37	52	68	2	38	2	49	68	62	18	98
26	48	25	80	43	6	37	27	66	2	15	29	63	17	40	63	45	41	8	91
76	77	57	85	46	49	22	34	54	34	63	90	13	71	30	26	67	42	64	29
56	70	75	70	7	39	99	80	89	15	67	59	61	66	32	76	87	75	51	68
4	81	8	62	36	65	23	81	71	63	52	56	14	75	64	12	37	34	6	4
48	68	40	34	68	63	48	27	68	67	84	19	75	67	77	42	38	15	17	13
78	59	31	10	91	64	16	14	85	33	29	52	51	81	56	39	79	1	21	15
39	74	86	88	11	15	35	91	17	11	6	95	65	7	89	76	29	74	26	51
3	65	92	99	27	75	51	48	38	57	87	45	77	75	69	14	48	67	60	15
53	45	21	17	16	58	92	85	67	29	58	35	3	90	38	79	72	88	60	96
21	19	25	80	58	59	99	83	72	34	68	76	77	64	38	83	32	84	65	90
40	28	30	47	27	97	70	70	33	73	48	43	91	57	37	6	61	49	81	71
48	97	8	95	49	30	1	38	40	8	50	59	73	16	39	69	5	94	9	47
30	91	56	84	66	68	50	32	66	61	98	15	65	15	34	16	39	25	74	27
22	88	94	76	62	72	56	92	18	49	56	80	32	63	8	55	80	29	44	90
67	75	88	74	92	41	6	97	9	7	90	83	92	89	72	44	27	19	37	8
48	52	25	46	77	96	85	92	12	18	51	88	15	1	79	89	40	58	26	86
33	16	46	82	82	12	58	43	70	48	73	51	27	63	95	38	34	19	18	97
10	55	55	59	65	52	25	46	58	47	1	31	30	70	72	89	58	63	64	12
64	96	19	98	47	3	12	69	73	5	76	34	4	1	14	34	50	85	15	77
36	5	6	69	91	85	31	38	72	34	88	19	96	75	10	13	57	45	36	10
32	52	91	88	26	91	39	74	1	53	98	37	29	6	6	89	50	79	44	89
14	88	24	34	59	47	66	36	16	1	65	40	9	45	88	10	68	41	11	65
5	80	35	53	20	72	88	47	55	79	75	95	29	11	74	58	30	44	68	96
86	40	5	36	93	22	11	7	4	60	5	70	11	96	6	18	66	11	25	37
35	23	63	12	18	48	28	2	87	36	28	66	21	68	24	47	5	20	36	91
41	13	95	47	39	65	16	31	45	22	11	89	8	57	69	82	30	77	87	28
49	43	85	77	17	73	59	65	7	90	86	65	41	23	46	54	69	56	17	34
51	4	59	48	26	58	3	11	99	88	91	48	11	98	82	32	97	46	71	71
55	35	30	76	6	61	87	25	23	60	55	10	29	67	58	60	10	93	6	87
31	24	23	7	56	77	68	94	90	6	17	53	12	78	92	96	72	3	41	67
33	5	33	71	32	86	43	78	91	44	45	97	83	83	6	3	38	83	49	73
41	9	13	79	37	92	56	45	86	11	14	65	80	68	92	82	67	22	22	94
79	43	57	57	26	16	47	42	43	36	24	86	89	40	85	72	74	41	46	26
58	14	13	33	39	4	24	86	65	67	14	3	43	68	8	25	56	79	78	79
31	2	26	29	54	28	8	11	74	39	4	8	99	10	16	95	8	29	32	26
21	30	17	32	32	48	98	78	35	55	21	12	18	3	41	54	89	50	24	12
57	64	9	88	32	52	17	50	64	68	70	36	8	68	41	2	15	39	11	75
61	10	35	10	92	11	48	71	1	1	71	28	87	48	4	19	6	61	90	87
49	31	56	54	31	56	5	75	22	47	32	8	68	80	64	4	6	23	25	84
90	58	35	17	63	18	9	77	51	53	98	53	58	72	93	24	83	24	49	7
49	61	96	59	16	18	67	72	5	50	86	94	69	51	62	18	6	4	42	77
40	31	29	92	62	20	15	74	50	26	52	74	94	78	51	90	14	19	61	86
97	68	43	88	25	1	57	56	21	3	45	59	72	84	1	13	58	56	88	97
56	23	21	89	91	33	41	15	64	78	5	28	68	27	28	56	81	3	56	6
17	63	12	7	71	19	3	55	39	92	83	73	23	63	47	36	92	19	45	60
65	28	38	49	67	82	17	10	30	14	67	23	73	75	70	69	43	72	59	50
22	41	16	95	70	52	41	35	34	5	44	13	55	73	3	64	90	56	86	96
20	39	5	99	27	63	65	57	9	5	38	5	5	75	38	61	28	21	81	8
26	14	90	92	31	73	92	55	46	83	86	50	52	40	96	28	65	38	86	7
51	20	4	80	32	27	52	89	94	48	29	71	27	16	98	32	24	18	19	57
9	53	4	97	68	18	25	78	45	71	98	52	55	61	20	88	52	28	29	35
60	2	95	56	87	45	80	76	28	87	31	15	31	51	41	62	65	20	19	42
96	68	83	50	51	18	90	15	79	30	34	3	1	44	22	43	6	88	76	7
54	5	69	14	3	94	56	10	13	99	52	87	27	35	48	17	78	12	63	16
23	27	50	25	48	78	10	38	74	69	60	33	29	46	14	50	89	96	64	4
62	99	69	98	36	94	10	53	42	9	81	22	59	26	21	48	30	48	19	58
65	26	95	76	11	62	80	87	55	42	18	24	50	16	12	17	29	5	6	23
79	23	40	24	53	90	80	25	4	19	93	26	66	59	78	12	53	40	65	53
57	8	97	11	21	6	76	89	61	85	93	49	65	47	34	40	84	96	45	32
7	13	33	51	89	81	91	11	28	29	86	51	1	46	45	45	73	87	8	6
50	44	42	52	53	13	18	64	27	51	73	64	71	38	50	67	28	98	22	3
85	88	76	13	65	4	28	96	50	61	77	64	48	42	78	27	94	67	89	25
33	29	30	37	36	56	88	22	91	4	17	16	15	92	41	6	89	81	2	38
37	33	31	22	37	40	66	84	94	44	37	62	75	24	22	42	51	20	71	94
19	19	7	59	76	40	5	66	92	44	6	47	96	45	73	92	67	38	69	32
93	75	55	37	66	85	81	37	59	95	11	10	49	41	22	81	21	98	49	51
42	16	91	67	39	68	58	27	92	45	54	41	38	68	27	60	54	25	38	48
68	55	99	50	90	39	23	26	19	89	8	66	51	4	94	31	66	67	8	50
57	39	2	85	59	23	70	62	42	85	95	25	46	98	51	70	59	47	58	3
44	35	47	81	48	20	32	18	50	62	18	19	67	56	46	59	13	99	66	64
7	44	6	58	17	84	82	84	35	37	83	17	88	24	98	52	93	90	58	37
76	70	94	46	79	88	75	13	51	69	14	20	76	50	54	85	76	54	74	69
88	59	91	66	38	59	94	52	38	9	22	49	7	22	86	3	78	36	87	89
76	63	52	80	89	44	22	93	82	6	42	39	21	52	16	86	14	28	25	96
30	51	4	98	89	18	68	63	99	55	78	71	86	37	9	79	14	7	10	37
89	43	12	59	76	90	61	81	16	76	95	76	91	37	87	55	44	85	82	64
66	87	95	31	73	9	10	49	49	42	45	10	42	7	86	31	6	54	74	24
62	90	50	42	24	3	74	73	43	20	65	51	83	6	78	27	13	44	92	50
68	34	84	62	47	5	36	45	72	96	77	50	29	95	73	7	59	49	50	60
35	88	72	90	92	96	6	39	39	68	4	26	52	8	70	75	4	54	17	54
28	21	25	38	82	30	26	92	81	35	45	99	10	4	10	27	80	25	70	68
70	63	19	18	63	93	85	85	90	91	74	94	68	55	50	39	92	29	67	68
31	67	32	48	12	75	29	73	18	26	8	91	50	67	33	51	24	38	60	11
16	67	62	15	19	71	82	71	9	16	35	83	97	32	99	68	5	14	15	80
3	58	67	99	63	34	89	74	80	12	94	36	58	50	81	86	20	93	68	53
58	74	74	54	8	1	80	8	68	1	67	12	8	44	15	9	44	82	44	92
58	55	99	51	29	98	49	83	59	4	29	51	29	14	41	81	99	5	17	1
85	79	33	40	45	44	68	47	68	4	74	81	3	92	53	51	63	77	61	80
36	90	92	14	73	26	57	59	16	82	57	75	13	28	71	69	1	17	65	67
41	56	42	80	47	37	55	36	95	44	91	27	10	99	47	16	76	59	28	65
85	43	82	56	76	40	8	11	74	57	48	21	45	38	23	83	49	1	20	74
42	60	20	98	15	22	20	7	82	70	90	25	83	19	1	35	64	50	37	66
65	78	50	50	32	90	44	24	38	22	51	14	18	80	50	45	53	84	63	95
90	61	61	86	4	99	74	16	6	38	23	93	37	72	1	24	66	35	28	13
82	24	81	46	54	51	3	9	80	61	63	25	7	2	62	14	64	29	92	43
6	46	99	8	43	21	86	39	51	82	96	86	42	16	36	64	3	84	28	7
14	67	45	7	57	28	90	79	70	99	45	52	59	24	58	1	52	79	15	23
87	6	61	10	81	98	96	92	89	64	85	76	84	93	96	75	45	99	55	59
37	55	89	72	21	92	78	99	73	38	25	82	25	28	67	46	54	54	39	62
41	57	86	46	56	31	84	98	33	14	95	19	94	79	43	52	19	91	58	62
36	64	82	31	94	27	36	39	72	45	28	63	70	10	51	20	42	24	96	70
23	57	41	15	67	63	4	87	41	97	66	64	86	84	76	93	12	21	26	82
34	29	76	31	84	94	46	77	67	69	49	2	13	67	8	37	63	75	32	27
35	93	18	1	23	9	23	78	98	47	59	8	74	39	36	60	3	76	90	65
11	16	21	48	64	59	26	1	52	8	92	85	48	76	74	13	79	58	44	20
80	34	37	65	62	63	62	12	78	91	78	70	76	41	5	61	81	16	11	7
93	36	3	85	18	43	24	25	88	47	90	92	10	57	27	8	85	88	40	47
9	19	1	96	37	30	68	64	86	30	10	54	14	59	63	34	88	25	13	27
80	99	64	59	56	7	40	77	46	76	24	29	96	30	50	65	51	9	5	95
34	7	35	52	12	35	52	11	18	1	64	67	73	36	48	69	40	64	90	87
32	92	76	43	4	42	70	46	40	50	84	36	45	80	44	6	58	59	78	90
30	67	30	40	42	81	9	88	60	2	32	94	75	97	77	93	18	53	5	97
69	90	22	35	45	26	39	28	79	75	61	94	27	51	20	70	72	81	69	35
57	6	98	46	52	48	95	31	90	14	34	25	94	24	24	87	96	59	16	46
39	91	69	55	32	11	34	53	42	14	83	5	88	4	87	97	41	84	89	16
31	31	78	84	6	74	20	40	57	87	82	25	99	51	85	81	22	75	40	66
19	39	60	97	97	92	63	22	60	54	2	95	99	25	62	73	33	11	43	99
37	82	10	71	31	4	59	46	26	26	78	31	50	20	88	48	85	8	75	41
44	83	57	95	2	8	31	18	88	69	41	82	50	66	94	8	88	32	47	77
7	54	21	76	83	47	24	37	75	49	67	56	24	67	76	98	54	14	19	98
80	4	34	85	81	60	55	82	57	75	71	59	45	8	85	27	6	11	52	12
76	15	96	69	67	81	85	88	81	70	31	48	50	1	62	60	32	93	83	72
63	22	17	24	82	87	70	67	48	53	49	66	45	24	19	70	19	22	15	70
60	93	47	74	27	22	63	80	7	36	51	80	26	57	30	19	8	94	48	91
39	96	58	76	91	88	85	56	80	35	10	86	24	41	70	48	84	18	57	86
13	39	97	17	99	61	19	28	24	60	67	77	90	68	11	9	69	82	55	14
33	85	30	5	96	8	51	84	73	99	70	15	18	65	51	31	82	90	24	60
54	24	69	38	48	89	26	64	56	31	5	49	3	51	26	31	24	54	49	64
99	29	93	19	1	82	3	9	49	4	51	99	17	54	59	98	79	1	76	20
48	42	38	49	79	42	28	23	10	48	54	70	95	79	8	4	60	74	2	23
95	80	5	42	6	83	40	49	3	3	58	39	27	58	88	78	69	4	52	30
64	36	11	18	99	21	62	77	2	8	57	16	58	20	53	89	77	43	12	99
31	18	99	84	74	96	53	48	95	74	37	34	53	94	78	10	57	88	65	82
6	78	73	28	11	84	1	90	11	71	15	21	61	80	28	75	69	84	75	29
98	48	22	64	93	91	94	3	21	70	46	61	53	59	63	26	59	70	61	10
91	27	35	4	58	59	2	14	89	79	1	64	39	97	68	60	68	89	31	25
47	17	15	88	3	21	43	42	59	71	68	23	20	55	36	44	35	40	67	33
95	77	31	15	7	73	8	59	28	80	89	39	31	59	94	84	30	22	12	62
49	38	11	33	30	14	19	74	56	9	11	20	49	92	13	89	80	97	32	45
58	36	84	65	21	59	86	47	31	94	87	96	11	74	16	86	48	71	17	71
76	5	39	26	20	57	84	33	17	3	69	40	80	56	94	7	17	63	74	65
85	25	25	16	24	11	94	30	17	42	26	97	87	20	51	28	57	8	16	26
83	79	62	98	29	56	80	82	68	16	74	7	32	84	75	20	74	95	51	79
81	41	20	16	80	12	78	82	96	84	41	94	75	30	75	99	45	56	87	71
92	47	12	29	55	85	87	25	31	27	31	99	35	16	88	40	6	19	27	12
15	79	98	1	80	6	47	78	66	27	72	9	68	82	13	9	31	16	17	84
2	79	50	87	75	45	73	3	8	42	77	4	54	40	44	57	61	57	33	13
93	27	19	47	65	39	35	15	21	98	80	18	47	12	11	10	9	72	17	27
47	99	78	77	62	56	42	16	62	87	15	56	61	62	83	83	93	57	37	83
69	11	5	26	60	58	71	19	97	5	28	14	3	13	33	80	83	44	6	83
44	17	76	85	99	84	97	26	17	60	32	7	65	21	82	55	35	68	59	71
35	22	53	83	56	11	36	21	76	45	45	39	64	5	40	17	6	69	91	85
79	51	67	14	76	18	42	53	35	11	45	85	56	64	16	36	57	46	37	16
8	62	19	50	38	24	59	41	38	41	90	10	20	63	14	42	14	49	50	21
56	60	64	64	21	77	48	10	9	34	19	32	59	34	63	36	47	13	19	7
97	20	24	87	67	19	61	89	91	84	42	49	59	43	73	18	50	10	56	66
86	31	82	73	28	75	9	45	77	34	14	95	83	32	2	41	32	76	49	37
79	46	2	51	38	61	3	35	19	68	11	67	7	82	68	94	55	46	11	23
35	45	53	86	10	64	74	37	30	45	8	87	18	93	81	21	47	62	17	62
8	46	17	82	45	3	46	40	80	8	1	74	4	33	64	73	99	65	53	95
89	52	85	30	48	78	46	18	97	20	22	22	92	55	37	56	27	39	53	38
94	23	86	26	22	37	44	14	35	92	29	97	73	9	27	59	26	77	38	9
84	51	28	82	43	31	2	11	1	22	25	91	20	95	49	53	86	50	9	41
88	51	10	47	38	80	94	12	95	43	35	59	39	45	84	51	18	86	53	13
48	42	22	25	52	57	10	69	43	56	81	48	48	88	48	61	72	72	9	12
10	92	78	88	40	96	93	92	98	64	25	36	37	28	62	93	76	8	93	59
88	94	51	54	66	54	30	33	21	17	48	20	7	26	65	70	33	76	87	54
60	27	27	79	54	3	22	79	41	28	77	29	29	74	69	16	23	35	48	2
98	14	56	56	42	65	78	40	76	89	43	85	88	89	21	17	2	28	59	3
99	74	60	41	22	71	95	26	24	60	61	13	95	2	53	63	63	56	9	23
77	26	55	51	20	51	84	46	10	7	49	79	82	3	17	40	48	58	79	12
5	67	66	35	42	50	72	89	74	47	58	61	49	30	50	5	20	85	99	53
25	98	47	53	18	84	51	68	24	73	30	10	8	5	47	59	78	54	99	62
1	49	98	98	69	85	6	9	79	44	50	53	57	14	44	43	25	61	43	26
57	18	19	47	2	91	96	32	1	77	17	12	38	15	94	87	92	31	26	34
63	3	81	23	13	55	56	39	56	80	10	44	59	24	57	25	33	29	72	52
91	32	81	40	29	66	59	85	98	90	84	67	7	59	72	23	33	19	1	28
12	85	83	70	79	78	33	19	82	87	81	8	4	37	74	78	20	26	65	90
38	80	94	43	14	52	12	67	31	29	36	60	26	36	1	7	7	17	12	23
55	83	54	20	15	22	52	58	53	49	51	2	34	96	94	95	44	57	12	99
48	91	12	40	31	23	62	30	82	18	50	5	53	95	48	90	74	20	67	17
14	42	26	92	32	40	21	5	52	5	67	39	11	64	44	42	44	59	23	90
43	87	98	83	39	35	12	15	57	92	24	4	93	90	16	52	33	99	61	10
55	58	51	47	37	78	12	51	31	11	92	70	37	50	98	15	57	82	48	77
42	60	50	31	8	74	98	51	23	62	66	71	18	89	5	25	55	77	21	79
7	61	41	34	37	34	88	13	10	43	43	28	50	35	84	7	35	84	3	76
48	14	89	50	66	9	39	6	33	56	18	88	9	88	84	63	40	1	45	44
29	83	88	74	9	86	54	75	54	10	43	60	42	79	98	71	95	55	90	4
52	90	96	70	85	85	56	23	4	52	44	49	55	54	30	94	87	81	20	17
32	45	99	41	84	32	82	16	29	90	91	11	74	99	37	79	28	50	41	10
28	11	85	10	94	53	73	37	87	69	10	19	84	47	65	50	74	8	50	92
18	63	83	51	65	19	52	88	11	91	55	11	31	54	75	21	96	38	96	53
41	31	69	19	38	14	40	52	58	24	30	42	90	78	27	19	75	5	95	4
90	58	44	20	68	38	24	72	76	37	24	64	9	97	17	99	40	29	69	22
45	25	54	71	91	49	80	45	59	66	6	20	48	26	5	74	27	80	5	5
64	26	75	92	36	28	47	8	1	17	64	34	81	69	51	67	31	75	9	37
90	26	95	44	12	96	26	78	13	94	93	89	52	1	78	93	95	26	24	63
93	60	51	65	26	50	1	15	93	70	25	55	48	33	77	29	99	78	20	90
72	75	47	6	13	75	50	71	10	50	67	33	78	63	54	1	48	57	94	82
81	58	93	10	53	62	37	49	95	18	66	22	91	68	84	53	71	90	2	32
56	4	72	30	76	71	5	53	72	50	16	63	22	21	64	92	26	26	60	67
55	67	91	52	24	98	38	98	14	61	97	81	94	19	1	25	95	86	45	59
29	55	95	85	87	31	8	61	59	94	72	99	18	55	79	65	52	32	48	12
78	26	55	10	39	36	50	30	3	67	93	68	42	12	42	44	10	15	59	3
38	61	1	82	71	36	67	20	22	66	57	78	42	73	9	76	1	78	94	98
87	94	11	19	36	32	61	21	2	16	49	91	86	44	62	59	91	10	39	16
93	72	5	38	1	5	58	97	40	46	41	54	27	70	14	94	75	5	72	15
86	64	48	85	96	32	3	94	41	32	14	63	37	1	85	36	7	85	71	2
15	64	7	55	69	85	40	83	96	20	39	90	35	70	75	73	92	14	8	34
5	84	43	86	99	96	80	64	20	19	47	20	53	86	91	41	49	41	8	3
55	2	99	4	14	84	94	25	69	99	89	94	59	14	57	96	77	21	94	94
48	52	14	91	26	45	66	62	46	96	70	28	50	92	74	34	59	34	84	80
97	40	2	3	28	89	4	63	4	24	20	86	98	93	41	70	39	43	11	68
14	11	4	41	6	28	70	29	61	57	15	12	10	1	85	18	52	10	7	69
58	55	7	15	38	3	91	29	22	20	12	84	52	89	33	30	97	43	8	34
27	90	95	39	29	9	88	61	17	69	59	2	85	48	12	36	2	22	97	18
26	27	52	32	11	64	65	62	89	35	48	22	38	92	97	70	29	85	51	93
52	94	33	43	8	65	98	69	51	33	53	68	91	7	95	17	41	72	73	39
98	72	47	96	36	77	99	71	11	16	98	5	26	41	34	46	6	14	84	40
88	95	23	87	69	42	24	97	94	43	3	52	6	5	78	80	14	66	29	27
44	48	85	84	11	23	93	74	75	81	55	28	44	19	82	57	74	50	82	81
95	81	55	30	38	64	70	41	34	75	8	80	93	70	27	95	38	47	45	84
61	68	70	18	70	46	84	28	37	95	92	95	20	80	22	32	37	16	39	50

11	20	17	14	12	6	14	10	19	17	3	10	7	18	5	7	4	5	18	20
4	9	3	14	10	17	1	9	17	8	18	2	13	11	15	1	3	12	4	6
14	11	13	6	8	6	6	13	11	3	13	5	14	6	7	11	6	13	5	14
14	14	4	9	11	9	17	19	4	8	13	18	3	12	5	4	18	4	2	2
17	11	18	20	8	12	3	11	10	10	10	7	16	3	17	16	12	17	12	6
12	2	10	10	9	4	16	9	19	2	14	19	7	12	16	11	14	9	15	8
19	2	13	15	12	1	7	15	2	4	19	4	11	1	15	4	2	8	17	14
2	7	11	19	14	8	7	7	7	12	7	1	5	16	7	7	18	14	12	1
19	12	4	14	6	5	13	1	16	15	6	8	15	5	15	20	19	10	20	11
11	5	11	6	20	17	17	20	6	17	19	10	10	6	17	4	16	2	1	7
19	17	5	19	20	10	18	19	20	12	10	7	3	12	10	20	17	20	19	6
10	13	16	20	13	10	3	16	8	10	4	20	2	9	5	2	6	12	6	14
16	15	12	13	14	11	6	16	15	4	4	12	18	8	19	12	15	6	7	12
16	4	13	5	15	2	2	17	13	11	12	17	19	4	14	20	12	1	9	9
12	4	8	4	4	19	5	16	6	16	1	5	19	1	5	19	15	9	9	19
4	9	20	6	6	16	12	1	14	3	14	2	14	9	11	9	16	3	7	5
19	4	1	6	19	10	19	2	1	20	10	2	6	20	9	18	2	14	11	16
15	6	4	12	16	1	2	17	11	2	5	4	8	19	8	20	7	16	6	15
3	14	4	15	9	19	5	10	3	2	12	5	2	16	17	19	14	16	2	7
4	7	19	19	1	1	18	1	5	17	1	17	11	7	15	7	11	1	2	16
12	3	5	15	8	11	12	13	7	8	5	11	13	11	5	14	18	15	13	6
6	3	9	12	8	3	9	9	3	13	5	20	6	20	20	4	2	14	8	5
4	18	14	4	13	15	18	3	11	2	20	11	5	20	8	5	18	11	20	3
10	11	3	20	12	10	7	16	12	1	6	19	16	12	3	8	19	13	17	14
8	4	4	14	11	13	11	3	1	15	13	4	9	20	10	20	11	18	16	2
7	9	20	1	9	8	2	16	7	15	15	19	14	2	20	6	4	5	18	16
13	15	14	18	5	9	5	9	11	17	15	3	6	4	4	9	4	15	14	15
16	5	19	18	18	2	10	15	1	16	10	5	3	9	10	12	20	14	20	16
17	13	14	17	17	4	9	6	16	18	7	8	15	19	17	12	16	6	2	1
3	15	15	12	17	7	5	11	16	18	3	6	13	16	17	12	7	8	7	3
6	9	4	13	11	11	1	20	9	9	11	15	16	20	16	16	20	2	11	12
17	12	8	3	3	4	20	11	1	18	17	8	17	12	2	3	15	9	20	12
2	16	7	14	17	7	15	15	9	2	19	2	13	7	7	8	20	12	2	15
7	3	2	7	1	20	10	5	9	1	14	15	7	11	5	15	12	6	3	1
6	13	16	7	6	6	7	14	11	2	15	15	17	19	20	9	7	18	20	11
17	9	6	20	9	4	15	15	13	7	20	20	13	16	6	11	10	3	15	4
6	8	1	7	12	12	8	11	19	9	3	13	7	2	14	8	6	5	10	19
13	19	7	20	19	16	14	10	10	3	11	3	10	16	12	12	4	8	11	5
20	20	13	10	11	9	18	14	17	13	16	2	15	4	9	9	14	11	7	9
18	17	16	15	7	2	10	4	15	12	9	5	19	15	18	14	19	5	3	9
10	5	1	3	3	18	10	5	2	20	2	7	8	15	14	19	1	13	12	20
12	6	14	10	17	4	1	9	12	4	20	11	3	12	15	14	18	9	2	1
19	19	6	15	7	6	17	14	2	20	20	6	13	11	17	18	5	11	16	4
14	10	2	1	12	10	17	15	4	9	12	18	6	10	1	10	9	10	1	15
14	13	6	11	19	2	17	15	18	20	16	11	5	13	20	12	18	1	16	10
6	7	6	15	8	18	13	11	8	8	8	3	9	19	14	13	17	13	11	16
1	18	6	18	8	17	4	17	12	20	9	7	18	8	6	3	4	5	18	6
18	13	10	4	2	18	16	14	3	8	1	15	4	4	15	16	20	4	12	18
13	5	5	14	11	8	9	19	10	19	11	13	1	19	4	5	1	3	19	12
16	13	20	13	18	6	10	7	14	9	1	13	8	11	9	16	17	7	11	6
2	14	9	19	1	15	6	18	16	2	19	6	14	5	8	11	20	12	2	7
3	15	19	11	18	3	9	6	2	19	12	8	2	11	19	20	4	13	19	15
20	14	4	2	3	14	15	2	10	16	9	6	5	13	11	4	11	14	8	14
17	9	3	20	13	8	11	12	12	15	18	17	15	10	14	19	6	15	6	3
20	7	17	12	6	17	18	15	4	9	4	13	14	9	13	15	5	13	8	9
14	5	11	4	4	16	14	19	16	3	20	1	2	4	10	19	1	7	7	12
15	16	1	1	13	13	18	15	11	20	3	3	15	13	11	19	20	13	7	15
11	4	10	7	13	8	5	17	16	1	18	7	16	18	15	20	20	11	3	5
15	8	16	20	11	8	8	5	17	10	13	4	19	3	19	11	4	7	11	3
7	12	18	14	16	19	12	7	4	4	17	8	6	5	20	20	7	2	3	13
14	10	19	10	15	12	2	6	14	11	3	2	18	8	7	13	15	20	20	20
13	6	2	13	11	5	17	16	8	9	7	6	5	10	11	10	5	7	15	19
8	14	3	3	13	2	6	4	3	11	6	13	19	3	15	13	10	8	6	15
4	10	20	20	13	9	20	14	18	9	14	14	17	10	17	15	12	20	5	19
5	6	7	8	19	11	9	11	11	13	17	12	5	7	16	3	18	17	15	2
14	9	10	10	8	12	12	14	13	17	14	13	19	15	8	3	19	14	1	6
4	2	4	1	15	10	3	18	20	19	1	11	15	12	4	19	11	5	17	4
5	12	10	8	2	14	1	1	18	17	11	10	8	11	13	2	17	6	3	9
15	11	15	17	13	5	7	3	9	10	19	13	14	8	8	17	17	12	3	19
18	11	13	10	11	18	6	4	19	4	12	11	3	20	3	1	4	10	18	5
10	8	17	19	8	9	14	19	8	6	4	9	1	17	11	8	7	1	20	13
12	13	17	12	11	7	15	15	18	7	1	12	1	18	12	19	13	6	4	1
17	20	14	13	2	14	10	4	1	2	5	16	18	18	16	2	19	19	5	14
13	2	15	15	15	9	5	18	19	6	15	5	17	2	10	1	6	6	5	18
3	7	8	14	11	6	4	6	8	15	18	2	15	14	5	8	7	6	8	2
6	7	13	19	17	4	2	5	13	7	12	20	2	10	17	5	4	18	4	9
13	7	2	2	3	17	13	14	19	8	16	17	8	4	6	2	11	18	11	19
20	10	15	6	6	6	19	7	15	3	13	11	3	9	4	5	16	18	13	19
18	20	9	8	4	5	4	2	8	1	18	10	8	2	5	19	7	16	18	3
13	8	5	13	3	13	5	5	14	9	10	15	8	1	1	10	6	17	1	9
10	10	19	6	7	2	13	4	13	12	1	12	19	3	7	15	14	11	13	18
20	6	1	11	6	19	17	16	20	12	17	17	10	12	15	13	16	6	4	7
11	16	15	20	20	5	5	15	16	14	2	2	5	6	17	1	5	1	8	5
10	18	14	2	20	6	3	17	17	16	4	14	15	4	5	12	4	15	13	2
20	19	15	11	16	8	1	15	9	10	5	5	19	2	9	2	13	2	19	1
14	10	8	18	14	13	5	2	16	9	2	9	18	16	15	16	20	20	11	8
11	18	10	17	20	17	16	11	3	1	16	2	18	2	11	2	4	14	10	11
5	1	17	18	5	14	17	7	13	10	2	1	3	13	16	5	13	16	9	6
1	4	2	19	7	9	5	8	4	4	1	16	3	2	13	15	18	9	5	9
9	3	16	3	11	20	20	10	1	8	12	8	18	9	15	16	7	7	12	2
9	3	17	16	10	10	20	8	14	5	4	3	15	12	18	20	2	8	16	7
11	5	3	16	4	15	7	20	14	1	19	13	4	14	5	10	1	17	11	12
1	12	1	6	4	7	11	18	16	11	13	1	12	2	19	16	1	5	8	6
19	5	9	4	12	8	13	14	19	17	17	4	8	14	16	17	9	12	14	11
13	5	9	7	11	20	13	8	2	11	13	10	5	20	4	16	5	19	2	15
12	6	8	7	5	7	11	16	11	19	8	13	1	20	20	10	14	13	9	1
5	15	3	3	17	13	1	14	8	11	18	20	19	15	2	7	16	4	20	9
1	14	10	10	19	7	18	14	14	19	14	5	12	12	20	17	20	8	20	15
5	17	16	19	5	2	6	7	9	20	20	11	6	5	6	3	3	10	14	9
6	7	14	3	7	4	16	8	6	6	12	10	12	19	1	9	15	1	20	3
19	17	7	6	1	2	3	15	17	12	18	5	7	18	9	13	3	18	7	15
20	13	7	17	11	15	10	12	10	12	3	20	8	19	17	17	4	11	8	20
18	18	2	20	6	6	10	18	5	3	19	5	7	5	15	6	2	19	9	2
11	12	10	1	15	18	16	7	8	11	3	4	5	19	9	7	16	17	18	3
15	15	14	7	13	13	7	5	10	6	4	17	15	9	20	11	17	2	6	12
1	3	6	14	8	1	3	18	6	8	17	13	17	4	18	11	4	1	6	13
6	19	4	9	10	6	1	8	5	10	1	8	15	14	15	10	12	10	2	9
9	1	5	11	14	1	14	20	9	1	6	17	18	3	15	6	11	7	7	19
13	14	6	12	8	2	14	13	20	16	11	13	19	10	1	6	19	12	9	9
14	18	6	9	12	2	12	18	20	19	2	4	1	11	13	19	12	17	1	13
16	2	11	9	13	13	15	20	9	4	14	15	4	11	6	5	11	2	11	4
14	16	4	4	5	12	15	3	9	20	16	8	16	2	17	6	17	6	2	6
17	17	3	13	11	20	2	10	7	15	10	16	7	5	20	19	19	10	7	4
4	20	19	6	13	16	7	19	7	16	7	3	18	3	4	7	13	17	18	7
18	5	11	8	2	14	17	15	2	7	10	8	12	12	3	6	6	13	12	18
1	19	2	20	9	8	11	19	12	4	19	19	4	13	19	8	13	9	4	16
1	3	12	2	2	1	8	5	6	8	6	7	7	3	20	8	1	18	20	10
14	20	4	9	6	8	7	10	18	20	20	18	9	6	13	7	10	3	9	7
13	20	13	10	16	10	8	20	17	3	14	20	20	14	20	15	1	13	12	14
7	7	8	5	1	13	6	19	20	17	3	5	13	9	8	15	20	5	8	15
10	10	8	8	19	6	12	7	10	18	4	19	12	11	2	5	3	14	6	15
8	20	4	20	5	10	7	5	18	13	1	13	6	10	10	12	12	8	9	19
15	9	11	7	4	7	16	3	2	9	13	5	6	11	5	1	20	20	2	10
10	12	7	7	3	9	8	7	12	1	1	3	19	20	4	19	13	12	3	9
10	2	20	13	19	8	10	5	18	11	13	5	9	5	15	15	14	11	5	16
20	16	17	1	8	10	8	14	12	14	8	10	13	14	20	2	7	10	1	6
10	4	4	20	4	3	8	8	7	1	3	6	15	7	2	6	8	16	16	7
14	14	7	15	7	13	8	11	12	3	10	15	15	9	1	11	12	11	14	3
10	16	14	14	2	3	1	13	5	4	17	10	12	18	5	11	2	18	11	5
4	18	19	14	1	17	16	13	6	13	11	15	3	8	7	4	18	17	16	4
1	1	15	13	16	19	16	2	16	10	7	2	3	13	2	17	1	17	7	7
7	4	8	8	5	4	11	12	20	11	4	9	4	16	2	8	18	8	8	2
17	7	8	15	15	15	18	13	11	10	16	20	2	10	5	3	8	2	12	19
14	20	15	9	6	20	10	9	14	11	5	20	13	11	13	2	1	11	11	13
6	18	11	3	2	19	19	18	3	16	2	17	8	6	20	19	10	2	10	1
2	14	10	1	16	6	17	12	18	19	3	11	19	13	14	5	16	16	1	11
3	17	16	7	6	7	20	19	7	14	9	9	3	7	13	10	16	5	2	16
9	5	13	18	20	2	12	6	16	2	1	5	7	7	8	1	5	20	16	1
5	12	7	1	6	19	13	17	17	12	15	12	7	10	9	4	5	12	12	15
15	9	3	13	10	20	8	10	19	19	11	5	9	15	5	19	15	8	3	15
18	20	6	18	20	6	3	18	8	13	17	16	17	6	18	10	10	5	1	7
18	15	10	9	20	10	13	7	8	18	7	1	5	6	4	17	17	13	14	4
2	10	20	10	15	6	11	8	15	15	13	5	9	12	15	7	20	4	19	15
3	15	16	3	19	15	15	5	15	19	5	7	9	2	2	12	5	1	15	2
9	2	5	14	14	19	18	2	4	2	15	3	20	9	2	16	15	18	8	10
9	9	11	20	17	17	14	20	19	3	5	14	9	14	16	13	4	4	5	20
11	7	5	1	20	9	7	19	11	11	5	19	6	17	1	5	4	3	9	5
11	19	3	18	12	5	5	12	16	19	14	13	19	9	16	14	19	11	8	16
9	15	13	4	11	14	20	2	5	17	13	7	17	3	11	13	20	6	10	17
17	8	9	17	17	20	10	20	4	3	2	13	12	10	17	6	14	10	10	2
19	1	3	5	8	15	8	9	5	10	19	14	3	7	19	12	11	3	19	20
6	7	7	2	9	2	6	4	9	4	4	19	19	19	14	16	18	5	9	3
10	9	1	5	14	19	2	15	11	20	2	16	3	16	10	20	8	4	19	1
11	5	19	5	11	15	2	4	1	3	17	5	17	8	12	5	17	7	4	3
2	18	18	2	8	6	3	7	13	16	15	12	18	19	13	20	1	18	19	19
9	14	9	12	20	6	16	7	13	16	5	8	6	13	9	15	20	13	2	5
13	12	6	15	4	10	7	11	3	11	2	1	12	13	1	3	16	10	12	8
2	13	7	19	6	1	4	7	15	9	12	16	17	16	7	10	20	4	6	17
11	11	6	12	18	17	13	18	18	6	14	9	1	13	5	11	10	3	18	2
17	15	2	2	11	11	16	2	14	5	18	12	5	20	20	3	12	10	5	13
15	19	8	13	7	11	19	2	14	1	1	6	17	13	4	12	5	12	18	7
13	19	11	16	20	4	13	4	10	15	11	3	1	10	17	18	12	14	12	2
3	17	3	9	7	19	19	8	7	7	4	18	1	3	15	3	15	6	13	6
3	7	17	17	3	4	8	15	9	12	13	7	18	11	7	7	11	14	13	2
2	20	10	12	2	10	18	3	3	9	18	13	13	15	8	8	7	4	7	17
13	10	16	8	9	11	10	9	18	1	1	16	11	6	11	10	1	18	15	11
19	11	7	13	8	4	16	13	13	5	4	18	5	18	17	17	12	10	8	7
4	14	19	20	17	10	12	2	3	16	3	17	14	14	11	13	20	15	14	7
4	12	16	1	12	5	1	18	1	6	7	12	5	4	5	15	17	8	19	19
9	6	12	12	4	5	5	4	6	20	5	16	14	15	15	11	19	17	9	12
8	7	17	17	16	10	18	15	5	16	17	9	12	4	2	20	7	16	14	20
5	9	18	9	14	5	3	10	9	1	1	1	1	7	10	15	5	17	12	13
9	3	13	11	5	13	20	18	1	2	15	12	17	9	8	18	18	8	13	8
12	14	4	15	10	18	1	16	4	15	17	1	10	13	10	7	1	1	9	19
14	1	8	10	20	7	20	3	14	11	6	16	3	15	6	10	2	20	5	18
19	14	2	9	17	10	3	16	15	3	9	8	1	6	20	10	6	16	7	12
13	6	17	11	13	13	20	4	17	6	3	12	14	4	10	17	2	20	19	9
3	10	20	12	11	2	10	11	7	20	15	20	2	9	3	14	3	19	15	14
4	17	17	16	1	16	1	12	19	2	16	17	14	17	17	3	7	9	20	1
7	6	5	8	20	2	2	9	10	18	19	20	4	4	2	8	20	4	6	14
9	10	11	8	1	18	1	10	3	11	4	10	10	18	10	8	15	1	4	18
7	13	1	11	17	20	8	10	11	4	4	16	16	5	10	3	20	17	18	3
12	10	4	17	1	20	11	12	6	14	20	2	11	8	8	1	14	8	4	8
8	19	16	20	17	13	17	13	8	19	16	6	12	19	7	6	19	6	9	4
5	11	17	2	14	17	10	6	6	7	13	17	13	20	8	19	16	19	9	14
14	13	7	14	5	19	11	18	8	16	18	2	1	4	10	5	10	7	6	14
12	6	10	5	18	10	20	3	2	9	14	10	11	15	4	4	2	16	18	19
12	4	6	10	17	10	7	1	5	12	6	14	20	7	6	17	17	2	8	9
15	8	14	8	9	8	11	17	4	9	19	16	2	1	8	8	5	12	6	9
14	9	12	11	17	15	12	1	16	10	13	16	14	11	6	4	20	12	7	18
2	18	16	15	3	6	5	6	4	10	15	12	10	1	11	11	12	15	14	13
1	19	7	8	3	3	15	8	8	15	1	8	9	15	10	19	11	10	16	15
14	8	16	6	19	11	3	16	12	5	12	11	17	5	20	5	8	14	13	9
3	7	9	3	2	20	2	12	6	20	9	13	14	12	8	4	18	16	9	2
4	5	18	20	16	1	6	4	6	4	15	18	11	2	10	10	2	7	16	15
18	7	4	4	2	13	1	8	17	20	16	7	13	17	8	20	17	17	7	8
1	6	13	15	18	3	16	9	8	5	15	20	14	9	6	18	9	1	2	18
5	3	19	5	20	4	5	16	5	4	17	17	3	4	18	13	14	15	9	6
4	2	6	12	18	6	10	8	2	19	15	17	14	5	13	20	9	9	19	1
13	10	9	11	17	19	12	13	8	7	18	1	9	20	9	8	7	20	5	17
4	10	15	13	18	7	19	20	7	17	14	15	14	19	7	5	14	2	9	2
11	1	12	7	10	10	20	20	1	11	5	3	6	4	11	4	14	2	13	5
1	3	5	3	17	17	6	7	14	5	7	16	11	4	12	14	18	11	3	11
12	5	2	17	4	11	10	20	15	1	13	10	13	1	7	15	11	8	14	11
6	1	1	16	2	2	16	19	6	14	2	20	14	9	6	4	10	15	18	2
16	11	20	6	12	2	11	5	9	8	20	4	2	12	2	6	8	8	10	19
3	1	16	12	14	15	5	6	12	3	15	5	6	11	17	4	5	4	15	3
8	10	9	6	1	5	10	2	8	17	18	17	9	7	9	15	5	18	18	18
10	11	13	11	4	8	11	10	5	16	11	11	1	18	8	4	6	10	14	20
7	12	3	10	14	3	14	5	8	10	16	19	20	8	15	12	1	9	13	20
12	18	7	5	20	18	13	3	1	18	10	14	19	15	20	1	9	8	6	10
12	14	18	9	3	7	12	10	15	7	10	14	15	16	12	6	13	13	12	7
8	12	11	10	2	7	11	20	1	17	8	10	2	9	13	20	15	2	10	15
19	10	18	4	15	9	10	7	9	18	20	3	20	4	19	4	17	1	15	8
13	6	13	2	14	16	4	1	2	12	15	15	3	9	11	14	7	8	13	12
15	20	18	9	15	9	7	10	11	6	3	16	5	5	20	2	6	3	2	6
2	6	18	8	3	8	2	19	6	11	15	6	6	6	3	13	15	14	6	20
17	6	7	20	18	7	16	19	4	15	3	16	3	4	9	1	11	4	16	18
8	11	16	2	15	15	13	13	9	11	8	18	15	15	17	4	16	15	10	5
12	11	10	12	15	19	8	12	17	6	7	20	3	13	13	19	5	19	14	2
20	2	6	5	2	14	12	4	12	6	16	14	12	2	7	2	5	3	4	4
1	17	19	5	3	17	19	2	2	8	19	6	8	7	20	5	9	17	6	7
2	9	12	11	9	4	20	7	4	4	12	5	5	2	5	1	5	13	8	9
7	3	11	19	7	8	20	7	20	20	5	4	17	18	8	19	6	3	1	15
20	19	8	20	9	3	13	18	11	3	13	5	18	11	7	5	17	5	12	10
12	13	10	1	15	1	11	18	14	12	9	17	13	15	3	10	20	7	13	20
14	11	4	12	2	9	11	19	19	11	8	10	9	17	4	14	7	8	1	20
11	19	19	3	10	2	7	5	18	10	14	8	10	12	15	18	6	20	11	18
6	12	11	19	15	14	13	2	20	10	9	10	15	14	15	8	20	8	7	1
16	9	3	9	8	3	20	7	14	12	1	14	6	1	17	7	20	5	6	20
16	20	11	10	7	2	3	7	2	15	13	12	16	9	15	8	15	3	3	14
20	1	14	15	6	2	6	1	2	20	20	17	20	4	14	9	1	13	16	14
1	9	4	2	20	12	6	4	7	2	5	15	2	17	20	13	5	12	2	2
11	9	9	8	10	18	9	14	16	11	6	10	6	3	11	2	16	6	13	19
13	7	18	13	5	3	1	9	8	15	20	17	16	11	8	4	1	20	6	11
9	10	4	20	15	16	2	16	3	1	15	12	14	9	16	6	5	13	7	11
7	15	15	9	7	16	11	14	20	7	13	14	17	3	2	11	5	12	3	16
6	20	10	10	19	18	6	7	3	15	14	18	1	6	10	1	7	11	16	4
15	16	3	12	14	13	20	5	15	15	18	7	14	1	7	9	9	18	12	6
11	17	15	6	8	9	17	18	3	18	12	16	14	20	13	17	9	11	20	13
20	14	19	13	7	19	1	5	13	1	17	14	3	9	10	12	4	20	9	4
20	18	17	9	8	11	20	4	14	17	8	4	20	16	16	16	15	2	9	7
9	6	4	1	16	2	2	18	8	2	11	16	1	7	18	4	3	5	11	10
19	14	20	20	16	18	9	6	1	3	13	13	19	7	1	13	4	7	6	19
14	1	17	10	20	19	1	12	14	3	1	2	7	7	14	8	9	14	3	11
5	20	2	15	18	8	16	8	18	14	13	6	16	14	10	6	18	2	4	11
9	16	19	4	9	14	9	19	13	12	14	11	17	20	1	4	12	13	11	9
11	13	4	12	3	17	19	13	2	18	6	2	10	2	5	11	15	9	12	8
2	16	13	6	2	16	1	7	19	17	8	18	10	13	8	18	15	17	15	7
20	20	5	2	14	17	2	6	20	19	9	20	11	9	9	10	17	18	19	13
2	6	3	12	18	4	10	16	10	1	8	10	15	6	19	9	19	20	2	13
5	19	14	16	18	11	4	10	18	20	12	5	9	15	10	7	16	2	6	12
3	11	8	19	11	16	7	18	3	5	3	8	10	5	13	16	17	10	5	1
12	9	11	7	4	16	1	3	10	2	19	7	3	13	8	1	17	15	10	19
17	15	15	14	4	17	2	16	7	12	14	20	2	14	16	10	16	12	3	19
10	1	15	16	12	7	10	3	11	1	10	19	18	15	20	18	14	2	19	16
20	2	16	9	15	2	19	1	20	9	6	16	7	12	4	1	3	7	6	19
18	5	10	9	3	10	11	19	9	8	19	9	12	11	12	3	10	4	7	3
9	18	2	11	2	6	18	15	16	7	10	5	17	16	5	1	14	20	3	13
18	5	8	1	7	1	17	11	20	18	16	2	4	1	6	7	6	10	6	9
1	6	8	10	9	14	2	19	2	18	12	13	20	1	2	20	4	12	7	3
6	3	3	16	18	3	7	7	10	4	5	4	13	5	16	9	5	19	3	19
11	4	20	18	13	13	20	20	18	11	2	8	17	11	10	14	16	4	10	20
17	10	10	12	13	20	1	20	6	3	12	18	12	12	17	11	15	1	9	18
17	14	8	6	16	7	16	7	19	8	8	11	12	9	1	8	13	3	9	6
4	1	12	4	4	10	10	7	18	20	2	2	18	13	13	11	13	12	4	9
8	1	9	14	8	20	1	8	10	12	2	16	15	10	9	14	14	5	11	5
8	11	13	10	2	13	11	7	15	1	10	11	8	3	4	8	14	12	3	3
14	11	4	10	19	19	12	18	11	16	20	12	8	14	18	10	11	19	13	11
15	16	1	10	4	12	19	12	12	2	10	17	11	1	14	4	20	6	9	5
19	6	1	18	20	10	20	12	2	3	14	13	18	11	17	8	18	12	5	9
11	20	2	16	1	12	19	19	5	17	14	11	18	4	2	5	15	13	15	1
8	6	6	3	7	10	5	10	18	2	5	1	10	12	15	12	4	14	15	1
2	7	2	1	15	17	12	17	11	15	1	10	7	2	3	7	19	4	10	8
13	4	14	5	14	11	12	14	16	5	3	12	3	17	8	16	1	14	1	9
17	17	3	11	20	12	2	1	12	17	3	14	7	7	16	2	19	6	17	12
2	4	18	2	12	7	3	4	13	20	19	16	19	1	16	3	1	6	4	20
2	1	20	5	14	6	8	2	13	7	14	2	18	8	17	2	2	17	10	15
8	8	11	11	14	19	6	5	15	13	16	20	3	9	16	9	13	8	16	20
6	4	15	19	10	6	4	7	16	19	19	1	14	4	6	15	9	3	17	2
15	4	7	2	8	2	19	15	4	19	15	4	3	9	6	14	4	17	3	10
18	19	1	20	17	6	17	5	7	11	1	3	5	20	14	17	8	6	17	3
1	19	15	7	8	2	5	17	6	6	10	2	14	16	19	16	7	3	20	11
13	15	14	5	20	7	6	4	18	3	13	13	6	17	20	3	18	8	2	14
13	4	3	11	9	19	18	20	17	1	15	12	17	5	15	11	10	15	7	14
12	5	18	1	19	14	17	16	20	14	12	10	5	17	15	11	12	4	20	19
1	8	4	4	17	8	13	19	10	14	5	9	19	4	11	8	8	8	2	11
11	20	17	5	15	14	4	19	5	16	1	4	19	7	13	3	15	5	20	12
6	3	6	16	2	10	10	9	9	9	8	15	5	20	17	19	5	9	2	7
16	9	20	19	4	20	3	4	13	7	10	11	18	13	6	10	10	20	17	13
18	7	14	11	15	3	1	8	20	13	3	17	14	12	14	7	3	4	5	18
18	14	9	11	10	13	10	18	15	2	7	8	18	6	4	6	20	13	9	10
20	17	10	7	17	3	18	11	1	17	4	20	7	4	12	12	4	8	7	6
17	6	14	20	5	9	3	17	1	13	6	4	10	7	14	4	3	3	12	1
7	6	11	20	16	13	1	9	17	5	15	6	6	20	8	11	19	1	3	15
13	18	1	19	1	4	7	19	18	11	9	2	5	20	3	16	10	2	14	14
7	17	3	20	9	6	20	16	9	2	11	11	5	20	9	8	6	15	17	8
2	11	9	17	5	10	19	8	13	6	8	5	20	9	9	2	18	3	12	4
14	7	17	2	11	3	1	10	12	11	10	2	12	9	16	18	16	5	15	2
2	1	11	19	14	7	11	4	5	18	17	18	5	4	18	14	7	5	8	20
16	3	7	9	11	4	6	16	14	15	11	14	8	6	2	4	10	16	9	7
11	9	10	9	1	13	1	15	6	5	17	10	1	8	10	16	11	19	3	20
10	11	6	13	14	9	12	4	10	5	19	20	5	13	18	1	15	6	15	17
3	14	9	4	8	5	20	4	19	20	12	7	20	20	17	8	12	20	17	16
15	12	13	15	4	3	8	6	2	5	16	14	9	19	16	20	20	14	20	16
20	1	5	8	14	8	2	19	12	18	16	8	2	13	10	2	10	18	2	16
16	3	17	5	19	20	13	7	1	19	4	19	16	11	15	9	11	12	5	15
15	9	15	9	3	10	9	7	9	19	11	8	5	6	6	17	12	9	8	8
6	12	1	20	16	15	15	8	9	3	16	16	19	16	7	13	11	17	5	17
13	13	15	5	20	17	20	1	19	18	13	20	10	6	16	17	8	7	20	6
18	3	2	1	15	2	5	20	8	18	8	18	14	8	12	11	3	12	8	13
6	1	9	8	10	20	10	16	13	13	1	15	15	15	20	3	16	8	6	12
4	18	9	10	13	8	11	20	3	9	19	2	8	20	14	9	18	3	18	18
19	18	9	11	10	19	20	15	15	8	1	9	4	11	13	18	11	6	4	16
5	5	3	6	13	17	8	1	14	18	7	20	6	10	19	11	6	3	7	9
13	1	17	2	5	16	5	7	9	8	8	9	7	11	10	12	20	12	11	16
7	7	13	5	4	20	19	2	17	14	20	8	9	12	16	8	10	14	12	9
1	15	10	12	20	13	18	5	12	3	8	3	18	13	5	12	8	16	7	2
2	2	5	17	19	5	3	19	9	5	7	3	17	3	4	12	7	18	13	6
19	20	2	9	19	3	19	6	13	18	8	10	19	12	3	11	15	16	19	20
11	4	13	11	15	3	20	6	19	4	14	6	6	9	7	8	6	2	19	10
14	13	15	14	4	19	2	14	9	14	20	10	4	5	3	2	4	17	2	8
13	19	12	17	8	7	17	2	4	7	19	6	11	7	12	6	1	6	5	6
10	3	15	16	11	8	10	17	3	13	9	3	13	1	9	6	14	7	4	19
5	6	13	6	2	14	19	1	7	19	3	10	5	15	16	17	7	4	14	19
16	17	6	13	2	12	5	15	2	8	5	8	13	20	17	10	6	15	14	20
14	13	2	11	10	18	6	19	18	18	15	15	11	6	8	4	6	6	6	16
4	7	9	20	9	2	7	17	9	13	4	12	13	18	5	20	6	6	2	18
7	14	1	11	7	11	4	4	20	12	16	12	13	9	11	3	4	20	13	14
13	1	8	19	5	12	7	13	6	2	3	3	16	10	6	11	17	16	6	14
16	16	18	10	11	5	14	5	6	3	13	10	10	13	5	2	8	3	8	5
8	13	15	6	18	12	4	3	3	12	14	5	10	3	16	14	4	14	8	5
10	18	1	19	5	3	4	7	4	17	10	4	20	7	20	16	7	11	5	6
1	16	14	4	10	18	14	10	17	6	1	2	14	9	11	16	6	11	17	19
5	2	2	14	20	6	12	16	13	18	13	19	17	10	1	14	17	7	11	13
9	6	12	19	2	2	11	18	7	8	18	2	19	2	16	1	4	6	15	16
13	7	8	11	6	20	10	8	2	2	12	4	17	2	18	6	9	16	9	8
11	15	17	1	17	14	13	10	7	4	12	5	10	10	15	15	20	11	19	7
17	10	12	7	19	3	13	17	1	20	16	6	17	4	18	14	3	1	17	7
1	16	10	8	8	6	14	18	6	20	5	3	10	2	13	13	13	11	14	19
2	5	9	9	20	18	15	17	19	15	2	17	17	6	3	2	16	10	13	6
9	12	15	13	14	17	18	9	14	16	5	8	14	16	8	6	4	10	8	10
9	17	2	5	13	4	3	14	4	9	20	9	13	14	2	8	12	8	19	2
8	8	7	17	6	16	11	14	20	20	7	19	18	15	11	9	4	15	10	6
20	3	5	10	10	8	7	18	16	4	7	17	14	12	5	6	14	15	12	13
7	2	8	10	16	7	11	13	13	20	5	12	14	1	18	20	9	18	9	6
16	3	3	11	1	2	6	2	8	12	3	10	17	5	5	12	8	18	11	12
5	8	18	18	3	15	4	18	8	6	9	5	6	8	9	14	14	5	3	8
17	18	6	1	13	14	1	4	1	5	16	16	11	13	4	15	11	13	7	9
5	16	6	16	4	13	6	15	15	3	11	19	17	1	9	10	6	20	2	16
10	11	4	16	16	17	4	1	6	16	17	16	13	14	9	6	9	18	9	15
1	7	17	11	12	17	16	4	19	13	12	12	2	11	3	1	15	16	7	13
11	1	3	4	15	18	18	20	6	10	5	10	5	14	1	18	4	17	10	12
2	14	18	8	17	17	12	3	16	17	18	11	11	6	12	8	3	15	18	11
2	8	4	1	7	11	8	12	12	20	1	17	2	6	6	5	10	9	19	5
13	11	20	10	2	5	13	9	2	9	14	19	12	6	10	14	14	19	9	11
8	19	15	16	5	12	16	9	16	12	15	9	18	13	13	5	2	4	6	8
11	13	8	6	18	8	2	12	9	17	6	2	7	15	10	20	19	8	1	11
13	16	3	3	17	15	10	4	14	9	15	6	20	19	4	4	8	2	12	1
17	14	20	17	6	3	12	6	17	9	2	9	3	1	4	2	13	13	17	17
17	5	14	10	4	20	2	6	6	6	12	9	12	20	17	19	10	13	2	7
17	7	6	17	10	19	10	10	5	2	12	4	7	20	1	1	3	6	14	8
18	10	9	19	8	9	15	2	18	1	17	3	4	12	8	16	20	7	5	3
7	15	20	17	13	12	10	18	16	13	9	10	18	5	11	14	1	15	20	12
17	3	10	7	15	17	6	2	10	6	20	7	16	16	9	1	18	18	14	4
4	9	15	12	12	5	8	6	13	2	13	2	15	14	4	3	8	13	18	19
2	17	19	10	13	4	17	15	9	15	5	15	13	16	3	16	15	10	8	9
18	13	7	16	11	12	6	12	14	15	5	20	17	13	8	14	1	13	7	14
2	13	8	12	16	14	12	20	19	11	17	14	9	14	8	3	6	15	16	3
10	19	10	19	14	18	9	13	4	14	13	5	12	1	8	15	19	11	11	17
5	7	13	7	18	16	1	1	15	5	11	12	13	17	18	14	17	8	15	1
15	15	2	20	6	8	1	7	5	9	9	5	20	16	11	3	18	13	5	17
9	13	16	14	15	13	13	20	8	7	16	16	10	16	14	2	6	1	15	19
1	20	20	12	1	2	3	6	8	18	18	19	6	15	17	11	8	3	2	3
2	3	9	17	10	16	6	4	9	17	13	12	15	14	8	11	14	20	2	11
9	5	2	11	2	14	13	1	4	10	18	11	6	3	16	7	18	6	14	19
1	16	17	20	8	10	18	3	8	15	1	3	20	10	20	2	12	20	16	10
13	20	7	6	5	15	19	10	5	2	2	8	6	4	18	6	3	14	9	4
1	1	16	20	19	9	16	14	3	15	9	10	12	19	18	12	13	5	6	11
20	1	5	1	9	14	15	16	19	9	9	19	1	13	8	18	19	19	14	1
8	20	15	10	20	20	20	4	9	14	4	5	7	20	9	10	16	17	10	15
6	1	13	2	6	20	11	18	18	4	3	14	17	13	19	16	16	2	14	6
10	18	20	19	9	14	9	17	7	18	9	19	2	6	8	9	7	14	2	4
11	13	20	8	14	12	6	17	2	3	19	15	4	20	16	1	11	7	14	19
12	12	13	9	2	18	7	13	2	2	8	7	2	10	5	11	17	4	5	13
7	9	14	2	17	16	10	10	5	11	2	17	6	20	12	19	16	5	18	16
6	8	13	11	11	5	3	13	13	15	3	8	6	4	19	3	11	17	5	5
17	17	3	10	16	12	3	8	14	8	9	7	9	17	2	5	17	2	11	18
16	20	8	16	15	14	18	9	3	3	13	14	6	15	13	7	7	5	10	1
9	20	19	5	1	18	11	16	5	10	6	18	1	2	13	3	1	20	5	15
19	19	7	1	12	16	20	8	3	6	18	9	19	18	14	3	19	4	4	3
16	10	5	2	8	12	8	12	10	17	2	2	16	8	19	7	19	18	14	9
2	20	11	3	5	5	13	7	12	16	4	10	14	2	11	9	6	9	5	10
4	17	13	16	12	15	3	18	1	18	18	8	6	12	12	8	2	15	4	4
11	14	20	2	4	6	2	10	11	13	8	11	15	1	20	16	15	11	3	8
6	18	1	3	4	20	14	14	10	6	13	16	5	19	16	19	20	19	4	18
19	9	1	17	5	9	3	18	10	20	19	8	16	6	13	5	20	19	18	8
2	10	13	17	17	14	18	16	14	7	17	17	4	9	19	14	16	11	5	12
12	11	10	1	20	12	20	18	7	3	18	4	20	3	11	7	16	1	9	13
19	16	11	9	3	1	1	5	15	17	17	2	18	5	1	5	1	18	15	2
10	13	5	12	11	1	14	13	16	4	17	5	20	14	8	14	19	10	4	1
10	7	20	3	4	5	12	8	11	19	7	2	9	10	15	17	18	12	16	16
9	6	19	20	3	20	6	12	2	14	5	6	3	5	13	17	2	15	12	8
20	16	10	6	10	5	4	9	18	5	16	17	10	9	9	8	10	10	6	15
20	15	10	11	2	12	1	3	4	10	3	10	2	17	4	6	7	3	19	14
6	4	20	19	18	19	9	20	12	4	1	12	5	15	5	12	12	10	17	11
12	16	7	12	18	12	12	12	4	20	13	6	10	12	16	18	5	9	8	15
12	8	20	5	13	11	12	17	12	14	14	20	18	1	18	1	4	2	2	12
1	16	7	11	14	9	20	4	17	16	19	15	13	4	16	16	5	19	16	8
13	5	15	12	4	5	14	15	11	18	8	13	4	4	2	19	1	20	20	9
11	2	10	2	4	18	15	16	6	4	9	10	20	2	3	8	10	16	7	11
2	4	2	5	10	3	6	10	11	2	13	4	16	5	10	20	15	11	12	11
1	20	9	15	1	8	1	1	19	15	20	1	16	2	6	10	14	3	3	9
8	7	6	2	4	9	7	5	16	10	15	12	20	8	14	6	3	15	2	20
11	16	12	18	2	15	6	12	10	2	4	16	13	19	5	5	18	9	10	8
12	12	16	17	13	17	3	8	13	19	19	4	16	12	13	17	19	19	9	13
19	13	1	11	18	7	20	13	2	2	1	15	19	4	2	18	13	5	20	12
11	15	1	17	3	11	1	17	9	19	2	10	19	15	18	20	20	10	18	18
15	6	5	17	2	11	9	15	10	17	16	12	14	19	2	3	15	19	5	17
10	16	8	17	2	15	17	13	17	12	1	11	16	11	8	1	9	1	1	3
7	19	14	3	13	3	3	14	17	16	2	10	9	14	5	13	6	18	19	1
13	6	15	3	2	18	13	10	10	10	12	12	6	4	1	5	5	3	1	14
12	20	20	2	2	20	11	7	19	8	12	10	12	11	4	12	9	3	9	17
5	12	11	6	1	8	12	9	1	17	12	17	11	15	1	8	10	16	18	13
3	11	13	13	17	14	1	8	20	2	6	17	15	18	15	17	17	14	5	3
13	14	2	4	20	4	10	9	18	18	16	15	14	17	20	8	17	19	5	13
13	9	9	11	11	15	15	17	17	2	10	9	14	17	13	12	20	5	6	5
16	3	5	12	15	7	8	7	10	14	9	4	13	10	7	16	9	14	19	2
2	3	12	17	18	5	3	4	4	4	1	8	16	16	17	6	20	1	9	13
5	11	8	10	13	3	18	16	9	13	8	8	16	15	13	19	19	10	4	15
1	12	3	4	20	14	18	11	8	3	2	20	20	9	8	6	15	8	12	6
7	11	11	11	2	8	14	6	8	15	11	20	4	8	10	1	7	20	2	3
16	17	7	14	13	5	15	20	14	15	4	1	6	2	17	3	8	18	4	2
20	11	5	11	1	5	5	8	11	20	5	10	17	19	8	14	16	15	4	14
7	19	6	11	16	8	17	7	4	13	1	3	17	1	6	4	3	2	13	7
16	13	20	18	5	8	8	14	16	17	13	19	17	10	8	19	8	5	5	14
15	13	13	16	16	17	5	17	2	2	1	9	19	19	5	15	20	13	5	10
11	7	3	2	17	7	2	6	20	3	11	19	11	2	2	15	20	17	3	20
18	20	14	4	2	10	10	1	14	11	18	6	10	8	3	13	16	17	4	7
20	19	14	4	4	5	19	7	17	9	11	7	15	6	10	10	3	19	6	2
15	6	19	3	3	8	11	10	3	18	4	18	8	1	14	12	16	10	11	16
4	10	7	1	12	11	2	12	1	13	17	5	1	19	11	20	2	16	16	12
9	6	6	2	2	7	15	16	19	1	10	6	5	18	6	7	14	9	3	8
12	20	15	6	19	11	16	16	10	11	19	13	16	5	3	1	12	3	10	10
13	18	6	7	6	11	12	11	16	8	11	5	3	2	12	4	19	19	12	7
14	2	19	18	6	15	2	12	5	10	19	6	3	12	15	17	20	19	3	11
3	3	1	1	11	16	15	6	6	9	3	11	12	12	17	6	16	7	3	15
11	14	16	13	5	12	3	7	5	19	12	20	10	14	11	11	4	5	1	6
5	4	7	13	10	11	7	7	18	13	18	7	14	20	16	3	5	1	12	15
7	2	7	7	1	17	6	9	10	13	4	11	12	9	10	14	7	4	11	8
1	15	10	10	16	12	15	20	11	9	7	11	11	16	4	17	5	7	15	7
15	11	8	3	12	6	2	2	9	18	14	11	4	18	10	2	16	14	4	19
1	8	4	16	4	13	19	9	14	5	11	14	15	3	11	17	8	11	20	4
3	11	15	19	11	17	7	20	19	10	3	18	1	7	2	15	19	16	18	20
16	9	12	19	9	13	7	15	10	3	7	9	12	9	13	5	11	5	1	13
14	8	5	18	17	13	4	12	9	6	15	13	13	19	11	13	13	17	13	5
2	10	3	5	6	5	20	3	5	6	3	10	1	2	20	2	1	8	6	7
15	12	4	6	3	10	2	16	16	9	5	11	16	10	12	6	20	1	18	18
10	18	16	8	18	5	2	12	7	2	10	18	12	16	12	14	15	1	19	1
5	11	15	4	17	13	5	3	11	14	4	5	1	20	8	17	5	8	9	12
15	13	10	4	6	4	10	2	5	10	6	8	10	13	9	10	19	9	4	14
3	10	7	1	10	4	15	11	12	12	16	10	1	16	2	7	14	19	3	8
17	3	7	19	20	14	13	7	10	20	9	9	10	19	14	18	2	2	19	4
14	15	12	20	12	9	14	7	3	5	8	19	19	5	20	7	16	1	4	4
10	17	2	15	1	11	16	14	10	8	17	8	16	18	5	19	6	1	7	3
8	12	14	11	19	20	2	8	6	1	10	8	14	18	11	17	20	17	2	18
6	11	10	19	10	18	16	9	11	3	2	3	14	3	18	19	20	18	9	14
11	10	18	12	2	13	3	19	13	19	10	2	19	5	20	7	9	11	11	14
13	11	15	15	15	20	7	8	17	20	17	19	12	4	19	8	19	14	13	19
16	10	1	3	4	12	6	17	8	19	11	17	10	20	17	13	20	14	9	11
6	3	10	13	15	19	1	15	11	6	6	19	5	11	17	10	2	8	4	16
20	5	11	9	6	3	9	7	15	12	16	12	19	11	10	14	5	12	6	4
14	17	13	9	15	20	6	13	9	6	16	10	18	13	19	2	16	3	5	1
8	13	16	9	10	12	11	2	5	2	6	18	14	12	16	10	20	19	14	17
1	6	20	7	18	10	12	12	9	13	14	13	5	14	16	17	7	18	19	4
8	17	12	20	10	17	18	16	3	16	7	13	12	2	19	10	5	8	16	2
10	6	4	3	3	4	10	11	13	7	11	11	20	17	3	5	15	2	17	14
14	20	12	6	3	12	19	11	17	5	7	19	7	13	19	16	3	11	14	18
11	10	12	16	16	12	12	8	18	6	8	8	12	17	16	8	20	7	12	10
19	18	15	7	17	17	16	14	18	5	7	9	11	18	13	1	10	6	20	8
9	17	7	3	6	11	2	15	1	4	4	5	15	11	16	19	11	17	5	12
1	1	20	3	13	18	7	10	7	17	20	8	12	4	5	3	16	6	1	2
6	13	1	15	5	14	16	6	9	6	19	6	10	14	15	12	13	14	19	1
19	14	13	1	8	2	11	20	9	7	12	1	12	13	2	2	11	11	6	18
17	3	3	17	18	18	16	13	6	7	14	4	2	3	2	7	19	2	5	4
4	18	6	3	15	12	4	3	7	3	6	20	9	16	13	8	20	15	16	14
17	7	11	6	1	20	6	7	1	7	10	16	8	8	17	20	3	9	17	6
5	14	14	7	1	12	7	8	10	11	14	2	17	3	5	9	13	11	3	4
18	6	8	8	7	5	19	11	8	19	1	12	3	4	17	10	12	14	10	5
12	16	16	4	6	5	18	3	9	11	14	7	20	8	1	20	12	18	17	3
13	9	20	11	17	8	6	20	5	8	15	8	8	15	12	14	6	6	13	19
8	15	18	5	5	14	11	11	19	18	4	8	15	12	6	17	18	10	3	16
18	4	9	11	10	8	1	12	17	18	2	7	11	12	15	19	11	8	3	7
9	15	8	4	12	13	19	1	2	19	3	1	8	17	18	13	2	17	13	2
16	6	2	2	7	5	5	11	16	19	20	11	4	1	5	10	4	12	10	12
3	12	17	6	20	7	13	14	3	4	20	10	12	12	15	8	20	12	7	5
2	12	5	1	8	7	20	7	7	11	15	17	9	10	20	13	17	12	14	10
18	14	12	3	10	6	11	1	2	2	1	5	13	8	4	15	8	20	4	11
11	20	20	4	10	12	7	17	17	5	16	12	2	15	12	5	2	16	9	6
12	20	14	9	20	7	1	11	6	6	1	9	11	11	17	15	7	20	14	7


1	2	1	2	1	2	1	1	1	1	2	2	1	2	2	2	1	2	1	1
4	4	3	5	3	3	1	3	1	4	1	5	2	4	2	5	2	5	3	4