500	5	20

1	1.3	1.55	1.75	2.1
4	6.76	9.61	12.25	17.64

73	33	79	68	18	85	17	6	22	16	15	68	44	94	46	45	67	48	2	53
32	2	8	46	99	44	32	38	75	62	49	42	81	74	60	18	2	85	56	79
83	63	7	4	41	74	85	66	10	78	70	55	59	51	37	25	13	70	80	42
96	29	23	4	51	32	82	15	20	92	32	15	72	73	38	48	39	5	67	78
56	38	45	17	73	56	62	86	96	6	42	92	14	48	64	36	88	49	83	64
38	15	61	31	19	84	88	18	73	89	86	69	92	82	24	38	12	37	1	48
72	86	80	73	2	62	92	31	92	18	81	85	48	95	49	68	73	19	37	55
28	77	20	30	5	63	22	39	1	58	23	80	3	47	26	78	30	30	11	92
71	64	73	68	11	47	57	80	66	95	80	9	6	2	90	87	18	89	58	83
23	4	44	9	63	39	80	4	48	54	42	9	84	52	78	2	95	42	38	4
86	35	57	98	23	44	45	5	49	78	4	14	78	31	31	72	61	60	65	72
59	31	14	27	10	16	66	93	83	65	38	86	61	74	32	35	25	60	9	72
86	65	90	72	88	20	66	22	25	87	20	40	61	79	25	28	1	56	28	2
56	8	46	12	3	36	55	4	42	44	45	78	54	30	35	2	4	91	27	57
49	12	70	60	19	40	77	95	83	49	53	97	52	71	48	30	68	29	68	9
74	65	27	91	29	76	7	54	3	6	62	19	91	13	11	45	21	25	52	53
91	94	38	96	78	40	91	95	9	95	21	76	21	15	98	94	44	39	95	41
2	80	29	96	65	14	76	23	61	92	86	15	47	86	10	71	72	58	26	20
38	60	44	16	44	22	8	38	83	66	74	43	12	39	74	29	67	74	60	89
61	33	15	28	39	85	33	12	13	82	45	42	72	94	7	26	63	60	39	83
87	52	34	25	79	86	42	6	34	35	28	59	8	26	20	43	35	56	79	80
36	9	88	49	30	67	32	26	61	62	9	86	59	36	26	53	19	43	5	73
52	82	44	35	61	11	62	7	50	59	57	73	58	17	14	33	97	97	77	90
45	32	24	15	34	83	44	73	44	91	61	57	15	29	46	28	37	69	81	3
57	4	23	47	74	7	79	50	18	11	48	67	39	98	11	65	88	55	90	60
37	54	34	81	25	40	70	1	44	55	72	33	85	56	77	40	82	16	10	2
56	40	77	26	62	13	54	64	28	85	11	83	41	50	57	31	92	49	55	79
3	27	78	65	74	61	92	87	21	73	84	12	72	21	61	34	75	37	94	70
19	74	13	9	13	32	81	85	30	93	11	40	39	9	32	99	48	54	72	38
99	95	82	47	19	33	65	88	98	20	32	26	69	8	97	66	67	69	1	97
52	19	81	75	40	1	74	66	19	77	17	67	28	6	65	35	73	1	53	32
14	51	32	7	22	79	38	38	46	7	56	72	61	3	87	4	37	76	11	46
36	84	15	32	3	51	68	1	30	8	99	66	95	90	93	56	47	39	14	60
75	47	83	7	52	62	3	84	8	18	51	21	3	96	56	46	61	43	31	47
15	82	49	81	40	90	37	2	9	89	14	98	76	93	72	32	93	41	7	14
40	86	99	42	99	52	94	56	12	85	93	87	10	95	6	90	38	61	62	32
28	33	5	14	39	36	88	4	18	85	68	65	34	17	94	67	20	27	9	91
4	37	57	53	81	61	16	1	28	5	86	62	89	67	67	48	6	48	62	40
5	9	53	76	62	33	70	33	49	84	11	30	82	18	61	59	93	16	29	82
95	35	11	84	74	86	19	7	13	13	18	8	8	8	23	81	14	69	74	45
9	28	31	30	91	7	2	25	58	18	81	46	39	37	34	9	59	11	31	27
58	66	9	11	58	35	39	49	46	93	20	74	57	92	68	18	31	34	22	63
60	39	12	32	34	46	68	3	50	51	34	11	32	12	57	24	43	61	1	99
9	62	5	29	67	88	39	15	31	96	43	91	69	28	5	55	26	57	80	27
56	75	30	5	63	91	45	31	99	45	79	64	65	37	69	21	92	33	92	55
74	83	87	43	49	4	73	92	19	21	25	72	37	31	59	55	67	14	95	29
96	58	45	39	40	34	4	53	79	57	63	66	83	56	72	86	50	75	68	49
88	92	39	4	8	72	25	23	14	62	34	15	85	50	10	84	86	56	10	2
71	5	27	73	83	13	53	61	61	28	89	68	63	67	85	26	22	22	8	47
47	95	68	81	76	72	1	7	77	38	69	93	19	77	79	7	43	3	16	97
90	55	12	59	14	34	39	22	31	94	61	39	16	66	56	27	51	68	64	17
63	24	26	6	35	45	21	56	43	73	4	60	61	46	33	19	7	91	58	56
9	87	74	33	30	24	28	5	77	90	21	36	40	59	94	16	87	29	31	43
56	65	73	36	29	93	41	35	17	58	74	52	22	85	85	18	56	75	3	32
41	73	64	20	50	50	46	4	24	27	29	43	22	29	74	89	12	42	78	5
92	46	42	1	43	61	78	55	3	62	46	33	11	44	89	81	44	46	57	25
46	21	93	77	60	14	17	96	54	10	15	38	31	10	19	45	39	95	51	38
14	26	90	77	91	90	39	55	97	57	66	90	40	32	18	79	29	44	80	92
70	15	52	1	80	45	92	46	56	26	71	19	79	14	35	22	90	71	52	14
59	45	91	79	14	52	74	48	79	43	3	79	36	87	35	28	94	75	52	93
45	96	1	36	65	2	24	93	81	5	37	62	37	43	86	29	7	81	33	77
63	54	43	28	65	18	73	22	4	84	11	30	75	89	3	78	30	29	31	29
7	69	82	17	71	41	86	13	55	71	98	61	59	99	90	46	40	81	64	39
95	69	87	70	40	95	92	82	49	72	39	26	65	76	19	68	93	85	62	19
81	42	35	42	37	14	7	33	62	89	92	46	51	93	90	42	91	26	98	72
12	76	14	64	10	66	58	61	43	98	9	88	3	39	93	70	47	87	1	27
46	13	54	51	70	39	84	68	79	27	83	71	47	12	47	31	3	78	1	27
83	53	73	40	6	54	84	4	1	24	86	26	91	90	93	15	82	1	52	90
59	91	94	12	95	91	29	56	19	5	2	51	15	6	17	45	86	70	18	88
87	52	21	97	53	60	81	33	59	25	55	90	47	77	38	87	52	82	68	45
1	13	75	56	62	71	2	90	98	71	83	24	13	80	16	51	84	87	43	67
76	23	70	50	69	78	7	39	56	82	12	68	83	94	35	45	93	46	56	71
67	17	69	6	90	44	59	68	55	47	26	36	70	74	12	50	34	41	13	64
4	83	99	38	58	49	29	76	64	46	57	54	56	78	44	63	8	17	42	49
8	5	47	64	60	67	15	68	74	24	23	7	99	59	85	50	7	15	94	4
17	92	11	91	89	55	28	81	93	31	31	64	33	86	37	72	94	73	8	29
62	17	80	14	85	79	24	90	19	95	24	97	93	23	46	30	21	23	98	93
80	6	61	26	73	87	67	21	69	85	98	34	65	93	37	90	8	59	92	53
5	22	73	71	60	83	23	69	55	34	5	10	82	15	70	31	77	29	9	88
19	32	15	17	25	68	42	99	46	16	36	84	54	75	91	60	73	25	94	58
27	14	83	28	16	6	77	31	24	36	14	60	42	96	89	47	6	86	73	40
23	14	16	38	67	87	56	51	17	47	61	99	3	32	17	35	57	37	54	20
90	27	24	96	13	76	83	78	47	93	17	77	50	46	28	1	68	40	77	6
86	92	28	22	62	73	51	93	65	7	91	38	42	48	69	59	4	59	7	31
49	65	87	81	46	45	28	28	86	75	82	36	65	27	9	42	39	58	22	71
90	68	47	41	90	2	37	62	49	24	81	27	10	5	78	2	9	69	67	88
98	34	7	40	6	4	13	47	74	98	84	40	97	44	6	55	14	59	36	43
23	25	80	52	99	15	8	62	65	95	93	22	23	80	16	20	49	78	29	45
89	28	88	60	92	60	47	77	96	96	67	31	99	4	38	51	15	98	76	61
18	2	7	43	37	75	49	1	91	7	83	61	67	96	92	64	8	68	17	13
83	17	3	93	26	39	43	63	47	81	92	3	33	75	90	9	16	30	6	33
53	79	30	92	21	4	83	54	84	6	18	46	88	25	19	3	63	77	31	35
59	66	15	11	90	90	83	60	56	20	70	29	59	10	87	35	46	14	17	80
53	22	81	2	59	82	50	67	18	72	25	81	43	40	33	87	3	31	12	5
58	41	97	98	5	84	58	29	21	18	19	13	20	58	95	92	64	95	10	99
77	39	67	13	97	95	62	52	3	58	84	85	46	38	67	76	39	96	65	15
79	64	52	51	44	76	69	79	82	18	46	14	65	51	14	20	68	9	62	29
88	65	2	59	24	31	60	82	11	85	78	56	86	17	88	66	47	82	7	36
38	79	79	37	59	31	24	93	67	88	89	46	9	55	60	52	34	58	46	86
49	92	46	20	90	80	75	82	73	11	81	31	76	77	33	96	5	48	45	74
58	85	91	93	44	87	2	19	64	69	50	4	43	81	12	80	38	62	91	15
12	20	51	19	67	19	5	19	16	57	54	92	93	75	63	79	19	82	33	28
56	6	99	45	65	59	85	19	92	51	47	77	17	32	76	9	41	47	27	8
83	40	35	30	41	57	87	94	37	1	18	44	25	39	83	97	29	96	39	47
43	4	59	49	7	58	50	69	36	95	84	22	43	19	41	91	25	82	4	5
81	30	14	47	96	10	7	1	88	41	24	80	68	15	51	5	95	21	23	38
60	29	64	57	25	33	52	53	56	84	10	62	76	54	84	4	1	14	98	77
52	53	21	96	19	25	34	21	9	50	56	1	76	47	11	43	35	18	73	54
3	63	40	38	69	39	38	10	15	2	67	47	48	71	84	51	46	66	28	1
16	41	29	20	88	49	67	95	46	15	14	96	45	49	53	76	64	27	83	75
43	90	6	68	96	41	34	32	97	14	11	52	96	75	13	12	80	72	10	79
89	37	61	91	21	74	70	78	10	77	46	52	65	72	70	78	42	17	51	14
5	44	43	35	95	12	71	74	1	44	8	52	68	36	20	26	13	1	4	37
75	11	94	93	34	45	43	33	34	38	90	16	79	24	70	9	9	75	4	73
98	62	81	93	95	88	10	96	46	51	4	61	69	89	93	6	42	86	87	85
1	88	33	75	64	1	16	51	58	30	98	13	20	35	29	94	70	81	98	94
97	78	34	63	47	51	60	52	53	59	77	20	17	29	38	43	32	83	79	80
96	50	32	29	30	97	12	62	96	97	3	58	23	93	75	12	13	14	45	28
83	96	77	70	74	60	80	79	36	90	59	1	20	83	77	1	91	20	70	24
52	26	2	95	71	35	23	32	45	19	14	72	45	19	59	11	84	95	29	25
47	45	5	6	15	55	87	61	36	91	6	54	35	26	69	14	67	57	44	31
14	97	98	82	50	24	83	15	14	66	96	69	82	72	76	44	17	70	60	3
33	54	45	72	24	36	31	6	68	26	14	79	46	69	65	34	49	72	16	48
81	39	16	69	41	39	9	71	77	64	90	60	60	37	47	92	83	22	67	52
95	92	66	87	84	18	7	56	39	73	84	30	57	18	78	93	69	54	28	29
30	69	28	97	24	94	99	55	90	24	96	31	45	50	84	43	14	38	76	66
60	10	14	44	48	1	87	19	94	17	44	58	98	98	62	61	38	57	93	95
90	66	64	67	40	53	31	66	93	85	27	61	51	82	69	17	31	13	11	5
48	19	63	39	62	37	31	29	43	15	3	79	78	14	28	21	8	95	71	43
19	98	20	45	57	95	3	11	79	50	23	17	18	60	67	31	39	26	20	59
13	16	80	10	12	64	82	85	65	92	87	90	15	62	96	60	83	27	82	80
44	76	89	74	86	97	40	86	54	95	90	94	70	46	81	28	70	48	64	44
70	93	92	83	60	3	15	12	8	36	56	26	32	94	46	58	67	68	85	26
51	96	43	57	74	42	80	20	19	91	85	27	27	84	7	30	43	5	55	49
18	71	97	27	42	53	82	78	86	27	48	86	77	19	53	21	28	29	39	78
37	17	7	75	20	26	71	55	29	6	7	12	13	91	41	5	16	40	4	98
18	83	42	83	61	70	56	61	1	17	19	40	77	53	38	23	39	7	52	98
13	86	54	85	5	30	76	68	84	37	59	28	15	4	42	70	44	61	74	70
30	38	69	78	13	56	52	98	99	40	47	11	13	35	71	5	23	15	2	10
11	77	29	49	16	99	85	65	65	27	29	15	20	10	88	68	27	94	29	10
32	53	7	92	8	46	37	60	79	5	47	16	12	19	86	56	3	45	80	60
23	86	11	46	27	6	59	19	77	25	84	44	93	11	71	38	42	46	67	1
98	41	40	29	21	12	88	39	99	20	68	54	9	82	13	8	67	39	48	11
60	71	57	46	94	94	8	89	94	70	88	82	62	22	98	88	98	2	30	70
93	29	56	86	88	34	79	92	61	31	81	84	8	51	91	20	62	92	42	60
94	57	15	67	81	43	59	79	38	18	59	62	56	41	27	71	63	99	79	4
32	85	82	97	80	85	89	41	43	90	18	9	41	82	67	27	56	76	6	12
51	80	27	66	67	38	87	97	28	83	47	12	45	8	39	62	90	17	86	27
80	45	16	31	64	49	90	59	44	71	40	28	86	58	72	83	18	72	59	73
79	43	89	15	10	77	28	31	25	51	93	62	75	49	61	89	76	49	26	55
45	49	33	99	53	83	87	96	2	84	71	74	90	36	30	22	12	89	99	35
96	3	34	59	27	13	68	27	94	2	82	22	99	48	52	92	79	50	46	80
65	13	7	75	52	87	94	38	94	58	72	6	8	35	28	50	15	52	42	65
99	1	57	27	46	68	90	93	24	43	65	2	96	93	40	11	91	92	33	61
18	47	49	98	20	36	77	99	38	64	55	95	92	6	33	13	80	27	96	29
71	85	23	83	72	26	15	25	23	37	63	92	74	12	23	28	23	9	46	92
79	1	70	46	20	91	2	2	28	56	35	68	30	25	36	45	78	4	3	32
44	41	94	61	28	51	36	2	81	81	55	9	26	37	28	78	32	85	59	66
48	89	65	27	1	46	4	36	11	48	66	34	1	22	31	37	9	96	95	45
95	66	27	77	6	41	94	35	35	98	19	7	18	32	17	46	28	29	70	57
2	35	62	14	7	91	46	97	88	53	87	74	47	25	78	1	2	70	88	72
6	24	77	13	82	62	8	93	10	99	34	31	35	4	43	87	32	73	21	46
39	6	19	91	28	23	73	82	22	97	31	43	30	14	3	8	30	57	51	17
72	30	65	67	32	74	5	54	1	40	20	77	1	78	59	38	7	13	76	98
43	94	85	37	5	96	98	52	60	20	22	20	16	32	91	22	67	12	36	96
20	79	97	96	67	83	56	70	80	25	4	64	54	22	84	37	32	64	23	21
75	84	81	78	51	47	90	71	4	64	95	17	55	83	23	33	6	26	85	24
60	92	63	3	75	40	88	33	89	94	94	99	10	47	36	64	90	59	75	93
57	23	32	35	22	68	39	24	76	72	78	2	43	85	91	21	10	66	92	76
29	39	11	7	36	56	78	85	78	51	59	35	73	27	46	85	92	71	19	99
44	36	88	36	66	14	8	77	29	72	24	28	95	83	42	60	12	36	53	94
77	39	71	76	81	45	53	22	40	68	24	21	46	16	18	44	98	55	42	80
63	46	95	53	52	29	88	69	45	91	25	99	83	74	14	96	11	13	62	40
3	12	27	52	46	57	63	17	45	16	75	12	21	5	10	90	83	21	33	63
35	72	93	59	16	98	95	66	69	38	9	30	63	62	31	70	75	38	55	26
74	51	51	78	39	16	83	77	35	53	41	64	92	92	11	46	8	1	36	76
51	35	14	32	16	66	71	75	13	92	48	51	1	70	71	5	86	11	72	81
33	67	15	12	5	7	58	2	65	51	64	98	75	82	27	92	69	83	65	35
69	69	26	89	46	70	35	45	26	60	81	67	15	87	75	19	63	10	85	83
3	55	3	46	21	26	34	53	21	12	75	4	62	87	77	10	43	98	12	25
11	12	4	50	26	34	16	2	2	48	74	85	98	47	63	70	15	18	1	40
58	51	21	94	82	81	81	1	8	2	42	51	57	68	45	37	56	51	85	20
25	51	73	96	44	85	35	81	79	76	11	50	94	88	64	17	42	83	28	33
47	71	5	39	22	19	96	61	83	37	56	68	94	10	97	33	6	84	59	80
11	14	92	78	31	32	81	68	83	43	32	69	22	4	88	63	4	45	14	89
15	32	6	59	31	67	71	83	20	83	32	85	87	68	55	90	65	6	37	89
72	37	15	47	45	29	35	98	46	56	56	65	3	46	32	82	51	34	45	30
55	53	14	73	56	29	5	50	56	8	54	2	65	19	43	66	63	28	65	76
26	34	34	90	30	3	8	83	16	50	17	14	54	12	9	47	88	39	93	4
36	31	69	43	1	88	96	94	63	14	8	89	3	84	66	42	2	79	5	44
99	95	13	32	48	29	47	62	53	68	73	1	72	63	73	63	32	68	59	48
10	66	58	45	17	26	23	56	75	43	73	85	50	63	80	84	23	7	64	52
89	21	47	6	68	30	71	66	76	80	91	97	36	93	20	91	94	40	66	75
73	65	46	19	8	25	69	68	79	30	34	74	62	44	1	34	47	91	98	6
99	6	26	38	54	76	74	52	92	3	16	33	26	56	43	85	94	24	38	2
62	54	76	51	5	94	52	92	7	20	65	47	77	20	13	30	54	30	29	64
91	61	38	7	23	51	5	10	80	44	20	42	94	3	4	25	2	53	61	40
1	84	30	22	90	45	73	11	88	49	46	43	8	78	38	62	74	14	78	89
54	22	22	88	5	57	81	99	42	85	23	44	38	18	38	30	15	41	42	89
32	76	90	74	67	21	79	90	89	55	75	23	35	90	90	7	30	8	47	58
72	64	57	62	21	60	6	42	53	65	86	89	31	6	42	69	20	78	85	37
96	37	2	90	81	38	59	13	12	98	40	72	44	82	36	4	92	70	66	5
87	73	62	3	6	53	32	98	88	5	44	88	82	37	17	29	90	57	3	84
85	97	65	17	96	99	40	13	60	8	86	29	53	78	46	77	45	18	67	25
18	38	5	59	16	76	64	76	14	13	16	39	86	51	93	50	92	79	72	95
46	43	12	85	2	47	9	38	94	67	35	90	91	30	33	56	47	31	18	18
23	32	7	2	75	66	40	84	82	40	94	8	49	94	69	59	3	68	14	82
46	42	83	43	84	62	30	48	18	81	91	21	77	27	25	85	52	10	8	18
49	93	21	62	14	61	84	60	4	21	4	73	94	89	70	43	92	61	38	42
80	53	24	65	98	10	53	29	19	92	59	60	2	25	77	46	6	44	67	6
11	90	87	15	54	67	70	6	66	48	46	50	2	75	93	64	42	66	95	25
3	72	42	77	20	55	8	1	50	30	68	41	95	54	1	90	67	29	21	25
79	99	54	44	75	11	86	69	21	81	63	50	58	42	18	1	87	2	3	6
65	5	16	6	71	47	87	76	13	1	59	9	43	95	94	3	43	78	16	32
60	51	26	46	21	46	33	42	4	6	5	20	27	42	86	59	79	93	65	34
6	44	4	75	83	83	68	50	60	75	3	93	54	42	33	93	52	69	45	60
82	89	91	76	55	23	96	43	50	9	55	14	48	52	91	15	91	65	33	48
98	63	82	13	32	19	86	69	88	22	92	47	91	85	93	5	19	6	45	26
96	35	19	9	71	50	53	18	31	11	30	77	99	97	7	98	35	78	65	30
58	84	36	10	14	32	72	46	69	29	14	26	47	92	49	98	67	50	77	35
57	84	91	31	28	98	71	2	86	50	17	64	50	84	5	72	35	68	87	1
71	87	73	27	35	19	16	40	89	26	65	9	26	12	58	1	7	26	16	44
66	83	27	42	73	37	75	78	89	4	5	60	57	63	19	10	4	36	10	66
75	84	33	64	39	60	76	86	96	86	66	90	82	51	62	20	97	98	84	40
74	17	44	67	71	82	59	32	53	93	69	64	52	67	30	23	94	71	37	61
6	70	78	44	92	17	34	82	33	33	91	41	36	56	63	85	5	18	46	26
73	11	22	73	40	36	50	43	5	38	39	63	16	68	46	14	93	51	84	35
78	8	5	93	16	7	68	10	19	70	21	87	44	69	10	38	69	34	63	60
24	45	89	31	24	6	46	60	71	73	90	91	41	81	24	60	62	82	53	70
54	7	71	21	78	92	4	55	15	70	88	84	1	67	78	73	5	21	28	68
67	98	69	38	6	64	71	14	49	42	71	75	61	20	50	26	68	77	75	57
74	57	98	86	36	8	55	23	91	92	73	61	57	30	94	87	87	41	16	29
19	6	81	35	5	27	96	19	36	3	65	60	68	74	67	4	33	54	57	44
88	29	21	60	99	58	13	88	54	43	40	18	1	80	50	14	3	48	93	61
86	27	51	82	44	44	56	25	64	96	30	1	66	64	27	81	93	68	22	76
65	14	81	33	20	39	92	36	47	9	75	4	55	17	65	30	95	89	32	66
46	12	59	67	88	39	37	2	99	7	5	86	54	83	64	90	8	27	41	3
19	51	87	69	48	49	51	69	85	23	62	75	85	41	62	6	24	90	6	68
3	52	56	14	80	11	17	44	10	38	89	99	45	13	97	5	63	46	90	92
22	74	54	58	71	99	89	24	1	72	27	99	19	84	15	49	59	78	19	97
69	74	85	39	53	11	95	84	65	14	83	4	68	95	1	41	55	77	60	36
21	26	28	84	43	68	49	38	77	88	77	42	67	88	5	37	7	59	10	16
64	23	94	48	23	11	84	60	97	47	86	95	20	64	28	45	57	14	26	63
89	1	93	76	99	74	43	88	90	89	97	81	72	39	84	25	71	19	26	69
83	92	25	13	78	29	41	55	54	17	7	57	73	15	79	71	68	3	95	74
92	54	83	75	41	87	17	57	64	7	3	14	72	96	98	55	76	41	99	38
85	46	11	71	60	1	8	35	73	8	64	35	90	57	9	80	41	29	80	13
88	49	16	96	75	94	75	76	64	29	23	53	85	22	14	17	34	30	60	7
63	87	9	10	89	15	9	50	84	75	83	37	48	71	2	48	10	13	28	73
38	81	25	36	48	99	62	71	91	15	73	80	15	6	20	54	84	45	26	38
22	86	43	81	83	33	72	15	75	77	32	83	34	86	8	23	82	70	61	20
29	65	1	38	72	10	9	36	31	38	70	71	12	80	7	83	34	66	57	18
11	53	40	39	29	97	71	63	20	74	56	87	52	26	75	79	30	83	81	25
15	32	55	25	9	54	26	52	45	66	59	37	98	78	76	47	30	46	80	15
35	40	32	34	67	86	79	35	35	53	81	3	39	4	2	48	87	5	4	86
96	56	13	57	36	65	6	9	40	26	76	91	13	79	54	6	32	75	20	29
75	32	95	63	3	25	4	29	3	17	11	62	15	99	50	12	92	53	7	77
86	29	70	30	13	30	72	71	31	14	31	39	36	11	83	91	60	39	55	26
83	44	80	31	67	1	28	15	98	15	36	69	41	73	47	6	26	99	77	22
20	21	22	89	98	96	47	67	72	14	47	90	17	56	48	57	57	15	32	33
98	98	71	84	49	50	77	5	90	47	14	10	63	8	19	38	85	63	59	27
40	43	92	59	49	47	20	25	84	41	71	91	86	47	90	75	37	23	24	39
88	38	5	51	71	47	51	11	98	30	27	36	83	88	55	43	81	30	28	30
75	18	71	29	73	68	93	74	14	84	60	31	80	46	98	79	24	20	18	39
45	58	3	55	96	4	31	17	9	18	15	51	12	9	96	98	99	29	41	98
31	83	82	41	49	86	62	45	79	9	79	68	91	14	44	30	1	68	54	10
20	90	28	7	54	18	57	79	22	17	98	37	23	45	32	8	21	86	80	2
70	42	85	1	98	62	17	62	88	77	86	10	66	4	32	19	74	74	61	81
46	53	69	84	73	31	92	94	60	64	46	41	73	42	98	28	25	87	93	21
9	35	60	80	10	37	32	48	24	72	26	52	6	73	41	79	55	87	19	35
40	25	43	98	46	34	57	66	99	58	92	24	50	73	45	18	62	29	21	19
75	39	38	7	11	2	33	74	74	76	18	46	51	88	20	94	18	18	36	29
92	13	22	24	79	76	67	15	41	78	26	86	67	14	64	37	46	58	45	10
71	2	30	94	17	76	3	24	7	3	83	54	59	40	91	11	91	19	91	34
69	27	63	49	30	14	36	5	64	35	68	84	66	63	92	15	58	10	71	98
79	56	64	31	7	64	22	27	25	61	44	93	4	55	23	72	13	38	27	94
5	50	85	82	89	86	82	15	54	93	23	5	52	56	34	97	48	22	15	39
92	29	28	55	24	70	60	97	45	88	90	61	92	32	64	10	62	11	50	14
37	24	22	22	48	48	88	79	81	46	75	54	82	37	20	58	9	21	57	77
68	64	35	2	71	50	70	69	20	17	95	60	75	27	53	45	64	11	30	34
34	46	57	51	83	31	93	66	70	98	3	21	17	90	48	66	88	80	45	42
42	13	69	65	96	76	59	48	17	30	22	89	12	59	49	82	61	51	9	24
78	58	41	33	57	82	33	64	36	32	9	14	54	47	32	96	56	74	90	33
21	95	73	25	94	44	76	90	70	33	13	71	53	98	43	77	1	83	49	23
59	4	15	25	85	67	35	33	68	4	17	91	31	59	71	78	75	6	21	83
24	22	90	63	44	56	21	84	55	26	88	42	1	56	90	80	42	61	80	14
89	62	80	94	61	38	51	89	37	17	4	40	36	93	50	93	12	9	20	99
71	71	29	57	31	70	65	29	76	16	98	4	71	9	96	49	57	18	42	37
67	97	40	59	46	61	38	29	56	54	28	97	76	51	57	89	35	50	54	99
85	27	41	84	63	9	38	4	63	75	59	57	23	51	24	51	25	66	65	89
19	56	50	32	58	50	12	33	62	1	38	42	73	2	83	84	9	71	39	41
10	66	29	62	28	3	34	16	16	99	61	62	73	33	62	14	19	2	86	78
48	63	27	71	58	27	44	88	99	31	13	95	22	28	59	2	36	73	5	8
98	40	57	44	50	36	43	36	76	87	27	74	15	29	86	18	1	5	50	75
28	87	58	84	46	48	9	41	66	43	16	38	67	28	9	40	23	41	92	28
40	51	79	29	57	90	73	76	54	26	68	91	65	19	64	55	88	68	65	48
68	93	89	25	52	45	44	33	76	95	39	77	98	24	23	41	96	5	12	12
72	13	73	24	11	30	91	37	65	87	87	69	31	13	40	7	47	37	82	85
40	92	10	75	68	90	35	67	76	13	84	73	37	42	17	28	52	80	49	79
9	71	48	92	20	38	36	10	47	28	19	68	56	58	69	98	72	83	33	72
9	11	71	82	27	34	50	98	48	75	41	82	23	65	39	42	31	75	68	37
20	68	44	38	4	69	78	84	16	12	82	46	72	31	2	85	25	64	59	2
30	86	16	58	46	75	62	60	94	97	86	95	94	70	95	88	63	10	65	13
63	5	1	36	16	66	43	97	55	38	17	93	20	2	56	95	88	66	33	52
25	87	94	82	23	44	35	75	60	57	42	49	59	97	65	70	93	65	62	72
23	27	15	90	97	58	52	86	41	55	17	37	28	26	45	27	70	42	10	93
23	55	13	51	37	6	18	2	24	70	48	88	33	37	42	71	22	14	88	97
4	73	26	6	59	31	37	85	81	39	89	65	49	41	19	30	65	21	14	79
40	40	39	52	79	60	91	53	81	5	69	5	81	26	37	90	70	94	78	44
40	70	48	30	92	92	27	13	39	95	95	28	99	18	75	25	94	46	89	72
58	17	67	84	29	68	61	8	8	92	12	56	37	91	79	16	31	51	78	70
32	26	97	55	65	43	10	89	45	1	62	33	18	80	91	97	40	90	98	35
22	94	40	77	25	81	41	65	63	43	42	98	21	58	10	67	39	32	29	14
74	38	28	25	6	51	40	69	86	23	41	87	59	84	31	71	99	39	17	61
64	20	4	30	93	66	14	59	87	6	46	2	97	6	99	42	46	34	61	21
33	13	28	51	86	35	29	81	60	62	59	18	3	5	54	32	42	69	66	31
57	97	57	19	97	5	76	63	19	86	9	93	63	99	75	94	59	15	7	85
97	62	88	46	5	86	51	82	10	30	19	75	56	85	3	67	56	73	61	19
30	8	20	38	9	44	41	7	27	4	49	96	87	51	43	71	18	83	19	43
94	37	43	68	78	29	79	49	48	99	57	21	70	5	92	12	60	39	59	71
20	69	93	10	33	70	16	47	82	97	22	89	73	7	60	79	92	57	7	55
74	61	64	62	74	34	23	83	16	46	21	57	10	6	61	66	46	2	95	31
43	75	59	4	49	37	64	8	92	96	45	89	25	54	15	47	85	61	18	94
57	95	86	67	6	31	56	72	31	51	51	53	58	18	58	92	66	30	98	39
53	3	85	31	38	15	30	43	74	43	75	70	29	96	70	60	51	84	39	46
20	66	71	62	86	97	2	61	70	91	52	60	86	79	56	18	20	57	90	61
43	51	55	62	38	24	64	91	62	23	26	9	86	40	36	73	75	32	41	75
32	73	80	20	15	10	92	84	67	19	46	23	9	69	73	23	57	17	30	87
1	75	83	29	43	49	86	58	42	58	17	83	34	7	24	16	54	75	83	32
25	6	81	58	78	31	9	8	23	75	2	98	91	15	20	56	44	86	99	6
50	4	84	39	74	57	52	57	25	23	1	48	61	23	77	54	28	18	58	70
97	86	66	74	89	71	82	9	66	30	46	17	94	20	85	6	45	83	37	85
8	20	53	12	92	29	43	16	19	29	94	19	23	65	96	43	13	56	11	68
44	97	78	34	1	13	95	96	91	6	61	41	47	80	19	80	48	65	91	44
32	45	2	8	17	20	57	25	2	52	77	28	84	52	41	78	55	84	84	34
11	32	41	33	53	21	34	68	47	97	13	15	31	80	12	70	44	79	37	73
7	10	94	68	34	32	93	89	45	51	49	53	75	22	78	4	76	11	13	45
38	44	76	81	38	92	26	61	20	12	15	96	48	68	12	60	83	26	85	90
66	65	16	4	91	67	48	3	82	81	5	25	36	72	20	12	58	67	55	55
2	43	45	89	22	46	47	44	43	76	4	64	38	32	81	63	18	31	7	62
76	91	28	73	95	53	31	63	90	70	87	73	11	46	62	28	67	50	89	75
60	40	5	93	39	21	12	11	47	3	20	82	13	28	36	99	40	82	52	9
43	34	23	59	38	43	41	62	59	47	21	66	84	23	90	67	42	89	88	65
22	54	21	26	28	48	55	83	61	52	31	31	62	70	17	48	47	51	54	3
98	4	72	6	70	63	14	1	79	3	77	50	11	53	8	46	57	32	8	15
95	60	26	11	1	57	97	95	91	3	98	17	36	20	56	20	84	96	75	88
27	62	52	44	9	94	46	1	11	53	11	52	49	92	35	21	62	69	57	13
19	76	51	18	8	34	38	23	11	38	88	27	96	62	99	59	24	10	5	12
88	27	85	4	75	57	96	31	28	71	96	14	98	39	38	57	34	77	79	93
92	22	63	52	34	80	23	83	74	7	89	2	97	18	65	67	80	5	86	15
65	96	54	46	34	29	13	74	78	53	58	59	12	34	50	43	12	85	75	92
17	44	56	48	82	60	75	51	35	75	46	62	91	99	42	79	75	25	6	2
53	68	98	44	17	29	75	44	43	66	64	36	72	9	27	86	99	34	6	19
79	99	77	69	16	9	95	34	85	46	54	20	56	78	64	49	57	85	88	41
46	10	42	44	39	92	35	99	6	61	15	50	76	11	25	41	90	23	10	89
24	46	61	14	68	69	9	95	68	39	18	61	90	8	79	95	93	22	37	3
19	68	22	71	92	97	62	62	75	89	24	67	78	15	99	80	82	86	68	19
13	42	73	1	48	20	12	6	49	34	90	40	22	92	86	7	10	33	50	33
64	73	44	53	46	58	16	19	51	43	36	39	63	6	97	20	93	79	1	40
32	18	40	68	29	14	37	87	62	45	67	33	40	55	8	8	22	38	65	36
94	63	72	32	7	98	13	70	58	3	43	95	47	74	87	84	73	82	89	15
82	69	29	59	72	7	10	24	25	24	61	47	60	47	2	28	36	4	31	17
29	59	99	88	13	96	53	52	66	69	46	67	55	27	28	90	66	1	51	25
31	3	80	74	21	77	67	20	13	94	93	10	69	24	82	90	87	80	20	80
60	19	99	92	53	79	61	91	6	55	21	18	95	11	95	68	97	43	53	93
71	88	29	6	62	43	42	17	12	79	79	49	37	92	2	86	61	19	71	84
69	38	35	92	46	4	64	58	70	99	16	99	22	15	88	23	88	87	55	12
9	25	93	70	4	97	71	4	97	27	65	53	56	31	34	65	41	12	32	32
39	62	46	64	54	29	99	97	49	47	78	15	46	74	13	24	94	48	56	49
36	45	20	2	39	35	26	29	48	39	57	71	66	37	11	16	19	88	86	18
21	55	62	24	71	11	48	25	77	93	98	19	76	77	96	40	95	73	4	74
92	38	20	74	86	50	11	76	76	50	98	16	99	21	46	25	78	31	41	52
83	61	99	27	79	17	44	79	98	24	63	26	3	15	48	43	24	25	68	55
83	30	50	89	14	44	99	67	99	61	35	24	74	28	96	55	93	32	31	48
75	18	87	49	42	28	25	25	12	79	84	81	93	70	33	61	65	79	54	43
94	24	28	42	19	52	93	99	41	99	84	68	35	37	70	37	9	32	45	28
56	30	24	86	10	64	23	27	48	38	4	52	1	12	61	71	81	77	28	15
96	57	88	9	73	24	96	79	12	89	30	65	60	71	27	71	6	54	84	12
31	6	43	61	21	4	38	16	5	46	14	23	7	22	10	91	68	86	71	85
29	22	53	36	87	31	93	85	43	28	41	67	27	9	48	80	39	89	58	78
61	82	85	11	85	10	27	71	10	99	35	75	95	4	24	78	91	75	48	71
67	83	59	41	97	24	8	83	53	18	83	25	71	65	83	96	10	45	71	43
59	17	48	47	96	29	18	68	99	45	73	92	37	82	50	20	69	63	18	47
35	35	24	77	66	9	10	72	46	31	88	56	14	99	46	74	71	25	88	24
10	89	93	59	68	43	91	39	33	10	47	76	44	22	76	45	41	73	43	54
31	54	39	5	83	4	45	76	7	58	50	9	29	96	59	95	2	67	52	51
3	80	3	70	71	2	57	91	70	74	41	49	42	67	48	46	77	30	31	67
55	88	53	52	53	9	83	35	41	75	31	37	97	87	5	44	51	17	62	82
28	71	1	81	28	10	56	17	55	44	27	5	99	12	15	97	78	27	24	86
90	69	34	60	87	6	17	80	78	91	27	85	15	12	33	13	86	19	38	55
49	63	50	29	89	60	11	38	54	68	74	12	23	41	91	19	48	33	90	77
65	49	39	14	10	91	30	64	76	71	1	90	78	34	7	87	15	60	35	70
77	63	48	24	30	51	96	88	70	60	36	96	11	2	56	75	73	71	79	83
80	6	57	62	92	96	31	48	65	12	72	34	66	69	5	64	50	3	64	48
28	47	18	69	9	41	23	45	35	67	20	12	78	48	22	55	98	39	74	30
22	44	9	17	56	87	34	98	24	65	64	11	92	12	25	70	44	6	94	32
74	25	4	66	84	39	79	27	24	63	91	11	58	59	12	46	44	76	77	37
81	3	79	59	45	54	2	95	91	12	78	47	82	21	39	33	56	27	14	74
43	13	75	93	14	16	41	30	34	50	93	57	54	6	42	11	67	74	55	8
87	66	74	32	70	97	2	26	30	91	31	52	60	45	51	36	20	23	67	67
76	85	87	45	46	71	93	53	31	40	38	30	14	21	31	66	68	61	58	26
94	79	44	70	75	9	49	9	10	83	18	55	91	62	7	16	18	88	28	91
8	33	11	61	49	1	1	70	78	78	87	25	73	41	46	45	85	57	42	3
27	30	2	47	65	43	1	14	4	10	49	32	43	54	2	55	45	8	82	26
72	8	54	17	5	64	76	14	52	41	49	52	16	77	66	34	9	7	97	45
95	66	3	36	52	50	41	41	1	89	40	30	32	49	44	15	47	44	4	40
65	77	90	5	80	19	98	94	45	16	28	77	93	28	77	86	69	83	93	75
68	77	52	36	54	51	51	94	96	8	80	71	5	67	66	28	45	12	91	6
96	90	2	42	49	33	28	93	90	59	69	10	1	98	12	8	86	85	67	48
52	84	73	89	43	86	52	77	10	33	28	64	77	9	1	1	54	7	39	13
59	74	71	51	87	7	62	90	69	65	17	12	92	68	9	73	54	89	46	62
60	80	57	76	85	70	70	21	19	42	51	51	44	58	18	37	85	48	32	34
11	24	81	54	52	66	10	84	8	6	42	40	14	48	92	56	91	49	75	67
36	38	27	88	20	40	68	64	81	3	86	46	30	17	16	34	70	65	12	26
67	43	49	39	23	34	70	36	76	87	73	34	65	61	71	54	37	73	75	89
58	10	49	8	74	67	11	51	90	71	10	10	81	12	79	36	47	21	84	62
13	74	51	49	47	30	43	12	69	2	25	59	65	40	84	47	25	64	27	24
59	59	99	41	37	18	46	54	26	86	99	40	2	91	19	95	45	95	3	75
15	94	35	88	99	69	25	94	15	33	11	39	39	86	31	2	85	39	74	37
11	1	92	62	3	21	7	38	39	19	67	85	54	61	58	60	26	5	33	73
89	79	51	32	76	57	46	25	83	73	10	81	5	36	6	24	72	75	55	88
45	46	33	24	91	68	51	66	31	8	21	15	22	77	73	5	47	30	21	88
19	15	45	1	40	4	78	10	47	71	34	7	50	38	68	94	91	89	36	65
2	74	52	51	72	86	21	7	99	83	42	60	88	52	73	52	43	84	75	64
35	71	97	74	15	72	47	68	65	29	72	5	62	6	67	39	8	12	72	85
59	62	74	4	56	49	97	7	9	51	77	49	60	32	79	40	74	56	25	79
60	44	7	77	20	41	29	42	36	72	94	44	74	29	32	10	36	31	94	19
24	67	16	26	41	73	73	44	75	92	24	7	49	3	32	12	69	14	31	21
14	80	21	51	30	11	93	23	9	87	75	66	44	62	56	87	60	58	48	30
47	4	95	82	92	8	80	13	69	60	18	43	96	55	20	54	35	48	72	31
34	37	30	9	98	89	77	1	5	53	67	2	54	8	96	32	24	2	87	1
37	38	64	52	20	77	29	81	34	7	38	11	7	5	67	81	49	77	40	20
13	30	77	55	37	23	30	70	36	32	61	56	99	27	95	40	69	37	79	66
47	62	40	17	89	64	99	9	44	52	66	7	51	31	1	5	67	27	56	20
92	53	78	62	4	90	26	39	1	21	80	10	6	73	22	50	99	38	3	8
39	31	44	33	54	21	3	31	21	27	74	1	63	78	88	6	60	58	77	95
88	18	28	32	31	51	58	94	73	42	49	4	51	74	26	49	10	29	64	74
60	3	73	73	35	86	47	10	58	86	86	11	11	12	64	1	87	81	86	94
88	3	3	28	8	59	87	24	47	7	5	9	40	73	4	63	31	92	30	26
60	37	96	89	81	3	58	61	86	78	16	19	59	23	91	58	69	58	95	12
22	25	85	52	2	78	29	97	46	58	67	92	27	7	11	7	4	94	78	58
58	58	75	78	47	35	93	17	12	47	1	52	76	16	11	86	79	3	98	39
52	20	43	26	58	44	27	81	57	19	79	62	31	63	56	91	38	66	85	29
34	75	5	53	5	17	38	43	28	33	7	58	87	42	37	79	93	76	24	33
91	98	51	14	78	50	42	18	81	71	49	80	47	23	73	78	20	47	31	96
37	97	57	24	95	70	24	43	44	84	66	26	5	46	91	69	27	10	8	21
1	22	80	20	29	48	24	60	93	83	73	30	61	13	14	75	28	87	42	87
54	37	77	31	47	47	89	16	96	85	94	92	24	98	5	52	67	5	52	97
38	20	68	69	93	73	16	77	94	83	24	70	53	44	25	95	10	45	28	43
92	6	63	3	93	87	19	82	77	90	99	93	33	82	11	90	10	67	79	67
2	5	21	8	45	88	42	27	52	61	56	83	59	55	84	68	10	10	7	11
36	68	38	8	16	77	65	85	73	42	69	62	28	48	22	1	85	13	75	78
60	95	73	93	94	75	40	15	22	27	21	49	10	17	58	56	50	82	36	30
9	43	20	35	88	27	63	16	92	5	54	38	55	67	49	44	34	59	53	89
36	47	58	82	82	75	72	52	18	65	81	86	88	37	25	27	70	31	36	32
24	41	71	66	99	37	41	83	8	95	67	94	81	41	59	63	57	8	5	35
24	60	66	86	47	38	60	88	15	95	50	86	24	54	34	65	46	92	75	45
60	77	61	99	86	94	17	30	23	27	63	91	16	20	86	21	27	71	31	85
49	26	54	39	10	40	96	11	40	71	11	80	20	30	43	26	55	37	24	18
92	7	2	65	73	73	29	87	21	71	24	84	5	44	79	54	74	52	92	88
10	38	4	48	48	53	66	23	1	40	10	91	69	90	28	95	72	88	30	13
5	48	16	95	62	25	71	76	74	83	46	91	65	8	44	92	35	49	71	65
43	97	61	66	82	86	3	96	19	20	67	23	68	11	60	44	78	85	22	76
19	31	76	42	79	28	63	79	25	91	56	93	81	18	66	2	88	2	34	16
36	94	49	76	61	76	22	20	92	99	95	4	96	39	27	29	38	73	10	71
25	48	85	29	99	70	76	56	3	1	63	57	88	92	72	90	14	5	68	74
22	41	52	99	1	61	15	10	4	51	95	3	33	72	38	51	33	32	43	4
95	59	48	32	85	81	40	68	24	39	97	49	43	73	85	46	28	5	12	77
91	84	28	35	96	76	79	31	91	89	33	65	67	85	22	92	40	71	52	98
10	78	96	67	13	74	77	33	13	69	36	72	38	51	46	26	45	4	52	86
95	91	21	85	29	12	89	19	87	50	17	81	5	21	81	53	44	53	75	38
44	96	13	59	94	24	99	14	73	52	69	26	55	59	93	12	20	14	80	31
31	30	56	28	87	72	72	63	35	36	60	80	73	59	8	68	89	35	9	19
83	67	85	73	64	82	78	53	13	10	66	45	36	19	22	96	34	54	75	98
81	37	89	88	22	65	65	24	24	47	97	22	22	16	51	44	51	65	54	41
42	54	50	55	93	72	7	63	49	25	73	9	74	49	65	89	44	30	55	51
73	22	10	2	55	10	48	27	70	30	17	20	48	79	79	42	62	44	9	64
78	55	81	13	53	48	39	61	92	72	40	98	48	4	12	17	26	17	93	41
63	37	21	9	27	84	91	54	28	77	15	54	83	72	4	47	91	64	15	11
53	44	71	94	11	91	18	40	76	64	30	25	72	53	13	80	89	3	52	5
99	24	25	74	60	68	78	53	96	77	27	71	99	1	8	1	7	91	24	2
76	4	88	16	42	85	67	2	33	58	91	76	20	80	80	29	43	38	70	96
15	58	33	42	88	13	66	23	43	28	84	37	76	33	26	38	69	71	70	43
71	98	26	22	77	20	55	22	75	24	57	13	79	60	24	95	54	31	81	82
36	43	42	27	19	5	89	52	66	48	6	88	59	72	76	4	63	67	79	21
66	67	19	26	71	4	29	32	5	25	16	56	39	93	29	97	12	19	71	87
20	96	24	22	5	22	88	8	81	89	22	13	30	73	48	99	75	30	65	43
78	9	48	57	28	5	94	79	45	25	87	21	49	32	17	32	62	44	43	20
34	77	14	21	53	41	13	90	60	42	12	87	32	63	11	75	88	98	18	47
94	8	98	85	61	26	21	61	33	28	80	30	35	19	97	88	84	30	69	32
25	45	22	59	60	48	92	58	31	49	57	24	37	95	59	7	98	25	44	32
77	62	71	48	11	34	51	98	32	39	62	69	4	2	81	36	69	50	61	53
21	36	56	47	49	68	82	43	43	14	72	21	30	34	41	43	29	68	10	37
62	31	46	10	34	58	30	55	40	42	68	98	10	28	83	83	44	3	67	62
19	37	52	99	16	19	38	9	18	82	41	79	58	9	43	78	19	88	35	77
2	4	95	12	62	43	93	48	23	19	55	69	8	56	39	30	6	36	52	25
41	94	53	56	11	26	7	24	24	75	59	17	6	46	35	95	20	63	8	22
18	5	70	48	33	96	39	58	60	15	98	90	87	18	51	35	79	66	18	66
24	69	28	30	64	55	10	25	86	1	12	56	66	38	86	65	38	1	7	76
47	39	7	1	27	68	37	42	24	68	21	99	3	15	90	60	35	73	10	4

13	11	16	1	12	7	8	1	12	10	1	13	12	6	9	20	11	9	2	8
8	2	1	10	13	6	15	1	20	6	17	2	1	16	20	1	13	10	4	14
20	11	7	2	9	19	14	20	17	7	14	14	7	12	3	10	20	6	7	15
20	11	4	13	9	18	12	13	7	3	5	7	17	4	11	13	11	5	18	17
16	1	16	11	12	16	16	15	12	9	1	15	2	10	2	5	8	17	8	8
2	7	16	7	7	10	19	8	14	14	4	11	19	19	1	6	18	12	10	16
18	11	14	6	10	16	19	18	4	4	6	3	3	16	19	20	3	3	18	4
4	13	7	7	9	6	20	3	4	2	2	1	13	17	19	8	14	18	18	2
12	19	1	8	15	18	17	11	9	14	1	18	18	19	18	17	2	6	11	11
1	3	2	3	10	14	17	6	14	19	16	5	4	6	16	20	20	9	19	2
6	11	2	17	4	11	12	13	6	4	6	10	19	13	7	16	17	17	5	2
4	9	8	3	19	14	16	11	11	13	17	12	8	15	4	15	2	13	4	4
18	4	18	19	16	18	20	12	7	12	16	10	2	2	7	10	13	10	12	18
12	20	9	1	4	4	2	7	20	3	16	13	13	18	5	20	14	11	2	1
16	20	16	16	5	18	9	11	1	5	12	8	9	15	1	2	13	15	18	6
19	18	2	5	13	19	13	6	9	15	10	18	2	6	11	9	8	11	12	15
14	2	7	5	13	3	4	11	2	7	11	10	20	16	2	4	3	6	11	18
1	16	3	20	10	20	5	19	4	19	5	19	9	14	6	9	15	15	15	17
19	7	19	9	2	3	17	6	16	2	19	9	5	9	20	16	20	8	16	19
4	18	17	1	17	19	17	5	17	17	4	5	3	19	4	7	16	17	20	1
12	17	17	6	11	9	5	14	13	1	12	16	5	14	11	14	5	10	12	10
4	10	15	13	8	17	2	4	6	8	2	13	15	17	4	7	16	11	1	6
3	5	5	9	15	13	8	8	9	14	17	19	16	17	8	17	14	19	5	10
20	4	19	12	3	9	1	3	8	18	3	19	9	15	12	2	17	11	1	10
11	11	19	13	6	16	4	5	13	12	18	12	3	3	2	16	7	19	16	5
9	7	1	8	16	18	4	5	15	9	19	11	15	13	13	11	17	2	7	5
15	10	15	19	2	20	16	1	20	17	17	14	2	3	5	20	8	15	19	19
10	20	14	8	9	19	14	12	7	8	2	20	17	18	18	15	11	16	1	14
3	14	13	20	13	3	10	8	6	15	6	10	6	3	11	5	6	18	16	8
5	3	9	7	8	14	6	13	11	8	15	13	14	10	12	15	18	3	10	9
11	12	17	4	20	12	19	11	2	4	17	8	2	15	9	5	6	5	2	13
9	11	5	6	16	14	1	4	3	18	2	7	12	16	1	10	15	3	9	15
14	4	19	2	13	14	16	7	1	18	9	4	4	17	3	7	9	2	20	2
15	17	3	1	8	20	5	18	5	9	7	2	7	19	19	20	14	13	19	3
8	11	11	15	19	7	14	10	11	17	12	8	4	20	18	2	7	9	2	1
5	12	5	5	13	19	20	7	5	8	15	9	6	11	15	10	7	8	17	2
2	13	19	8	14	19	13	4	8	12	3	18	14	15	11	6	2	2	9	15
9	12	17	6	5	15	4	16	17	9	2	14	2	5	15	9	15	12	6	8
2	14	19	2	10	11	14	14	9	16	10	9	13	15	12	8	4	15	19	6
2	6	15	9	8	10	3	19	3	12	6	1	8	3	12	15	12	6	19	13
16	10	13	16	7	12	12	16	17	17	18	8	17	9	15	20	15	6	20	18
2	6	5	18	13	3	12	15	3	16	13	18	9	13	2	3	17	19	1	2
4	13	10	20	10	12	7	7	4	1	17	10	6	14	20	17	15	6	14	5
9	20	10	11	10	19	20	1	2	18	5	13	17	4	7	20	9	19	19	18
10	8	18	2	11	15	8	12	12	10	17	10	7	19	6	18	6	5	8	8
7	10	11	17	2	19	9	13	2	10	13	10	18	7	10	10	12	17	14	9
7	1	4	3	1	2	1	11	7	13	14	18	19	17	20	2	3	7	6	4
3	19	5	18	10	8	13	18	16	20	15	15	6	17	3	11	12	11	15	10
17	14	13	15	11	9	16	1	18	9	13	1	9	19	2	8	4	8	1	9
7	13	10	14	19	10	11	14	14	4	15	14	8	7	3	6	4	6	4	18
17	18	20	8	8	8	8	5	16	17	12	13	5	8	3	8	12	5	19	7
17	8	5	9	3	16	8	4	20	7	20	5	11	2	4	2	18	14	1	4
4	12	7	3	13	4	12	4	1	4	2	10	14	18	12	16	11	14	10	8
6	4	12	10	5	11	20	18	6	11	14	13	20	6	12	12	13	5	17	18
1	15	6	7	6	16	7	16	11	12	13	2	3	6	18	2	18	9	6	15
13	20	11	10	4	20	19	19	17	14	16	11	10	5	15	17	3	4	11	5
6	18	15	9	20	11	7	19	18	15	13	7	14	3	16	17	10	11	10	5
13	6	10	19	1	14	5	3	20	4	6	9	6	11	19	3	10	13	19	13
17	1	16	10	5	8	6	18	9	1	5	2	12	8	4	9	9	9	12	19
20	11	5	5	11	9	18	9	2	4	14	12	1	11	17	10	13	10	16	15
5	3	6	14	19	8	16	20	10	20	19	9	16	12	11	19	12	17	7	18
14	9	18	15	5	8	18	18	15	19	3	7	1	16	5	17	18	6	2	9
6	5	13	18	13	12	18	18	12	12	14	2	7	17	11	12	7	13	16	13
13	8	17	13	3	16	7	15	20	15	18	7	13	13	18	10	11	5	7	11
15	8	17	4	16	11	20	20	2	13	10	17	5	4	6	11	11	18	15	2
16	3	19	18	10	9	1	15	20	8	16	14	7	15	15	2	19	1	7	5
6	19	18	7	5	17	9	13	15	7	13	20	11	19	4	13	5	4	4	20
1	9	17	13	5	20	13	2	20	3	19	9	11	1	17	13	13	5	18	13
4	7	17	9	17	15	16	8	13	20	6	1	3	2	14	10	6	13	4	18
10	2	9	2	18	9	1	18	10	14	5	8	20	3	19	19	2	1	17	16
5	7	14	7	20	15	7	9	16	17	20	2	9	13	7	5	11	10	15	5
2	9	15	13	13	20	5	18	1	3	2	14	19	5	17	5	3	16	14	18
3	10	3	9	10	16	12	5	3	11	12	5	11	9	16	19	5	16	2	9
15	11	2	18	6	11	9	18	4	4	10	2	5	9	11	5	1	2	14	10
18	6	7	12	16	13	20	16	5	6	15	13	15	10	16	14	9	19	14	3
9	17	13	9	3	3	18	20	7	16	14	1	19	13	1	13	13	9	18	16
5	13	18	8	6	15	20	10	8	20	7	12	16	1	4	13	14	6	19	9
11	7	8	20	15	12	1	4	8	13	18	9	19	20	11	1	18	17	10	9
19	2	4	11	19	12	15	8	16	6	2	16	8	9	17	17	8	6	11	19
12	11	15	6	12	11	7	4	1	12	1	18	6	18	10	8	12	6	6	6
5	3	15	11	9	7	5	10	16	17	1	5	9	19	6	13	9	18	4	10
6	19	6	20	15	5	19	10	2	5	17	12	17	20	16	17	1	7	12	17
18	1	14	16	1	2	6	14	10	20	12	10	15	5	11	15	14	4	10	3
7	14	1	14	5	20	18	20	20	8	14	1	9	9	7	16	17	9	1	3
8	9	9	15	4	3	6	13	16	9	11	8	19	2	12	11	18	19	7	19
9	4	13	12	14	10	10	19	18	5	20	18	9	20	16	11	2	9	12	4
9	6	14	12	15	13	20	12	7	12	15	12	9	18	9	2	17	15	12	4
19	19	16	14	20	17	12	12	4	4	3	3	5	15	15	14	1	17	13	12
3	18	13	11	12	8	2	20	19	7	3	10	5	4	20	10	18	17	7	6
7	14	18	14	14	9	20	12	17	15	8	5	16	9	16	14	2	14	16	17
11	19	11	7	9	4	4	10	11	6	15	6	3	1	1	7	2	12	6	13
1	12	20	18	3	14	19	13	9	8	12	1	11	6	15	3	10	2	10	17
4	1	15	1	11	6	5	9	12	11	12	13	1	5	2	20	14	6	13	5
20	4	5	15	3	12	13	20	8	19	8	17	4	16	6	11	15	4	9	1
1	10	10	18	11	20	17	9	16	4	3	14	3	10	6	6	13	3	8	16
4	3	17	5	17	1	12	13	15	19	1	19	2	18	5	20	5	4	14	16
5	1	15	16	1	4	1	10	20	11	4	5	5	11	15	9	7	8	11	10
17	12	7	19	13	1	4	1	3	16	15	15	2	4	3	5	11	1	16	1
10	19	14	19	5	7	11	6	4	20	12	2	19	15	20	15	4	12	1	9
12	20	18	8	15	7	9	1	13	1	17	14	1	5	19	6	20	10	14	5
13	8	2	13	8	5	9	16	14	3	15	9	1	7	17	11	19	16	10	1
3	1	7	8	1	16	20	6	6	7	6	19	5	15	12	12	11	20	1	3
5	7	20	16	4	7	2	14	1	12	20	17	14	15	17	12	3	7	8	2
1	6	15	19	13	2	4	13	3	2	3	9	9	18	2	1	11	20	9	3
4	17	19	2	16	20	3	9	17	11	9	15	3	19	10	17	8	20	12	10
16	7	5	16	15	17	17	6	7	19	15	2	20	7	5	9	3	3	5	14
20	10	12	16	16	14	6	7	11	12	17	18	8	3	15	19	13	18	13	16
12	9	1	8	18	13	1	9	16	16	13	3	3	18	16	7	10	8	6	10
4	19	7	14	7	2	13	4	13	1	15	20	20	2	4	11	12	18	14	17
19	1	5	16	7	13	12	13	14	4	5	8	12	15	11	9	13	20	10	3
6	16	19	19	12	10	5	13	2	16	2	2	11	7	1	1	14	20	11	20
8	1	4	13	1	20	12	6	8	13	9	18	10	15	19	11	10	11	20	18
18	4	20	8	2	9	10	3	18	13	13	10	16	12	3	10	8	16	18	11
4	4	15	2	4	4	2	18	20	8	10	11	1	7	16	6	19	5	15	2
2	3	15	7	4	10	2	5	11	14	10	13	15	2	15	14	11	1	4	20
4	20	17	8	12	19	17	6	4	15	11	11	2	13	2	20	11	6	10	17
3	2	1	8	18	5	19	15	15	7	10	9	6	17	1	3	1	4	11	3
5	8	6	1	8	15	1	15	4	7	15	20	9	5	20	8	16	2	18	17
6	17	6	10	1	15	3	4	8	10	4	8	14	17	9	11	2	19	16	7
3	2	18	15	13	6	3	2	18	19	9	3	1	16	17	13	1	10	12	14
4	19	13	2	11	16	7	2	18	5	5	18	14	20	5	10	9	5	13	18
8	7	4	8	1	1	7	6	20	18	9	14	4	15	1	2	12	19	5	1
9	3	16	20	11	17	2	12	14	19	13	11	5	7	16	5	5	16	12	12
11	20	17	1	16	15	13	7	15	11	4	11	11	8	10	18	19	9	1	12
3	16	18	13	15	6	5	4	13	3	10	13	2	7	14	4	11	8	9	5
8	20	6	9	1	2	19	4	17	16	14	17	7	20	10	15	2	6	6	11
20	3	5	18	4	11	4	2	16	16	20	11	9	14	6	20	9	20	12	10
2	5	4	6	12	1	7	16	12	20	9	10	1	2	11	12	20	9	2	6
10	18	2	19	13	14	5	8	18	8	20	7	10	3	2	19	3	20	14	3
6	19	14	15	6	2	13	16	10	13	1	18	4	5	16	12	2	3	9	2
9	2	8	8	7	9	2	3	12	5	17	5	5	19	15	1	7	12	1	10
16	14	1	18	5	2	6	14	11	5	1	13	2	11	19	19	7	5	7	10
14	15	6	18	4	17	19	11	13	3	3	16	2	16	15	17	18	20	16	8
18	18	20	6	18	6	8	5	12	4	19	7	4	8	8	16	4	9	18	1
2	12	16	5	20	10	14	14	9	2	3	13	8	5	9	17	8	16	6	12
13	11	18	12	13	14	9	1	20	11	11	16	18	11	4	7	9	19	7	1
8	1	7	7	13	17	6	20	12	14	6	20	15	7	6	12	2	14	14	18
18	3	9	13	16	1	11	13	15	3	15	12	5	20	14	18	5	9	10	18
13	16	8	12	10	11	4	18	14	2	7	11	7	9	9	7	4	10	3	3
14	8	8	6	17	3	10	16	15	6	14	8	15	16	7	8	11	1	10	13
8	8	19	4	19	20	2	3	7	19	10	17	2	2	4	17	2	17	6	1
18	6	17	14	6	8	10	15	9	1	5	6	17	17	6	12	2	15	20	12
13	7	19	17	4	3	14	12	11	6	8	8	18	1	20	12	12	1	4	16
11	11	6	16	2	7	12	16	11	8	1	14	18	6	18	17	12	16	11	7
2	2	16	16	19	7	18	13	3	3	16	19	20	2	18	10	14	14	6	2
2	17	13	18	3	18	6	15	4	12	15	15	4	5	7	6	2	20	11	16
17	10	6	16	12	11	19	20	4	5	15	10	20	13	1	7	6	1	14	14
2	5	14	1	14	17	2	1	2	1	1	6	18	6	18	20	3	18	15	8
19	6	9	16	16	20	20	4	5	19	9	4	6	3	13	2	5	12	18	20
3	19	1	16	8	20	4	3	5	12	19	4	13	18	4	7	7	3	12	9
16	6	1	20	18	6	15	7	19	16	10	7	1	15	15	4	4	3	4	1
18	10	13	9	15	3	9	3	12	15	13	19	1	15	9	15	11	18	5	3
6	6	19	3	12	10	5	11	10	4	10	13	13	10	3	1	12	14	20	17
6	11	4	11	20	13	17	2	17	3	12	11	2	13	3	4	13	15	17	18
4	16	12	14	13	1	18	2	4	7	8	8	13	1	2	17	6	14	2	2
9	18	2	2	18	8	14	12	3	20	8	6	9	19	9	20	7	15	6	6
3	12	8	3	8	4	3	20	20	16	13	16	19	1	5	6	13	11	18	9
13	11	7	11	19	17	20	18	14	3	10	19	14	11	19	1	7	17	13	15
5	2	5	9	3	20	20	11	17	20	18	8	16	16	3	3	6	9	3	10
13	10	15	16	16	9	14	17	1	3	3	2	7	12	17	11	2	11	11	16
15	16	4	7	10	16	2	17	2	1	2	1	11	17	2	16	6	19	10	3
15	2	13	18	1	14	7	7	16	16	2	6	9	8	1	6	7	4	20	20
6	5	20	3	18	20	10	16	14	17	8	12	19	15	14	10	19	17	13	7
4	10	18	10	19	5	1	10	9	13	4	4	6	13	8	2	6	4	15	7
4	8	9	10	12	14	11	18	9	5	7	10	14	3	5	14	7	1	4	3
5	3	18	10	7	20	14	13	16	15	1	9	14	10	8	11	11	14	2	5
8	20	5	19	13	10	4	9	20	6	12	12	16	4	13	18	10	14	2	2
11	10	16	5	17	16	17	15	13	11	7	5	17	1	18	13	7	17	4	12
17	10	19	18	4	4	16	3	4	20	20	19	5	3	5	10	11	15	9	15
20	18	12	15	20	5	13	17	17	10	9	20	1	11	20	15	5	12	3	10
6	4	10	4	9	6	16	15	16	17	13	17	1	17	16	2	1	11	10	20
13	2	2	11	6	12	9	15	10	2	19	5	15	18	5	18	17	17	16	20
20	15	15	20	12	19	16	19	2	14	19	8	14	20	2	2	15	1	14	11
11	17	1	16	15	14	7	11	9	3	13	3	4	15	7	7	12	18	10	11
19	20	5	10	12	1	18	7	20	17	20	20	20	13	13	14	6	7	5	15
13	18	20	15	5	3	19	17	20	1	15	3	10	17	8	17	11	4	11	1
3	17	17	16	7	4	3	8	9	20	19	1	13	10	8	13	15	17	2	20
4	20	18	19	15	14	13	20	6	12	12	2	1	7	14	3	2	14	15	7
11	12	9	2	16	17	13	17	7	12	3	12	20	12	1	20	7	9	15	9
17	19	4	8	11	1	7	16	12	11	1	2	15	8	2	19	12	19	20	6
17	20	8	10	8	10	16	9	18	10	15	19	16	5	14	12	15	15	12	11
15	3	13	17	12	3	13	2	19	4	8	8	14	5	20	5	4	4	16	3
2	5	14	19	18	17	19	7	17	13	1	17	16	19	13	20	16	17	18	18
10	20	1	11	18	16	12	16	5	16	3	13	10	3	10	9	2	19	3	3
4	1	5	12	10	5	4	20	9	3	2	12	6	13	20	20	5	8	8	6
2	1	17	18	2	6	18	1	10	11	12	19	18	7	1	1	11	9	15	16
11	6	11	17	2	17	3	12	6	1	7	13	1	1	20	3	17	11	14	16
13	18	18	12	11	3	4	6	14	10	9	13	7	20	15	16	10	7	5	5
14	11	4	1	12	14	18	1	19	13	13	14	5	16	6	20	15	14	2	15
6	5	1	9	15	5	4	7	15	1	15	6	3	7	11	18	11	4	10	18
12	12	9	15	9	18	12	18	5	2	5	6	9	18	17	3	18	19	1	7
6	13	1	20	15	14	5	20	20	18	11	1	7	9	4	13	9	5	1	5
7	12	14	20	5	2	13	9	3	11	11	4	5	1	3	9	12	19	11	3
13	1	8	15	19	12	4	18	16	8	2	10	7	20	4	7	19	12	15	1
12	4	20	15	7	2	17	3	14	2	14	7	8	2	9	8	4	16	19	13
6	17	5	3	11	10	17	8	13	19	10	20	8	19	3	10	18	8	3	19
18	7	5	18	5	6	8	20	17	12	8	3	7	17	11	14	9	13	2	19
15	15	13	4	8	7	20	1	10	12	7	3	20	11	18	2	11	19	9	6
8	17	2	16	13	6	18	2	10	20	18	1	15	8	15	8	14	6	14	8
13	6	12	2	19	14	11	9	11	14	17	9	10	8	2	15	5	18	14	7
18	15	3	7	3	8	15	2	14	10	12	13	17	18	20	13	10	3	14	16
13	6	14	19	1	6	9	7	9	3	11	13	1	19	16	1	3	11	6	9
7	8	14	19	2	20	11	19	2	15	13	16	19	20	13	12	14	10	20	2
19	18	2	2	12	19	7	10	14	16	16	17	18	2	18	16	14	17	12	9
7	13	13	15	12	14	17	13	14	16	4	15	13	13	20	8	19	7	11	15
3	5	6	13	6	10	1	16	11	5	9	7	1	17	13	11	1	5	12	16
14	7	2	15	9	8	17	10	5	20	18	4	13	8	15	10	6	5	1	15
6	17	18	9	15	13	19	18	9	10	20	12	12	1	12	18	13	4	10	17
1	15	10	2	13	6	17	5	13	10	12	20	2	18	2	5	1	18	14	20
12	13	18	7	1	2	8	4	14	4	8	6	19	20	1	20	11	13	18	5
6	6	18	9	3	7	8	18	18	19	2	7	1	5	1	12	10	8	20	7
12	14	6	16	15	5	3	10	17	15	5	5	13	7	2	8	13	11	13	1
10	9	9	16	15	4	8	3	17	2	11	17	4	16	2	8	6	12	17	4
7	18	5	18	1	1	3	12	13	5	12	7	8	13	7	16	18	12	19	11
19	5	11	10	8	6	15	12	19	13	3	10	14	3	2	9	2	10	7	17
1	5	1	14	15	14	11	16	10	16	5	4	1	5	4	6	18	2	2	18
17	19	8	12	17	11	19	9	13	13	10	7	14	3	10	4	5	6	6	10
2	16	15	15	3	5	2	7	12	12	8	18	4	17	17	9	19	20	18	18
2	2	10	8	10	8	5	13	5	13	13	13	19	11	9	2	17	9	1	12
2	17	6	20	18	9	2	6	15	11	19	13	13	12	17	10	10	7	10	10
17	20	1	19	4	14	14	17	17	14	1	17	19	15	17	17	1	6	8	2
2	5	5	11	9	5	4	16	11	19	15	12	19	3	13	20	11	4	16	18
2	3	15	12	13	15	5	19	9	9	3	20	20	3	20	15	1	2	14	2
12	7	9	11	7	11	10	2	8	11	5	3	6	12	11	11	20	17	5	11
13	18	8	11	15	8	7	18	13	10	4	19	7	12	8	14	1	6	18	10
9	20	7	13	18	16	10	9	18	14	15	19	17	15	10	3	14	11	11	4
9	15	7	3	14	6	19	15	16	14	18	3	13	15	7	14	5	4	1	8
18	7	15	5	19	18	7	16	9	9	7	17	16	20	1	14	14	12	9	16
13	2	3	20	4	16	14	20	9	5	20	9	4	4	10	17	10	6	8	17
5	11	8	16	6	19	10	20	18	5	13	2	19	11	6	10	20	3	10	1
15	20	4	1	15	9	4	10	6	6	18	10	1	20	8	20	1	8	10	4
16	10	14	20	4	19	3	3	11	4	16	8	6	1	6	4	4	5	12	14
20	7	3	10	8	12	8	19	2	5	6	8	19	15	6	8	3	20	20	11
12	18	6	16	5	20	16	4	10	9	13	13	13	16	17	18	14	11	7	20
9	6	12	1	14	20	17	13	5	5	17	12	16	11	6	3	10	15	6	19
9	3	17	9	14	15	15	10	6	14	6	17	17	1	4	13	18	11	15	20
14	14	18	17	12	11	3	7	2	18	1	12	17	18	17	12	5	14	18	18
13	6	6	7	20	5	12	11	18	2	2	20	13	18	6	11	14	7	4	16
13	18	18	3	14	5	8	8	11	9	1	5	20	7	6	19	9	19	8	20
18	7	13	7	9	16	13	2	16	8	11	6	14	16	4	13	13	8	18	5
11	11	3	10	11	3	15	12	14	10	17	1	2	15	7	11	2	7	18	20
15	8	17	16	15	14	4	12	18	13	12	3	7	18	2	1	5	4	7	18
13	3	9	10	12	12	13	7	8	10	8	12	8	5	13	12	15	18	14	15
12	17	20	12	4	11	7	1	17	9	4	20	5	4	15	9	5	7	5	4
19	3	1	16	4	15	10	8	10	4	3	14	18	1	1	10	8	11	17	4
10	9	2	3	18	8	3	17	5	20	20	18	20	18	19	2	13	6	3	2
18	10	11	12	5	3	2	1	9	14	6	7	4	17	14	10	18	19	1	15
8	17	18	7	2	12	2	6	4	7	5	1	20	12	19	4	13	15	18	18
15	13	18	11	16	8	1	14	19	20	20	3	19	4	5	18	7	7	8	12
5	11	15	16	17	11	18	12	9	20	3	4	2	12	1	1	19	12	4	5
10	11	5	19	5	8	3	4	16	17	10	14	19	8	13	9	19	17	11	15
6	9	3	16	4	13	18	10	4	13	16	8	4	10	8	6	1	12	16	11
14	17	16	5	17	18	1	17	18	3	2	2	1	12	8	16	8	6	19	15
1	3	5	14	8	8	18	12	18	7	20	9	17	8	16	12	13	13	15	13
9	6	7	13	9	6	10	18	11	15	12	16	9	14	9	17	9	8	20	2
2	14	14	14	12	4	16	11	12	15	1	13	1	16	7	4	11	7	18	1
9	3	17	13	15	18	17	9	5	15	20	15	13	11	18	15	20	10	6	4
20	14	1	3	16	18	1	7	6	17	15	6	16	17	9	17	3	3	19	9
1	9	20	1	8	16	19	1	6	11	5	17	13	7	11	10	1	13	18	11
6	16	8	15	11	16	5	6	15	1	4	8	2	17	6	14	1	19	20	14
10	5	9	17	20	11	4	12	12	15	18	18	8	6	20	4	2	9	5	4
20	7	15	7	5	7	1	17	5	14	12	19	14	9	11	3	17	16	18	5
17	4	5	8	16	2	11	4	1	18	8	9	1	3	8	12	12	15	12	6
2	2	12	15	1	5	10	6	17	3	18	19	12	9	3	5	2	13	10	11
6	12	12	5	11	20	7	20	9	18	11	12	2	11	1	20	5	2	15	13
19	20	17	8	20	15	1	3	14	14	4	13	10	12	13	6	13	17	10	7
6	10	4	4	11	1	12	3	5	3	12	11	14	3	9	1	2	5	9	9
5	6	5	11	15	9	3	10	15	10	12	1	16	10	14	6	16	18	19	17
7	12	1	11	5	15	4	12	14	9	7	4	13	2	8	4	20	3	6	10
1	2	1	15	18	9	12	8	17	17	6	13	3	9	3	15	8	19	7	20
4	20	5	6	19	16	14	4	1	11	6	5	7	5	18	5	11	14	1	2
2	10	17	10	1	4	12	12	14	12	3	20	1	17	3	9	11	8	20	11
12	20	20	1	11	5	3	16	19	9	14	6	5	2	5	17	19	18	13	5
14	8	7	14	1	1	14	7	11	13	3	19	19	5	3	1	3	3	6	19
19	2	5	6	10	4	4	6	1	4	8	12	8	15	3	8	15	3	5	13
1	11	1	14	3	10	16	6	12	12	19	17	4	15	20	11	3	17	8	12
11	19	6	20	18	12	20	5	5	12	18	7	13	2	7	11	2	7	5	11
3	7	15	10	8	12	16	7	6	8	15	20	1	2	15	3	19	1	17	5
1	15	4	12	7	15	9	20	5	10	13	13	20	1	20	17	12	12	4	14
8	20	11	6	11	16	9	11	1	20	10	3	14	6	2	3	2	11	1	11
5	6	13	20	12	17	10	20	19	8	7	7	1	18	3	17	16	13	20	20
12	5	1	17	17	2	5	10	10	10	3	18	11	12	6	16	16	19	2	14
12	5	3	15	19	1	14	20	11	7	10	7	9	16	6	17	8	4	18	11
3	12	2	5	4	8	9	9	18	11	11	14	13	20	16	17	1	8	11	16
20	10	7	4	8	12	10	16	15	14	16	13	8	5	2	13	12	17	8	9
8	13	9	17	13	13	10	2	5	1	11	6	16	18	12	2	13	1	9	8
2	17	11	8	3	10	9	2	3	10	19	3	20	14	19	13	5	18	11	15
19	2	1	1	8	3	5	14	1	18	1	15	2	12	7	14	18	7	11	8
8	8	15	3	9	9	17	1	14	19	10	10	9	1	1	17	5	6	13	13
18	2	17	1	9	1	10	7	11	1	12	2	9	16	8	20	6	5	11	3
8	12	6	14	10	15	20	20	14	12	1	20	3	19	12	11	20	1	14	7
14	7	8	4	13	12	7	11	19	6	10	9	8	15	8	16	18	4	10	6
12	8	3	5	1	9	6	9	6	13	5	13	4	4	9	12	15	11	11	16
12	15	6	11	13	16	19	13	14	11	6	19	16	15	20	10	13	5	5	16
17	11	17	2	20	19	7	20	15	3	8	14	17	11	1	9	14	4	15	13
11	20	10	11	16	10	5	11	1	20	14	14	10	9	17	3	10	6	10	8
17	2	6	19	13	9	8	2	5	3	19	16	16	20	14	16	5	9	1	6
10	11	2	14	16	9	5	6	3	11	2	13	20	2	14	7	8	9	4	9
20	1	6	7	10	19	17	19	2	14	16	6	16	14	11	9	13	5	4	20
19	17	10	12	19	1	8	6	6	5	17	9	14	13	11	13	8	17	20	11
6	17	14	3	15	4	3	4	19	20	9	10	3	5	11	9	7	16	7	3
2	5	3	18	2	15	9	5	10	9	15	4	9	18	19	20	2	8	20	12
14	20	12	4	6	14	5	20	4	12	17	16	19	3	12	1	1	15	18	17
7	15	8	7	5	11	20	9	9	2	3	8	19	11	18	2	11	14	19	6
2	5	3	9	20	12	13	12	9	18	6	4	2	10	9	14	11	7	1	15
20	5	6	4	10	13	4	12	13	14	10	13	7	15	7	8	6	12	5	7
2	1	20	11	13	11	14	2	5	9	9	19	15	5	3	15	1	18	18	2
7	1	15	5	16	7	7	18	3	16	2	12	9	9	17	15	7	17	9	16
6	16	6	16	2	19	6	11	16	2	7	10	20	15	14	5	6	12	9	8
6	7	2	9	5	6	16	3	11	17	14	8	16	5	10	3	20	20	20	7
6	1	18	13	9	5	2	10	15	13	4	3	11	12	16	19	7	19	4	1
18	6	1	20	10	1	16	6	6	10	16	20	3	19	17	8	1	8	17	10
19	20	13	9	4	4	1	4	12	6	17	14	14	20	5	3	15	15	13	19
6	20	13	12	11	9	5	13	20	19	15	9	17	4	12	8	18	4	13	13
2	5	7	8	19	6	18	18	8	5	19	16	9	9	1	6	20	7	12	13
16	1	16	2	2	12	9	10	4	11	2	11	3	10	13	8	4	12	7	14
9	10	7	12	19	2	14	2	8	14	10	11	6	9	10	7	11	1	10	8
3	15	14	19	12	15	4	13	18	14	17	14	13	7	1	13	7	17	15	10
6	17	9	7	20	19	1	19	16	11	6	10	12	9	13	18	1	4	4	10
5	13	20	14	6	8	19	7	8	16	6	2	8	10	19	10	1	7	7	5
2	2	4	6	17	6	18	8	14	9	7	20	15	14	18	12	9	5	18	13
9	11	2	5	4	20	20	13	14	18	5	2	5	7	17	3	20	7	1	2
15	6	4	19	8	16	20	1	9	14	15	15	2	8	5	10	10	20	2	15
20	19	17	5	20	19	11	15	14	6	12	15	3	19	9	6	15	20	10	3
10	7	4	15	15	5	13	12	16	19	5	6	3	13	10	16	12	14	16	11
2	13	18	5	12	20	18	16	13	8	18	19	10	3	2	14	1	7	15	12
7	13	7	12	2	2	19	13	8	8	12	6	15	13	8	15	19	11	14	5
3	5	17	9	18	10	14	20	20	8	12	7	7	9	14	17	13	17	15	1
20	4	16	10	11	13	8	4	13	11	3	15	1	9	5	3	15	10	11	17
20	4	16	18	20	11	10	8	18	4	2	6	18	1	5	7	13	20	13	10
1	19	10	15	8	15	9	3	4	5	19	13	4	2	19	19	6	17	3	19
3	2	3	6	3	7	12	4	3	14	4	18	5	18	14	18	15	11	11	19
6	13	6	18	16	4	13	6	8	1	11	15	11	8	11	8	8	6	17	5
7	18	4	16	20	13	3	6	7	3	12	17	14	9	6	4	16	19	18	19
9	9	20	17	9	6	20	1	17	4	8	15	16	15	11	4	5	17	15	2
10	13	7	9	16	19	2	6	2	7	3	13	11	6	10	19	1	6	13	6
14	3	9	10	17	1	17	9	3	16	12	11	2	4	12	6	5	13	19	18
12	10	14	6	19	12	17	10	5	5	17	15	11	18	19	17	19	18	3	12
13	9	18	10	6	8	5	6	15	3	9	3	15	18	14	9	6	19	7	9
3	3	17	6	9	1	13	8	14	19	14	5	7	17	2	15	14	11	13	5
12	6	9	15	17	14	12	10	18	2	13	4	7	8	20	5	11	1	6	11
15	6	3	11	8	12	18	16	14	4	19	16	12	5	2	7	5	1	15	2
3	13	20	15	14	11	18	9	18	8	4	17	1	10	9	6	11	7	11	11
14	19	20	3	11	13	1	20	12	5	18	6	5	11	12	15	17	7	1	20
8	5	3	17	5	19	9	14	6	1	3	9	20	10	4	2	14	8	11	8
17	8	1	4	13	7	18	20	2	2	3	1	15	20	11	6	17	1	13	4
18	17	12	1	6	15	10	9	16	5	9	8	12	13	14	5	2	8	18	16
12	10	5	16	9	13	10	19	12	9	14	5	3	20	11	10	1	20	11	3
11	17	13	3	11	11	1	14	19	19	19	7	7	11	2	3	6	10	8	5
1	1	7	2	16	18	12	6	11	7	10	19	11	15	1	1	1	3	19	13
3	4	13	3	14	4	7	13	7	2	19	8	8	7	12	17	15	4	6	6
19	14	9	15	16	10	12	3	3	20	10	8	5	11	10	6	18	1	15	7
17	11	19	14	11	14	1	4	17	8	3	4	1	19	16	20	3	1	7	5
19	3	15	5	8	16	10	3	13	10	8	10	20	19	4	15	14	14	11	15
9	13	17	14	13	20	6	13	2	16	14	11	10	17	1	12	7	14	20	11
16	5	6	3	20	11	11	14	10	4	3	6	5	14	9	18	9	10	5	4
7	19	8	8	6	10	16	14	15	16	11	20	8	4	17	19	17	17	16	18
19	8	16	19	16	13	18	9	8	7	16	3	18	5	15	14	3	1	12	6
18	14	14	6	15	6	13	16	13	6	8	8	8	17	13	18	3	1	19	18
14	12	14	3	12	9	3	20	18	1	4	11	13	20	18	19	7	20	1	20
8	15	13	19	13	4	10	6	7	16	15	13	5	16	1	20	8	7	7	7
11	3	5	16	16	11	3	17	2	4	6	14	17	7	17	17	4	8	4	6
19	12	18	17	12	16	7	9	5	20	7	15	1	9	9	8	13	7	3	4
18	19	8	5	16	13	13	19	10	9	19	4	1	12	4	5	16	5	13	17
7	2	17	20	6	2	12	2	1	14	13	1	11	18	6	19	1	2	11	11
13	20	5	4	18	10	2	8	2	12	11	12	4	1	17	11	15	19	17	9
9	20	8	20	4	10	8	3	1	2	15	20	13	17	12	20	4	1	8	20
14	8	14	4	12	15	18	15	13	12	19	2	8	10	20	10	11	9	19	4
3	14	6	6	18	12	20	16	19	9	16	5	1	10	15	13	15	9	18	14
16	1	5	15	2	19	6	6	14	19	13	19	3	9	12	16	9	20	12	15
2	18	3	17	3	1	14	11	19	10	11	10	8	2	20	11	3	12	8	8
9	17	7	13	1	19	1	7	12	1	12	5	17	1	10	4	3	16	2	17
17	11	8	2	14	11	17	20	20	7	2	4	5	18	12	19	19	20	2	20
9	19	10	17	2	1	14	8	10	12	6	7	5	5	18	16	17	19	9	8
12	6	6	16	18	3	7	3	1	7	2	10	9	2	13	8	5	17	3	5
9	3	2	8	8	16	16	4	14	19	2	13	8	9	6	7	7	3	4	3
15	1	5	16	2	16	20	19	18	3	7	4	19	3	2	6	16	3	13	11
14	7	8	8	15	9	17	14	6	18	14	7	8	5	12	13	13	19	2	3
20	13	8	6	12	15	12	12	4	13	10	16	10	17	2	15	6	11	3	10
16	5	17	10	2	2	11	7	13	6	17	5	17	12	17	2	7	9	7	2
9	14	20	17	16	17	19	8	7	7	1	2	9	6	11	15	8	10	4	16
8	2	17	14	18	15	15	3	7	7	17	5	9	10	3	9	16	20	18	6
1	17	5	18	1	17	9	11	19	5	10	3	12	15	14	3	10	15	7	5
9	19	3	1	8	6	16	19	18	7	10	10	18	6	13	7	20	20	20	4
10	20	15	15	14	5	16	8	17	11	3	10	9	5	13	1	15	5	9	16
11	5	5	18	20	16	16	9	10	17	4	19	1	16	4	11	6	17	7	15
18	15	17	7	11	20	8	2	14	10	15	8	18	4	16	20	12	15	13	10
15	2	1	15	16	15	13	10	19	3	17	13	12	14	15	10	9	17	16	16
17	15	9	1	8	15	13	20	11	2	11	12	13	2	8	13	19	16	5	19
15	13	19	2	18	10	9	15	9	15	19	10	13	16	7	16	13	14	10	2
13	14	11	18	15	19	3	6	4	2	16	5	14	17	1	12	11	3	7	12
3	18	11	7	8	16	2	19	15	4	2	2	2	12	4	1	13	8	17	11
5	14	6	17	15	4	8	13	20	5	11	1	5	17	11	3	19	1	3	11
20	9	10	12	15	8	17	15	3	15	17	10	18	13	17	11	14	3	12	17
10	19	7	11	16	6	17	3	2	5	13	8	7	3	7	6	2	16	15	4
6	4	15	16	11	6	17	16	7	11	6	9	13	20	18	14	12	7	11	9
12	18	20	19	5	13	10	13	6	10	13	9	6	2	8	13	10	13	18	13
13	13	18	9	3	16	15	14	17	4	16	16	13	20	10	3	7	6	17	2
19	19	4	6	5	16	2	3	15	1	18	14	16	17	3	17	2	6	15	11
19	4	17	1	11	19	2	2	8	17	11	2	8	2	7	18	16	10	12	19
18	1	14	13	18	7	9	17	12	1	4	17	16	4	7	1	12	20	6	2
8	19	16	4	14	1	19	1	5	19	12	11	5	3	7	20	19	1	11	18
1	6	20	1	10	6	10	14	5	6	5	16	4	3	3	10	6	8	19	12
13	2	5	15	11	15	4	4	6	14	2	18	3	19	20	19	5	9	19	8
17	13	2	6	11	17	9	5	16	2	8	11	9	15	7	10	17	16	13	2
17	3	3	4	15	20	8	10	3	20	15	11	4	17	5	2	14	16	8	12
5	6	6	4	15	7	16	10	5	15	3	15	4	17	18	16	13	20	6	11
3	17	19	12	15	20	1	19	19	14	19	14	14	20	1	1	20	7	20	18
19	1	12	19	14	11	2	5	20	7	19	14	5	11	11	13	5	17	7	3
12	11	6	10	19	9	13	6	1	17	20	15	9	5	3	11	8	9	17	2
5	18	11	8	17	7	14	3	9	7	18	5	10	3	8	17	3	19	7	3
19	19	8	5	4	20	15	1	18	12	7	9	4	5	19	13	17	13	16	10
11	17	14	7	5	4	19	14	17	11	9	15	11	6	14	4	19	12	11	19
2	2	18	2	9	14	20	10	15	8	16	6	20	14	8	20	7	20	18	9
2	4	1	2	4	8	9	7	9	3	1	4	4	11	3	13	12	2	13	6
4	16	2	1	4	2	20	20	6	6	12	17	2	14	13	6	6	19	4	11
17	10	9	14	4	6	19	4	8	2	18	2	13	10	14	18	19	12	10	16
14	17	10	12	18	8	6	16	1	13	14	7	14	13	1	13	8	14	15	2
16	1	20	18	11	13	11	6	14	17	10	6	20	12	11	17	11	11	10	11
16	1	18	3	7	16	6	20	13	12	11	18	6	20	7	3	18	19	15	14
8	13	10	1	7	4	11	2	6	18	19	10	9	19	9	3	1	15	8	1
10	13	13	16	1	14	2	17	7	20	13	11	2	19	4	8	18	15	1	4
3	11	14	10	11	7	16	12	2	20	17	5	4	18	16	3	10	4	15	18
6	7	18	7	20	16	16	10	18	20	5	6	12	11	6	14	6	15	9	15
7	3	2	1	12	1	11	7	18	7	5	3	12	17	4	5	20	15	13	11
5	15	7	14	16	15	15	5	10	3	18	20	4	2	3	14	1	13	3	17
11	1	18	8	17	16	16	7	4	9	4	3	18	17	9	9	4	3	3	20
7	14	4	13	12	8	1	6	9	16	5	19	10	16	14	9	18	17	3	17
3	10	20	5	5	1	17	9	10	18	11	1	7	19	6	16	12	10	5	3
12	10	17	3	8	11	14	7	17	18	12	16	14	8	7	10	11	8	16	14
17	10	14	2	14	17	4	11	10	8	6	2	18	6	2	2	4	11	5	3
10	10	3	18	19	17	9	2	11	8	19	18	2	6	7	9	10	17	17	1
5	15	20	18	17	1	4	11	11	18	15	7	19	17	12	4	20	19	20	16
2	15	15	15	6	19	16	4	17	8	17	19	2	2	18	11	10	7	11	20
18	6	2	16	19	2	6	20	13	9	11	4	9	11	14	1	14	17	16	8
9	12	9	13	8	13	16	15	14	15	6	6	19	11	7	11	19	6	3	15
4	18	11	16	13	6	17	15	19	12	6	12	20	16	6	7	5	14	17	4
20	11	7	10	1	18	5	16	2	1	14	12	18	15	5	19	14	13	8	5
7	3	12	2	18	18	10	13	7	10	14	10	8	1	3	14	6	16	14	8
15	9	2	12	12	15	5	20	4	13	3	13	11	5	7	6	4	2	14	3
19	8	20	17	10	17	14	6	17	13	15	4	6	17	18	6	4	9	13	20
4	3	7	1	18	9	5	14	4	17	5	6	14	8	9	1	6	13	14	9
12	14	19	16	20	8	14	16	3	12	18	2	1	4	5	10	15	16	8	6
10	5	13	1	1	3	5	5	3	6	16	4	20	15	20	17	1	13	14	3
13	12	3	3	13	15	5	11	15	4	7	9	19	4	9	8	4	15	8	19
11	1	12	3	16	20	11	3	2	9	11	17	4	3	15	5	10	13	4	11
1	18	17	13	7	10	9	10	5	11	1	6	17	18	7	19	2	1	1	19
2	14	15	3	3	19	5	3	5	3	18	7	1	4	18	9	19	1	19	7
10	15	11	13	19	19	7	8	3	9	6	12	16	7	4	14	12	12	17	14
19	14	2	12	12	6	20	3	7	7	4	8	12	11	7	8	15	16	7	16
2	7	5	4	13	8	1	16	5	16	10	16	1	16	11	1	8	16	4	16
13	8	20	5	2	3	3	7	1	8	2	5	3	6	10	12	5	17	12	17
15	11	13	10	14	11	18	8	19	2	17	7	1	6	9	14	6	4	14	10
16	17	3	14	1	17	11	10	5	18	9	13	2	10	10	10	20	3	6	20
19	4	18	1	16	9	18	3	3	18	9	9	5	13	6	15	14	1	14	8
4	20	18	19	18	7	7	18	3	5	14	2	15	11	15	14	8	5	20	17
3	5	13	4	15	17	9	14	1	11	8	5	5	19	19	15	13	4	20	13
11	10	2	11	19	10	5	17	20	2	20	1	7	1	20	11	12	3	16	16
19	5	15	11	12	3	15	3	18	2	1	17	4	13	13	8	7	11	17	8
6	9	13	17	10	5	3	20	1	16	7	1	17	7	16	16	17	5	2	18
9	12	17	15	8	19	14	9	13	8	8	8	15	12	7	7	5	12	5	14
12	11	12	13	6	15	16	11	1	2	17	5	20	2	13	15	6	19	16	3
15	19	13	10	18	6	19	5	6	8	5	1	15	8	13	8	16	14	2	14
6	11	18	13	13	14	10	1	8	16	12	1	8	15	9	8	15	4	14	19
7	13	16	17	17	10	5	6	7	19	1	17	11	15	9	12	4	20	13	6
11	2	20	5	18	8	10	15	18	7	14	9	3	13	17	3	7	13	1	17
18	20	10	2	1	13	2	1	10	4	10	7	14	15	13	15	17	6	10	15
7	5	19	6	10	17	4	19	1	12	16	8	7	8	4	15	14	1	11	16
4	12	2	10	15	17	15	12	10	4	7	11	14	7	19	18	8	4	8	15
14	11	4	20	18	14	14	10	2	12	4	1	9	16	18	18	19	14	13	17
17	2	9	19	13	1	13	14	3	3	1	11	11	13	2	10	5	16	4	20
2	19	14	10	16	6	12	16	4	17	11	9	16	5	10	5	18	3	20	9
18	17	18	6	12	3	9	18	13	7	5	12	18	9	7	11	7	13	11	15
20	10	18	2	4	19	14	15	9	11	3	15	10	1	9	13	20	10	19	17
20	10	1	9	4	13	4	15	14	9	10	14	6	2	19	6	12	11	18	19
15	20	2	20	12	3	11	13	14	9	20	16	16	12	7	3	2	7	16	5
11	20	14	5	4	4	19	12	8	6	11	10	1	9	8	12	19	13	17	1
17	9	13	17	1	13	2	9	16	2	1	4	10	2	8	5	19	8	7	5
5	10	12	17	19	19	20	11	13	16	15	9	8	4	4	13	8	6	9	4
11	20	7	7	14	8	19	3	11	3	14	2	19	1	18	2	19	14	10	20
6	11	10	17	2	5	4	6	13	8	12	15	4	10	8	19	5	6	8	19
18	11	1	3	14	12	18	20	18	12	17	4	11	4	15	20	18	2	16	3
6	15	13	16	1	3	10	11	5	20	12	6	14	16	16	7	5	14	1	3
13	6	11	9	19	20	12	9	9	11	8	11	18	17	6	5	6	16	1	6
9	7	14	16	12	19	17	2	2	11	10	19	9	7	19	17	18	19	14	17
18	4	7	3	14	20	6	16	15	2	8	8	20	12	6	4	6	6	15	3
4	13	4	9	1	17	13	5	11	7	3	17	12	4	1	2	12	10	15	11
8	12	8	3	12	3	20	18	5	18	15	11	5	6	11	3	18	11	1	10
8	7	9	2	20	7	16	17	3	19	19	16	7	3	1	5	2	6	9	11
19	20	6	11	19	4	9	5	18	12	3	5	1	9	9	12	13	17	13	15
5	11	20	7	8	13	13	11	7	5	1	9	4	17	12	1	16	10	6	11
17	20	15	7	6	16	16	2	8	14	6	16	8	8	13	19	16	18	5	6
7	12	6	1	13	16	8	3	14	19	7	6	9	15	14	18	14	19	17	19
10	5	6	18	15	3	8	4	16	9	6	16	14	15	8	1	7	8	6	10
2	19	18	3	8	13	1	3	4	18	15	20	7	2	2	18	3	7	1	19
14	7	19	9	1	1	7	12	13	18	11	17	4	18	5	4	8	6	4	3
16	6	19	12	11	6	13	10	8	12	13	15	1	13	8	1	11	5	19	20
19	19	11	12	4	6	8	5	16	3	3	15	18	2	20	2	15	3	11	15
19	4	7	1	8	13	9	10	2	1	4	1	1	10	2	15	10	9	3	6
14	12	7	8	4	11	9	7	19	9	14	19	19	9	4	19	16	6	15	17


1	1	1	1	1	2	1	1	1	2	2	1	2	2	1	2	1	1	1	2
3	2	3	4	4	4	5	4	1	5	3	1	4	5	1	4	4	2	3	3