500	5	20

1	1.3	1.55	1.75	2.1
4	6.76	9.61	12.25	17.64

58	8	24	5	13	64	92	65	14	80	4	55	59	84	66	65	38	90	2	54
3	80	73	83	3	80	7	47	55	28	54	88	3	32	29	40	23	2	64	35
71	40	31	75	51	75	19	36	49	11	27	91	96	31	24	81	78	76	58	78
72	22	67	83	56	98	52	5	55	97	57	14	37	55	4	76	36	57	78	99
70	8	62	6	18	99	43	66	36	45	12	28	66	86	98	89	21	40	27	55
36	59	64	94	95	8	54	32	25	58	72	19	78	6	85	66	84	68	29	49
57	15	32	98	30	99	59	91	43	66	18	47	59	42	45	46	80	86	42	93
35	53	20	91	42	35	47	56	14	75	78	75	35	92	73	78	70	1	84	53
63	81	6	70	96	80	39	68	29	46	65	56	53	49	59	16	82	33	3	3
6	82	43	72	47	33	1	83	38	73	58	16	44	24	11	63	50	52	89	80
16	13	96	2	66	70	13	72	88	85	10	22	50	8	73	76	50	41	25	85
49	21	35	75	34	42	72	18	15	58	51	40	49	85	89	53	35	22	98	30
54	33	94	44	74	88	57	8	62	38	93	10	48	6	25	33	92	26	65	86
86	56	80	23	40	19	76	36	49	58	5	73	47	29	85	48	39	20	10	22
73	31	69	22	50	21	72	35	38	91	71	76	30	49	45	96	37	76	74	59
15	53	26	21	31	86	91	53	57	34	73	28	55	42	20	65	64	87	7	8
77	75	42	25	21	56	59	95	29	81	33	54	31	52	86	31	39	23	67	87
35	89	7	33	5	84	95	70	42	31	74	83	10	15	26	73	84	44	41	75
83	90	96	78	35	9	89	83	19	26	25	88	77	85	11	2	58	48	96	19
91	34	57	31	43	4	63	30	75	23	89	87	99	63	53	3	58	15	14	38
88	76	52	21	93	67	40	81	98	58	65	83	20	56	24	11	49	50	78	93
48	56	7	89	30	8	86	24	53	89	94	62	43	10	72	34	51	19	70	79
27	48	87	55	51	8	48	18	7	55	33	36	80	15	55	52	99	86	60	16
39	49	80	63	24	36	74	22	48	2	69	84	62	73	29	73	97	55	58	99
21	57	3	59	70	26	1	17	52	44	80	62	90	57	56	18	68	26	7	10
72	42	40	96	3	11	49	6	77	15	62	62	50	96	88	21	87	79	77	81
64	88	66	52	46	47	55	37	17	95	94	40	65	27	14	61	1	21	6	93
49	45	79	26	66	87	91	70	32	12	95	11	98	15	66	27	69	78	94	84
57	58	31	28	39	23	93	20	60	77	48	7	72	11	92	1	11	92	92	57
26	25	37	65	74	91	48	7	10	93	88	50	47	42	92	89	51	85	98	70
75	86	20	50	60	14	98	35	59	84	15	99	74	38	66	52	52	63	67	67
98	35	23	35	56	69	16	87	41	44	33	96	98	30	28	82	46	51	64	2
13	47	18	85	65	8	71	38	41	79	50	59	70	32	93	38	85	36	27	79
15	87	99	21	8	35	17	20	8	93	16	48	15	45	15	47	7	19	69	40
39	10	79	2	76	1	6	54	52	92	78	84	20	69	27	36	13	64	62	31
70	97	91	32	82	73	53	90	34	64	49	49	87	72	1	69	74	6	34	73
42	60	26	5	51	49	77	93	9	58	81	32	14	13	29	59	6	22	25	25
79	81	18	34	74	60	92	97	91	52	42	71	18	46	73	64	27	88	46	99
63	25	8	57	26	98	51	54	21	38	51	63	62	89	23	66	26	18	64	73
15	9	3	95	95	95	9	62	31	64	77	29	67	65	75	40	72	67	85	68
40	22	74	51	55	37	69	69	20	49	34	76	56	48	10	94	71	16	14	39
35	37	51	96	28	15	3	69	99	49	55	79	61	99	71	80	58	11	74	4
39	53	42	34	74	85	23	58	37	73	84	98	22	25	2	76	79	31	45	58
22	59	58	39	5	2	88	41	10	28	9	69	63	88	89	62	85	75	38	43
37	39	62	45	45	73	29	64	23	97	66	39	61	15	19	22	94	80	56	80
75	17	28	40	84	8	79	27	27	89	54	37	94	34	31	28	26	53	97	24
6	90	96	68	62	21	43	31	88	69	73	94	84	85	38	49	48	22	42	62
80	54	25	62	10	95	33	57	82	43	55	64	10	10	89	89	74	48	7	63
6	48	18	50	15	42	31	93	43	41	78	49	55	45	26	27	61	28	64	69
10	84	97	26	1	67	52	57	61	64	70	43	3	34	29	34	12	69	28	64
16	54	48	78	57	98	48	69	9	40	38	55	43	31	98	65	9	88	9	84
36	65	26	28	84	42	27	14	69	14	24	45	82	11	2	2	16	78	91	74
91	18	73	86	64	35	73	83	69	72	45	69	83	20	68	82	24	31	85	14
49	67	52	12	53	59	84	76	42	11	53	11	35	95	22	99	73	91	15	73
98	97	63	71	94	46	90	60	71	4	10	67	9	7	76	77	31	3	35	32
30	45	66	96	62	86	76	23	52	42	8	27	99	47	24	8	42	34	58	57
21	54	32	1	96	99	33	44	32	19	41	65	85	31	90	67	47	83	90	28
39	80	19	9	94	43	44	26	90	66	60	33	39	12	14	34	6	71	46	64
17	95	90	93	42	57	80	91	49	51	66	87	21	29	13	90	50	84	12	37
51	94	61	22	5	6	4	46	62	9	27	61	3	75	14	33	6	95	7	1
7	51	4	78	98	43	57	55	75	10	99	72	85	21	95	67	25	82	13	39
84	40	76	43	84	95	40	16	2	12	25	3	65	58	79	72	56	6	4	20
64	15	98	75	55	55	74	78	3	2	99	22	65	62	36	27	45	9	89	44
86	97	16	53	53	81	31	53	90	28	17	73	54	87	99	99	77	55	70	65
2	66	54	70	15	14	60	44	63	41	95	96	54	10	54	4	89	6	18	20
56	14	5	93	95	32	71	99	49	4	5	71	84	41	29	75	77	63	67	49
19	32	63	18	25	38	61	52	91	18	33	79	34	44	84	36	64	35	83	39
16	61	63	34	76	46	63	78	45	40	34	75	75	39	26	58	84	44	37	12
42	3	35	97	77	21	20	25	22	51	29	67	69	57	99	74	95	6	64	17
5	51	23	43	28	82	7	18	22	86	64	75	1	69	70	73	84	25	67	70
12	58	33	21	20	86	37	27	63	3	8	54	14	41	49	41	95	34	16	18
82	3	86	30	85	39	24	95	82	22	95	56	15	99	73	37	41	44	47	25
83	2	60	42	48	45	62	63	44	2	61	74	22	75	11	57	28	2	50	69
56	3	38	16	20	94	81	44	64	60	25	12	9	15	4	46	61	72	98	78
28	60	14	5	94	83	44	8	10	25	68	88	88	79	84	7	49	62	28	61
56	59	81	90	59	46	52	61	69	97	89	9	26	42	87	46	13	67	59	43
42	88	54	66	12	74	9	66	88	28	14	39	12	21	63	70	7	18	28	62
88	78	77	68	82	80	20	16	37	31	32	80	12	61	29	36	60	97	74	7
51	94	14	59	12	73	50	30	46	7	25	90	86	1	97	46	9	57	53	98
7	89	84	7	73	49	33	86	6	68	66	38	29	99	8	2	81	8	32	58
13	81	86	93	68	10	19	31	9	70	36	85	27	45	53	16	47	87	41	26
6	72	65	59	99	40	92	72	29	41	35	29	69	4	56	12	84	52	33	4
74	33	12	32	18	53	4	17	13	62	13	3	1	53	80	38	81	34	29	29
35	3	30	87	80	62	37	51	27	58	3	37	24	46	9	98	18	23	67	13
68	4	84	71	5	14	1	46	89	87	1	53	89	80	72	18	75	73	54	31
68	29	3	3	24	4	57	63	50	43	61	48	39	48	61	97	60	26	84	41
74	85	82	11	24	82	77	13	66	41	72	51	7	30	87	65	46	9	30	58
53	96	84	21	46	86	57	80	82	25	31	9	26	2	13	23	95	74	19	64
34	51	4	44	34	92	22	75	8	32	62	18	11	66	90	69	15	98	39	78
29	33	3	28	86	2	93	21	44	31	83	38	69	75	27	35	80	10	43	67
44	52	28	88	59	47	43	86	30	14	2	66	42	94	65	69	42	78	68	58
62	56	77	62	86	24	18	89	64	72	40	59	97	83	26	83	98	60	57	1
39	20	20	57	71	17	7	23	21	57	17	82	23	14	20	6	13	37	71	27
76	96	7	81	47	62	26	49	25	19	23	86	3	5	98	93	22	73	66	62
74	63	96	38	1	47	60	86	99	26	46	60	70	30	17	73	5	76	1	91
27	89	64	48	34	57	30	98	87	57	75	41	20	15	2	61	86	59	70	9
73	23	35	36	27	24	45	49	29	90	42	60	6	64	62	98	25	25	77	49
53	26	10	7	22	45	90	97	17	8	84	63	94	42	93	1	76	54	16	44
43	27	6	6	72	51	24	95	45	57	3	14	55	95	92	17	57	85	82	67
72	79	91	72	61	69	24	90	64	21	23	14	8	83	18	78	83	60	82	87
53	52	30	45	43	30	18	7	32	77	25	32	86	10	46	74	26	99	73	36
54	26	87	28	15	97	85	70	46	86	63	57	92	69	7	63	28	78	17	8
72	3	47	23	86	49	40	4	69	60	88	75	39	17	94	87	71	87	55	8
14	79	95	57	94	87	42	78	34	35	55	20	30	58	51	15	13	51	2	31
82	99	15	42	21	51	91	31	55	47	20	22	58	50	18	65	30	49	86	17
61	68	50	45	64	51	40	92	52	7	64	61	23	69	59	55	38	67	90	65
71	68	85	10	33	23	16	6	83	35	17	81	12	5	95	37	65	84	48	87
82	45	84	57	38	57	94	76	28	66	10	12	21	43	68	59	68	13	34	15
37	20	49	15	7	33	67	91	68	10	69	38	14	28	92	30	85	9	41	49
75	75	18	34	46	29	95	41	63	23	96	57	32	97	14	17	91	82	32	18
88	72	60	94	26	51	47	35	34	56	73	92	94	3	21	48	92	77	1	18
73	23	48	10	40	86	27	46	82	66	19	87	54	16	23	17	72	78	7	24
13	43	31	47	32	84	38	77	73	75	16	76	74	99	62	38	64	15	1	3
36	45	80	85	5	65	79	55	53	88	64	93	62	69	90	49	99	56	10	85
77	47	41	36	58	66	4	19	93	61	7	25	6	20	84	79	73	18	41	47
69	95	74	88	82	11	31	18	18	16	29	89	87	81	28	17	34	13	54	87
13	78	20	97	54	64	78	50	99	19	30	31	62	29	56	31	64	9	48	38
97	26	99	21	66	24	51	61	97	73	79	58	89	89	91	77	41	99	38	40
54	78	81	62	86	82	3	58	50	54	16	73	32	36	34	17	91	36	87	98
69	52	28	91	93	23	2	10	74	16	45	10	27	68	33	51	40	25	16	1
33	82	15	56	7	85	91	70	67	28	7	15	89	76	89	22	18	17	58	39
12	92	84	61	71	48	94	76	7	32	23	43	77	73	71	43	31	32	25	23
33	76	93	64	68	47	54	29	47	44	80	88	5	55	34	8	88	6	57	71
46	52	99	66	21	37	54	12	42	2	4	63	5	55	41	90	87	59	43	9
62	52	64	7	95	99	67	31	53	71	22	2	44	10	30	42	41	29	10	93
60	22	19	58	96	41	51	5	6	68	19	76	73	34	63	25	51	93	5	9
71	84	84	72	41	35	63	43	48	26	16	31	85	17	30	86	5	3	59	29
24	61	26	61	23	36	35	60	12	93	53	86	31	37	95	91	99	98	70	88
91	25	97	33	26	72	43	76	70	45	12	7	90	2	15	2	13	81	21	27
45	8	62	86	93	1	34	55	47	91	48	59	21	34	33	42	44	29	37	73
3	99	37	28	9	34	95	89	92	87	28	60	18	19	81	96	51	18	66	4
15	30	93	22	14	78	86	19	34	78	85	54	61	62	4	12	55	11	14	74
36	54	88	82	47	43	19	35	39	85	61	54	93	94	61	41	26	80	33	58
61	23	12	96	69	7	12	99	1	41	55	53	51	97	23	91	81	90	35	42
17	98	39	31	10	49	44	55	68	87	15	15	97	82	44	27	45	98	21	63
63	28	97	50	88	98	40	76	76	85	69	29	99	80	51	40	93	44	13	39
39	60	84	24	16	45	83	93	45	54	7	83	5	23	74	79	64	9	56	97
66	22	86	23	60	43	36	19	58	14	12	78	15	99	97	78	85	57	96	48
74	16	71	68	51	85	81	28	90	43	72	5	95	73	44	75	57	36	73	74
53	82	55	93	65	7	26	73	85	47	31	73	21	59	78	8	32	88	57	15
36	82	53	99	81	61	13	85	83	57	99	67	79	97	81	73	10	29	11	35
26	45	52	18	67	48	43	87	49	93	36	16	62	85	91	36	34	4	51	4
65	91	99	43	6	92	28	60	49	14	37	2	29	55	11	50	9	7	85	53
69	38	66	6	66	22	12	31	13	70	96	14	4	52	72	6	77	68	40	35
25	5	27	61	63	54	64	49	89	60	48	90	95	57	43	54	76	79	22	15
73	58	41	19	91	74	84	3	16	35	53	59	74	4	65	63	3	55	6	31
17	42	39	94	82	21	9	50	1	6	59	80	63	33	26	58	69	38	28	73
37	18	39	39	40	39	40	64	39	37	38	72	70	61	13	30	59	60	95	33
14	94	8	74	65	16	7	97	2	24	85	74	84	85	18	90	53	12	78	70
11	92	89	11	14	95	95	52	71	29	57	82	42	41	10	76	31	38	72	29
83	31	95	56	21	32	20	47	20	16	54	58	98	24	1	99	95	44	69	63
76	48	34	92	95	67	12	57	85	72	20	76	74	69	7	91	29	38	81	77
72	77	98	86	75	64	64	50	22	19	92	56	15	89	81	8	66	94	40	39
80	50	13	7	83	65	32	21	17	15	94	85	24	81	26	8	73	31	24	63
46	83	73	26	1	97	83	85	26	36	96	83	60	63	77	61	90	60	93	84
24	58	10	63	30	90	21	95	65	40	9	98	30	44	90	48	2	45	96	54
77	28	86	61	34	98	93	25	47	45	95	5	94	86	53	65	1	6	54	83
2	95	94	16	69	95	6	99	69	16	62	85	47	66	28	17	38	81	59	63
26	45	26	81	37	79	61	18	73	34	27	68	61	50	88	77	59	12	96	57
79	77	40	79	34	31	63	45	22	9	22	72	96	31	52	3	28	33	49	70
62	31	78	16	68	19	93	15	8	42	9	2	53	31	3	50	7	3	64	40
47	86	75	97	63	28	1	99	41	1	11	98	11	86	28	63	32	24	97	99
55	51	12	56	46	22	26	6	63	44	75	71	59	61	25	92	33	19	36	27
8	29	77	46	95	89	98	36	2	59	33	48	87	25	33	1	49	39	80	58
95	32	87	40	62	46	94	27	17	58	62	86	83	62	95	36	4	13	97	87
22	91	56	32	36	88	54	12	54	76	82	25	46	82	50	41	74	29	44	18
82	86	45	17	97	80	48	54	93	24	53	48	77	57	36	32	96	71	70	89
42	19	99	72	82	22	69	19	80	27	6	16	27	80	66	21	61	34	19	71
14	89	30	67	85	68	36	28	57	98	32	30	77	50	8	58	62	94	22	5
42	97	33	27	56	95	43	23	13	27	77	66	77	53	28	66	32	3	76	34
67	90	45	47	67	44	48	35	5	6	69	35	51	36	52	17	32	99	32	45
11	74	9	96	13	12	76	52	59	46	76	90	95	19	5	19	60	43	55	43
3	20	46	96	67	68	58	78	36	63	31	8	12	18	58	26	86	17	61	78
40	93	45	63	53	16	91	36	50	15	37	51	90	3	62	82	6	72	19	46
95	21	17	26	91	74	79	10	83	83	55	8	27	29	21	9	84	83	29	36
2	84	37	50	77	91	62	84	48	22	80	22	9	18	97	52	56	89	63	31
58	41	10	11	52	42	50	18	60	33	36	41	20	83	3	79	68	77	89	40
38	85	64	6	52	42	7	46	63	87	9	48	28	52	36	53	92	3	68	43
57	58	38	24	45	33	87	33	72	11	36	39	74	66	6	66	1	8	13	52
66	39	38	55	65	73	70	65	25	12	26	28	10	59	94	1	72	22	23	24
69	11	37	8	86	7	30	49	89	6	9	93	79	44	70	42	5	36	1	69
1	91	4	53	90	26	16	28	3	73	64	2	34	32	66	64	99	48	83	39
41	11	45	36	57	35	71	92	52	32	58	38	16	18	93	49	56	69	33	70
39	56	51	16	68	19	40	25	59	84	52	26	23	76	33	54	56	13	67	36
1	5	31	15	99	54	30	45	17	64	5	76	15	85	57	31	44	80	74	60
45	30	95	29	93	64	33	89	14	55	85	8	28	15	49	31	56	61	24	2
50	43	50	72	59	94	72	4	87	47	14	5	61	87	78	47	79	35	7	63
38	90	83	73	72	27	52	42	9	27	76	12	76	22	70	96	20	70	36	30
30	22	22	14	70	80	29	26	21	7	58	61	61	98	99	21	6	69	7	79
44	46	47	94	35	93	30	6	10	51	58	76	61	19	72	55	12	88	70	57
16	98	62	21	28	24	30	77	20	84	4	28	89	98	78	99	68	58	9	29
5	20	89	6	55	58	17	38	83	99	28	32	43	80	10	31	31	44	44	86
4	26	82	94	45	58	98	59	26	95	12	58	77	39	91	78	21	81	28	48
60	98	21	46	79	99	30	54	32	71	63	2	6	89	24	66	44	43	57	30
22	24	41	50	68	7	84	3	24	58	98	23	15	76	74	44	27	74	78	18
4	44	66	4	91	2	9	57	65	20	97	24	57	16	40	89	41	30	11	49
21	35	62	80	80	61	55	44	19	5	54	69	11	12	53	85	50	74	33	71
94	96	36	98	21	49	71	81	76	58	84	21	23	39	35	77	35	57	92	93
63	4	97	38	82	86	99	40	71	37	75	76	41	72	24	63	45	22	46	8
42	67	12	36	91	89	89	27	36	73	86	70	32	10	75	67	54	45	42	1
83	5	39	91	53	39	57	66	65	4	8	69	31	18	76	30	10	15	59	65
23	47	67	36	98	35	81	18	58	89	61	34	15	16	79	86	86	54	61	98
94	59	3	15	24	9	42	61	44	33	7	82	89	6	26	44	95	3	17	45
21	72	60	15	7	7	79	96	56	90	98	67	50	23	98	54	56	33	30	57
82	76	46	68	81	22	85	51	37	38	29	83	22	84	49	19	88	2	91	22
7	65	87	50	55	11	66	68	30	53	42	74	46	27	20	85	10	65	43	77
14	41	13	12	9	23	17	22	51	15	62	36	39	22	86	96	96	63	63	96
4	14	62	81	88	76	57	81	38	62	25	48	7	91	60	36	65	77	59	62
15	69	86	61	13	79	4	92	1	44	9	67	4	79	11	63	80	93	77	38
72	60	23	61	96	53	45	89	69	43	55	47	96	47	91	22	49	44	95	15
20	68	33	12	15	8	71	1	52	16	86	88	52	82	3	3	69	89	12	23
41	95	94	37	98	49	92	63	3	99	62	38	59	38	60	80	53	11	67	59
74	3	69	71	49	46	98	27	7	36	9	98	59	12	43	80	99	7	49	97
57	19	49	13	47	15	71	25	19	63	13	78	29	20	19	60	41	41	16	32
28	61	42	52	23	76	66	33	44	82	46	18	27	4	24	72	65	47	85	7
61	50	70	51	23	77	48	37	69	64	18	90	68	19	76	16	87	15	47	47
56	93	46	38	60	7	22	49	71	65	34	8	25	46	72	17	27	49	39	39
65	84	95	54	26	80	94	14	21	79	17	37	11	71	59	80	92	1	84	73
27	39	96	99	43	4	95	7	59	3	8	65	51	34	91	7	36	84	84	66
62	47	89	75	96	80	68	66	89	17	17	60	66	24	34	9	60	15	91	71
43	63	38	23	41	70	86	9	12	26	15	16	45	23	78	84	40	55	4	80
49	75	49	37	58	88	84	55	71	37	3	22	37	30	99	37	22	80	77	54
76	94	20	65	5	12	99	91	7	68	7	88	19	16	15	36	7	68	45	1
38	58	76	95	69	26	48	82	92	43	41	96	70	2	30	11	2	8	39	90
13	94	52	45	1	27	48	3	81	70	88	66	52	27	54	6	76	58	6	87
64	21	79	54	15	52	87	54	65	60	94	81	64	74	13	62	90	29	77	45
81	89	29	57	10	46	92	85	26	76	91	3	28	65	64	29	91	7	21	44
37	43	93	6	1	34	12	65	96	83	73	34	4	8	90	31	57	15	80	74
9	20	96	62	98	49	88	87	53	72	99	81	55	17	50	23	20	18	98	84
7	68	76	32	10	17	98	61	55	43	11	36	65	2	32	59	21	6	90	38
59	67	58	38	45	38	95	46	35	30	96	33	24	80	64	56	84	27	42	85
34	55	91	91	61	5	71	75	25	43	30	77	44	89	76	23	95	11	98	2
30	68	8	60	67	60	79	12	49	96	49	16	30	16	89	8	14	77	27	51
44	17	1	37	6	19	87	59	56	14	15	19	13	47	70	23	57	22	99	82
8	27	99	16	58	82	97	26	52	7	11	64	81	17	65	67	24	80	80	52
40	10	52	68	50	75	6	38	22	21	66	88	36	76	98	75	50	15	73	29
18	78	7	54	96	49	73	19	46	8	94	16	38	75	3	81	57	98	79	24
68	54	75	24	28	24	50	99	41	78	43	13	49	9	22	24	3	59	6	70
59	14	73	13	87	25	31	17	3	11	46	88	47	57	47	68	20	80	82	94
72	57	24	72	82	41	3	53	62	22	84	25	1	70	47	59	45	13	17	85
71	45	17	60	73	32	84	25	8	93	82	96	93	86	51	46	1	71	18	13
61	74	71	20	41	39	89	68	70	19	43	82	76	83	28	5	7	82	96	81
64	32	73	2	51	49	49	25	69	77	91	14	15	43	93	35	80	96	12	57
11	83	43	97	68	74	32	59	13	49	44	89	36	92	70	57	84	43	92	36
50	2	29	79	9	56	37	70	93	12	15	99	9	97	37	73	61	80	20	92
13	46	67	93	51	38	37	38	88	86	1	39	78	3	9	92	50	29	23	84
46	68	35	22	5	38	99	28	85	64	81	21	7	70	46	64	81	42	33	73
12	31	51	34	90	51	6	90	19	80	36	55	71	33	41	97	60	96	58	52
58	57	66	19	84	56	5	32	42	16	32	9	50	94	80	2	25	80	23	15
22	2	96	61	95	72	24	98	5	15	65	94	90	69	61	80	40	62	8	33
19	79	75	19	32	50	47	13	15	58	39	99	6	22	41	23	69	43	50	83
94	91	37	64	74	79	49	97	86	16	21	49	79	5	80	4	95	95	57	58
87	56	96	15	87	11	41	42	31	10	84	12	15	30	71	14	73	71	12	58
78	75	23	81	23	54	8	4	96	34	92	8	73	96	32	96	13	72	84	26
80	69	58	26	23	76	51	16	29	58	19	79	64	29	85	38	71	21	55	6
31	36	57	19	5	79	59	65	35	21	46	18	34	87	14	29	62	44	35	90
17	59	56	77	25	12	87	70	36	44	56	98	45	72	78	56	94	81	79	62
5	44	75	48	15	84	55	48	44	56	18	29	61	28	8	32	45	14	30	96
23	45	24	95	28	92	39	61	50	28	96	42	69	78	33	42	82	56	74	56
8	73	28	37	74	45	55	59	37	14	83	64	46	57	53	28	5	68	46	78
83	22	18	93	65	2	68	45	51	41	49	33	22	56	93	54	54	61	36	9
17	52	91	63	54	42	45	21	78	34	27	12	27	45	62	62	44	59	90	68
21	37	13	13	84	29	76	18	39	84	1	5	86	67	29	30	55	3	9	77
6	82	57	50	44	78	45	3	99	53	90	83	14	56	74	94	3	2	66	94
7	50	34	15	61	90	43	66	71	90	74	71	27	47	88	88	10	10	13	69
57	3	99	28	27	16	4	45	21	80	19	8	55	51	71	54	3	18	54	67
54	19	47	21	76	56	60	29	8	86	91	86	33	48	53	95	69	80	56	35
5	20	64	44	89	13	1	83	44	97	21	51	29	68	96	44	5	12	41	55
44	69	95	51	23	58	56	97	35	75	91	50	74	79	73	6	8	73	34	33
58	31	32	46	38	44	67	9	7	6	12	3	43	32	11	94	63	94	74	41
64	58	22	53	62	64	1	7	74	26	77	3	76	32	32	73	29	57	18	31
17	30	40	53	7	36	83	49	36	11	99	68	7	98	24	5	12	32	64	7
76	91	50	40	31	66	52	14	78	86	13	61	84	19	11	30	37	85	65	75
79	18	56	28	13	20	31	14	32	26	28	68	97	18	19	93	88	7	79	41
68	84	20	5	52	49	77	18	98	59	38	38	43	75	39	12	87	60	49	59
4	57	17	18	68	66	65	67	62	50	2	20	69	15	51	19	5	69	18	21
52	75	82	66	98	11	14	20	82	19	29	7	77	99	97	66	53	59	88	2
76	27	44	91	58	11	28	27	57	23	13	84	11	55	44	32	42	41	63	85
63	69	73	70	54	66	45	4	98	14	68	68	47	37	38	8	86	49	99	38
20	22	51	48	51	51	17	19	18	20	87	82	89	67	45	53	27	18	99	68
13	15	97	47	47	40	56	21	47	81	76	58	26	25	70	82	90	53	32	85
82	20	24	28	14	27	60	61	22	90	91	89	22	15	43	1	20	14	47	32
45	87	21	81	34	67	23	65	37	76	64	1	46	75	5	63	58	87	68	28
16	11	51	50	36	61	6	78	32	38	54	89	56	49	4	70	96	33	46	31
35	81	11	60	73	75	59	13	91	31	41	91	92	66	36	84	59	97	35	54
52	95	94	40	88	29	80	49	45	43	96	35	5	42	90	16	62	80	70	94
75	81	55	25	56	70	78	26	30	20	24	18	49	90	32	74	97	45	12	33
90	9	78	95	32	74	18	58	98	35	71	34	96	23	77	98	50	77	23	16
91	35	97	49	65	2	72	33	69	65	99	34	43	13	35	29	2	75	1	65
60	44	82	4	68	59	48	59	89	17	23	37	83	23	96	97	98	16	14	11
83	84	99	85	7	79	91	54	18	78	91	26	54	48	1	97	84	3	49	37
75	53	58	36	93	34	87	70	53	21	63	64	92	70	51	44	27	19	14	50
96	66	32	22	4	1	76	54	32	82	13	79	54	28	2	58	2	81	76	34
65	45	25	98	28	94	32	64	64	64	96	87	51	93	75	94	46	82	20	14
54	82	26	76	93	76	26	2	61	93	64	8	1	34	59	61	81	63	67	91
88	57	68	92	31	98	52	12	81	29	14	29	94	90	67	3	68	43	33	51
40	66	64	2	83	56	97	81	23	86	75	40	68	35	97	60	92	14	49	3
29	32	39	95	87	28	39	26	34	48	19	85	13	90	75	55	72	39	74	44
40	7	28	17	76	92	30	27	97	16	74	33	48	19	37	45	33	34	95	91
34	31	53	39	78	32	21	59	66	71	49	82	2	13	28	34	17	97	3	30
45	70	88	95	65	93	66	78	29	9	39	82	64	9	97	85	36	42	86	61
1	48	72	75	74	98	99	27	67	70	3	23	50	81	86	30	46	54	96	28
49	9	40	76	97	35	98	94	41	55	95	35	38	13	59	47	98	45	76	10
65	54	29	46	52	40	28	23	11	75	16	6	98	9	86	59	32	33	47	34
92	13	88	30	72	12	16	16	68	71	95	37	46	21	52	90	49	96	73	98
97	82	13	76	70	97	19	38	43	13	94	17	36	49	50	25	4	24	89	64
79	38	64	24	23	42	19	65	60	24	48	29	84	20	72	46	4	59	75	61
56	81	2	96	52	91	15	98	31	35	12	73	76	46	49	6	50	99	61	98
3	8	82	45	68	63	3	35	88	99	11	16	21	90	98	88	69	37	91	15
39	1	94	5	17	82	6	90	20	33	29	80	93	77	92	30	59	25	63	50
58	23	27	4	2	54	83	70	11	93	57	35	15	31	91	93	86	83	75	74
37	93	17	72	19	68	51	97	70	38	27	27	14	78	22	50	56	85	49	13
37	88	38	43	2	47	28	20	43	70	62	38	46	40	34	97	78	18	33	85
38	65	51	1	17	9	91	52	86	4	40	97	84	32	94	12	22	12	14	30
16	93	8	6	64	84	87	3	53	44	32	57	87	64	12	89	6	52	67	60
6	26	40	49	74	28	10	22	50	35	29	52	41	8	71	19	19	99	50	37
7	52	81	22	45	62	56	85	55	16	34	86	95	19	96	46	76	67	72	30
70	20	51	53	27	32	85	86	36	31	3	10	64	44	43	20	25	60	76	50
57	45	80	80	91	2	79	80	20	10	4	60	91	51	94	87	3	76	55	82
36	19	64	82	41	91	64	93	98	96	38	46	9	61	40	4	77	54	53	26
31	62	2	47	79	7	20	66	62	63	42	82	26	44	67	17	13	62	90	90
44	93	6	73	92	97	40	5	98	38	17	11	55	87	19	20	47	81	14	60
58	7	12	18	83	80	31	76	48	29	96	21	83	25	81	6	57	80	14	57
94	97	83	89	45	63	71	72	95	14	27	48	48	19	88	18	62	3	98	48
57	18	92	16	46	4	79	49	94	62	2	76	11	93	95	80	8	92	37	13
96	28	98	70	34	32	30	41	70	4	30	46	37	4	47	20	35	47	61	82
68	63	93	90	57	80	2	73	13	25	6	87	87	2	16	4	46	60	88	14
48	28	83	40	98	89	73	93	40	34	69	65	75	55	33	47	28	20	71	14
19	62	61	84	8	55	71	6	42	43	18	54	51	13	14	47	25	38	20	54
38	25	36	79	17	61	14	73	79	41	97	61	40	83	40	66	99	84	4	98
11	38	84	85	53	83	36	63	65	39	44	13	49	43	11	60	42	31	51	54
54	61	26	45	22	30	2	34	39	56	19	86	71	17	82	57	60	54	96	69
41	73	22	27	55	55	39	13	4	69	4	28	63	11	34	91	80	15	64	92
58	84	54	32	64	2	61	36	9	61	16	71	58	84	61	51	76	71	93	46
42	48	24	91	80	54	87	21	74	97	31	33	96	77	21	78	98	7	21	66
71	69	43	13	26	26	90	87	1	64	83	36	58	7	61	36	70	34	25	53
99	78	37	76	6	72	28	53	76	43	70	90	19	27	85	16	32	5	60	95
94	95	75	5	87	72	73	87	92	66	44	26	18	54	13	94	87	91	15	1
4	12	58	81	78	71	79	79	16	44	36	15	48	58	1	25	92	13	58	13
89	4	37	19	4	1	31	45	98	98	30	43	35	2	24	20	12	63	81	73
62	52	98	5	26	81	29	27	84	83	76	49	92	28	94	62	88	9	5	74
56	12	21	70	87	37	15	75	6	86	64	20	55	42	33	36	48	51	41	93
52	72	31	85	7	78	94	41	7	72	71	26	12	56	68	34	63	76	23	77
6	71	27	63	4	82	27	28	12	65	90	99	23	55	87	49	29	4	88	60
61	34	51	66	89	24	94	41	84	17	10	2	37	37	55	9	30	53	8	93
86	66	91	31	8	63	30	22	92	66	88	52	62	97	34	53	49	29	4	56
76	46	33	72	73	85	6	40	9	97	7	4	93	2	5	13	11	36	40	51
83	99	29	26	8	50	33	54	27	3	56	18	67	89	50	22	97	99	69	9
37	47	19	96	92	17	6	31	56	4	51	93	55	12	60	51	24	46	35	95
8	42	12	69	53	22	26	84	58	39	27	15	69	62	91	50	32	50	23	37
97	27	88	76	43	75	72	93	71	23	86	85	12	33	34	18	16	49	52	7
58	56	29	71	89	65	30	57	26	3	26	62	82	31	9	9	62	89	17	11
43	6	32	22	77	38	58	66	28	97	47	56	9	99	56	71	71	9	14	16
68	90	56	41	34	24	43	71	68	54	3	85	70	1	29	5	19	44	31	69
73	73	9	47	32	57	59	68	26	71	71	9	70	96	44	60	3	47	92	22
79	72	58	74	67	2	51	41	77	62	62	22	12	78	51	84	87	9	28	28
56	10	14	84	83	63	74	93	92	81	74	55	39	80	78	12	80	34	52	14
41	96	26	56	82	7	20	64	71	25	83	10	3	47	72	21	86	36	88	11
57	41	16	92	38	57	89	52	84	5	55	6	10	91	87	64	8	55	9	37
73	6	80	40	14	33	3	33	14	43	37	65	5	36	29	83	78	38	33	95
13	20	55	28	77	35	60	33	65	74	93	35	38	63	42	39	73	62	29	93
72	18	48	88	10	90	21	9	78	55	48	26	54	76	17	77	13	54	22	11
98	64	82	94	5	89	28	97	16	51	82	24	92	74	60	40	31	42	27	67
23	52	17	14	79	44	79	80	2	77	74	61	32	73	75	43	68	63	75	43
84	19	96	83	31	57	37	21	20	54	98	31	39	9	71	55	43	31	75	39
73	78	2	87	48	17	23	82	53	16	17	91	68	56	41	67	23	76	72	90
64	52	78	96	37	66	5	87	42	34	57	37	83	97	43	20	75	7	94	17
46	89	49	46	60	37	88	60	23	3	35	31	11	96	7	71	85	1	51	5
59	57	41	5	46	1	43	81	34	19	28	49	4	15	70	1	62	61	39	21
7	43	49	86	13	47	3	88	31	53	71	39	73	70	91	7	68	57	28	99
50	27	36	54	94	9	6	71	97	6	71	42	34	19	77	48	58	43	26	21
98	78	80	40	33	94	33	55	49	54	5	69	56	58	30	3	15	61	9	30
23	12	30	31	38	14	16	6	81	7	42	78	15	40	85	87	12	77	3	88
65	55	78	27	55	13	5	81	39	45	38	12	90	68	33	60	48	36	69	41
19	98	99	58	4	15	91	9	9	72	75	32	11	18	93	77	31	16	34	6
12	17	95	15	61	4	24	68	71	60	86	74	86	1	44	72	73	86	20	65
53	47	19	89	45	58	80	70	71	47	6	70	25	63	13	69	65	43	39	62
78	64	47	53	83	1	49	71	67	51	98	20	74	74	68	79	88	33	2	82
6	96	19	93	22	35	70	95	91	33	77	27	55	4	63	36	81	40	90	16
69	53	52	73	69	12	84	53	90	43	85	66	73	17	96	13	43	79	50	53
41	12	26	4	35	12	69	19	3	13	78	89	3	86	29	1	84	41	65	60
4	81	74	22	75	79	77	50	79	45	95	86	76	34	15	59	8	1	53	79
28	86	17	47	99	26	36	67	10	88	74	14	18	7	17	40	53	40	82	45
85	81	52	21	76	16	92	70	54	69	87	61	66	10	75	69	97	30	27	87
75	6	75	47	95	83	59	61	38	45	26	28	4	38	59	75	22	91	74	48
27	6	38	33	82	26	71	53	60	13	47	19	28	47	93	84	53	87	84	17
32	19	83	62	66	98	19	78	3	67	36	83	54	57	78	3	35	51	67	44
7	28	80	94	59	90	92	37	67	99	32	50	49	42	31	55	20	66	40	77
37	52	37	71	5	5	50	1	67	31	13	10	44	18	90	42	24	83	62	7
68	77	25	92	43	15	78	97	99	22	3	14	40	55	55	55	77	22	91	68
9	67	14	61	99	35	98	42	93	94	91	85	2	71	17	77	53	44	81	86
59	95	34	40	6	85	18	51	80	78	90	21	38	92	62	15	53	66	59	31
37	34	74	76	25	47	44	52	42	26	15	51	38	74	16	17	42	68	86	20
56	63	98	48	38	1	68	78	36	34	41	8	16	93	32	68	45	94	55	17
54	70	5	24	74	63	36	58	15	91	34	65	13	65	26	53	54	78	66	88
50	64	72	13	92	95	84	33	39	82	13	38	54	43	71	77	95	49	54	12
89	95	2	26	89	50	24	13	61	72	61	57	17	30	85	93	64	96	55	24
99	90	92	34	19	59	44	88	91	36	94	62	15	52	57	60	83	15	15	55
80	26	59	11	81	76	33	73	28	85	17	74	46	68	90	45	20	45	91	20
32	58	56	15	95	25	10	24	10	90	80	6	11	22	42	53	45	62	33	37
23	15	97	77	58	21	10	72	81	92	34	17	14	21	15	51	43	8	32	63
18	10	82	97	43	10	24	64	62	45	12	88	79	9	71	29	95	19	64	89
9	22	76	57	32	98	1	68	72	65	47	16	67	75	32	76	83	63	63	42
30	31	33	11	17	58	33	95	79	37	52	27	3	89	71	37	96	28	44	20
49	55	76	95	9	44	57	67	86	48	18	34	95	57	20	10	87	95	76	93
18	1	85	24	71	62	42	79	20	58	39	34	29	71	67	74	11	34	13	71
81	30	8	80	65	98	91	64	37	56	83	94	98	25	84	7	74	67	31	19
48	98	44	73	34	44	19	67	96	81	7	73	92	55	49	11	11	38	31	8
28	1	26	34	60	61	70	48	17	53	51	29	51	57	41	94	64	65	30	63
71	46	33	49	94	30	48	60	87	30	42	60	69	87	55	61	49	94	37	77
64	83	21	60	16	71	9	16	66	38	59	47	23	53	27	68	82	36	34	59
6	26	50	53	3	80	74	26	9	23	13	18	21	73	26	78	9	40	34	19
56	79	40	2	19	76	70	67	98	17	58	15	94	90	34	16	65	72	93	45
6	16	73	24	58	70	2	90	93	22	61	13	21	41	17	50	54	33	46	51
85	49	9	50	41	43	64	28	61	7	92	27	48	6	93	80	88	52	48	82
84	14	97	97	57	76	44	20	73	2	22	67	71	28	77	72	80	50	46	5
35	24	3	71	64	99	56	10	47	70	25	28	17	70	90	88	83	50	60	55
74	60	83	11	1	33	49	13	40	22	21	92	29	80	35	40	40	50	28	48
17	87	29	50	74	79	98	7	66	72	58	88	32	28	96	58	95	34	18	33
28	77	88	60	72	37	12	34	62	80	97	45	95	77	99	24	67	93	84	26
47	20	69	37	38	51	2	17	58	23	17	28	50	68	22	78	30	25	30	65
69	66	3	85	16	80	25	92	66	17	87	81	56	67	56	96	7	44	98	18
76	73	15	21	97	86	44	4	55	35	78	70	48	74	61	53	45	36	27	76
83	92	43	41	85	72	43	56	43	72	53	87	42	73	79	67	47	25	85	54
44	22	22	89	74	10	37	61	59	62	41	92	98	16	49	5	73	21	12	50
98	48	79	80	77	18	56	52	32	72	54	30	62	54	21	40	48	13	38	22
84	85	2	1	51	65	15	13	50	51	65	21	62	57	39	94	33	48	55	25
7	71	51	82	71	94	15	6	96	48	48	88	73	92	3	55	58	31	85	70
40	53	64	16	34	44	5	19	10	29	38	46	18	53	30	58	42	83	93	72
76	25	4	23	59	38	77	13	63	18	18	73	87	78	63	64	50	1	57	12
5	70	86	45	86	42	28	61	98	74	37	13	3	82	62	35	49	31	68	35
73	82	51	43	31	62	63	93	67	92	75	25	25	53	2	22	21	14	73	55
79	20	86	55	81	50	64	67	73	32	81	60	80	37	31	98	99	96	15	49
24	55	82	48	8	78	4	73	19	50	80	4	70	95	76	17	15	11	98	96
34	79	29	37	96	94	59	18	12	51	35	39	74	26	32	85	19	32	11	27
35	93	53	33	81	38	98	48	36	51	53	66	5	47	46	3	47	21	12	38
90	29	41	55	27	80	53	63	92	32	45	17	75	86	58	89	64	6	40	25
59	62	4	49	79	96	34	2	62	37	89	96	31	32	31	15	10	16	85	95
97	32	97	34	82	18	83	89	90	55	60	42	90	7	50	73	67	57	61	91
86	36	66	45	68	79	75	15	93	11	94	20	96	52	26	23	50	92	81	66
65	82	83	36	43	99	30	59	25	9	63	69	12	72	75	10	27	49	7	51
90	2	47	63	44	59	12	11	36	5	2	57	66	16	86	23	58	11	86	94
73	77	6	69	88	37	70	66	51	59	49	75	33	39	73	45	70	61	43	8
26	85	91	34	31	19	92	20	66	24	26	38	45	61	8	75	51	54	99	79
99	74	79	72	1	67	80	82	17	89	50	97	45	23	47	55	37	60	87	80
42	52	8	94	48	61	6	59	10	52	39	85	5	60	63	31	25	75	8	48
59	46	30	25	96	37	7	3	93	25	71	83	45	37	64	68	48	66	67	3
96	72	46	78	43	9	40	95	53	49	15	66	92	5	89	52	78	94	89	68
67	73	52	77	52	60	26	39	52	84	57	77	4	6	74	61	66	91	25	91
49	78	4	49	97	44	38	16	84	84	1	18	44	5	95	59	73	86	82	73
36	16	4	24	97	96	5	77	43	62	52	6	55	23	36	82	63	46	44	25
21	94	54	16	17	51	52	68	84	25	35	54	2	72	67	10	29	91	72	31
96	16	97	5	45	74	62	16	40	68	91	50	3	47	62	23	65	46	57	66
55	52	64	91	19	43	84	82	37	28	32	83	98	54	68	90	61	56	32	72
12	36	96	26	74	37	25	2	66	88	8	77	85	61	4	48	99	36	47	87
61	43	73	26	87	38	24	39	48	42	5	22	90	74	8	55	66	85	21	12
73	58	52	51	19	23	26	58	25	38	5	50	13	6	32	31	46	65	39	51
67	16	5	16	85	69	5	52	7	96	32	43	55	61	90	52	11	40	1	34
46	52	85	6	22	5	70	83	18	30	35	56	96	50	6	87	8	23	34	87
72	98	94	15	91	81	16	86	65	22	98	90	30	57	20	81	20	33	22	44
97	77	75	59	27	45	98	77	7	4	18	99	96	87	76	97	45	98	84	25
87	97	43	72	74	77	7	96	33	54	91	4	28	78	23	84	56	11	92	65
37	60	85	29	72	63	6	27	69	34	71	5	87	29	69	91	7	91	55	5
86	99	94	85	87	12	47	78	41	95	99	16	90	66	93	86	7	46	67	51
38	40	12	97	40	93	43	29	25	67	61	11	9	10	10	30	66	33	38	68
10	17	2	83	80	13	90	95	33	96	21	3	79	49	28	61	58	28	74	24
20	76	31	94	12	86	53	99	86	70	18	75	60	37	95	14	28	5	64	9
14	26	97	97	32	63	59	39	63	19	51	69	74	36	69	40	25	29	34	47
43	63	37	64	66	46	53	96	50	8	56	81	56	30	61	45	90	18	53	65
48	26	38	86	51	89	3	89	54	40	95	45	63	60	79	48	32	3	96	2
6	87	11	90	40	7	17	14	77	85	6	5	93	90	35	75	22	57	48	52
24	5	80	69	54	28	11	9	5	71	44	96	80	30	90	69	54	38	9	40
42	93	13	75	35	32	16	85	81	21	87	11	27	30	93	86	22	48	1	78
25	61	27	15	83	88	32	4	68	8	98	63	39	46	92	54	40	79	95	64
1	9	42	47	81	36	78	88	12	88	52	81	82	88	50	78	3	28	89	97
75	15	67	85	62	54	5	75	75	11	89	10	64	57	37	54	71	46	43	2
90	39	37	65	54	13	92	75	97	22	92	12	77	3	10	43	15	15	82	89
25	55	45	5	78	80	86	82	19	65	94	79	12	53	47	29	75	84	95	55
70	19	82	81	38	44	7	98	48	94	71	90	35	61	86	48	3	80	81	19
64	36	73	33	55	96	89	62	75	77	86	3	39	82	50	85	45	77	31	35
41	68	15	73	41	5	58	3	60	61	26	13	30	82	85	67	11	59	43	68
11	7	53	22	66	68	35	54	7	23	48	71	14	20	93	14	88	5	51	97
88	9	12	7	62	30	99	42	45	31	15	67	75	97	5	45	21	57	5	26
16	23	64	94	63	81	60	75	27	56	31	12	55	92	33	86	38	87	85	95
80	31	70	27	80	52	95	15	99	18	38	7	11	45	85	5	6	46	90	79
90	48	75	34	67	43	12	84	58	60	30	46	43	56	13	18	23	58	43	79
28	51	55	70	72	23	10	50	59	79	49	13	76	2	89	13	40	36	49	62
62	17	86	77	4	53	58	28	87	67	60	46	56	55	54	28	14	72	93	29
65	40	10	59	9	58	37	43	49	21	81	49	59	35	3	20	61	2	62	37
27	10	98	27	30	54	46	2	67	19	36	99	33	78	43	35	11	59	13	3
20	31	73	30	61	86	71	15	85	20	80	2	13	81	85	73	58	76	37	56
56	81	26	43	54	13	88	38	63	61	59	72	40	91	35	10	23	97	40	81
17	82	12	83	17	95	7	45	61	99	48	67	32	2	74	45	88	4	94	63
98	75	73	13	76	44	82	29	47	99	20	83	72	47	15	36	54	68	93	87
87	39	63	68	81	27	98	82	33	17	31	38	30	31	75	37	34	51	94	51
40	96	6	60	35	67	24	5	4	64	25	89	34	54	53	35	57	38	19	33
46	79	60	27	27	74	59	80	44	66	56	69	77	66	49	11	51	67	89	70
78	39	66	21	75	40	15	87	86	33	89	23	74	77	82	38	59	33	30	35
67	68	19	5	11	49	51	57	66	53	76	79	97	81	92	92	70	17	58	67
64	79	13	36	19	65	78	7	17	60	39	38	27	41	74	2	40	64	53	20

14	3	19	17	5	4	14	9	4	4	8	8	13	10	17	8	10	10	13	18
3	16	19	7	10	8	18	5	18	15	7	3	20	18	1	18	17	14	16	16
11	16	18	1	7	11	13	11	13	20	10	4	17	1	16	3	20	15	12	12
4	13	1	16	12	17	5	10	10	6	4	11	1	20	2	11	6	19	10	18
10	9	3	1	3	5	5	2	16	16	10	8	8	4	1	19	11	17	12	18
15	3	4	13	14	9	2	20	5	14	6	5	12	15	1	5	9	1	1	7
18	10	14	19	9	11	1	12	8	10	20	20	6	6	5	6	16	16	4	4
6	15	16	18	1	6	1	10	12	11	12	2	1	4	11	18	6	14	7	8
16	20	4	18	16	6	8	20	5	8	18	12	2	4	14	6	2	1	9	7
15	8	16	3	12	4	4	9	10	12	4	1	4	20	10	2	13	19	3	15
19	17	17	4	11	2	3	20	3	2	10	6	14	10	16	4	5	13	2	12
2	6	3	1	8	4	9	16	14	5	6	4	16	9	10	18	14	16	2	1
12	13	3	10	17	15	13	9	18	2	14	4	5	15	18	5	9	20	10	5
15	2	10	17	20	2	11	13	4	9	9	3	19	8	5	8	8	9	4	6
2	12	11	20	1	12	4	1	17	5	4	8	19	15	20	16	1	10	2	20
19	12	15	11	1	13	16	5	18	17	17	11	11	7	5	2	11	11	16	8
3	11	4	3	6	20	9	19	9	2	18	15	8	1	2	8	4	15	10	8
3	17	8	3	19	15	12	3	6	2	6	3	2	13	17	5	10	5	16	4
7	10	12	1	15	3	20	17	13	20	18	5	17	5	20	12	13	14	13	4
1	5	16	14	11	3	9	4	5	1	2	17	8	17	1	19	2	20	12	4
6	18	2	19	9	15	17	1	19	4	10	13	7	15	7	1	13	3	12	10
11	13	3	1	14	19	17	16	4	10	3	11	2	14	16	18	3	15	20	15
13	7	17	20	2	14	18	13	8	2	14	15	12	3	11	16	16	5	16	7
8	18	15	15	13	5	4	15	17	6	1	9	18	15	7	19	16	8	1	9
6	7	2	19	5	7	10	14	17	18	2	18	18	5	10	3	7	17	4	8
10	13	20	5	12	17	19	1	18	14	9	6	1	3	19	2	16	10	20	11
3	1	2	1	12	8	8	4	18	13	2	14	15	4	4	4	18	4	1	18
6	12	14	17	3	15	12	17	13	10	1	8	13	17	19	4	12	4	13	19
11	15	10	10	12	19	2	17	5	13	2	15	20	15	18	17	19	18	6	16
19	6	3	4	1	19	19	9	12	12	14	10	6	2	16	13	3	3	9	1
17	19	1	8	16	18	10	17	19	12	13	9	14	16	16	17	20	4	13	15
6	5	12	5	16	19	10	8	19	14	16	6	8	18	7	8	6	5	6	15
11	16	5	2	17	10	7	12	1	6	10	5	18	1	6	13	6	16	10	12
14	19	10	3	12	1	15	8	10	16	16	3	2	2	11	14	3	17	16	10
16	15	20	2	10	15	5	5	11	14	6	16	7	17	11	14	14	17	12	11
5	10	5	20	15	12	8	9	9	9	18	2	13	19	16	13	7	19	10	15
19	18	7	7	20	8	5	16	1	7	14	18	7	4	17	17	7	16	6	2
6	14	1	5	1	3	18	19	5	11	5	20	13	2	4	5	14	12	12	10
18	4	3	16	17	20	10	9	13	5	20	11	19	15	1	7	16	4	18	7
4	16	4	9	13	7	9	16	19	16	10	9	20	8	6	9	1	18	8	9
17	18	19	15	12	20	2	16	2	18	5	7	5	4	15	8	15	20	13	13
4	8	8	17	11	16	16	14	20	6	19	10	20	2	17	6	2	2	6	7
7	7	14	6	17	16	8	10	11	14	11	14	5	18	1	7	15	3	15	5
16	15	15	15	10	18	14	18	18	3	6	16	16	4	8	10	6	15	9	4
4	17	5	15	20	9	6	5	6	7	7	12	20	5	15	4	11	4	13	1
15	11	4	5	19	1	2	4	10	6	11	3	2	17	19	3	1	18	14	1
16	20	15	6	9	5	13	17	11	19	6	17	18	4	14	1	1	3	18	18
12	12	6	1	8	4	16	4	16	8	5	17	16	9	1	7	3	16	1	18
18	8	4	9	9	1	15	18	3	13	19	6	12	9	19	4	9	5	18	20
20	9	4	3	16	9	11	7	8	2	12	2	5	18	6	11	7	12	5	7
20	4	9	10	6	14	17	18	10	1	4	5	8	12	5	16	20	20	8	13
1	8	10	14	11	17	11	20	4	4	11	9	19	7	7	2	13	10	7	13
19	8	10	2	19	17	12	20	18	5	3	8	19	14	19	14	11	19	3	4
20	5	16	18	6	17	15	19	7	20	6	17	14	18	2	12	11	14	13	14
5	6	19	3	9	8	13	11	6	17	8	6	20	13	3	15	7	14	20	4
18	10	1	11	5	8	8	19	7	4	12	7	3	2	17	15	6	15	6	10
19	18	16	6	4	3	20	10	3	14	11	18	2	20	19	1	8	8	15	5
10	5	3	8	9	4	3	1	14	5	2	17	14	2	3	2	7	2	15	11
12	3	3	1	13	8	10	20	16	14	2	16	20	2	9	14	14	11	9	7
19	17	3	20	16	2	19	19	10	1	7	4	2	2	14	7	1	11	7	9
11	6	2	20	7	19	18	16	7	10	4	8	9	11	17	20	13	5	9	2
8	17	7	9	14	8	15	1	20	5	2	8	5	3	20	2	15	16	3	1
13	2	1	17	17	20	4	6	9	13	5	14	10	17	10	19	4	13	11	12
15	20	11	13	3	15	17	19	1	9	12	14	12	4	7	7	19	10	17	15
15	20	3	1	17	15	18	17	3	20	14	7	4	8	15	11	13	2	4	6
4	6	16	11	3	7	14	12	17	11	10	7	3	7	13	4	5	10	8	14
15	5	17	17	11	15	13	19	14	18	9	12	5	2	3	9	7	15	1	13
17	6	10	7	18	12	2	3	2	19	2	12	4	14	10	2	14	14	20	18
2	2	13	8	6	10	11	6	17	13	14	7	5	9	16	2	7	19	7	15
8	4	7	13	20	18	7	13	8	15	11	8	9	12	9	20	7	20	7	7
7	14	3	16	10	13	18	3	20	11	8	15	12	10	19	1	9	17	15	13
5	16	16	4	11	9	6	12	6	14	7	19	8	14	6	19	18	16	2	20
8	14	10	15	8	7	8	10	10	18	9	9	16	14	16	8	1	16	19	4
20	3	12	8	6	16	5	17	12	18	8	2	1	7	10	3	6	12	18	3
4	18	2	19	2	5	8	6	7	18	18	6	15	18	19	19	4	17	14	11
8	2	9	11	12	12	8	15	1	9	3	12	3	3	10	1	2	9	1	9
1	16	11	2	18	16	9	14	15	7	1	10	16	11	4	20	15	1	19	20
1	11	15	9	19	12	14	13	2	15	3	11	5	14	6	18	8	14	13	8
18	20	18	3	20	2	1	8	19	13	7	4	18	3	20	15	1	20	12	15
16	5	10	2	14	14	15	11	12	7	8	7	2	18	11	18	16	8	11	9
8	5	2	4	14	7	4	7	16	15	15	13	4	15	11	5	13	7	7	2
3	18	9	9	5	3	14	12	1	10	1	8	12	6	11	6	18	6	16	18
2	15	17	2	10	1	6	16	16	15	2	15	11	5	18	19	3	11	18	8
3	18	11	17	17	16	3	12	16	5	20	15	2	11	13	2	4	19	20	13
10	16	20	3	9	18	4	3	1	14	7	12	13	11	14	3	20	2	17	3
13	10	20	1	16	9	5	8	14	13	8	2	9	14	14	16	5	10	2	2
3	8	6	18	12	6	20	20	20	7	4	7	4	4	4	16	1	20	20	11
15	3	7	20	11	9	2	7	19	8	12	18	16	4	2	15	19	18	13	10
3	8	16	15	2	14	1	7	9	7	11	2	15	16	9	11	10	2	2	10
11	12	15	15	13	16	8	13	6	8	15	9	9	16	18	15	1	20	6	16
9	2	9	10	11	11	16	8	9	11	9	8	9	5	5	4	2	17	17	15
2	13	12	20	20	17	16	17	17	16	19	9	8	16	8	17	17	11	7	13
17	1	14	6	11	20	13	11	8	6	4	10	10	3	20	15	17	4	3	14
4	16	18	20	12	14	6	8	10	10	17	20	1	18	12	1	13	18	15	4
11	16	15	8	11	2	13	5	11	12	8	10	6	1	7	19	20	17	5	3
3	20	1	11	7	8	19	11	4	7	20	2	8	4	18	18	6	5	12	10
19	18	18	7	7	7	4	16	12	13	2	11	1	3	15	20	20	13	7	19
10	8	17	11	1	9	7	9	14	11	9	20	3	1	10	17	9	11	13	17
19	8	8	11	7	19	9	2	20	1	5	3	11	13	16	7	11	11	1	9
19	20	14	20	10	1	6	2	5	4	10	9	15	11	8	16	1	6	6	18
1	5	3	5	18	14	20	17	4	11	9	10	18	6	4	9	20	8	7	1
20	20	16	16	5	10	15	2	8	10	20	10	9	19	10	12	20	17	2	17
7	4	11	19	7	8	1	6	11	13	15	9	5	4	10	15	3	19	10	1
18	7	11	19	13	4	17	20	6	19	8	15	15	2	10	13	14	1	6	7
5	1	6	13	12	11	12	6	1	12	11	12	6	11	19	12	2	20	2	1
16	6	4	7	8	10	12	1	3	18	15	3	7	9	8	1	8	18	8	16
11	7	8	8	17	8	20	17	17	4	6	10	6	18	7	17	18	5	18	2
8	12	9	5	12	17	4	11	2	11	5	6	13	3	20	2	12	16	4	20
10	13	6	13	10	9	7	5	2	10	2	5	17	14	3	12	11	16	13	9
10	13	10	18	12	7	8	3	20	20	7	1	14	19	4	16	9	10	1	11
17	1	16	19	5	11	9	13	20	13	16	18	19	3	17	12	15	13	3	8
15	3	4	6	13	2	16	7	10	7	16	7	2	2	2	1	2	5	13	20
19	10	16	8	3	8	10	2	14	9	17	9	10	20	19	8	15	4	9	17
3	2	5	10	16	18	8	17	1	13	3	10	9	4	13	1	5	16	15	2
17	18	11	3	19	20	14	18	17	2	10	8	12	13	16	20	18	12	9	5
6	9	16	16	18	20	5	20	7	5	20	1	20	5	20	20	6	17	17	3
2	15	2	9	11	13	14	2	17	12	5	19	19	8	20	8	14	1	6	12
3	9	15	11	19	2	17	5	2	1	12	9	20	20	5	17	1	17	4	8
13	15	19	8	13	2	8	14	1	18	5	8	18	20	12	2	7	14	16	17
7	4	9	15	18	6	11	13	2	6	19	2	9	1	7	12	3	17	14	14
15	2	15	9	2	6	20	20	19	7	11	16	18	5	17	7	4	13	19	10
3	15	5	5	12	9	11	17	19	10	1	20	8	7	4	20	2	9	12	4
4	15	12	9	13	4	10	5	10	1	3	18	12	19	3	18	3	1	11	15
20	13	20	9	17	11	12	6	20	20	18	3	13	3	11	19	5	12	8	2
15	11	3	13	17	1	5	6	5	7	19	1	10	1	4	17	9	19	1	16
16	3	15	13	12	3	1	4	10	2	19	11	2	5	20	17	13	3	2	11
17	19	16	1	15	5	16	5	5	6	10	1	2	3	5	1	15	14	4	5
2	1	8	5	6	17	18	18	17	19	20	4	15	4	7	13	18	10	16	14
17	2	17	9	18	5	1	8	4	10	20	13	14	1	17	3	8	20	5	19
10	2	16	12	17	12	3	5	10	3	2	20	5	4	7	12	12	17	5	12
9	3	5	10	12	16	13	4	8	10	6	7	2	15	1	17	10	8	17	20
17	3	13	12	6	11	13	1	8	16	20	2	8	6	1	13	1	2	7	7
12	10	10	8	10	16	11	7	2	4	5	13	2	14	7	11	2	11	20	11
8	14	16	6	9	16	14	15	4	17	8	9	19	13	12	20	15	8	9	7
16	1	3	14	16	6	3	20	15	3	9	15	14	18	8	14	10	7	17	17
20	10	7	7	11	8	15	17	8	4	15	3	20	5	18	3	16	3	2	11
11	14	20	14	17	20	4	2	19	10	16	19	6	8	13	20	12	9	1	1
1	2	20	7	13	18	14	17	8	3	10	5	3	1	13	9	18	15	14	14
15	7	15	12	3	1	5	19	10	16	11	15	12	1	4	15	7	9	16	18
15	6	17	16	19	14	4	4	5	9	15	7	16	11	5	20	1	15	17	4
13	15	18	18	9	3	16	18	17	9	17	7	20	9	17	17	5	20	6	16
4	5	2	8	13	17	15	9	7	8	2	17	9	15	15	3	9	17	16	4
4	18	5	15	20	15	11	17	4	7	16	11	18	11	19	10	3	6	15	3
14	6	14	19	9	5	11	18	17	9	12	10	7	16	4	2	16	18	14	15
8	8	13	19	7	15	1	3	8	4	8	10	8	4	2	11	6	3	18	4
12	3	5	6	6	10	14	2	17	9	5	2	18	20	6	13	12	20	2	6
5	7	11	10	17	6	9	4	17	12	6	6	2	7	12	20	15	11	20	14
18	19	20	1	12	15	11	18	18	15	12	2	12	6	4	10	3	5	16	5
13	9	13	9	12	2	18	13	17	2	4	18	8	13	17	20	11	14	9	19
17	10	12	4	12	1	10	10	12	20	7	8	6	12	19	10	17	17	20	16
18	20	8	14	15	15	5	2	17	10	2	7	15	15	16	9	2	5	13	8
17	7	13	2	3	2	5	19	6	10	4	6	9	5	5	7	3	16	10	18
7	2	10	17	2	19	18	19	2	14	15	12	13	15	3	17	18	9	15	8
9	3	14	9	19	19	19	11	7	7	6	2	15	18	18	15	4	19	4	12
19	7	20	17	11	2	12	2	15	13	9	4	18	11	14	19	6	17	4	4
14	19	14	8	16	8	3	12	1	15	2	6	15	18	5	17	20	19	6	17
3	7	2	11	7	13	7	10	3	10	12	16	15	3	20	15	10	9	12	13
9	12	20	19	17	6	10	16	18	19	18	13	17	14	7	2	19	20	13	9
18	2	12	20	16	8	14	5	15	18	8	15	9	2	19	9	8	9	8	12
2	14	12	13	16	14	17	14	2	3	3	18	2	20	1	16	4	16	3	5
11	6	5	14	12	17	1	5	16	1	8	9	6	17	16	8	16	17	13	2
17	3	18	16	10	18	8	13	8	15	3	16	12	12	14	3	18	15	9	16
6	4	2	9	18	7	19	10	8	3	13	6	17	17	14	18	10	2	1	15
16	17	13	16	14	16	7	19	8	15	7	13	17	11	4	4	9	10	14	1
20	7	18	15	19	15	20	1	2	4	9	9	14	5	1	7	6	13	17	3
15	18	4	16	11	4	1	17	14	16	4	12	5	1	5	8	4	2	2	19
11	13	20	12	7	20	6	13	12	12	19	1	15	4	19	2	2	16	6	20
1	5	1	7	1	3	2	1	7	6	12	15	15	4	12	3	4	15	5	6
18	2	13	4	2	11	9	7	16	14	17	18	12	1	7	11	8	7	1	12
4	10	11	2	6	10	2	16	17	2	18	2	19	19	1	13	6	20	1	8
5	9	20	15	7	11	4	9	20	9	14	10	2	6	11	12	17	9	18	13
1	19	19	3	4	14	6	15	16	16	7	2	1	19	9	7	3	16	14	19
16	5	4	10	4	13	11	2	19	16	10	9	2	6	8	2	16	15	17	6
2	2	14	14	4	4	11	3	17	10	5	8	13	14	12	15	9	9	9	8
14	19	13	1	12	14	19	10	17	10	15	18	20	3	8	18	2	18	1	16
16	16	5	14	8	4	19	12	14	9	2	20	15	1	3	18	16	6	10	7
15	6	8	16	19	6	10	9	5	12	2	14	15	14	5	5	20	15	16	3
15	16	16	3	14	2	11	19	12	5	4	14	3	8	5	11	10	8	15	18
19	12	10	9	7	2	9	2	8	15	8	20	17	20	12	4	12	15	15	11
6	7	6	18	15	9	11	9	19	10	7	8	17	18	7	2	4	9	7	7
20	12	9	18	14	15	10	13	2	11	11	1	9	16	4	19	7	4	2	20
14	20	8	13	14	19	7	20	19	13	19	5	20	5	19	16	18	6	11	1
9	14	14	17	12	1	16	13	4	15	8	17	15	3	9	20	2	13	18	18
3	14	3	20	10	19	5	20	18	14	6	3	3	6	8	20	10	19	14	1
16	7	13	3	3	9	5	14	3	8	13	16	13	19	10	16	8	14	9	4
7	4	11	9	11	19	19	9	17	4	7	12	20	10	16	13	18	10	17	1
1	13	9	13	20	17	16	7	19	5	12	3	19	7	10	3	18	3	3	12
6	7	12	18	4	20	6	1	15	2	16	4	10	15	4	7	16	6	13	11
15	18	12	12	4	19	10	17	17	9	9	11	8	3	12	4	18	20	7	7
11	16	7	6	14	1	4	13	18	5	4	5	15	3	19	18	5	15	3	4
19	4	14	14	20	15	20	5	1	12	10	19	13	16	4	1	12	3	9	19
17	13	2	1	2	2	6	1	13	9	20	13	14	2	17	6	6	6	13	4
4	7	16	6	10	11	17	13	13	1	20	13	12	19	1	15	16	10	14	4
14	1	16	5	9	3	2	2	18	11	6	13	6	9	12	11	15	1	12	2
19	2	1	13	2	12	17	20	13	4	17	7	1	3	6	3	5	5	3	18
8	17	1	12	9	10	19	6	13	14	17	13	2	2	14	3	8	12	7	17
3	20	12	8	16	9	1	19	16	9	9	12	17	6	7	4	16	17	4	17
2	3	3	17	5	4	17	14	6	20	12	17	5	15	7	17	15	12	8	14
4	19	8	15	3	16	6	6	15	11	5	1	11	14	5	9	12	3	17	7
4	2	11	14	14	17	13	14	13	4	4	16	8	12	1	12	17	12	17	16
7	15	12	10	7	17	3	12	7	7	8	13	5	4	14	1	10	1	1	17
19	1	20	6	14	19	4	2	3	2	9	14	2	6	10	4	14	17	6	2
10	9	2	15	5	12	5	16	10	19	15	16	18	18	6	17	16	8	15	6
19	12	20	19	15	19	18	8	19	2	11	11	6	8	17	15	6	13	4	11
7	16	6	15	16	16	20	6	13	14	20	16	10	6	8	13	6	6	20	1
15	10	17	9	17	3	2	9	12	20	6	10	1	5	3	10	19	12	14	8
17	7	14	6	6	7	2	17	20	4	7	13	11	14	19	18	8	13	6	9
11	13	17	12	8	10	6	14	7	6	5	20	16	6	4	4	10	19	9	2
5	1	17	10	17	2	2	10	11	16	2	20	3	6	9	16	13	20	17	2
8	4	13	1	10	8	16	15	8	17	8	12	2	12	11	11	4	5	14	11
19	19	12	15	14	8	3	13	13	11	2	9	12	18	14	17	14	18	2	3
7	18	14	17	6	15	19	18	19	14	16	17	7	12	14	6	2	14	17	20
15	18	11	6	5	3	20	18	7	7	17	1	16	10	16	2	18	2	9	1
1	8	3	2	10	10	13	2	15	2	13	17	9	17	16	1	14	10	9	9
15	7	16	1	1	8	19	4	18	14	9	19	8	10	6	15	17	18	16	8
6	8	13	4	20	20	5	18	1	17	20	1	8	7	14	15	20	11	4	11
1	12	19	9	16	8	13	17	18	3	20	8	2	20	3	7	14	14	4	18
2	3	17	4	18	10	14	5	7	5	2	19	6	3	10	11	10	17	10	11
20	10	20	2	5	6	16	16	8	16	13	17	5	2	10	18	10	14	10	11
7	7	1	18	17	18	4	20	12	9	1	17	9	16	15	9	3	18	15	12
19	16	6	8	7	16	2	15	19	5	2	1	11	13	8	4	5	12	15	19
1	1	12	11	4	14	12	4	18	8	8	10	18	1	3	19	6	4	13	14
14	14	8	1	12	19	4	18	1	5	11	20	13	16	7	18	14	10	8	5
8	7	18	11	6	13	20	14	11	6	16	20	9	9	18	20	9	6	19	20
17	11	12	5	17	2	14	8	11	12	2	20	2	10	20	4	13	11	15	19
15	17	17	5	16	14	19	3	9	6	7	20	8	12	10	19	20	11	15	8
8	4	12	7	11	8	18	12	1	10	20	10	6	5	4	5	12	5	2	19
16	16	5	4	20	17	17	20	8	12	13	7	14	16	5	18	13	6	10	13
13	19	10	17	10	10	11	16	17	3	9	17	13	19	19	2	17	10	13	6
18	10	18	6	16	9	20	16	11	12	2	2	11	8	20	8	10	16	17	10
13	19	12	7	14	14	11	19	4	7	11	19	9	11	9	4	7	10	20	5
15	7	11	4	12	11	13	12	3	4	19	9	4	6	13	9	2	20	18	8
9	11	12	12	9	2	6	14	19	7	8	11	15	16	16	1	6	10	14	14
4	17	4	9	20	20	11	19	18	6	7	2	14	14	15	7	20	6	13	11
7	10	12	18	9	17	9	17	4	8	10	13	2	20	13	19	20	7	16	15
12	13	20	8	11	3	19	4	18	20	12	19	10	11	8	1	19	17	12	13
8	13	13	4	2	4	9	3	15	5	1	17	10	18	3	14	15	5	10	2
4	14	17	2	2	10	19	5	15	19	17	3	11	11	8	2	15	19	2	11
9	10	19	8	11	10	5	3	5	6	13	12	5	19	5	16	11	3	16	11
12	15	14	6	2	4	6	15	16	8	19	5	19	1	3	13	3	17	19	5
9	11	3	16	18	16	6	12	10	16	20	2	1	16	2	7	13	1	15	9
10	15	9	1	20	2	9	6	10	17	10	11	1	3	12	1	17	2	6	20
18	4	6	4	10	8	15	10	3	4	15	10	8	14	10	16	16	10	20	2
4	19	19	8	5	12	17	16	14	11	15	10	3	14	2	14	14	14	18	7
12	19	6	16	10	11	17	1	12	17	10	15	15	17	18	20	16	10	1	6
2	11	7	15	11	18	15	16	16	7	7	16	15	18	12	19	2	17	15	4
1	12	14	12	8	8	1	9	9	3	17	1	15	14	7	5	13	1	5	2
18	17	16	10	4	14	10	10	8	20	12	8	13	14	11	4	12	19	17	5
18	18	15	7	6	15	19	10	16	6	17	6	8	2	12	3	2	16	15	13
9	7	13	5	13	9	19	2	11	10	7	17	11	3	4	16	14	17	13	12
4	18	2	4	10	5	9	9	1	4	2	16	20	19	7	15	3	18	12	4
15	7	17	15	5	19	12	10	18	4	6	1	17	12	18	3	17	9	11	18
1	14	13	9	14	7	6	1	9	19	1	10	5	6	5	10	13	14	10	3
15	17	16	5	10	18	9	1	14	6	3	2	9	11	18	18	14	19	11	8
12	13	8	2	12	19	20	19	4	5	8	6	12	11	20	15	2	2	20	10
12	11	14	6	7	8	7	11	2	3	13	7	13	6	16	8	10	16	7	12
15	1	6	14	12	17	13	19	19	8	13	17	15	13	15	4	16	10	14	15
5	20	6	17	1	5	17	19	7	10	14	9	20	8	12	8	18	9	18	13
20	10	2	12	14	10	5	10	6	10	14	12	13	2	7	17	1	12	13	2
9	18	18	1	2	11	2	5	18	18	7	16	17	19	18	18	2	17	1	14
4	2	5	8	6	2	14	5	14	12	1	4	9	18	3	13	11	1	19	6
14	13	12	3	8	9	19	6	6	6	7	11	5	11	8	8	8	8	6	9
13	5	4	20	18	15	11	20	11	10	7	3	18	11	13	19	7	15	16	1
14	7	1	9	1	6	6	3	14	3	14	16	19	14	17	15	12	1	13	15
9	4	18	19	13	6	1	17	11	13	10	13	9	3	4	11	19	8	5	10
15	15	4	18	11	16	14	17	9	17	7	5	20	11	4	2	13	17	3	18
9	12	14	16	6	15	5	9	11	12	15	7	6	18	8	6	14	2	12	16
9	19	18	8	6	9	16	3	13	1	4	10	7	16	6	4	5	12	6	11
5	4	4	14	9	17	19	6	20	8	20	16	16	16	18	2	16	13	2	13
9	18	16	5	12	13	16	11	8	4	11	3	5	3	16	5	11	4	2	8
13	15	8	4	2	11	10	11	20	5	10	12	16	15	19	19	15	7	8	14
19	15	20	10	20	20	18	1	11	12	6	5	7	3	13	5	3	9	17	12
8	12	11	17	9	18	5	6	9	1	13	6	5	7	16	6	14	18	14	3
2	4	9	3	12	12	9	20	4	6	4	6	7	3	16	5	6	19	16	19
16	18	16	7	19	13	3	6	12	13	9	4	2	13	13	13	1	12	11	15
17	6	11	13	18	10	5	8	16	7	8	15	8	16	10	1	1	4	20	14
2	12	6	3	13	5	8	13	10	12	8	17	3	19	2	8	5	4	11	2
16	20	15	8	19	7	11	10	17	14	19	18	18	14	6	16	11	12	4	7
14	17	14	5	16	20	18	7	2	6	13	3	15	2	2	15	15	10	11	7
1	15	6	10	7	2	12	10	13	14	15	3	11	10	3	12	11	2	5	7
9	2	16	17	11	3	13	14	2	15	18	13	6	11	12	4	13	8	6	11
4	7	3	10	3	16	6	9	7	1	2	13	17	20	19	4	17	17	7	6
4	5	4	19	1	11	1	4	7	4	8	7	9	2	18	14	5	15	19	9
18	15	11	20	11	13	10	17	17	16	14	9	15	7	8	7	18	19	18	15
11	1	18	8	1	17	13	20	9	6	3	20	16	7	3	19	11	2	7	8
9	11	11	7	12	15	1	16	11	20	11	16	6	16	18	12	18	17	15	7
1	12	18	8	17	16	2	18	3	13	7	6	10	7	20	4	9	16	6	20
8	9	15	13	15	11	20	11	4	14	19	9	17	1	19	14	6	20	3	6
15	10	12	1	17	3	7	2	2	7	13	9	8	10	11	20	15	3	13	6
2	16	17	16	7	5	12	15	7	18	19	10	9	15	16	19	15	20	10	1
7	6	8	10	15	15	18	19	14	2	10	5	19	7	20	8	13	10	15	6
15	17	11	2	1	3	9	11	19	16	17	1	13	13	11	13	8	10	6	9
14	1	20	13	12	13	1	10	13	14	6	4	16	1	6	7	11	18	1	18
17	13	17	9	11	6	20	12	15	8	2	1	17	3	11	13	14	18	3	18
15	6	3	7	14	7	10	2	19	20	2	8	14	5	1	13	9	5	3	2
12	15	11	17	20	14	20	8	5	12	12	7	11	14	5	7	5	3	16	13
18	11	4	4	16	18	18	9	20	12	5	10	19	1	13	5	1	3	11	5
14	8	12	15	8	12	19	4	6	9	14	6	6	3	8	20	8	12	6	3
1	9	18	14	17	15	17	18	5	19	7	14	15	4	2	11	16	11	10	7
11	12	20	8	4	12	19	20	20	14	17	2	16	11	7	3	17	11	9	8
6	17	20	19	16	14	4	3	9	4	16	4	17	2	14	19	17	2	2	12
17	11	15	6	12	10	6	13	16	2	9	15	17	1	7	11	5	10	10	20
5	12	20	14	13	20	18	19	4	1	6	1	18	18	15	18	15	14	1	20
1	16	14	12	9	12	6	15	15	13	16	8	7	17	8	5	1	20	5	19
19	14	9	4	18	20	2	18	8	16	16	11	13	15	19	14	1	15	19	16
2	15	16	19	3	13	17	5	5	4	2	20	14	11	8	13	19	20	10	20
6	17	1	19	15	12	16	18	20	15	2	5	1	3	16	5	9	2	5	18
8	9	11	2	17	6	2	12	4	6	12	20	12	19	14	16	13	9	11	17
14	1	6	6	19	2	17	18	14	7	19	20	7	13	13	17	10	5	6	1
4	16	13	3	16	15	5	12	15	8	5	1	6	12	12	6	5	16	19	14
15	19	5	9	3	6	3	12	18	2	7	16	20	15	16	14	5	13	14	3
17	17	20	2	13	4	17	16	1	11	7	18	14	10	9	2	1	20	11	12
16	10	9	14	5	13	2	5	4	6	12	17	13	4	13	6	3	8	10	15
20	5	6	8	13	8	15	9	4	7	1	12	11	20	2	16	4	18	11	13
11	18	13	3	10	17	5	17	10	16	8	19	5	20	7	10	9	3	14	3
11	17	1	5	14	12	9	15	7	2	10	18	14	9	8	3	7	5	9	8
6	14	4	3	7	17	20	4	6	13	20	20	1	6	13	11	18	16	14	18
8	20	20	10	20	15	15	17	17	17	8	6	12	18	18	12	1	8	5	4
13	20	1	1	10	1	12	19	12	12	18	19	9	7	17	11	8	9	12	13
15	20	2	4	7	13	19	15	17	2	3	8	16	7	19	5	12	17	8	16
6	20	13	8	8	7	4	6	7	16	1	19	13	5	18	17	16	6	6	10
5	11	3	12	2	5	17	15	3	1	14	9	11	3	3	8	8	3	12	8
16	5	5	7	6	17	6	8	11	11	17	8	12	17	20	5	8	16	16	5
2	5	6	3	17	18	14	8	16	1	6	3	3	14	5	14	13	17	9	6
20	12	7	3	4	8	18	14	10	17	18	12	20	13	3	19	7	6	13	7
1	11	8	7	16	5	18	17	3	2	9	2	8	7	18	9	13	9	11	16
11	7	19	17	20	2	13	12	8	5	17	18	10	20	14	13	8	13	4	19
15	11	20	19	9	2	12	15	9	9	10	3	7	10	4	13	14	1	10	19
15	7	10	16	4	15	19	18	10	14	14	19	8	10	14	17	2	9	6	18
11	8	9	9	17	1	3	19	1	15	16	18	16	15	14	14	19	13	4	10
13	6	4	17	2	7	6	17	20	20	5	13	10	9	6	13	4	9	12	1
15	12	4	3	6	13	7	1	14	9	1	19	2	19	4	17	17	6	13	15
6	16	16	12	2	1	9	9	18	15	17	9	10	6	9	14	8	1	19	7
1	12	1	5	3	4	17	14	18	7	18	7	13	8	11	7	19	12	19	2
13	5	1	4	18	18	11	11	18	10	18	13	15	2	3	3	2	5	14	13
9	7	15	14	1	1	1	11	12	14	16	5	20	19	6	18	15	5	12	16
9	1	18	7	9	14	2	18	17	10	5	18	20	3	15	3	19	20	7	13
20	1	2	1	18	5	3	20	4	7	20	18	10	3	4	4	4	15	13	15
10	17	20	1	11	15	5	14	14	15	17	8	7	17	9	6	18	5	10	5
3	17	8	1	6	20	7	3	8	6	17	6	7	16	1	2	9	14	11	19
12	11	4	1	6	16	10	7	14	12	16	17	2	4	3	5	20	9	18	15
16	10	16	8	5	1	9	17	9	19	10	11	10	10	17	2	8	16	15	3
9	18	4	10	10	17	13	3	2	7	18	15	17	20	14	2	12	12	6	2
7	17	14	9	13	16	2	8	3	11	3	16	2	13	18	7	11	13	13	7
3	6	7	7	18	7	15	20	4	20	4	5	14	12	2	9	6	14	16	16
19	5	7	15	14	2	9	20	5	2	2	18	11	9	4	10	9	4	12	16
8	1	13	1	3	17	15	20	14	5	14	6	2	18	13	7	18	8	9	2
16	8	12	5	7	12	6	7	3	16	14	18	2	16	19	4	15	9	7	2
8	13	6	12	12	1	2	8	5	20	17	3	7	8	14	8	1	2	9	19
6	15	17	20	9	20	9	11	17	11	15	17	13	3	11	14	10	17	5	10
13	5	11	6	18	14	8	8	3	16	5	6	13	17	19	4	19	16	13	19
2	6	10	20	13	18	10	11	7	15	5	17	9	19	12	20	11	20	18	5
17	3	12	6	16	17	16	7	9	5	18	12	14	4	19	7	2	14	10	15
8	5	9	13	16	4	6	17	7	2	5	3	14	17	9	11	13	14	12	4
15	19	14	12	2	4	5	8	3	16	7	6	7	20	8	16	8	6	3	3
7	8	13	11	1	13	6	13	10	4	20	17	9	2	14	5	5	6	9	9
19	17	2	20	13	16	12	6	14	19	8	5	1	13	6	4	17	6	2	17
4	5	9	17	10	12	17	7	12	11	14	14	19	19	5	14	17	7	10	1
10	7	3	14	20	10	6	3	8	2	4	20	13	10	18	17	5	1	14	11
16	15	11	20	2	13	20	11	3	18	9	19	4	11	10	12	13	18	4	10
1	11	7	3	5	10	13	4	11	2	14	5	2	1	14	16	15	8	10	14
12	1	13	15	3	18	19	13	4	6	14	16	7	7	4	10	2	3	3	1
1	3	9	17	2	3	8	14	11	17	20	11	19	6	1	15	1	14	5	2
5	1	16	6	8	14	8	4	19	20	14	5	18	14	14	11	11	10	2	11
1	16	8	4	14	20	17	8	7	11	16	13	1	12	3	3	1	17	5	3
14	3	9	2	18	13	19	18	5	15	11	17	7	5	6	17	19	20	13	14
1	14	10	13	18	13	1	19	7	18	19	12	17	8	12	18	16	8	13	15
13	9	13	6	4	4	7	19	20	8	19	2	10	13	20	14	5	5	8	17
1	10	14	9	16	9	13	8	2	17	19	19	5	9	5	2	10	6	2	6
11	13	3	9	13	16	6	1	12	2	11	9	5	18	3	1	15	4	5	3
6	5	19	18	15	9	15	12	11	4	7	12	18	10	3	14	20	7	19	15
16	15	2	16	19	5	1	10	4	3	3	15	19	8	15	19	15	8	8	9
3	11	17	2	5	6	4	1	13	8	10	9	2	16	14	14	9	10	15	12
11	9	5	8	14	13	20	4	18	20	9	14	3	6	13	11	8	10	3	9
9	7	9	16	11	8	4	18	15	2	19	5	16	2	14	11	12	16	6	9
6	9	2	7	14	5	17	3	5	3	9	14	14	8	7	18	14	13	6	1
3	16	5	12	13	12	9	8	4	3	17	5	3	4	15	11	1	7	12	6
8	17	19	8	12	11	9	17	16	20	8	3	19	13	10	9	20	14	12	6
4	9	16	11	4	13	10	10	11	18	16	3	20	17	3	3	4	7	13	8
1	16	13	9	14	15	6	1	7	1	2	15	4	8	16	18	18	10	6	13
20	1	7	16	18	18	13	2	5	3	18	1	11	17	15	17	16	12	2	18
13	2	17	7	13	3	5	5	6	3	14	19	5	6	10	12	13	9	13	11
4	11	5	1	19	6	13	5	4	12	6	8	10	2	16	7	15	1	15	15
14	9	5	4	20	14	8	2	13	2	19	18	1	12	14	15	15	5	13	20
11	16	15	10	3	12	4	8	7	2	5	13	15	11	1	18	17	16	1	15
17	15	16	7	7	13	11	8	5	3	11	10	20	5	7	9	8	14	14	3
1	13	16	12	5	10	14	13	3	19	13	20	19	19	9	18	18	14	8	8
2	11	16	5	10	15	7	18	13	18	15	11	2	4	15	5	19	12	3	10
2	4	1	7	10	19	4	11	8	15	15	13	8	12	11	4	1	19	4	2
17	15	2	13	20	15	9	4	9	18	17	14	13	17	11	12	18	13	3	11
11	13	14	7	14	2	15	2	1	14	15	10	9	3	12	3	1	13	20	16
8	15	8	7	20	3	11	20	15	10	8	1	8	5	1	7	9	5	6	20
5	12	16	3	4	3	6	14	2	16	3	15	9	18	17	19	2	9	7	11
10	8	3	19	11	6	15	17	19	10	8	13	3	14	17	11	20	18	5	5
15	17	14	6	2	8	15	11	7	20	9	10	10	17	6	16	2	6	7	13
1	16	2	5	12	11	1	9	4	4	16	14	1	8	18	19	9	6	16	18
17	7	9	19	17	16	17	10	6	19	18	6	14	14	12	14	8	20	15	13
6	3	11	17	11	9	2	10	14	6	7	19	2	20	6	14	5	18	13	3
20	9	17	3	11	11	11	7	14	3	1	13	16	20	18	17	1	16	13	20
15	9	17	5	2	11	18	10	12	10	16	4	16	10	13	8	2	3	12	2
8	4	1	15	16	14	14	1	18	18	12	11	19	13	2	16	4	18	7	2
9	9	13	10	18	14	6	3	6	18	17	20	20	1	17	6	3	1	5	12
11	12	15	3	15	16	15	14	19	3	10	17	4	15	9	6	5	18	1	1
10	3	15	2	8	3	8	16	4	9	12	16	19	7	7	5	7	11	14	7
14	5	6	1	15	20	13	20	10	17	15	18	11	17	10	7	12	16	11	3
18	14	5	10	12	2	9	19	10	11	5	13	3	13	11	12	18	12	18	5
7	15	7	15	4	6	8	4	8	11	9	19	10	15	10	13	12	12	20	18
13	20	13	5	12	3	1	13	16	18	9	20	11	15	6	8	14	19	10	7
9	17	15	4	16	12	15	20	3	14	9	12	8	9	2	13	7	11	4	6
18	5	7	19	20	3	6	12	13	13	20	16	16	10	16	12	11	1	8	5
10	3	3	13	14	9	2	12	15	9	10	6	8	13	5	14	16	10	17	18
7	11	6	7	9	10	15	11	15	9	2	7	12	11	4	14	7	9	8	15
4	15	20	17	13	3	7	13	16	16	19	4	6	20	5	15	4	12	18	15
1	9	20	14	4	7	8	11	4	7	12	20	19	14	18	9	3	12	2	3
11	11	3	7	2	8	4	12	5	15	7	14	5	16	6	10	8	13	10	6
3	11	11	8	13	4	9	8	13	11	5	14	16	20	17	17	6	7	16	8
9	15	13	1	8	5	14	1	13	9	8	14	1	19	3	2	20	20	2	1
20	14	6	10	4	4	8	17	17	3	17	13	10	16	17	3	4	18	17	19
14	15	19	14	2	5	19	19	10	13	11	12	18	2	6	13	5	2	18	6
5	19	14	16	19	4	20	14	9	8	1	19	10	5	16	15	7	16	12	15
5	7	8	9	19	16	4	15	16	8	14	19	2	8	14	8	11	19	1	12
20	17	10	2	14	8	15	13	19	1	8	20	12	1	9	13	19	9	9	8
5	6	6	12	17	7	19	2	16	1	4	5	15	11	3	20	2	5	4	5
6	9	18	7	19	18	2	5	10	5	13	3	3	9	5	11	3	13	3	1
8	1	6	19	15	16	19	6	10	14	17	6	3	20	8	7	12	3	8	18
17	11	20	5	10	8	20	7	19	8	20	10	16	15	7	19	12	14	4	11
5	14	17	3	20	14	5	2	13	11	2	5	20	19	12	4	11	7	8	19
1	9	9	12	18	14	11	2	1	16	17	5	17	11	15	17	7	9	1	5
20	3	3	3	16	19	9	2	5	20	4	6	10	7	3	2	13	15	19	5
3	17	18	7	17	18	13	20	12	12	13	11	3	7	7	4	8	9	17	11
9	16	10	18	7	9	19	20	11	19	16	19	5	16	16	8	12	3	17	17
4	20	1	17	1	16	19	17	14	10	13	14	19	9	13	1	1	17	7	18
18	10	10	1	16	8	12	20	6	10	3	18	4	16	1	7	18	3	12	9
18	8	17	6	16	17	13	5	16	17	19	19	12	3	10	14	15	11	10	4
19	15	9	9	12	19	14	3	18	5	2	5	11	20	14	5	19	19	13	1
17	10	4	14	18	8	18	1	17	10	10	7	2	3	1	5	3	19	20	11
15	12	1	15	13	12	8	19	18	5	14	10	15	16	5	7	7	12	18	6
1	2	15	2	13	10	15	20	9	5	9	14	3	16	15	2	5	10	20	8
3	13	16	7	16	9	12	6	17	13	4	12	19	2	20	9	7	12	9	9
20	13	12	9	4	19	13	11	18	14	3	5	8	5	5	7	2	9	14	5
14	7	7	13	7	18	11	16	3	7	13	3	3	8	18	11	10	1	18	10
4	10	19	15	10	10	16	6	11	5	9	15	9	20	13	3	9	12	10	14
19	4	20	14	9	13	12	16	15	20	16	6	10	4	12	5	18	7	15	17
7	17	10	2	6	4	12	3	13	1	6	12	16	9	18	5	6	6	11	6
4	20	3	1	11	10	14	13	8	6	5	3	16	19	3	17	8	13	16	3
16	10	20	9	8	17	1	4	19	1	12	17	12	14	7	3	1	9	17	19
14	11	4	1	19	18	18	20	17	13	18	13	5	9	5	3	12	10	15	5
1	16	19	2	4	11	10	16	18	17	12	11	18	1	9	5	5	8	20	6
1	20	11	6	3	16	8	9	14	5	3	5	5	14	13	15	4	6	20	10
18	16	3	20	16	9	15	7	5	1	2	12	17	1	9	9	15	5	17	4
11	18	5	6	19	17	14	19	9	6	17	5	8	13	9	1	11	14	20	6
6	6	11	11	7	8	10	6	2	19	8	17	2	14	15	15	20	19	9	19
16	1	7	12	17	12	7	18	6	15	14	19	18	20	13	9	10	9	4	2
11	17	5	18	4	6	14	15	8	3	18	18	18	16	18	15	10	19	16	9
7	6	13	16	12	15	15	9	8	5	16	18	14	9	7	1	8	5	19	14
14	20	3	16	19	5	6	18	13	19	1	9	17	2	10	5	17	19	9	7
6	1	17	13	2	9	12	18	19	2	5	5	18	14	17	12	10	14	20	6
2	20	20	1	14	16	5	13	6	16	13	14	3	17	7	17	17	14	15	14
10	3	20	19	7	11	14	17	16	11	16	13	19	8	1	15	15	12	17	19
12	19	16	11	16	12	5	10	18	6	3	20	14	16	14	12	9	4	18	8
11	19	8	19	3	10	13	2	15	3	14	12	5	7	15	16	18	1	16	12
7	11	6	16	9	4	9	12	20	16	1	4	4	16	2	19	15	13	13	10
9	10	13	9	4	16	16	16	8	7	2	19	19	13	16	17	6	19	8	19
15	5	9	9	5	11	20	19	5	15	20	16	9	5	18	16	17	1	4	8
2	20	5	5	13	13	5	18	9	11	14	20	18	19	12	7	13	19	14	8
3	6	16	19	9	6	19	18	13	14	20	17	6	10	6	3	12	16	2	12
11	1	12	3	1	16	12	13	20	10	13	3	15	12	12	8	2	7	13	7
2	6	13	12	8	16	11	4	16	3	18	6	10	9	10	15	20	9	9	16
12	11	8	4	11	6	8	18	18	8	17	10	10	2	13	10	17	5	13	2
4	12	14	20	9	14	14	8	9	3	13	12	18	13	14	14	9	7	8	4
14	4	3	14	8	1	5	5	14	3	4	18	2	8	4	10	5	10	10	8
7	7	18	12	2	4	7	13	5	18	6	5	7	11	13	16	4	18	5	13
10	6	2	1	9	13	20	6	15	2	17	10	6	3	16	4	12	19	16	7
4	6	9	1	5	18	3	18	5	20	18	8	10	8	15	19	1	8	5	5
15	2	3	6	10	11	1	11	3	1	5	18	11	9	15	5	15	12	7	17
1	3	15	20	9	3	16	19	15	16	2	1	10	5	15	20	5	9	10	6
19	7	11	14	20	14	13	5	1	11	14	7	15	20	1	6	12	18	12	14
8	6	8	10	14	16	11	6	8	2	3	8	8	10	15	7	6	3	7	4
11	7	4	6	2	6	12	5	11	16	20	5	15	17	5	19	14	2	15	5
15	13	15	19	16	11	11	14	2	9	1	5	19	17	18	3	5	15	14	7
18	2	6	14	20	4	7	17	3	1	5	5	1	1	5	18	7	16	6	15
1	2	2	1	1	5	20	8	4	17	4	14	3	15	16	18	18	1	6	8
8	10	6	10	4	13	5	1	1	12	2	19	8	19	3	13	4	11	12	1
17	10	6	1	14	19	11	8	12	6	8	6	7	4	11	17	13	10	7	17
18	4	7	14	10	10	7	15	7	17	11	9	7	12	11	15	9	16	5	5
2	7	1	5	18	3	1	5	2	10	7	8	15	13	13	10	8	15	15	16
15	9	18	11	11	11	4	8	2	10	20	9	12	16	5	9	17	16	16	5
4	8	2	19	5	10	4	12	18	8	15	17	11	6	12	9	17	18	17	16
14	14	1	18	6	16	2	11	7	17	5	16	1	17	12	19	2	16	15	17
16	11	13	1	5	17	16	17	10	10	1	15	19	1	10	3	20	8	15	3
18	18	2	13	15	12	9	2	6	9	20	9	19	5	3	9	20	11	9	2
17	19	13	20	2	5	1	15	4	19	4	10	12	15	6	14	11	15	11	15
20	6	4	7	6	13	20	18	11	4	2	11	16	11	18	6	1	5	16	6
14	20	3	14	3	2	5	2	16	4	8	15	1	1	13	12	12	20	17	2
8	4	18	17	5	15	2	4	18	14	16	17	16	7	9	6	12	16	12	15
11	12	14	13	13	3	5	12	7	1	5	2	17	17	14	13	14	1	2	20
17	19	15	9	10	8	6	9	5	10	18	5	9	12	3	13	5	15	14	8
3	9	7	15	17	4	10	6	2	12	4	6	12	18	9	9	8	8	11	1
5	12	3	2	12	8	4	17	3	7	1	8	9	7	18	10	10	9	9	8
7	12	17	13	6	11	18	11	7	13	4	18	14	16	18	18	20	10	2	14


2	1	1	2	1	1	2	2	1	1	1	2	1	2	1	1	2	2	1	1
2	5	4	3	3	5	5	1	3	5	2	5	4	3	2	4	2	5	4	1