500	7	20

1	1.3	1.55	1.75	2.1
4	6.76	9.61	12.25	17.64

33	85	7	23	47	59	7	40	97	56	38	81	56	49	65	38	4	24	71	66
68	19	56	79	49	82	77	26	32	54	91	10	41	53	30	26	62	25	90	55
52	39	20	71	77	51	65	57	92	49	46	62	62	72	87	2	87	29	58	52
45	78	24	31	48	37	92	76	9	18	46	65	24	66	10	84	37	59	46	76
85	4	57	2	35	55	20	51	20	52	99	75	97	78	1	52	85	21	16	62
16	42	19	42	64	80	58	79	57	74	85	96	47	27	87	76	81	36	99	11
22	52	66	97	52	96	21	91	30	40	46	46	25	45	76	70	58	35	83	9
98	91	52	30	84	75	6	23	58	94	13	83	19	99	44	45	41	82	89	57
65	26	5	68	80	43	70	2	87	33	91	90	33	27	58	63	89	83	86	93
55	52	68	58	21	16	11	26	18	21	57	77	32	68	55	88	1	9	99	6
17	77	31	49	31	78	88	5	6	76	97	50	43	26	83	95	1	90	81	85
89	18	4	72	91	28	75	34	70	28	92	64	97	86	48	15	77	98	49	63
14	21	51	37	68	9	52	54	10	29	85	33	58	43	57	11	96	18	86	55
91	64	86	18	17	18	30	87	41	48	30	37	53	37	50	60	32	17	41	24
54	73	50	95	15	10	90	16	45	77	88	74	92	84	19	86	66	26	83	21
23	63	85	63	56	30	15	83	18	94	57	51	88	31	30	57	59	57	77	73
79	86	21	61	67	7	68	28	80	26	5	70	92	85	13	62	21	77	52	61
43	22	75	58	81	96	77	71	17	43	69	92	19	5	80	74	76	5	9	60
90	36	92	92	51	43	64	81	8	52	99	8	1	6	10	62	72	79	76	81
75	60	24	21	7	20	95	87	76	96	4	60	75	21	37	30	32	25	38	21
10	5	37	77	9	58	32	58	65	33	81	91	35	53	20	26	13	64	99	18
57	26	62	12	50	17	20	64	99	8	19	50	77	90	67	30	77	72	81	23
41	81	68	62	66	64	95	80	85	35	97	51	3	49	52	7	13	12	38	60
44	69	47	3	23	51	18	86	74	89	19	75	22	82	32	10	73	65	34	80
78	31	31	55	18	7	30	95	42	51	87	4	35	85	56	52	71	67	34	6
46	1	52	64	27	47	47	87	42	78	41	74	65	32	48	21	2	98	19	83
37	64	65	71	95	97	6	92	87	57	6	28	60	96	65	85	33	77	16	83
71	22	20	20	95	81	46	74	71	51	18	60	34	28	62	31	56	12	8	41
48	68	78	74	42	61	31	78	51	79	66	52	78	72	75	7	57	76	68	17
59	80	58	31	42	41	63	34	76	30	40	79	2	26	85	88	89	61	46	62
23	52	62	40	25	37	25	94	75	69	62	59	79	69	57	68	39	40	27	27
75	48	36	23	36	70	37	76	11	56	20	91	46	93	68	77	8	11	92	92
28	14	10	8	74	13	17	90	92	65	15	13	68	53	29	15	68	31	40	86
21	60	65	39	51	86	94	11	97	61	88	10	85	34	6	39	33	80	14	56
59	82	28	15	52	43	25	30	4	81	47	98	57	4	40	66	62	76	78	59
50	50	64	85	89	59	50	56	69	16	16	75	38	31	53	64	56	81	34	58
26	42	82	72	31	11	94	34	69	74	41	66	91	32	96	65	91	7	65	86
10	57	13	84	72	82	60	69	44	41	87	59	77	57	1	39	79	4	55	97
65	92	55	36	57	45	34	3	18	99	62	4	73	18	22	50	91	98	45	56
21	27	12	88	21	64	7	43	68	53	77	52	93	15	59	58	95	41	98	23
98	50	42	91	99	19	72	57	7	46	25	89	92	15	85	53	52	33	31	96
20	88	92	73	80	73	50	21	32	18	66	99	6	6	94	29	7	5	7	42
94	36	37	93	10	87	17	37	42	5	36	40	97	2	64	26	7	10	57	90
26	88	62	31	35	29	32	70	25	51	2	26	23	5	92	46	47	92	6	12
37	72	97	8	24	61	96	10	97	50	24	2	62	25	99	61	64	96	94	36
12	1	56	66	2	2	66	76	47	17	67	17	70	80	48	75	41	60	29	50
1	85	16	2	63	39	60	63	27	12	20	87	14	68	45	41	2	45	30	38
75	74	85	15	55	69	31	70	37	82	35	48	99	64	62	16	71	39	74	46
62	29	94	67	96	46	25	77	11	36	40	81	9	71	78	76	16	37	30	87
17	1	81	49	19	51	14	64	29	91	31	6	3	16	37	45	39	38	74	47
10	40	24	6	33	82	47	62	68	86	58	43	94	97	98	5	90	16	19	38
67	67	71	76	68	71	35	43	60	10	38	38	29	22	10	26	60	9	85	91
85	70	15	67	75	82	17	49	1	79	65	68	78	63	96	62	34	78	10	9
53	80	46	6	38	99	16	4	84	11	74	17	44	79	49	14	54	22	14	22
59	56	64	38	70	38	89	43	7	42	79	17	78	16	88	45	64	9	20	14
47	82	3	3	36	51	4	17	74	41	19	3	21	71	94	91	29	16	34	96
1	58	35	32	90	75	95	13	33	25	23	20	96	55	62	94	29	92	41	50
85	31	43	66	75	97	5	99	52	43	64	21	16	19	55	66	78	60	7	65
46	88	64	98	24	66	30	95	39	35	82	88	98	89	83	60	15	48	1	71
10	3	26	81	46	13	20	30	37	41	25	53	17	42	62	84	85	76	48	31
54	72	89	10	14	64	54	2	38	97	67	83	44	53	99	44	79	23	89	81
18	97	1	58	67	42	79	38	20	8	8	92	54	63	18	74	11	15	35	78
6	12	62	61	87	54	11	6	27	8	52	75	9	7	56	31	97	94	59	23
7	44	85	70	97	74	3	65	25	52	97	37	82	89	32	41	58	11	82	82
56	44	52	79	70	54	47	60	61	53	2	66	24	83	32	35	78	49	45	61
32	34	34	92	82	36	68	27	23	96	27	90	44	5	97	58	56	63	65	60
46	33	13	8	87	88	74	2	92	79	2	28	9	4	89	41	22	15	94	11
45	29	17	57	16	14	6	7	86	91	48	89	98	72	83	37	44	4	67	34
1	36	35	42	26	39	85	64	82	83	9	6	39	80	56	99	40	79	26	12
67	18	70	77	53	92	89	60	54	95	40	58	91	61	51	36	37	36	1	94
4	77	24	64	69	22	11	54	64	84	37	23	87	84	34	27	4	2	46	88
29	7	87	3	69	90	5	96	29	39	14	27	86	22	93	29	70	1	72	29
62	66	27	87	59	48	66	50	76	85	16	27	2	95	23	77	62	47	7	8
70	91	2	51	3	20	99	33	95	56	32	55	18	29	75	7	10	26	7	61
99	92	69	2	24	56	99	6	99	53	55	51	30	63	84	9	81	19	54	64
78	62	64	56	8	90	59	89	80	71	14	76	95	41	80	99	12	25	52	71
44	6	30	62	24	14	33	23	50	4	27	62	76	66	40	24	27	82	91	80
22	81	27	32	27	82	29	5	30	73	77	35	31	82	47	10	47	70	81	33
10	48	88	64	88	48	82	74	37	56	93	88	11	52	37	71	48	52	69	40
45	68	57	59	7	94	18	50	23	13	48	41	70	69	97	33	75	73	30	92
62	92	55	60	2	51	85	92	99	46	56	18	98	1	82	44	3	88	77	40
85	81	74	10	34	39	23	8	5	53	52	70	17	16	46	34	90	51	48	82
64	47	25	29	60	15	28	4	16	54	21	55	18	94	72	67	19	57	58	58
94	35	99	49	97	57	58	91	44	86	94	96	17	83	57	66	47	42	35	87
8	86	66	60	86	23	1	2	77	57	3	19	4	71	9	56	97	40	86	62
76	50	89	9	85	16	24	67	35	67	35	19	47	57	97	28	24	74	7	23
79	89	1	18	20	41	69	36	39	21	43	24	64	38	96	89	53	44	24	98
21	98	27	38	3	14	8	6	50	54	23	86	25	64	82	57	58	4	10	79
97	38	69	64	18	47	94	55	20	71	36	15	87	77	73	22	92	11	40	4
63	64	85	18	92	6	26	16	98	47	98	72	36	38	92	49	10	32	91	21
11	33	42	39	37	56	44	23	81	10	82	42	83	89	49	19	34	47	42	9
44	82	66	55	64	76	23	48	40	89	45	45	55	28	37	75	95	4	19	71
27	54	46	8	26	99	16	14	13	16	67	77	74	26	67	55	33	43	33	45
37	29	38	79	56	38	20	5	84	2	45	29	43	74	15	68	66	48	37	52
45	99	58	54	46	39	38	44	54	33	68	88	72	87	85	55	14	81	26	20
36	5	2	79	97	1	8	85	86	65	78	83	77	7	13	2	42	47	79	49
33	49	93	92	99	38	33	6	86	25	67	57	77	17	4	40	40	81	58	28
15	89	63	20	25	69	71	32	68	74	86	9	35	33	96	45	70	71	36	48
32	21	48	64	78	29	3	61	2	7	21	59	52	24	26	5	37	34	15	48
41	13	22	83	77	93	72	30	20	43	27	96	3	69	49	77	25	65	66	72
90	11	76	68	40	96	80	27	37	67	37	25	25	80	82	93	45	51	64	72
44	6	41	40	38	99	4	41	9	57	46	75	99	48	41	14	66	96	11	10
26	52	44	84	62	49	62	61	7	70	64	54	75	81	14	96	16	67	16	34
57	61	54	54	82	80	71	86	22	20	3	76	73	13	44	14	28	30	28	78
60	19	57	82	54	86	26	32	2	57	99	50	94	81	37	45	31	9	91	67
70	95	32	16	27	87	23	22	86	36	50	33	5	96	55	33	35	12	66	10
14	28	53	83	41	65	5	97	11	27	23	88	32	18	63	48	39	63	39	77
98	22	31	77	75	36	36	9	13	50	54	73	85	56	33	69	41	13	25	59
33	21	48	73	30	71	59	70	67	11	70	92	27	32	77	54	52	13	77	67
3	36	81	23	21	10	52	66	3	91	50	28	35	26	69	73	25	55	38	55
85	69	96	82	77	94	78	7	42	47	67	96	91	46	67	24	85	32	94	65
2	65	54	75	67	66	61	47	43	24	76	16	6	65	81	41	42	77	59	34
26	26	25	1	43	84	52	85	82	54	48	11	3	10	28	86	66	93	3	20
88	43	14	41	44	18	75	53	14	15	3	26	57	55	38	79	7	85	73	58
55	72	27	29	64	95	40	41	47	11	5	30	68	7	40	9	38	15	61	66
18	99	85	9	88	69	45	28	85	57	60	8	20	31	75	19	70	33	92	64
44	84	16	93	64	7	63	73	18	18	93	21	23	16	97	85	70	29	96	21
30	26	52	97	83	84	66	8	90	66	60	56	23	38	70	94	66	39	90	3
82	95	54	89	24	90	10	22	66	77	39	65	82	16	53	81	48	98	74	68
33	96	71	63	59	20	37	5	6	30	28	5	32	72	25	75	87	17	71	53
26	32	21	36	6	78	53	38	28	22	37	71	43	76	92	15	49	31	43	17
98	42	18	56	96	6	60	80	93	19	94	12	47	26	40	70	29	43	31	99
82	80	29	28	61	76	66	46	74	94	40	49	72	71	46	5	51	46	82	90
47	76	57	46	13	18	23	43	91	67	6	61	95	5	74	23	39	48	89	11
46	23	76	65	47	85	75	32	5	50	76	37	79	82	80	98	96	81	93	1
42	73	85	42	10	52	57	68	72	97	81	58	25	63	98	74	72	57	18	69
93	13	92	35	37	44	38	38	75	21	17	95	53	96	3	9	50	96	19	34
78	15	36	56	44	49	91	6	43	44	32	92	14	73	77	65	87	87	96	70
79	62	7	34	34	18	96	23	73	16	16	55	56	29	9	14	1	48	56	23
39	7	22	98	71	74	8	63	14	84	74	45	75	41	42	54	92	16	72	22
25	87	98	94	83	67	74	10	75	53	86	34	12	25	82	13	2	82	64	27
57	42	89	84	45	36	74	26	34	62	3	56	29	41	11	33	55	16	85	99
59	55	43	54	47	53	86	94	74	23	49	10	46	88	31	22	85	59	33	22
7	17	73	65	22	83	46	9	78	1	44	67	89	91	77	53	76	57	99	2
1	14	50	51	8	85	72	71	35	13	59	23	52	35	84	50	92	58	96	14
35	24	16	34	1	64	16	5	13	87	40	33	36	62	42	62	92	5	46	35
80	57	55	41	7	86	78	19	27	10	82	72	89	12	7	50	63	96	57	96
54	83	29	36	99	83	69	86	31	61	51	12	62	91	79	74	33	37	10	60
3	11	99	18	93	87	23	64	63	72	65	91	74	66	1	5	24	23	14	52
39	71	30	55	60	40	29	99	26	87	72	52	30	86	55	37	90	98	11	65
19	54	59	77	43	7	1	15	58	68	55	30	18	52	48	12	3	83	44	31
88	59	5	1	81	71	77	4	20	24	16	20	26	36	62	65	10	63	85	4
37	28	30	42	66	90	15	27	51	2	55	80	4	38	76	42	89	97	32	33
14	39	37	73	1	56	81	86	12	71	51	15	35	18	12	67	61	35	52	57
56	28	46	19	19	66	70	50	60	72	67	60	42	66	77	84	14	5	32	5
44	92	29	4	62	59	46	49	7	34	34	81	66	82	28	95	45	31	90	71
67	35	48	72	29	63	44	89	53	98	14	97	62	21	83	15	79	29	24	69
63	75	88	70	93	57	27	32	95	61	52	50	50	91	82	13	77	66	64	87
18	50	68	23	81	16	37	41	80	3	78	68	25	13	88	38	22	65	51	1
7	73	4	4	7	48	13	19	87	41	38	72	70	92	44	51	6	93	94	90
52	74	57	7	63	80	23	94	92	32	86	22	81	85	76	82	31	91	93	80
33	88	1	75	62	35	99	60	29	23	97	34	53	73	83	42	26	6	79	81
71	10	49	84	74	54	3	10	78	42	68	32	41	90	90	23	90	68	27	10
55	51	11	53	62	48	77	6	76	58	5	4	40	83	31	30	13	59	99	60
7	87	63	18	3	67	60	6	93	13	11	79	5	71	27	92	98	73	14	86
5	25	57	10	15	68	58	71	37	81	67	16	54	41	34	57	87	15	77	96
47	30	53	53	3	9	9	50	84	58	11	78	94	77	29	25	42	27	40	46
60	73	31	4	84	2	18	31	1	37	68	4	77	5	28	83	99	12	95	69
50	51	59	10	42	2	16	41	87	3	66	90	41	94	42	5	86	57	50	81
35	97	33	4	81	15	49	53	36	61	58	45	40	84	35	77	51	59	98	54
26	2	33	8	61	62	8	9	18	16	81	3	42	80	5	19	76	55	35	15
30	59	55	21	58	41	63	20	91	88	52	76	5	95	44	94	43	31	42	45
12	36	18	81	64	11	49	17	34	17	98	52	15	3	80	87	90	74	69	53
5	70	25	93	73	50	60	87	34	26	2	26	36	63	59	41	73	22	31	41
50	24	69	33	78	21	40	77	18	52	30	78	97	51	62	36	58	72	88	56
99	38	27	23	7	98	59	82	94	5	54	27	54	64	28	81	3	92	24	58
22	26	54	97	88	23	32	37	74	72	60	46	77	29	8	82	80	61	62	28
13	25	55	63	38	93	15	51	36	65	52	55	36	6	7	82	2	18	80	84
76	57	72	61	56	28	48	32	90	2	25	96	28	99	41	2	46	18	4	83
97	7	24	3	12	39	50	48	98	10	55	70	54	31	27	37	27	83	93	50
60	87	94	7	66	36	79	51	81	51	18	1	89	88	32	5	86	5	61	26
6	16	49	76	33	7	58	76	53	88	35	24	37	69	63	83	32	81	14	33
91	46	15	54	44	33	97	16	79	43	79	98	16	72	54	31	54	14	93	27
55	93	4	13	93	60	71	97	32	2	75	58	35	34	82	69	53	40	98	73
31	25	92	55	74	94	55	96	53	87	80	38	60	64	26	20	79	38	39	93
39	2	5	54	64	18	18	70	39	73	69	12	56	25	3	58	31	87	29	88
57	46	54	97	73	31	8	22	27	83	42	10	75	91	49	94	87	45	53	52
18	16	60	89	22	93	98	66	25	95	86	83	73	66	94	25	77	73	40	8
78	3	82	88	88	58	65	63	51	18	56	2	3	18	38	6	84	17	3	26
40	46	34	68	26	15	9	37	43	74	80	25	19	55	98	72	15	40	79	57
44	27	43	11	57	55	34	35	52	31	42	61	82	60	45	93	35	33	13	95
95	72	56	90	80	38	14	45	78	35	7	55	23	62	58	84	40	83	12	88
23	67	94	79	34	27	70	27	70	66	52	20	94	81	42	61	17	3	74	45
16	44	51	18	80	54	24	35	23	20	15	19	71	54	34	94	85	7	83	78
24	19	72	57	64	81	66	93	54	1	77	79	67	15	62	29	41	13	2	89
52	95	30	34	22	12	24	43	3	40	50	80	37	93	60	63	80	80	85	59
99	88	4	17	12	57	28	34	38	68	18	25	62	6	87	36	89	13	41	14
47	19	37	38	86	78	66	38	6	46	82	17	4	23	99	32	52	98	10	62
77	69	64	74	58	54	83	81	56	65	48	35	91	53	39	50	80	36	31	89
30	66	72	10	47	47	40	45	71	92	75	79	51	22	27	45	3	24	86	94
49	97	93	21	32	20	87	52	92	90	44	55	7	76	33	51	59	78	74	23
16	49	87	84	44	53	32	89	81	71	23	42	75	31	32	58	17	22	28	1
20	44	50	53	61	37	58	69	46	70	19	5	67	16	51	96	4	18	40	47
12	24	36	99	39	95	71	60	58	96	67	15	2	4	99	96	56	75	68	95
59	69	42	81	28	54	61	21	58	94	11	14	84	97	61	20	95	37	19	61
6	94	85	92	25	45	25	10	89	39	58	73	40	78	88	12	6	26	3	40
95	99	9	54	62	2	91	48	90	55	52	96	79	80	55	26	48	69	92	40
78	84	15	49	85	6	44	80	94	36	1	42	14	9	31	27	98	81	33	33
52	16	23	86	5	91	96	4	53	62	43	13	11	45	34	35	85	90	77	87
36	34	30	51	88	17	58	69	92	59	64	31	68	84	35	89	44	95	94	88
5	56	12	81	29	1	17	19	8	87	41	98	69	4	85	75	29	68	20	44
65	67	40	79	43	57	83	66	18	88	77	56	29	16	79	60	80	28	23	78
32	5	74	67	71	70	70	74	48	75	78	38	25	13	65	18	3	2	60	7
2	1	94	31	49	75	36	33	84	45	77	3	33	23	98	14	67	71	50	24
22	50	87	74	59	43	61	53	7	42	20	3	37	89	64	25	80	71	37	70
96	39	3	27	55	1	62	26	48	67	53	95	90	89	73	16	23	91	78	31
38	67	11	9	58	30	92	48	91	1	32	44	80	90	71	88	63	14	23	58
18	8	42	50	72	63	48	85	99	71	90	27	33	82	95	47	83	86	74	96
79	40	36	11	55	25	73	89	26	50	41	24	4	31	4	13	87	67	2	75
42	70	95	11	61	83	14	9	50	5	25	26	9	79	64	62	13	26	49	35
68	65	73	93	21	4	59	93	94	45	90	46	54	76	76	20	84	57	52	18
88	46	98	30	78	23	30	89	75	57	15	60	17	75	5	72	27	69	29	24
27	79	16	88	95	90	70	11	15	35	4	17	30	17	12	31	14	95	95	55
49	26	24	63	6	25	54	28	95	85	67	71	28	70	29	28	88	74	4	43
85	88	52	80	23	71	16	47	67	97	84	74	39	15	32	53	46	32	37	47
61	88	45	82	22	54	5	71	64	31	86	97	14	77	17	19	49	85	46	80
74	68	63	72	41	38	84	10	19	43	59	41	12	26	43	3	37	68	62	61
49	5	55	54	94	63	74	66	69	59	18	1	12	12	29	84	34	97	61	74
16	26	83	53	45	49	59	28	18	77	26	84	51	1	58	21	82	56	56	37
36	97	43	43	1	80	38	74	67	75	79	34	34	8	49	94	45	73	55	33
9	72	15	26	8	47	4	80	83	30	57	21	11	42	65	87	76	89	15	50
96	60	91	92	61	47	67	53	11	62	58	6	36	9	94	78	5	79	68	7
13	38	22	95	64	32	17	90	66	63	41	5	34	45	32	1	7	67	38	45
71	7	54	23	52	24	21	14	79	42	55	48	76	83	20	39	35	45	46	44
60	45	78	65	3	98	85	26	91	9	21	52	42	9	32	8	20	46	89	44
25	50	33	52	80	48	52	1	53	54	89	16	65	36	98	90	98	58	51	48
14	72	67	59	64	20	83	71	96	99	96	2	29	61	25	58	98	19	29	88
60	25	60	67	97	8	38	32	40	34	19	16	87	86	92	36	71	46	21	35
68	89	54	4	56	82	86	60	84	46	14	77	44	49	79	73	2	16	86	13
15	4	77	44	88	35	61	7	14	31	17	62	65	98	15	9	19	30	13	40
61	19	23	35	43	9	74	67	99	99	88	27	28	86	4	87	35	88	1	89
41	62	55	76	98	65	75	29	97	55	8	33	63	48	8	95	49	86	24	92
7	7	60	23	63	11	84	34	56	24	92	52	45	80	63	1	45	41	66	83
8	67	84	17	89	33	3	85	46	11	5	83	33	75	35	94	26	48	64	86
21	45	19	98	51	53	72	83	1	64	16	26	69	49	40	59	25	36	88	61
68	53	38	28	43	46	58	1	75	58	61	10	17	29	39	82	34	59	12	59
10	55	43	70	85	99	92	18	54	51	88	50	93	8	6	22	64	4	35	9
65	69	82	52	11	93	31	8	89	33	91	35	33	46	37	80	40	20	20	60
68	21	81	69	84	44	12	30	14	72	86	12	26	90	93	35	50	74	89	51
71	64	96	68	17	32	36	47	11	40	25	94	4	16	48	26	16	16	26	74
98	68	79	37	32	17	65	57	31	65	66	54	52	59	92	5	50	64	71	3
64	84	20	23	57	89	91	89	69	44	73	56	69	10	21	26	10	71	78	48
26	61	39	9	40	77	20	75	4	6	95	50	53	40	45	24	89	62	17	99
58	39	45	32	4	3	33	30	36	65	37	54	79	59	98	65	5	5	51	99
21	15	18	57	7	5	83	3	13	73	46	65	62	73	80	65	96	5	32	32
41	63	58	44	2	29	13	44	76	21	96	1	89	89	29	96	52	43	56	96
2	8	53	73	60	65	37	87	17	90	72	44	76	29	56	37	18	32	32	88
26	59	53	93	72	51	74	4	95	5	42	57	21	35	41	90	13	60	13	59
7	93	94	71	1	12	30	53	65	77	65	44	55	14	75	92	54	94	4	83
34	54	9	17	95	93	25	55	44	23	25	72	54	10	4	76	67	19	55	90
67	47	40	60	36	79	24	66	43	89	84	2	97	66	18	35	4	41	12	59
95	78	63	48	25	79	89	30	77	3	81	2	24	90	89	39	33	61	69	68
97	20	92	28	66	29	98	40	86	83	99	34	8	33	93	6	99	38	12	25
21	86	24	10	59	33	23	64	52	57	28	21	44	98	61	10	33	79	24	30
8	89	94	78	26	18	25	19	46	59	16	55	71	30	2	86	6	76	75	82
35	2	7	72	56	51	49	82	90	63	83	85	39	31	36	5	49	64	14	32
84	45	5	34	5	12	1	59	38	74	95	32	9	88	80	3	76	9	92	75
11	5	48	23	51	77	10	63	62	96	58	25	13	26	90	66	79	55	23	74
35	99	21	3	24	41	43	88	92	24	25	86	9	44	75	68	57	66	34	1
56	65	85	46	11	12	72	27	17	60	88	96	34	67	81	49	20	90	46	51
68	7	82	94	39	99	70	15	26	96	42	32	7	50	72	95	82	72	73	18
64	91	19	12	60	76	27	17	17	94	2	96	79	49	12	98	68	30	10	81
85	34	23	14	42	75	90	85	67	5	98	28	95	82	44	98	75	49	79	35
94	83	44	85	5	38	11	90	37	44	96	67	34	70	89	9	55	93	10	31
81	91	64	33	89	45	57	6	13	75	25	31	75	7	84	20	51	47	49	99
48	13	61	92	33	55	58	62	38	65	96	88	83	28	83	57	60	38	89	59
92	7	54	6	52	35	8	62	6	27	4	27	7	97	89	40	74	80	19	73
32	90	22	39	21	50	17	8	68	51	70	15	76	34	56	41	90	17	91	11
66	40	44	18	59	75	45	5	90	96	88	48	36	31	41	52	11	37	47	48
54	99	22	80	79	84	28	42	61	61	6	83	45	61	72	7	57	73	87	89
86	97	59	74	68	19	2	79	1	11	29	63	40	47	23	27	63	82	28	90
90	41	17	52	7	85	92	65	91	20	55	74	51	43	34	5	16	98	89	22
63	70	87	16	46	10	94	6	69	50	29	34	99	9	52	20	40	74	99	93
89	4	88	45	26	37	88	83	74	1	37	3	69	26	10	85	34	86	53	1
30	8	35	47	59	40	13	86	61	85	18	14	13	57	62	50	81	24	50	54
18	92	43	54	38	98	79	19	41	41	67	58	15	75	13	32	37	27	76	57
27	23	4	74	26	23	32	94	90	37	25	26	10	24	76	9	72	35	48	11
20	42	39	16	21	3	8	5	53	1	55	75	43	45	62	27	53	21	13	68
62	31	26	44	26	47	29	53	13	21	99	87	62	3	31	47	60	34	46	98
18	97	6	72	69	2	80	75	79	51	39	58	6	83	27	12	65	24	55	13
86	20	57	83	11	90	76	85	66	36	24	34	24	88	50	54	83	16	93	72
69	87	66	49	43	83	90	46	50	6	51	80	39	14	76	97	57	22	97	50
96	19	92	84	28	39	87	92	86	39	80	63	99	56	65	2	89	8	83	12
13	76	6	44	43	35	50	8	95	46	86	44	5	14	73	98	53	11	10	68
65	63	36	23	38	27	31	2	58	40	47	17	42	91	54	98	97	5	70	23
87	4	12	90	86	96	39	50	1	1	83	94	73	67	23	68	42	85	88	88
75	44	17	91	37	41	1	82	89	58	6	91	92	69	64	78	95	18	75	63
38	27	52	72	38	96	66	91	79	47	28	46	13	3	79	46	90	57	56	59
21	92	75	32	60	71	53	80	69	42	61	11	37	89	29	42	12	11	83	5
54	20	50	2	23	74	73	23	25	81	5	98	3	13	98	70	69	64	15	96
41	83	89	12	84	48	70	70	41	99	62	30	73	86	43	61	79	81	62	37
31	47	53	13	13	61	41	68	98	92	16	95	80	85	9	67	1	25	7	51
6	68	92	61	44	64	15	19	30	66	22	65	19	61	30	83	91	75	25	30
87	1	57	67	77	61	11	28	84	80	54	88	73	53	91	11	24	24	6	41
58	24	16	8	26	37	79	68	91	67	11	62	42	4	89	75	86	79	59	9
7	65	48	85	71	77	86	9	28	13	77	43	76	10	91	52	11	99	76	92
53	27	29	98	44	40	24	74	27	30	48	66	65	36	37	41	68	16	78	83
23	73	31	23	62	80	76	86	82	30	20	89	75	47	27	67	4	70	28	46
71	36	56	16	77	82	55	2	74	1	69	88	53	79	90	34	69	92	98	87
72	15	70	99	57	62	9	33	38	71	59	82	65	30	2	1	71	59	70	16
83	50	68	74	40	96	83	99	22	83	48	27	82	31	61	27	59	76	56	91
11	67	57	11	54	22	12	44	64	1	64	71	58	36	48	84	86	94	16	76
21	50	57	35	96	13	51	29	45	7	43	22	1	75	5	61	63	77	41	26
31	90	62	91	38	18	11	77	91	99	41	90	26	80	64	58	73	50	56	52
38	84	77	79	15	74	68	4	1	69	31	20	32	32	49	92	35	40	46	79
94	66	34	47	79	42	39	70	41	53	36	10	11	75	96	48	86	78	94	35
46	33	88	92	46	31	70	37	90	16	6	79	93	91	67	84	29	35	44	84
84	78	93	23	4	35	54	29	37	43	5	31	2	33	16	33	91	15	32	33
63	39	10	43	16	74	49	40	27	85	20	96	39	33	51	29	19	38	92	93
80	51	52	48	11	24	68	1	50	27	10	13	42	18	10	61	89	17	46	48
93	60	50	79	2	30	49	52	7	43	22	76	85	99	43	2	80	18	16	23
55	69	82	13	91	17	87	51	89	23	10	91	64	95	3	99	81	64	18	78
95	74	96	55	9	82	72	53	72	51	49	40	81	32	69	22	82	44	1	42
13	63	59	45	20	4	70	82	89	83	74	93	9	2	66	97	29	60	3	52
13	13	54	10	73	49	5	53	2	88	97	2	25	44	45	31	54	93	25	87
61	17	70	26	40	5	18	73	86	39	62	79	55	56	33	40	60	97	15	84
48	72	41	38	42	39	16	79	99	71	47	52	24	99	56	46	47	41	22	22
91	55	4	9	73	1	67	71	90	57	48	42	50	59	80	89	13	42	30	14
65	94	74	42	68	54	91	28	28	36	2	76	36	23	75	72	67	89	63	79
87	69	37	71	1	77	79	81	53	32	70	65	32	12	29	8	10	36	26	21
57	91	74	38	8	83	87	34	82	48	9	72	77	51	96	39	13	11	70	40
97	7	70	78	78	68	19	47	55	48	83	83	22	90	59	42	7	64	95	57
17	60	4	44	90	37	83	74	58	54	2	5	72	57	93	40	27	28	8	42
44	36	90	4	77	79	40	54	44	63	46	89	76	58	80	41	80	12	83	78
4	32	85	12	30	97	7	30	54	80	73	53	46	36	80	64	89	51	33	11
54	99	59	56	46	50	30	15	64	99	69	79	75	7	7	16	1	12	40	19
27	69	56	57	35	37	62	98	51	57	86	3	49	62	10	70	24	35	77	50
24	19	54	11	51	85	36	64	8	91	3	51	61	8	74	70	10	38	70	37
58	70	47	25	86	97	18	99	55	38	7	96	30	47	47	91	98	47	49	43
35	90	76	91	54	76	5	93	98	99	9	9	67	31	34	56	26	26	1	97
68	59	4	54	57	79	47	50	2	10	61	95	30	4	84	59	52	8	35	18
18	94	67	4	85	69	35	55	96	98	51	23	72	1	25	24	86	91	45	55
36	1	72	7	30	27	78	70	4	94	4	90	99	84	44	74	34	87	58	37
36	14	57	70	82	56	56	73	47	82	43	41	59	33	81	57	47	3	67	84
1	62	10	2	64	90	46	83	36	98	20	86	43	9	95	37	36	4	63	12
3	1	52	87	85	77	39	91	80	59	63	15	59	99	94	64	27	3	15	41
6	45	14	91	78	92	97	38	17	59	46	72	95	42	9	33	65	70	93	76
96	51	14	50	63	78	4	77	48	60	20	21	49	75	49	96	33	91	28	54
46	78	55	65	44	52	22	55	53	35	96	77	57	84	33	85	14	68	57	12
51	98	66	20	88	84	70	25	38	97	96	73	65	86	43	70	27	1	4	97
24	14	31	13	16	36	39	52	75	82	53	31	43	40	23	99	66	39	38	15
53	59	98	10	67	56	96	67	3	13	6	15	44	69	80	2	5	55	91	84
51	10	54	6	58	69	90	92	97	96	29	14	17	76	85	25	62	87	67	25
21	79	99	63	58	22	73	93	63	96	22	33	30	63	93	10	89	67	39	36
85	39	29	24	67	65	88	59	24	90	86	15	43	66	71	81	48	40	81	1
36	59	7	71	59	42	69	79	20	87	70	47	98	88	93	37	41	12	7	68
92	47	97	22	31	52	15	53	9	42	68	2	69	73	29	14	70	71	8	62
94	26	86	31	69	67	5	90	45	42	66	92	87	43	81	13	3	95	34	43
38	33	74	46	65	3	60	43	49	81	98	25	15	83	21	90	98	54	76	70
10	92	18	52	33	68	34	61	19	23	32	55	50	6	83	68	99	66	66	28
21	70	44	30	18	78	26	20	97	42	59	69	75	64	26	56	53	40	4	91
63	15	80	71	66	11	52	2	69	78	27	23	78	50	30	27	43	69	81	97
58	50	25	76	41	4	45	7	16	35	55	4	62	80	22	10	96	58	76	11
61	82	41	82	71	35	7	21	33	63	39	74	87	14	30	21	9	63	3	76
75	95	85	9	18	71	96	60	66	47	55	14	28	65	96	84	32	24	40	74
59	49	73	53	24	47	77	86	92	66	26	48	3	81	32	72	91	5	85	75
56	64	98	75	49	16	17	17	44	95	88	88	77	9	55	21	70	57	40	65
49	32	68	57	39	35	1	4	8	78	72	70	54	56	54	26	55	20	76	28
8	66	41	78	24	18	52	52	24	18	72	62	81	43	25	54	3	51	42	30
99	13	43	2	17	79	81	15	77	82	23	14	23	38	70	28	76	97	16	77
97	86	59	94	23	49	43	39	89	97	60	52	2	95	60	1	29	98	99	74
15	36	15	88	5	27	79	45	9	90	19	35	15	67	42	3	45	10	70	72
16	81	51	25	3	25	34	90	79	58	43	46	15	92	70	45	62	59	80	68
35	91	1	20	36	64	87	81	91	63	35	95	75	46	10	89	12	31	9	25
85	78	40	23	11	69	62	70	49	54	88	57	35	57	21	28	72	96	8	93
63	48	51	98	7	88	82	61	49	50	52	93	60	38	49	69	84	24	75	38
36	47	36	32	86	73	19	41	37	80	33	72	79	68	98	73	3	46	76	35
69	77	78	1	31	13	62	83	9	85	87	6	5	99	87	88	46	39	67	20
79	18	97	44	21	87	64	22	37	76	46	68	42	8	71	77	90	94	42	10
52	25	4	81	61	61	4	67	31	28	69	51	68	4	12	70	10	55	35	34
34	28	57	59	5	35	57	49	41	69	32	36	21	91	85	81	42	59	8	69
35	84	36	33	63	75	95	76	86	1	45	60	19	12	91	33	76	86	17	6
37	89	5	33	42	3	4	48	59	12	82	65	94	64	61	76	87	18	75	1
84	94	3	55	12	19	45	20	84	31	24	90	94	99	38	17	8	55	4	96
32	28	81	6	38	75	27	57	99	96	97	85	36	68	89	50	39	29	16	80
93	79	33	50	11	61	75	89	75	16	30	38	60	61	36	57	47	88	71	52
81	5	25	75	77	48	48	98	22	71	83	30	55	41	3	73	51	69	94	40
56	9	25	34	91	23	52	58	7	25	99	50	23	15	59	19	71	9	75	14
5	65	18	57	80	87	31	1	35	44	65	98	16	98	84	31	80	11	77	22
36	49	63	70	75	47	52	62	85	30	12	77	80	12	62	16	20	72	27	68
50	55	77	22	46	54	90	35	54	47	33	44	16	69	11	19	47	47	92	43
39	91	63	11	39	39	87	90	62	29	96	2	10	82	57	36	44	86	48	54
90	77	73	11	78	11	23	72	52	62	66	36	94	79	5	95	72	56	84	84
42	79	79	88	18	15	57	8	3	56	23	32	89	60	89	30	75	21	90	96
38	88	24	43	41	34	9	70	33	69	55	53	69	3	25	52	23	47	38	27
16	35	94	52	46	71	64	90	65	32	78	2	26	41	88	35	33	90	24	37
48	81	36	30	16	85	8	33	93	54	57	87	3	85	12	63	24	74	88	77
54	87	24	31	60	16	13	12	93	65	52	77	26	96	65	42	72	33	18	7
24	68	89	84	91	21	83	96	92	14	26	22	45	34	30	64	65	22	62	54
65	2	24	57	55	59	18	72	46	97	7	30	8	45	72	95	95	10	17	74
43	46	76	8	39	5	8	94	21	39	37	90	59	77	30	95	46	41	15	8
41	66	94	14	22	7	28	12	28	35	50	16	24	45	82	97	54	16	29	38
18	4	7	52	76	12	63	20	17	14	30	57	17	73	32	99	42	95	8	18
36	5	18	3	40	66	5	82	8	64	56	24	11	68	82	72	40	10	38	1
16	75	38	18	17	64	97	94	96	76	57	41	18	13	3	85	72	7	1	51
39	19	77	91	25	68	37	33	59	74	14	5	39	92	28	68	46	39	22	23
35	48	23	80	64	56	16	33	26	69	32	26	11	82	75	71	44	60	46	28
13	65	73	49	85	83	75	80	90	72	7	7	37	41	58	44	21	9	86	93
63	3	48	8	98	41	33	73	13	59	1	35	9	99	7	10	63	2	76	16
41	13	20	56	20	49	11	20	30	93	1	78	81	45	81	67	15	25	57	87
30	52	40	43	69	17	8	1	56	3	25	53	67	54	15	12	59	41	97	41
5	83	54	67	67	94	75	61	42	47	48	29	74	90	50	14	73	11	63	24
97	23	77	77	87	63	69	61	60	12	43	87	50	25	21	50	72	48	36	31
32	59	77	10	85	78	63	2	87	17	29	99	90	74	32	49	80	78	64	4
81	75	78	79	76	81	37	92	11	62	29	24	60	38	45	3	1	8	96	30
2	12	73	17	50	11	74	83	45	22	69	42	69	66	25	52	63	82	86	44
35	58	24	45	24	83	23	24	57	7	80	67	28	65	34	49	73	38	62	46
72	18	7	11	16	41	41	82	33	15	24	80	96	45	24	50	72	21	32	56
92	21	18	73	11	44	69	79	11	27	58	9	22	35	39	75	91	61	9	54
93	35	58	61	69	23	23	6	3	76	58	16	94	72	80	53	20	3	23	28
29	81	63	52	21	75	95	55	73	10	91	52	94	82	40	33	33	27	47	18
98	3	58	31	79	74	94	25	21	45	83	81	42	68	64	76	92	37	49	19
56	18	64	38	18	82	26	82	45	53	69	71	14	83	40	28	70	6	56	70
56	21	81	1	70	2	76	29	1	64	88	78	90	52	90	76	62	21	81	83
35	83	78	36	10	32	35	68	24	60	26	72	4	99	47	68	59	98	41	31
63	9	71	89	61	97	92	78	26	44	57	35	77	66	4	4	65	8	5	35
61	79	5	60	34	71	12	75	56	27	13	80	52	60	19	4	76	16	90	21
91	46	61	91	64	16	32	85	98	2	71	89	99	54	71	16	15	48	17	29
57	78	67	34	65	55	84	93	61	27	38	38	59	48	93	28	42	60	63	65
47	76	67	21	44	15	66	86	19	33	70	5	60	36	13	4	41	60	75	59
97	27	83	52	39	92	8	38	44	88	71	44	90	42	82	39	45	56	80	81
60	4	5	64	35	5	14	18	78	29	95	30	71	11	77	53	2	61	85	97
97	16	97	24	74	2	54	14	97	6	51	96	57	21	11	2	11	2	25	30
55	90	13	91	30	99	94	20	64	32	85	80	61	36	99	90	7	30	53	17
31	72	26	38	32	10	13	52	80	62	8	56	3	25	75	13	14	8	30	27
9	77	56	95	66	32	72	52	13	39	2	48	21	43	89	3	72	14	70	31
44	77	40	50	79	12	71	30	27	11	83	36	86	80	70	8	7	49	84	21
41	66	82	42	50	22	66	5	77	75	22	51	74	75	34	34	17	44	1	69
23	54	34	34	42	22	98	92	41	93	17	75	5	10	15	28	38	9	32	90
5	68	98	70	9	33	11	8	82	79	91	67	38	77	87	38	30	56	6	77
89	26	15	51	34	18	59	22	28	53	57	59	16	17	5	16	47	71	13	19
9	49	89	52	89	17	16	52	63	33	45	84	69	9	32	15	93	89	57	8
44	47	6	85	47	76	18	82	33	47	56	38	45	20	54	45	24	23	15	62
25	14	40	64	32	44	68	84	71	97	70	33	20	62	69	76	34	23	20	97
77	14	52	72	8	25	42	38	54	29	46	84	42	73	86	49	77	3	73	22
12	97	15	60	69	39	19	63	96	92	12	39	16	17	48	89	36	30	79	24
54	77	10	8	10	18	84	77	98	65	19	11	6	66	46	96	51	49	68	78
93	48	45	57	57	59	87	83	27	98	94	7	34	51	96	25	8	23	43	76
60	10	31	73	3	6	80	47	17	45	70	24	69	39	99	68	30	91	53	10
92	39	57	23	60	7	61	55	9	61	55	42	38	98	14	51	42	45	50	68
32	60	13	64	99	57	63	93	91	92	13	62	32	59	41	10	49	30	98	78
95	19	95	69	64	4	17	67	65	63	85	24	66	97	9	84	7	71	27	14
13	21	93	75	47	89	36	29	85	48	27	86	99	17	9	44	76	86	50	40
43	41	85	57	5	25	1	46	70	5	96	65	11	70	61	95	69	27	40	91
54	30	31	39	61	64	17	55	13	27	67	67	45	34	62	42	93	89	71	54
6	83	17	69	52	95	73	54	77	99	77	70	96	88	79	11	97	63	97	48
92	68	47	46	99	23	6	62	62	23	33	93	69	32	78	11	25	79	68	36
5	42	50	52	44	51	40	55	99	66	56	3	86	46	5	2	4	47	51	73
52	84	8	83	75	49	5	76	97	59	66	7	60	22	99	17	28	80	20	25
11	11	45	53	74	46	55	20	58	82	35	61	13	7	7	25	48	33	64	65
22	47	37	32	35	78	45	26	8	12	81	82	8	69	36	18	5	20	10	75
70	25	82	52	81	97	51	43	25	95	15	88	4	42	83	76	59	52	78	93
65	25	27	5	72	59	87	46	6	82	64	70	26	93	12	92	97	59	28	94
28	63	76	54	92	83	18	80	71	99	89	72	99	91	49	50	85	63	74	12
85	77	3	75	29	74	82	55	98	10	3	63	3	36	66	36	63	98	49	3
63	82	13	98	38	39	84	72	64	76	6	34	84	59	88	3	11	42	83	39
77	91	57	70	19	58	95	39	35	33	56	20	38	37	57	22	91	84	88	54
21	3	12	28	7	59	63	89	75	86	61	42	63	67	51	68	28	76	70	59
96	9	19	96	68	5	78	94	78	66	30	16	28	26	24	56	83	2	35	42
84	24	80	42	80	89	42	16	1	8	43	50	89	52	58	85	69	57	82	81
64	49	21	35	6	11	9	88	82	4	31	16	38	81	30	46	83	55	9	92
50	31	8	59	10	37	20	14	79	63	78	12	70	75	22	44	1	3	87	35
29	92	97	81	13	43	46	95	95	34	71	60	8	8	53	72	24	75	67	71
99	97	1	55	18	71	34	95	61	44	94	20	50	78	6	30	91	20	33	22
10	7	33	78	90	59	20	84	63	45	20	74	31	4	70	69	33	54	44	89
46	80	41	96	30	47	33	29	97	4	30	96	37	50	60	88	22	72	56	6
21	46	55	36	37	38	10	79	90	88	40	92	50	79	22	19	41	54	78	7
3	74	36	82	67	51	37	86	59	14	55	15	6	77	30	86	22	74	42	64
22	85	61	58	5	57	64	42	52	7	40	60	80	90	35	98	66	15	8	3
21	90	43	63	49	98	19	16	15	62	84	96	33	90	98	10	28	98	22	81
12	23	50	90	40	62	40	96	97	22	77	90	59	53	87	44	51	51	68	32
71	7	38	17	49	65	5	47	26	35	7	86	69	83	78	44	54	57	43	68
54	55	57	18	39	6	20	3	72	17	24	88	74	58	74	9	85	45	59	6
78	22	84	79	9	80	87	3	81	12	87	20	14	1	15	94	18	77	77	80
31	33	19	19	4	27	34	86	72	39	68	68	79	60	28	95	78	78	48	94
72	29	95	24	15	63	51	38	92	6	43	46	95	35	37	90	1	56	8	96
95	58	81	6	74	95	91	14	87	93	57	28	10	71	63	8	1	61	1	37
79	60	47	10	8	71	66	64	41	69	20	68	25	31	51	99	84	81	61	40
30	38	10	20	34	40	5	8	23	62	17	96	8	50	97	70	68	13	77	84
60	63	79	36	37	48	84	67	36	43	60	97	78	50	32	7	91	73	26	44
23	89	17	3	23	22	58	71	82	30	73	4	97	63	29	9	95	77	6	40
2	58	98	30	17	57	65	27	46	79	17	12	75	97	63	73	60	48	66	13
5	48	72	27	27	70	44	44	34	83	17	82	74	95	88	90	66	25	25	6
95	28	6	74	98	23	28	39	6	23	55	51	43	28	15	7	51	77	60	41
99	1	14	11	50	71	29	83	12	16	95	88	38	51	55	2	25	32	50	20
93	69	25	76	82	48	73	20	97	41	16	86	69	70	2	20	9	5	83	48
17	12	84	50	11	69	6	28	74	64	16	41	53	93	15	65	32	2	83	89
62	33	15	37	84	95	15	12	1	32	23	5	58	20	23	69	50	72	26	23
18	24	93	23	40	23	60	14	70	62	49	38	42	94	17	57	90	6	67	40
15	42	45	15	33	57	83	97	99	66	44	55	5	77	48	46	14	43	8	72
75	86	97	5	97	50	82	1	83	93	89	11	13	46	48	25	76	55	55	77
47	19	11	12	76	42	91	29	22	22	48	9	43	96	20	51	87	53	81	40
97	14	56	20	41	10	69	20	60	18	7	9	79	31	39	13	96	69	83	88
20	9	85	98	59	70	77	22	75	86	24	15	36	65	60	27	44	65	60	5
46	40	24	39	6	32	9	24	42	92	5	67	13	8	93	87	51	33	32	52
3	92	88	98	6	91	84	16	55	60	71	19	17	37	57	3	29	14	58	15
59	58	62	50	2	83	18	48	63	67	82	19	38	52	25	45	37	13	46	6
22	24	21	54	62	55	89	14	20	85	56	64	7	79	11	48	84	68	29	4
11	78	39	44	83	52	68	85	19	72	23	83	80	70	22	57	62	57	81	31
19	55	44	4	7	45	96	96	25	76	27	41	18	81	51	34	58	6	91	5

12	2	10	20	14	1	11	8	17	17	19	19	14	16	11	17	13	4	5	14
8	13	5	17	18	20	1	5	10	17	17	8	4	8	19	13	10	9	1	8
12	17	19	19	10	8	14	3	1	15	5	20	15	20	8	8	17	16	17	8
16	9	8	9	9	2	13	20	19	18	10	5	9	11	14	16	5	3	4	2
4	16	11	6	14	11	20	14	9	20	4	12	5	11	19	12	20	11	1	16
13	20	15	16	19	10	3	17	17	14	13	2	1	12	18	14	9	20	3	5
1	18	14	11	3	15	9	2	14	9	6	5	5	11	19	6	7	4	9	16
18	19	15	1	13	4	15	13	2	13	10	20	5	10	15	5	17	14	7	5
2	15	20	17	3	13	17	7	9	1	14	6	11	17	2	10	2	13	3	19
19	12	13	17	14	7	2	10	10	14	19	10	13	19	6	5	20	13	5	4
1	13	8	12	15	9	12	18	20	8	12	9	6	19	12	14	20	5	15	14
11	19	3	3	7	8	5	13	8	8	12	15	6	10	19	3	8	7	8	7
19	17	3	18	16	14	3	14	10	3	13	12	12	9	5	18	11	12	6	4
6	9	5	1	19	4	2	11	14	17	16	14	17	14	9	5	12	6	13	18
16	7	18	8	5	10	6	18	5	11	13	14	6	11	6	7	20	18	13	8
14	18	9	15	20	1	14	4	2	5	12	9	8	9	4	19	12	11	5	8
13	4	13	14	2	8	10	8	14	20	19	18	12	17	17	11	12	10	4	17
6	11	2	11	11	8	4	10	1	20	3	7	7	6	16	17	6	12	17	7
4	6	9	5	11	3	8	17	14	4	20	12	11	20	13	9	1	16	9	11
3	5	17	2	6	13	3	13	1	7	15	19	11	2	2	5	17	17	5	9
9	15	10	12	17	13	18	11	19	10	9	4	9	20	10	1	6	8	2	3
8	4	12	18	17	16	8	2	15	16	13	4	16	16	15	18	20	16	12	6
12	17	20	7	1	10	8	12	20	7	13	17	15	1	6	7	4	13	19	2
11	4	18	20	4	16	6	4	3	7	8	11	11	2	1	14	5	19	15	18
4	4	1	15	11	1	2	11	14	17	7	10	15	12	12	11	19	16	11	19
4	9	6	4	19	15	20	17	5	17	10	5	3	11	15	5	16	13	1	13
13	16	9	15	1	9	8	13	5	16	8	16	14	5	1	15	14	11	16	11
6	14	9	4	11	9	13	12	18	16	15	4	8	16	15	10	15	8	12	17
2	5	18	3	14	5	12	1	14	12	2	1	19	2	6	2	1	2	8	1
20	11	19	3	9	19	9	12	2	6	9	10	8	14	13	17	17	6	7	14
9	20	13	11	14	13	13	7	8	19	9	2	18	6	16	3	15	10	1	2
9	18	7	3	17	9	2	11	6	10	19	16	9	12	17	14	10	7	8	13
14	10	13	10	13	9	8	6	18	11	1	2	15	18	2	11	9	14	15	16
3	19	11	11	10	8	19	20	9	12	9	9	4	16	17	13	20	18	19	3
13	19	6	1	15	17	18	9	19	4	5	4	6	12	13	12	20	19	9	3
2	15	16	16	6	10	18	5	12	10	14	9	18	3	18	15	11	2	17	17
3	4	20	11	18	3	3	7	5	15	7	6	19	18	20	17	7	13	15	13
9	9	18	15	5	16	13	1	3	2	2	16	1	9	4	17	16	14	1	10
13	15	7	1	1	19	5	19	13	12	20	20	9	15	11	1	4	14	4	15
3	13	13	3	1	12	11	4	8	19	17	11	15	6	11	10	1	12	10	12
7	6	11	1	9	9	2	10	5	13	5	5	2	5	12	15	10	15	14	8
1	12	12	3	19	16	13	20	14	11	9	10	18	1	4	1	17	7	18	17
11	10	1	8	14	11	5	8	9	5	16	11	7	18	2	11	7	14	9	10
17	13	20	17	15	3	4	1	11	17	15	11	6	14	18	15	8	6	16	14
16	7	11	18	5	14	2	14	16	4	9	16	17	4	5	15	15	16	1	13
11	3	18	17	6	4	19	19	19	2	16	5	20	20	8	2	18	13	5	15
1	17	6	13	8	2	4	14	5	6	15	2	16	20	6	17	4	6	10	12
6	3	12	10	16	4	5	15	17	3	9	10	12	7	12	5	16	20	4	4
13	18	17	4	11	5	5	1	20	14	6	16	5	14	14	19	1	15	20	18
11	16	19	8	8	9	7	13	3	14	18	4	12	17	1	19	11	19	16	10
5	15	18	10	14	7	7	10	12	19	7	14	5	15	14	3	5	5	12	4
19	16	3	16	10	5	13	16	2	20	10	14	11	6	5	17	13	19	15	6
18	8	5	14	20	5	14	20	11	2	8	19	1	20	13	6	1	4	5	17
1	14	12	17	18	3	5	1	13	12	12	13	6	18	15	15	4	7	5	20
14	17	13	6	13	4	3	20	20	7	16	18	11	3	14	6	1	11	10	4
1	5	15	6	14	5	2	20	19	16	17	18	12	1	6	1	17	14	17	17
3	2	20	2	2	17	6	15	14	15	20	3	19	2	2	14	19	10	2	7
9	16	7	16	20	13	1	6	4	19	10	9	20	5	18	19	17	20	14	4
4	8	12	10	9	15	9	10	3	3	7	13	8	17	9	4	20	10	9	5
1	14	4	15	16	11	12	20	18	2	11	13	4	13	6	4	17	8	19	16
3	2	1	2	14	19	16	3	20	18	10	3	15	3	5	12	18	3	13	11
12	5	7	10	3	15	20	9	14	6	13	17	19	8	7	11	20	5	20	7
11	3	14	7	4	11	15	2	2	5	10	1	17	2	16	1	6	19	18	16
12	10	19	4	4	5	1	4	15	5	2	14	12	18	18	13	3	1	20	2
14	19	5	1	14	2	19	19	8	20	16	17	14	9	5	11	3	13	18	7
20	20	10	1	3	15	17	6	10	9	2	13	7	14	12	20	9	1	5	1
3	16	11	10	16	8	10	18	19	17	12	13	19	5	5	1	3	15	9	19
1	8	17	14	4	9	1	1	11	4	14	15	10	18	6	10	14	20	12	15
7	12	8	5	6	16	17	10	7	15	12	8	9	10	9	15	9	13	19	7
15	15	16	3	14	9	16	13	7	15	18	16	3	4	7	2	18	11	6	16
14	4	17	13	15	13	14	20	16	3	16	3	9	1	20	16	15	18	5	14
2	14	6	15	15	10	3	2	5	20	3	6	5	17	14	15	6	18	14	14
12	15	17	9	9	8	11	15	11	18	7	20	3	3	14	7	5	1	13	3
3	10	20	17	19	9	10	14	13	16	10	1	7	17	16	2	20	11	4	17
19	14	20	1	16	5	15	17	11	8	5	18	8	10	18	1	5	13	4	1
4	8	6	20	17	12	1	9	4	6	9	5	15	12	17	4	8	10	5	10
8	16	19	18	14	13	7	2	3	15	10	3	15	15	12	20	19	7	2	7
10	12	12	16	6	20	12	5	4	1	13	18	17	13	2	1	4	13	18	6
16	4	11	14	7	11	7	20	14	3	9	8	20	2	6	18	3	9	17	15
1	15	9	2	11	17	14	8	7	16	17	19	6	18	15	9	15	19	15	18
8	17	17	16	17	18	16	10	15	15	4	19	6	5	1	19	7	15	7	16
20	15	1	2	17	12	4	2	8	8	17	12	19	8	11	20	14	10	5	6
2	17	3	7	15	2	3	15	1	16	11	17	8	19	7	20	13	19	7	8
5	17	9	2	8	9	11	18	19	3	15	5	5	5	6	3	14	20	14	10
12	15	7	12	17	7	17	18	6	14	10	19	4	3	7	3	15	20	20	6
4	10	10	2	5	4	16	5	7	14	1	5	10	5	7	16	17	15	9	20
13	18	10	10	18	14	7	4	11	16	6	14	14	12	5	17	3	6	11	9
4	20	18	19	20	16	19	16	2	10	11	15	8	5	7	4	14	14	15	18
3	4	20	19	5	7	6	11	2	3	11	7	19	15	6	8	2	18	6	3
15	13	1	15	4	3	10	10	17	6	7	19	9	12	13	3	5	6	4	4
19	13	20	14	2	13	12	13	15	15	17	2	16	3	9	13	8	1	14	20
1	15	2	12	12	6	20	7	6	3	8	8	15	13	4	18	4	7	10	19
20	9	14	11	6	20	9	18	13	1	9	18	7	8	20	17	1	19	5	17
7	11	18	19	2	4	15	17	19	14	19	12	9	19	10	14	3	19	15	15
7	9	11	3	16	1	4	5	3	6	2	11	10	12	8	7	14	1	16	17
13	19	2	16	15	18	16	14	6	11	9	19	2	6	8	9	9	13	4	13
8	15	20	2	14	8	20	6	19	9	7	19	3	1	8	18	16	20	7	10
12	14	8	15	2	20	11	1	18	19	2	17	12	18	14	12	13	1	4	15
5	13	12	5	13	7	17	20	18	18	11	11	3	13	2	16	11	4	3	14
2	7	6	11	15	2	20	17	10	3	20	9	11	20	4	19	10	5	13	10
12	17	19	20	4	3	4	14	8	11	3	12	17	10	12	14	6	2	9	15
17	5	12	4	19	15	1	5	2	17	3	10	9	5	5	9	10	15	10	16
17	19	8	8	15	6	11	10	18	14	15	18	5	14	7	10	10	11	8	1
9	20	15	3	10	10	6	10	2	6	8	18	7	16	2	8	20	16	4	10
17	10	1	18	4	6	2	3	3	15	9	17	13	16	15	2	8	7	9	14
19	6	9	1	20	20	15	20	7	20	8	10	6	16	13	14	12	9	15	10
1	8	5	8	12	8	2	6	17	13	2	7	5	13	17	11	2	13	7	5
4	19	1	3	1	13	2	4	18	17	18	14	8	9	5	9	3	9	7	20
2	2	3	16	7	7	5	9	8	8	11	2	6	5	19	1	2	12	12	18
6	3	18	12	20	5	4	11	18	1	11	4	6	10	5	11	1	16	6	3
9	4	5	15	16	16	8	17	3	7	10	19	15	4	9	12	15	5	4	6
10	9	2	1	2	8	6	1	20	12	20	13	4	4	7	14	17	6	2	19
18	11	19	6	15	20	7	15	10	6	12	13	14	12	11	9	17	5	9	19
11	19	4	11	17	13	3	17	8	14	4	12	9	12	11	14	5	5	12	19
11	4	16	16	4	3	15	10	13	9	10	14	18	19	19	8	12	14	13	9
1	5	9	9	3	5	14	16	4	8	12	10	8	7	15	7	1	11	12	11
9	8	11	13	13	3	9	6	14	15	15	1	9	20	15	20	13	4	7	3
10	2	13	14	17	18	5	7	14	2	19	6	20	1	17	16	11	18	18	9
1	5	12	17	3	19	20	7	14	9	17	10	19	2	19	19	3	14	11	20
13	14	8	2	1	13	13	5	17	14	20	1	8	15	19	6	2	20	2	5
7	17	13	14	11	4	7	13	12	12	1	4	13	11	20	15	5	13	11	14
2	10	17	4	2	1	12	1	5	6	3	2	2	9	9	12	13	17	9	3
4	20	14	4	9	14	8	1	15	16	17	15	7	16	5	6	4	4	16	10
16	6	16	9	19	3	9	12	9	17	20	18	7	12	2	5	10	13	5	13
13	16	6	9	14	19	13	4	9	15	1	19	18	14	20	10	16	13	17	6
16	16	14	4	7	14	3	2	1	12	5	5	3	15	9	7	8	14	7	7
20	4	8	6	3	20	7	17	20	6	17	17	10	14	17	19	2	15	1	17
18	1	20	2	10	15	1	9	11	9	14	5	12	20	14	18	7	12	18	17
16	5	13	16	10	4	16	13	6	8	1	4	1	14	10	16	6	12	18	7
5	4	5	4	6	18	11	12	9	9	10	5	14	11	6	19	9	7	13	17
13	18	11	10	1	17	16	2	15	11	18	20	8	4	18	14	2	2	9	8
18	8	6	10	6	20	10	17	7	9	16	9	10	7	13	20	13	16	5	2
12	20	6	15	10	3	13	20	10	4	1	6	15	2	12	2	5	19	11	7
13	16	16	14	16	15	18	17	6	11	2	1	13	11	9	7	8	15	15	19
9	16	19	2	13	20	20	14	11	18	1	6	11	6	1	5	13	5	2	20
12	1	4	18	19	7	6	20	20	19	20	6	12	20	3	15	13	6	5	20
6	5	9	1	5	14	14	4	17	12	19	18	19	20	5	5	8	10	15	6
7	8	11	1	3	19	16	6	16	17	18	9	5	5	20	5	9	6	14	19
12	15	10	12	4	9	15	8	13	11	9	15	15	19	4	18	9	7	11	10
17	13	18	17	4	16	13	5	4	7	17	10	15	2	1	14	10	2	15	1
5	14	16	8	14	5	9	7	17	13	11	2	12	11	4	17	17	5	18	3
19	20	19	1	8	18	17	4	15	12	20	11	19	7	3	2	20	20	2	14
18	14	12	17	2	9	3	14	12	10	11	9	17	6	3	14	3	12	5	3
6	2	7	7	6	15	10	14	14	17	6	2	9	20	4	11	14	9	12	14
20	19	13	14	16	10	2	8	4	17	8	4	20	4	8	7	7	20	11	4
17	8	2	11	17	14	3	5	12	2	15	12	13	2	12	7	12	8	18	16
12	11	13	20	4	18	13	19	5	4	20	7	9	11	4	18	3	15	14	1
5	18	10	2	11	11	9	15	17	19	18	12	16	6	14	4	2	11	11	1
7	10	12	5	20	13	13	11	8	9	9	2	11	4	17	1	4	20	2	9
14	10	19	12	7	2	5	13	8	6	5	11	16	2	2	3	7	17	7	17
11	9	8	5	17	1	6	16	10	10	9	6	9	9	2	16	2	19	10	18
9	20	14	3	2	12	4	11	16	1	1	8	14	18	20	17	10	13	20	16
4	6	5	3	10	3	1	8	6	3	3	18	5	11	9	6	16	3	6	10
20	16	7	17	8	18	12	10	6	12	5	6	14	13	3	3	20	3	4	12
4	20	19	7	17	13	4	17	15	20	7	12	1	2	5	15	1	6	6	15
1	18	18	11	20	12	1	18	15	15	15	3	6	13	3	2	15	6	14	19
15	7	19	19	6	20	20	15	17	11	11	9	1	5	4	17	7	3	11	14
11	2	2	10	18	6	18	12	17	7	4	3	13	6	17	12	2	17	17	3
13	9	11	19	17	6	11	1	17	11	4	19	1	1	11	17	4	18	17	4
4	2	13	6	8	14	4	7	1	14	20	18	16	7	3	13	20	8	3	9
14	10	17	11	10	13	4	5	14	16	20	15	16	12	4	9	12	3	15	13
8	1	2	4	16	5	11	16	16	1	14	1	9	14	12	9	6	4	1	20
4	20	15	16	11	13	11	13	1	16	4	2	11	10	6	11	4	13	4	14
8	20	10	18	19	19	14	13	4	4	18	14	19	14	14	9	3	7	6	16
7	20	7	9	10	15	12	10	6	6	7	9	12	3	18	14	14	19	5	2
20	3	15	5	1	11	11	7	17	9	15	20	4	18	11	15	7	19	5	15
16	5	2	7	8	13	9	5	18	17	2	17	6	13	1	2	6	11	16	4
10	16	18	18	6	7	13	16	12	10	18	8	8	14	16	9	18	11	15	6
18	5	16	3	10	18	17	12	3	19	11	2	16	4	1	8	7	11	8	7
10	8	18	1	1	9	3	19	6	12	10	19	11	5	13	6	13	10	12	5
20	3	18	11	2	3	13	3	12	6	3	12	10	17	6	20	15	20	6	6
14	19	17	14	10	11	4	19	6	2	15	16	20	17	17	18	7	4	15	8
16	5	8	7	16	1	10	13	15	12	7	14	14	3	9	20	8	4	15	19
20	16	7	7	3	3	17	7	10	17	16	3	15	14	18	5	6	18	9	13
3	4	1	11	17	16	6	12	17	10	7	3	4	8	3	2	1	5	13	2
17	7	15	7	19	17	4	10	1	18	17	11	3	15	7	1	18	13	19	19
15	18	3	13	9	7	15	14	13	16	6	20	9	5	18	15	7	8	16	8
8	19	5	9	8	2	15	5	4	15	5	12	1	4	4	20	6	20	7	2
17	6	5	5	18	13	1	1	8	11	6	18	1	16	8	8	5	17	16	11
9	4	13	15	12	9	13	3	8	6	20	9	3	15	12	8	10	19	14	13
16	16	11	9	3	18	7	15	6	14	6	11	3	20	19	8	15	18	15	2
16	11	14	19	15	2	1	17	4	2	16	9	5	4	9	1	9	16	11	2
8	1	14	10	7	18	18	13	11	11	12	2	5	17	6	4	6	17	6	20
16	16	18	7	11	11	4	16	8	11	9	19	1	1	10	20	2	2	11	2
10	4	20	8	9	14	16	14	10	19	10	12	9	9	2	10	18	6	4	11
14	10	18	17	9	19	6	20	20	17	10	20	7	8	8	7	16	11	15	4
19	5	16	9	1	15	9	13	5	7	8	5	9	5	9	4	17	1	9	9
14	17	7	7	14	7	12	3	16	16	1	1	14	4	19	4	8	8	2	6
14	7	11	13	14	8	7	13	15	10	7	14	13	13	4	1	19	11	17	19
13	4	2	17	8	12	19	16	19	2	19	7	16	16	10	9	6	12	19	3
9	4	11	11	6	13	4	3	19	18	1	14	9	3	9	7	16	6	14	2
20	5	8	2	2	15	6	15	15	5	9	20	8	8	9	12	17	13	10	17
4	17	13	13	10	13	14	3	4	4	1	12	17	12	10	11	17	10	14	3
7	10	5	2	3	16	16	16	19	12	3	12	13	3	2	7	8	19	20	3
14	5	17	8	7	13	5	15	1	7	1	7	14	4	12	20	18	3	4	7
17	9	4	15	7	11	11	19	10	2	7	5	9	20	13	15	16	20	2	14
12	11	6	2	9	11	15	18	17	9	3	13	13	20	8	4	20	13	14	6
13	19	12	18	1	8	5	5	3	11	10	4	5	2	15	14	7	15	4	8
14	13	9	15	14	14	13	14	8	16	19	12	16	15	19	11	1	11	7	13
7	14	1	6	14	13	11	11	8	18	20	10	15	1	15	14	13	12	8	7
16	2	8	5	10	9	10	2	17	11	14	8	11	8	18	19	10	6	6	5
8	7	8	20	14	6	4	5	4	14	20	4	1	6	1	12	14	7	19	2
1	11	20	8	11	6	20	20	10	11	8	14	16	7	20	6	18	18	9	6
15	11	3	18	15	1	19	20	3	14	8	9	4	9	5	10	8	2	2	12
14	5	13	5	9	10	1	13	6	2	6	7	2	2	11	2	6	18	4	4
17	6	14	13	1	1	17	9	20	2	20	1	11	1	3	2	4	16	13	7
9	6	3	15	11	1	14	13	10	2	9	7	12	10	2	2	4	8	7	13
11	14	14	19	1	16	10	10	7	18	2	18	15	18	12	16	3	16	1	2
20	4	20	7	14	17	18	7	1	2	19	13	11	2	18	8	10	5	3	20
6	6	19	18	13	16	4	19	2	7	20	17	19	10	6	18	19	10	17	3
15	13	17	12	11	16	10	11	5	1	18	15	19	9	20	3	6	8	13	11
1	20	15	17	8	13	2	4	15	18	14	13	5	16	10	1	16	4	9	16
2	11	7	17	20	15	2	11	1	2	19	1	12	11	19	16	12	7	12	15
1	2	4	1	8	7	1	2	2	7	11	3	14	17	5	9	1	3	4	16
20	20	19	18	13	15	12	3	12	3	18	14	10	20	20	7	19	4	19	4
9	3	2	14	19	13	16	17	4	8	10	7	2	15	7	12	20	18	10	2
17	16	15	1	1	8	14	12	8	5	4	15	11	7	5	12	11	11	18	12
4	16	16	13	3	15	5	15	6	12	13	5	4	12	20	14	6	13	19	1
10	20	2	3	16	5	3	9	13	1	2	14	14	14	10	5	15	20	12	11
11	18	5	3	10	11	4	5	8	17	4	3	18	6	17	20	17	10	17	2
16	18	1	18	15	3	6	13	15	1	13	4	18	15	11	6	7	16	8	17
13	17	17	10	4	12	8	2	8	7	5	4	8	10	17	2	12	12	18	7
11	2	5	5	7	13	4	14	12	7	19	19	17	20	13	2	14	1	20	10
18	4	7	6	17	2	1	18	18	18	11	10	18	13	4	14	16	19	9	14
20	17	9	7	2	12	4	8	8	14	17	20	9	8	14	12	18	4	3	14
4	2	6	5	3	19	9	14	15	3	11	5	5	9	9	13	17	8	17	1
15	8	3	20	20	13	18	19	4	18	20	17	17	6	3	8	3	15	4	2
11	14	15	2	19	13	18	10	8	18	11	1	7	12	18	2	11	17	4	7
10	7	19	20	18	8	15	16	16	14	6	9	1	11	11	6	2	5	12	15
10	16	3	11	11	13	5	18	17	10	9	13	2	17	11	9	9	11	2	20
5	8	2	3	17	11	5	3	2	18	18	7	16	15	9	6	1	17	20	5
3	12	13	9	4	5	7	18	1	6	9	11	5	2	8	17	5	9	16	6
8	16	8	12	13	19	15	11	8	18	11	6	1	7	19	18	13	19	14	17
12	1	17	1	18	4	13	9	11	10	10	16	13	19	1	14	9	5	4	19
13	7	7	2	19	4	14	13	7	11	12	12	4	4	14	2	12	16	3	19
16	20	6	15	13	16	8	12	16	5	7	2	15	20	18	19	8	2	12	18
9	9	13	19	19	11	14	3	13	17	2	12	6	6	2	9	11	4	2	8
13	13	17	2	15	17	11	10	9	1	1	10	19	18	10	3	11	5	18	4
19	5	11	10	18	7	13	10	3	19	12	7	1	13	12	11	4	3	10	3
6	2	3	11	19	6	16	18	3	14	18	13	13	14	9	14	10	4	15	20
6	8	2	3	13	8	5	10	10	17	18	11	10	10	19	2	9	4	17	13
12	2	5	17	2	14	10	7	3	16	10	2	8	10	15	13	2	6	16	6
1	15	15	19	1	7	8	9	1	12	9	4	5	9	10	2	18	12	15	7
10	19	11	7	5	13	5	20	14	8	14	6	15	17	17	5	2	1	12	1
6	13	15	16	17	18	16	16	3	5	6	13	3	1	1	15	1	16	10	20
12	13	9	12	18	15	15	8	13	1	14	7	9	6	16	18	20	16	5	14
5	13	10	4	9	6	8	17	7	5	10	13	6	20	11	2	16	16	1	18
11	1	5	12	6	18	2	20	18	19	9	15	8	19	17	12	1	3	18	15
5	13	9	20	19	7	17	14	13	12	2	5	20	15	8	18	11	7	5	17
5	20	6	5	3	5	2	12	11	4	9	18	20	8	10	15	19	15	13	20
4	9	4	5	20	11	19	15	7	12	6	4	9	6	5	17	4	19	9	16
11	15	5	2	9	9	12	9	6	18	13	11	6	8	18	7	17	5	2	12
19	15	2	9	13	4	18	1	14	4	6	3	3	19	11	1	7	18	10	2
11	10	19	5	13	2	15	2	9	11	18	9	15	14	8	1	20	12	19	18
13	17	8	14	9	18	16	18	2	12	11	15	2	10	15	12	5	8	4	10
8	14	9	8	1	14	19	20	8	19	15	4	3	19	18	9	6	11	14	2
14	19	18	7	4	4	16	7	7	15	9	18	14	3	14	7	17	12	19	3
8	17	20	15	9	19	4	14	12	5	14	12	5	1	17	8	16	4	9	7
11	7	14	3	18	13	4	4	18	2	4	1	19	4	15	11	2	12	6	6
2	7	5	15	3	2	20	11	18	3	3	8	15	10	12	16	16	2	19	20
12	6	14	6	11	17	6	17	9	7	5	1	9	14	20	9	7	7	12	7
15	16	9	12	4	2	11	7	5	13	9	9	13	14	4	14	20	15	15	10
8	17	19	3	19	20	17	6	15	9	20	18	14	3	8	9	1	10	9	9
11	8	5	20	7	20	15	2	19	20	6	10	18	10	16	20	18	20	6	1
4	12	15	5	13	20	9	19	20	2	8	3	10	19	5	20	7	16	5	1
4	4	11	11	1	12	8	17	19	6	10	12	10	18	2	17	12	7	5	12
18	14	8	1	16	14	18	14	18	4	9	5	12	12	5	10	14	8	19	15
17	20	16	20	2	6	19	19	20	8	2	19	2	18	14	6	7	5	8	3
15	1	4	16	6	8	4	1	19	13	13	5	14	3	11	13	6	8	15	5
19	7	3	17	4	1	16	17	9	11	2	15	12	5	10	6	17	19	18	19
11	1	2	4	12	6	18	1	18	20	12	5	9	10	10	19	10	13	15	9
14	10	7	3	10	2	12	3	3	12	15	14	2	4	17	5	18	12	3	10
14	11	2	11	5	16	17	1	19	7	10	1	17	18	3	5	13	18	7	11
6	11	9	17	13	20	16	16	16	13	1	8	4	13	11	18	2	1	10	8
7	16	10	5	6	16	5	16	20	2	5	10	4	20	4	14	11	1	6	12
20	2	12	19	15	2	15	17	8	11	18	7	1	6	19	11	9	1	11	19
1	14	5	9	5	18	12	8	16	20	6	14	7	3	4	19	8	13	17	1
2	10	4	13	9	3	15	10	19	17	5	9	8	8	8	4	2	14	8	15
5	20	14	20	7	12	13	11	15	9	17	2	11	19	16	2	2	1	13	8
7	19	18	1	4	4	20	8	6	17	4	3	12	15	11	15	8	10	4	12
10	3	3	19	8	6	20	20	20	5	14	19	10	19	20	9	17	13	16	20
4	12	17	10	10	10	19	12	20	5	5	8	3	11	7	18	9	11	6	16
14	19	7	12	1	16	17	16	20	16	17	20	2	16	14	18	1	11	16	16
5	18	13	2	18	3	3	19	17	17	12	6	15	4	8	4	15	8	16	20
19	19	17	7	6	2	14	4	2	5	18	14	3	15	5	13	17	9	4	6
7	3	14	13	16	8	15	4	12	4	12	2	6	13	11	17	16	2	5	20
2	2	15	9	1	12	11	20	13	14	11	9	11	1	17	13	4	3	5	7
12	12	5	19	2	19	12	15	12	13	4	2	12	6	11	4	3	19	17	15
20	19	5	20	8	20	9	12	15	19	12	14	17	19	4	14	20	14	9	18
17	2	11	5	9	13	13	6	20	13	3	6	17	16	13	5	10	12	2	14
10	12	13	7	19	16	8	10	8	11	14	10	18	15	1	20	1	7	12	16
3	2	3	19	15	9	11	14	16	9	1	1	16	18	11	2	9	7	7	10
5	17	3	17	11	4	3	5	14	1	10	11	3	13	7	18	12	1	17	9
12	3	20	20	5	15	11	2	9	10	18	1	11	7	19	8	7	3	4	8
18	17	20	10	17	10	9	2	5	16	12	19	8	6	16	13	19	10	6	5
10	15	18	18	14	2	6	17	20	7	6	16	8	7	12	10	5	5	18	10
10	16	3	15	5	9	16	8	16	4	11	13	20	20	7	13	2	16	17	9
18	13	10	3	9	13	18	13	8	11	1	6	7	20	15	20	10	20	13	10
11	14	14	13	8	8	7	3	3	18	12	7	17	7	12	12	14	5	1	2
8	11	4	18	9	6	17	7	10	19	13	2	3	16	7	11	19	1	7	9
13	15	6	18	11	4	12	4	16	11	12	5	17	3	13	11	5	5	1	5
13	6	5	14	9	9	8	11	11	6	2	7	9	5	19	8	17	6	7	14
14	5	16	14	16	17	6	7	16	15	1	20	9	14	5	15	13	14	10	2
7	16	6	8	19	12	12	18	12	11	6	5	12	15	8	5	9	4	10	18
12	10	9	1	2	6	19	11	10	9	11	4	4	15	1	5	16	18	11	19
3	4	6	11	10	9	2	12	16	10	9	10	3	5	7	5	5	2	14	15
19	20	4	2	12	13	13	13	17	10	2	8	9	8	15	17	10	18	8	10
3	20	8	12	2	17	18	15	14	17	17	20	19	2	17	8	3	18	7	10
1	7	20	17	11	4	5	13	14	4	9	17	3	1	2	17	17	1	20	2
15	4	12	9	1	8	10	14	3	2	4	18	2	4	9	2	8	10	12	14
18	18	9	16	16	7	5	16	6	3	4	7	8	9	6	16	17	17	7	11
20	18	5	10	7	17	17	19	18	11	18	7	2	20	19	11	1	15	13	11
1	13	19	17	18	2	9	4	18	5	16	4	6	18	4	19	19	5	6	9
1	11	15	13	3	6	14	1	15	3	20	2	2	6	11	18	8	9	17	8
15	1	12	16	5	5	14	3	7	14	14	17	6	12	11	1	4	14	10	16
12	5	2	9	14	1	9	4	16	15	15	15	8	5	13	8	4	13	16	20
10	19	14	16	2	10	20	20	2	1	16	14	5	3	15	4	18	12	19	10
8	19	10	13	2	2	14	14	16	6	18	6	15	12	11	18	14	10	10	15
8	8	17	9	4	6	20	11	6	1	8	11	15	12	19	12	10	3	20	1
4	6	2	3	19	10	13	16	9	20	1	17	11	19	5	2	16	5	17	14
16	4	6	20	12	8	18	18	12	11	13	8	4	8	11	8	10	9	14	2
2	12	8	5	8	14	20	14	13	4	10	19	13	10	2	8	15	4	6	12
2	14	14	3	1	5	19	10	10	7	8	18	20	6	12	15	14	18	3	16
12	7	7	16	2	9	8	17	14	18	3	19	1	10	19	13	7	8	5	11
1	10	8	16	18	9	4	16	4	6	1	12	18	14	10	9	7	9	11	5
20	17	17	2	5	7	2	6	7	12	8	4	3	17	16	20	17	6	18	17
6	11	1	6	15	2	9	4	4	9	15	3	17	18	18	5	13	8	12	3
5	1	6	13	4	20	8	16	18	1	17	9	16	17	6	3	1	8	16	6
19	14	14	13	8	14	3	12	8	15	6	19	19	16	2	5	7	11	11	1
20	16	15	5	7	17	3	14	10	18	12	10	4	2	10	11	19	9	12	17
10	6	3	10	17	19	11	19	17	9	17	19	3	9	6	5	20	12	10	15
20	2	2	8	11	20	7	5	6	7	14	5	6	8	12	1	11	17	1	3
5	5	15	13	5	16	2	19	13	7	12	18	17	11	18	14	20	6	12	5
9	20	9	6	20	17	6	13	11	1	19	9	10	5	5	4	12	1	20	3
9	12	2	16	3	2	12	1	2	9	8	1	12	11	10	2	9	16	2	10
10	3	2	19	20	10	3	12	11	10	3	18	7	1	1	3	14	10	8	19
12	1	6	19	16	8	10	2	11	15	7	9	9	14	5	6	15	20	12	2
9	20	1	1	6	13	7	2	5	13	7	15	8	10	13	19	6	8	8	18
4	8	13	13	9	16	13	3	14	16	12	18	17	3	5	15	13	5	1	20
14	4	1	12	10	12	12	14	2	13	19	20	19	5	15	2	4	15	12	8
9	7	6	16	7	4	2	6	18	7	12	11	13	10	2	5	19	2	15	10
14	6	6	9	9	20	5	3	7	2	3	16	13	4	3	20	1	11	8	20
14	18	14	9	15	20	6	7	3	9	14	7	6	11	7	13	4	9	20	15
20	19	1	10	1	6	15	5	12	13	8	14	12	12	10	1	7	8	12	8
6	10	4	8	6	5	12	2	18	1	3	6	19	16	17	20	1	5	14	18
7	15	5	17	9	16	1	17	18	20	15	3	18	3	15	11	2	11	1	2
17	11	9	9	13	7	19	12	13	2	20	8	18	8	16	11	7	5	3	1
9	1	3	6	12	16	2	10	14	11	1	5	17	15	19	8	4	2	11	3
11	19	7	2	18	20	20	11	8	12	20	8	8	3	3	19	17	6	12	15
4	10	11	9	9	12	3	8	14	13	10	6	8	10	10	14	17	3	15	7
2	8	13	3	15	1	16	9	20	12	9	5	19	16	11	19	1	7	14	5
7	7	13	4	3	18	16	19	6	16	19	17	10	19	1	7	19	6	2	3
4	17	4	10	17	10	2	15	17	2	4	3	8	6	14	14	13	9	8	9
8	12	15	16	10	20	2	11	19	19	18	2	13	6	1	1	6	2	7	13
7	6	6	13	13	6	10	1	20	8	1	4	8	5	1	15	9	19	7	7
4	20	8	8	12	2	16	6	15	15	18	5	11	7	15	16	4	9	5	2
14	19	17	9	5	18	20	13	8	11	3	2	6	10	19	16	11	6	16	2
20	11	18	11	14	19	16	20	9	2	13	8	19	6	17	12	7	17	11	14
19	7	7	11	15	11	3	4	14	18	9	16	8	13	8	16	11	13	10	1
15	1	2	2	8	12	11	20	19	16	10	16	7	6	2	1	12	13	18	9
14	10	6	14	8	15	17	14	16	2	7	20	11	15	16	17	16	6	19	5
1	10	6	17	10	10	12	1	12	3	7	19	2	8	20	19	11	4	8	14
12	17	4	20	6	14	5	9	1	18	20	2	14	2	10	2	7	16	8	4
16	6	13	9	6	3	12	11	19	19	17	8	13	19	9	19	4	7	19	14
11	12	17	5	16	19	7	17	6	12	16	8	18	16	7	11	5	14	18	18
17	18	10	14	2	6	8	6	10	13	12	19	20	15	17	5	18	18	16	2
7	8	2	5	8	19	17	15	4	9	4	19	14	12	20	19	1	15	11	3
17	19	18	5	18	2	12	17	6	12	1	8	17	4	9	10	1	9	16	5
17	15	11	19	9	19	1	13	3	15	11	11	5	8	16	4	4	13	3	9
7	5	12	1	5	15	10	11	12	19	18	20	1	5	18	15	8	9	3	3
11	15	13	11	20	13	14	17	18	13	2	3	9	2	1	15	3	10	7	14
10	10	1	3	14	6	9	3	8	20	4	13	7	8	14	2	20	9	11	8
12	8	15	16	1	4	2	12	1	14	20	4	10	9	17	2	4	17	17	11
7	11	20	4	2	13	6	9	12	4	8	7	16	9	5	19	2	20	6	18
15	12	6	16	9	19	4	17	15	3	17	14	7	20	20	8	10	1	20	5
8	8	6	9	14	3	6	11	13	19	17	12	10	13	2	13	14	3	14	19
16	5	17	12	7	6	20	16	18	5	16	2	9	9	16	11	4	18	8	16
17	7	1	13	14	14	15	1	10	8	15	14	4	3	1	18	11	15	9	2
12	14	7	16	18	17	19	20	19	7	7	5	16	5	16	20	20	6	20	20
19	13	11	3	10	17	2	1	6	11	10	11	4	5	15	17	4	10	10	7
6	4	10	16	19	17	11	18	2	13	18	14	3	14	19	5	14	2	13	13
16	12	5	9	14	4	16	10	2	6	6	10	17	11	3	1	17	19	13	3
11	3	3	17	6	2	16	15	16	5	19	6	1	4	19	11	8	3	12	8
10	3	19	10	12	11	16	15	15	17	13	17	3	8	17	15	20	17	9	4
12	9	3	2	3	11	8	13	16	4	4	17	8	15	5	5	19	7	6	12
3	5	12	2	19	17	16	11	18	15	19	1	3	4	9	16	10	2	2	1
13	9	2	5	16	18	1	8	5	5	16	18	11	15	5	4	13	5	17	2
20	20	18	3	14	9	17	19	13	11	10	20	18	7	11	16	3	13	7	8
19	13	8	9	3	16	8	12	2	4	8	11	5	18	2	20	12	9	18	9
10	4	2	15	16	4	5	9	4	8	9	9	14	1	2	6	2	15	18	15
11	10	13	9	8	16	3	11	20	11	5	5	20	8	14	8	16	5	12	8
6	12	2	11	18	15	3	8	13	1	17	18	3	5	20	12	6	1	5	12
8	16	18	13	18	8	2	10	14	11	6	3	13	11	4	14	8	4	2	18
4	5	5	6	14	16	15	3	17	14	11	13	14	11	1	17	1	11	20	9
17	9	4	9	5	4	7	2	7	14	18	3	13	8	3	8	8	16	9	11
1	6	2	8	9	5	3	5	10	17	20	3	10	13	19	20	5	1	5	11
3	13	11	12	4	19	14	1	14	12	20	12	8	12	4	17	5	2	12	16
8	12	2	16	10	5	2	17	5	5	18	3	4	8	7	6	10	18	11	16
8	15	19	16	4	14	20	3	5	18	14	1	18	7	8	5	19	12	6	15
5	2	15	2	20	19	18	1	20	4	1	9	18	6	3	12	18	15	12	17
19	8	3	15	17	2	20	5	12	14	16	19	12	13	8	7	17	4	19	13
14	10	13	20	2	10	20	13	11	13	3	3	2	4	1	15	16	1	15	2
7	20	12	16	14	16	1	20	3	9	15	4	13	14	10	13	8	15	15	10
12	7	16	15	6	8	15	5	14	3	15	18	15	15	6	20	14	5	16	17
9	4	1	20	5	1	4	12	3	12	7	7	19	7	12	19	12	17	18	20
10	7	3	6	5	10	3	12	6	10	2	6	16	4	14	15	5	16	11	20
5	13	14	10	6	1	10	14	11	17	9	11	16	11	7	9	9	13	1	10
11	1	18	17	19	10	11	1	17	7	1	14	7	13	6	19	3	7	18	8
16	19	2	7	15	15	8	14	17	15	1	7	4	7	10	15	20	6	2	12
11	20	5	8	20	4	11	18	1	12	13	12	18	20	16	9	12	18	3	8
20	15	12	20	1	4	18	10	19	9	12	2	19	16	2	18	8	12	17	19
17	15	9	13	10	6	19	2	16	10	4	6	13	8	1	7	6	4	3	14
16	6	10	12	8	14	2	4	20	1	7	15	9	18	7	19	2	12	17	4
16	10	15	7	10	1	4	16	19	12	7	6	11	8	10	14	18	18	16	5
1	10	12	20	1	20	14	13	13	18	13	5	11	14	2	20	9	7	10	3
10	4	3	7	11	3	14	10	15	7	12	4	9	13	13	3	19	8	2	9
20	3	10	1	16	2	17	11	8	11	6	8	5	8	6	2	12	5	13	8
15	20	2	19	18	20	16	7	9	18	1	4	16	15	6	19	3	8	11	5
16	4	6	1	8	3	10	14	3	7	7	14	8	12	14	1	13	5	5	16
5	2	13	7	13	14	6	20	14	13	15	7	20	12	8	12	14	9	10	3
12	4	20	9	10	17	15	2	20	1	4	9	10	10	1	3	4	16	9	20
12	14	2	13	19	5	19	5	11	15	12	19	4	4	14	9	7	10	8	6
12	13	17	5	15	4	13	20	10	19	19	5	18	8	16	15	1	11	17	13
17	6	11	17	14	5	5	16	13	5	19	10	18	6	11	15	13	17	14	4
11	20	11	6	11	17	15	5	20	10	2	12	4	2	3	20	12	16	5	2
7	17	14	3	13	17	2	16	13	20	1	16	17	15	7	13	16	13	20	16
12	2	10	10	2	20	17	11	13	5	14	8	16	13	14	12	6	19	19	13
6	18	4	16	3	12	12	15	17	6	12	18	10	6	18	17	9	15	3	20
11	11	19	6	13	19	1	15	5	4	4	8	7	7	17	6	14	15	2	15
17	19	6	8	14	19	14	1	6	8	6	1	17	2	7	2	17	5	1	10
20	7	15	15	2	8	6	8	20	17	14	15	20	6	1	20	1	1	10	15
7	18	3	2	1	17	12	20	12	14	20	11	10	6	13	16	2	14	3	7
7	1	11	3	11	12	4	16	9	9	18	9	7	8	4	4	11	3	12	5
16	11	14	8	12	6	2	4	18	19	18	20	12	3	16	3	7	12	12	8
20	11	18	10	18	11	3	4	14	7	1	14	2	11	5	15	18	10	3	12
5	4	15	14	19	6	20	9	2	20	10	20	1	20	9	9	19	3	3	17
17	3	18	18	19	1	11	8	10	10	1	6	3	20	19	4	6	17	17	18
2	18	2	17	9	4	4	17	12	17	5	14	14	18	18	7	18	13	13	10
1	13	14	11	14	15	3	4	7	16	1	18	12	15	3	4	10	7	2	18
4	16	13	1	8	18	16	2	2	14	8	3	8	10	2	15	5	8	16	20
2	7	17	1	10	13	16	6	5	4	18	9	17	16	6	4	5	10	15	8
12	2	18	2	14	10	9	20	5	6	18	20	17	1	7	16	15	1	8	20
7	13	11	7	14	15	17	12	19	20	18	6	6	13	6	14	3	10	4	5
15	12	20	4	18	18	14	11	2	18	4	9	13	11	16	2	11	7	15	2
12	6	8	12	6	12	5	15	18	10	4	3	9	13	19	5	12	3	18	15
4	13	17	19	7	10	10	17	6	12	9	20	3	10	12	19	19	15	10	20
9	2	7	16	4	19	19	16	2	13	20	10	9	15	5	19	7	15	5	14
10	5	4	9	7	18	3	8	4	16	16	16	17	13	14	17	7	18	6	3
6	17	18	4	2	7	7	6	19	5	13	2	3	14	9	14	14	7	19	7
14	17	11	2	3	14	6	9	18	6	8	4	7	13	17	2	4	9	6	6
7	10	16	16	13	18	2	2	11	10	15	14	3	16	4	20	18	12	6	18
9	8	15	12	3	18	8	15	11	11	6	16	2	2	2	15	16	7	10	12
1	2	11	9	6	19	8	9	9	9	6	3	8	6	2	6	20	14	18	3
18	14	19	14	9	6	2	10	4	16	15	8	3	5	9	18	11	20	9	8
6	11	16	9	7	1	19	12	5	11	2	20	17	10	5	15	14	1	16	10
19	19	13	4	20	4	12	14	2	2	12	15	7	6	1	19	17	14	4	18
20	6	12	7	10	15	6	13	8	8	17	9	14	10	3	17	11	19	1	18
11	8	8	4	5	6	12	2	7	11	19	13	6	16	10	3	2	1	13	8
5	18	1	13	2	2	9	17	5	9	13	7	15	14	4	1	16	9	19	13
13	19	2	7	13	11	6	16	6	20	13	6	2	10	12	2	11	11	13	7
7	17	8	4	4	20	18	11	15	2	2	7	9	2	9	12	13	4	5	14
12	13	20	16	4	2	1	10	7	11	14	8	3	14	2	11	14	14	8	5
6	11	2	1	9	8	13	1	16	9	13	15	11	18	17	16	5	14	7	14
18	7	9	10	19	2	16	9	6	14	12	3	10	5	15	10	2	10	19	11
10	10	2	18	3	12	4	8	11	9	20	2	5	1	12	4	18	7	3	15
17	5	9	3	13	10	6	3	19	14	15	19	14	18	7	17	9	15	4	5
5	3	10	19	2	2	8	18	4	17	19	9	12	15	3	6	16	2	12	6
8	17	16	2	7	12	12	8	7	9	7	10	15	13	20	2	11	2	12	13
12	8	8	19	9	15	16	20	11	5	20	5	5	14	18	18	5	9	3	9
10	2	12	13	20	13	7	11	4	1	17	7	9	11	3	13	14	19	1	15
2	13	10	11	15	8	12	5	17	5	14	14	17	7	2	18	20	4	19	17
10	8	11	5	5	20	1	10	14	2	6	8	18	15	7	20	16	11	11	4
18	19	13	5	10	19	1	17	15	11	20	20	5	20	6	18	16	9	5	1
6	3	6	20	8	5	18	13	18	16	7	7	5	4	10	19	14	10	19	5
5	16	8	10	4	2	11	11	1	2	5	19	6	16	16	8	7	4	7	1
1	14	12	20	14	13	18	14	6	9	18	12	16	20	4	8	8	19	10	19
11	9	18	8	17	15	18	4	11	3	20	18	18	14	1	12	11	9	15	20
19	16	19	1	15	11	17	12	10	20	17	2	3	12	17	4	12	18	3	15
19	12	18	10	2	18	16	18	1	10	18	8	19	2	1	19	15	11	7	16
11	1	4	2	20	2	1	16	17	19	1	12	6	11	11	5	6	9	1	12
9	19	5	13	14	14	3	3	5	7	16	18	9	3	12	13	5	8	2	6
13	12	11	2	12	7	11	9	2	11	4	5	18	1	2	2	17	9	18	19
1	19	16	14	11	13	19	20	7	10	16	4	17	16	20	14	5	19	1	11
3	20	11	4	8	12	5	15	13	16	6	9	11	10	13	5	11	7	20	2
18	6	12	12	7	17	16	13	1	8	7	19	18	5	11	14	11	17	8	1
10	10	4	5	12	2	7	2	2	2	6	6	4	20	14	5	17	2	6	14
12	5	4	10	6	5	13	6	14	9	10	9	19	12	8	16	20	5	17	18
9	8	8	6	3	16	12	11	9	12	14	7	9	4	15	6	15	20	18	4
9	3	12	14	16	14	20	15	8	18	17	6	15	7	13	10	3	4	20	7
3	12	7	11	3	2	18	18	16	3	7	9	5	4	20	7	17	13	12	13
11	20	6	18	6	14	6	10	3	20	11	3	5	17	3	6	6	17	18	2
4	2	14	9	5	7	7	7	20	8	10	7	6	10	4	9	6	7	15	5
12	15	6	16	4	18	1	8	8	13	13	6	18	5	14	13	17	8	9	11
19	5	6	15	20	9	10	15	11	6	20	16	5	13	16	8	9	6	2	10
4	20	18	2	13	19	16	13	17	20	8	10	11	1	20	1	3	8	3	10
14	3	4	13	2	6	12	19	15	12	20	18	10	16	13	9	6	2	10	14
20	18	14	13	15	11	1	12	19	7	2	16	10	5	5	20	16	8	15	5
14	2	4	13	2	18	8	15	12	9	15	20	14	12	18	4	18	7	1	17
16	17	16	10	5	7	4	12	18	9	18	7	15	8	2	2	3	14	6	4
20	18	2	1	12	1	16	11	2	4	10	16	18	13	18	8	16	12	6	10


2	2	1	1	1	1	2	1	2	2	2	2	2	2	1	2	1	2	2	2
4	5	5	2	2	4	4	2	3	2	2	3	4	1	2	3	4	2	3	4