500	3	20

1	1.3	1.55	1.75	2.1
4	6.76	9.61	12.25	17.64

25	76	56	51	52	95	15	74	83	14	58	27	16	19	7	14	99	50	39	77
43	76	71	81	16	53	7	89	77	60	64	10	1	18	31	61	56	81	52	90
23	13	68	91	37	44	77	68	62	34	15	4	56	34	82	41	97	99	45	25
21	4	37	90	9	62	97	65	94	66	90	55	96	38	58	25	23	33	55	41
3	72	45	49	35	50	27	18	72	18	88	88	74	62	98	56	92	49	68	39
5	85	75	52	62	49	96	59	68	16	33	48	94	20	17	26	15	52	42	4
49	32	3	69	72	39	38	54	42	37	66	22	6	90	13	50	51	57	73	59
6	48	25	77	39	54	41	44	71	92	23	84	83	5	16	71	98	14	28	93
23	26	30	96	16	60	41	87	66	85	10	46	63	26	6	41	49	40	5	35
86	76	42	64	35	64	69	75	57	62	70	78	95	66	98	20	46	20	45	14
5	47	54	34	64	35	63	91	33	27	83	26	25	6	35	68	63	50	73	34
17	28	39	71	1	55	86	34	8	24	35	96	17	62	11	25	2	1	11	42
69	58	40	46	67	85	13	29	33	94	50	51	39	76	71	80	58	58	67	9
66	95	92	87	54	70	38	27	17	97	38	51	18	39	80	27	40	5	19	36
20	9	32	92	15	46	86	83	13	54	78	3	9	53	58	42	36	19	92	99
73	1	76	75	53	28	91	60	45	48	40	86	72	20	7	51	99	29	70	80
77	55	72	17	93	84	19	61	19	2	94	2	38	70	13	95	65	39	44	53
89	72	68	74	61	97	18	18	62	42	4	91	86	43	23	16	75	94	51	19
92	10	26	46	65	57	16	76	46	65	88	47	30	9	33	41	57	77	47	60
1	69	89	3	73	35	72	88	62	96	68	88	19	66	71	86	39	51	76	64
73	5	3	84	24	6	75	47	47	15	80	37	14	94	72	12	49	57	79	54
46	59	77	59	59	59	37	80	17	83	62	59	42	40	69	77	55	16	26	61
30	11	91	86	50	95	44	33	17	86	85	57	91	38	25	19	60	92	53	32
95	90	18	52	43	37	90	98	91	69	87	87	55	32	21	28	23	14	52	93
80	39	10	80	78	17	21	72	28	55	80	85	50	56	13	6	84	89	61	11
79	88	68	83	63	43	46	7	50	12	59	9	98	11	23	79	90	1	58	42
3	36	17	20	79	12	29	46	49	16	35	40	50	26	87	32	62	34	89	8
24	99	93	39	65	50	61	79	35	43	26	56	43	79	81	32	44	60	52	10
28	54	26	83	23	13	24	96	60	73	77	98	80	83	11	74	55	70	70	71
18	6	2	98	31	66	21	42	38	87	80	85	36	87	9	99	73	49	75	65
50	89	51	31	99	88	97	79	74	6	28	27	90	52	91	59	61	37	47	79
71	72	74	60	3	3	8	19	90	54	27	41	13	55	8	16	89	70	48	16
27	71	38	6	34	28	71	27	45	51	97	20	41	77	94	41	34	98	69	85
19	92	96	42	69	14	20	24	43	63	31	20	56	64	36	90	53	66	69	90
52	88	89	65	39	3	64	25	62	86	37	72	63	41	36	3	10	13	85	46
33	43	98	65	76	89	7	63	51	5	79	27	40	35	76	60	64	10	53	38
73	62	74	59	64	30	54	58	4	90	44	77	98	68	73	43	33	69	87	78
34	72	99	25	53	49	25	50	87	82	81	4	59	71	51	73	23	87	17	42
50	82	60	24	10	51	87	52	95	41	52	57	88	24	53	99	99	19	15	6
9	15	30	57	95	37	96	41	88	94	83	94	36	79	72	75	99	26	18	82
84	25	48	30	32	52	59	78	34	76	10	26	12	33	71	67	37	41	44	62
38	7	88	8	74	82	32	4	24	72	42	63	3	54	58	19	44	40	84	34
30	58	59	86	35	61	85	72	84	12	52	80	34	78	85	43	70	83	98	89
28	66	30	26	73	2	40	36	58	31	99	96	11	85	33	53	82	73	94	48
95	55	47	83	61	27	17	11	74	9	52	52	89	19	42	15	22	39	41	91
4	53	1	70	38	91	69	64	63	88	21	24	47	52	18	96	91	3	96	53
48	66	58	82	37	30	45	80	51	7	54	69	9	42	35	15	71	29	77	20
36	36	23	15	69	22	65	3	76	7	39	10	80	36	93	70	20	65	21	66
17	62	73	51	55	64	12	15	10	75	21	69	6	5	30	31	85	12	83	80
59	23	65	68	59	18	84	57	45	80	91	96	80	71	69	78	60	73	53	66
79	38	16	66	90	14	67	85	74	88	30	95	30	45	12	39	78	35	33	46
42	75	22	33	34	29	58	69	2	14	79	2	76	19	47	13	49	72	84	86
99	14	9	13	61	91	13	14	67	71	24	39	66	69	19	22	87	16	61	80
76	46	85	39	32	12	13	58	57	9	69	54	7	99	54	76	37	86	99	95
28	61	39	51	62	97	79	21	47	45	21	16	79	18	20	15	47	41	87	59
20	89	24	47	46	6	97	60	66	93	13	15	22	11	6	49	85	43	48	43
13	95	1	95	12	19	33	40	17	97	84	19	42	18	71	1	59	99	37	92
73	68	95	61	92	76	49	60	27	16	55	76	50	13	4	5	40	82	53	79
75	96	62	77	61	38	25	87	43	67	26	26	58	53	63	37	53	30	99	49
12	94	47	4	72	49	29	79	87	80	30	35	44	75	36	80	40	82	93	46
99	97	75	86	84	95	74	27	93	97	89	49	56	69	55	69	39	65	68	74
61	35	57	65	27	65	48	71	86	27	62	19	34	65	70	63	55	56	74	45
55	49	26	35	35	17	9	38	44	46	88	8	95	99	44	87	11	50	6	98
76	87	63	46	5	32	26	92	22	79	57	31	36	41	85	87	91	96	72	37
4	77	99	22	79	65	66	3	91	51	47	53	8	20	39	73	37	6	18	65
5	22	69	18	55	39	84	89	23	89	11	39	66	14	85	68	80	22	61	31
15	91	39	39	42	66	30	84	54	44	94	69	85	54	50	7	38	89	70	55
9	9	61	50	87	87	99	68	21	35	17	5	6	47	17	81	57	16	82	75
5	19	88	21	71	56	25	4	63	14	61	6	59	81	59	80	77	99	85	20
73	9	23	80	3	93	3	75	87	66	47	97	10	44	63	52	74	9	25	13
63	55	29	41	32	84	77	78	80	92	48	87	51	80	93	61	66	37	43	48
83	72	76	14	91	69	89	9	69	42	54	72	67	4	43	10	64	24	42	52
58	76	49	20	74	14	51	75	17	83	72	31	89	70	68	4	95	28	13	23
30	93	53	43	86	48	38	74	97	92	31	48	34	53	55	30	10	40	40	37
2	57	48	70	78	41	54	97	56	51	14	5	30	3	50	16	86	97	12	62
78	61	80	77	79	25	50	72	15	94	92	34	51	8	65	42	48	54	15	93
99	48	27	4	4	47	72	49	11	50	81	42	91	92	3	21	66	73	43	4
62	59	27	50	10	99	77	51	80	77	50	29	23	81	63	60	28	86	1	89
20	26	52	75	67	89	72	45	39	71	78	20	74	44	18	71	95	31	2	19
74	47	5	62	36	43	71	43	87	71	77	74	55	98	24	10	85	39	40	38
28	44	80	10	33	48	38	54	85	15	14	65	55	10	77	79	34	13	12	81
10	19	53	97	81	52	16	37	15	96	60	91	86	79	7	47	41	16	42	54
9	28	84	87	80	98	80	64	85	82	20	93	2	15	67	41	68	1	78	85
75	97	68	39	34	53	53	9	17	19	32	19	20	32	62	24	43	5	37	98
19	25	16	90	11	2	52	54	30	54	21	94	89	32	52	29	16	64	24	51
19	95	46	61	57	94	31	87	86	54	28	37	50	79	33	70	95	92	95	60
88	50	12	65	62	36	57	4	78	35	5	57	41	51	66	34	89	48	67	66
97	34	8	27	53	37	45	13	84	41	85	53	81	47	84	48	77	86	13	89
74	76	73	13	42	63	80	76	24	13	58	37	85	85	24	37	29	89	56	77
59	52	24	78	85	77	13	16	80	69	63	52	45	3	12	2	51	20	27	56
8	96	41	6	84	85	40	64	48	62	41	11	69	13	74	82	61	56	47	77
57	24	84	56	63	44	48	27	51	23	51	94	52	7	69	44	72	53	58	85
66	25	63	16	16	39	99	88	46	1	62	79	71	74	10	7	92	79	46	84
75	77	40	64	31	72	87	21	55	86	46	77	17	42	69	69	12	1	14	19
44	62	46	2	99	37	38	62	80	8	48	41	93	48	85	23	9	9	77	43
61	96	40	57	67	64	32	16	54	16	23	75	18	37	60	2	56	54	14	24
63	95	91	84	62	53	90	93	88	13	21	69	79	53	28	12	13	18	33	96
7	74	12	31	57	53	85	24	24	28	23	32	75	43	57	92	35	14	53	14
62	24	65	76	25	8	9	90	34	93	9	14	13	22	43	1	66	26	72	17
42	48	41	36	17	94	19	55	76	53	15	20	10	96	14	42	86	6	48	25
18	57	5	62	53	75	60	1	24	32	76	84	37	47	93	9	22	38	21	64
85	77	98	93	28	68	82	70	54	87	8	59	11	7	82	67	65	42	78	14
71	41	60	75	73	5	74	1	28	77	14	16	61	50	52	13	19	7	39	96
92	55	44	50	2	68	43	1	92	22	38	96	26	37	26	96	33	2	10	8
37	5	2	27	89	12	68	54	28	10	20	59	98	47	56	14	69	39	93	34
79	34	44	65	51	7	33	91	94	43	30	46	43	81	5	70	9	24	41	22
18	97	21	35	43	99	37	81	31	79	75	29	82	62	4	7	84	48	16	56
92	29	10	20	95	36	18	60	77	5	55	93	24	17	58	49	50	93	56	82
25	97	64	22	23	98	29	32	51	47	28	49	95	21	84	61	42	73	28	41
41	45	5	37	14	25	56	2	20	48	8	33	4	45	17	78	46	22	75	15
86	7	99	62	38	80	57	19	46	8	79	17	33	8	72	98	83	1	70	67
19	26	62	22	46	34	37	56	50	38	56	10	7	32	5	55	97	22	5	47
98	29	9	61	14	98	45	4	11	27	29	81	30	14	24	16	77	40	60	35
11	8	44	2	28	27	33	66	53	94	79	11	58	35	37	48	2	70	80	77
26	88	7	20	97	35	20	28	1	92	44	14	85	65	51	43	23	43	46	46
77	72	86	59	54	65	23	10	38	24	78	74	82	85	79	40	79	12	23	32
10	6	54	20	84	73	40	17	95	9	64	1	50	70	79	17	90	20	40	18
99	66	79	76	44	50	55	15	29	91	23	16	35	63	15	69	43	96	77	94
69	73	25	74	34	73	67	89	86	54	36	28	68	15	62	84	43	44	41	87
53	47	68	98	32	83	98	23	30	7	87	93	25	71	70	97	49	82	46	96
83	25	5	43	43	82	86	93	36	36	43	47	1	38	40	69	99	49	11	67
56	60	27	91	8	72	95	56	39	76	78	18	94	94	54	61	90	29	16	81
3	28	53	2	45	36	28	77	79	25	58	57	61	58	54	86	24	69	3	66
76	50	39	62	39	63	70	4	60	69	86	21	62	64	58	86	29	85	64	51
10	76	97	90	86	67	8	25	6	80	74	23	3	55	49	91	24	65	82	37
95	64	72	97	63	6	76	29	22	70	82	43	47	15	49	52	90	81	10	51
49	84	79	5	45	60	64	60	80	3	35	38	42	68	74	18	12	21	27	35
37	75	73	4	67	25	23	84	75	70	52	50	60	93	50	22	98	32	63	18
66	56	43	76	29	29	95	36	86	71	56	90	18	83	99	17	42	45	31	67
29	55	38	47	80	84	70	88	85	97	65	44	93	92	7	95	55	42	21	99
82	74	38	95	68	63	42	19	48	65	25	95	11	72	82	31	95	76	35	98
74	7	86	62	10	92	70	3	7	87	44	54	14	8	9	8	49	53	50	19
76	60	46	99	67	69	66	35	16	28	31	50	22	36	6	41	50	2	38	47
24	10	35	63	22	61	11	48	13	80	38	31	45	66	69	38	41	59	29	30
59	94	53	43	18	67	1	43	39	4	4	10	10	83	33	42	70	5	74	14
22	63	64	10	68	97	78	37	64	71	63	91	34	67	68	23	30	75	76	60
28	34	77	16	91	23	62	3	9	46	25	5	99	31	59	38	65	80	33	45
71	65	93	74	46	31	94	8	56	30	24	17	23	43	82	7	14	52	18	18
42	86	86	86	50	82	2	17	24	50	61	8	90	25	93	67	92	77	76	56
81	86	95	8	90	76	3	19	54	59	17	27	35	38	31	60	21	72	66	99
58	60	32	89	22	77	7	96	96	25	28	7	74	91	9	55	83	15	43	54
18	52	78	73	12	26	12	99	70	12	34	90	14	94	93	93	37	93	1	25
79	87	81	70	36	41	46	24	93	81	1	42	25	81	12	81	34	70	18	72
98	8	19	24	30	69	55	64	78	53	30	37	60	95	74	34	17	56	1	17
4	84	85	75	95	16	91	7	13	9	44	86	19	95	98	65	98	73	86	97
39	93	26	43	3	64	29	63	87	52	10	3	82	91	10	40	80	35	60	2
72	76	85	78	42	39	78	30	28	38	31	7	98	44	82	20	87	19	28	18
56	56	29	27	76	15	64	12	5	62	24	61	89	64	65	32	67	48	53	92
37	22	88	70	4	92	83	89	65	75	72	10	30	90	42	59	49	48	28	47
85	86	63	89	98	64	42	45	7	74	24	76	34	8	58	1	68	2	41	78
36	83	96	44	16	87	94	40	43	98	78	62	83	47	39	20	97	20	94	85
85	46	21	94	35	94	60	6	71	68	13	43	85	56	70	46	33	98	5	18
2	27	39	91	18	14	95	15	47	39	57	48	31	69	17	66	79	53	72	9
11	64	89	68	2	69	23	81	59	53	17	5	94	45	15	64	24	28	66	11
5	89	90	51	76	9	78	87	64	46	29	53	72	86	73	6	37	41	85	37
24	10	4	26	82	21	36	41	65	83	53	22	20	73	40	63	40	6	25	74
8	59	39	65	59	97	59	59	19	51	24	39	71	97	41	28	29	35	89	17
66	34	88	46	71	7	84	94	36	7	98	68	65	59	32	51	32	13	13	44
67	70	80	8	31	5	11	57	87	41	50	9	73	65	8	73	8	86	37	76
40	73	32	1	54	37	41	77	21	50	32	43	28	63	97	25	5	47	50	66
67	51	52	22	17	43	79	90	3	89	4	9	52	19	63	29	22	46	47	47
67	97	95	31	87	8	48	16	58	63	81	88	42	59	37	10	76	96	2	94
7	49	82	84	88	36	18	53	98	18	6	93	53	74	83	14	10	30	13	78
66	68	94	97	97	91	44	79	47	9	48	44	82	74	18	75	27	20	53	25
17	94	63	93	94	83	50	49	85	91	92	65	94	73	11	78	99	44	40	49
82	30	41	63	33	20	57	45	53	79	79	74	20	59	72	95	25	7	26	90
16	24	71	63	45	19	88	40	92	89	3	3	67	2	78	40	37	78	20	88
49	58	49	92	3	54	5	90	63	48	49	18	12	92	68	28	90	7	81	28
92	96	6	96	3	28	23	92	47	60	39	74	81	27	71	59	42	37	65	47
59	76	41	8	36	64	42	5	93	8	10	61	20	16	85	73	87	84	40	75
83	98	67	71	60	73	89	9	8	27	40	78	69	28	42	67	48	86	9	38
80	47	55	65	46	25	84	22	59	54	70	76	98	4	73	70	40	65	44	96
12	68	52	36	80	31	60	1	13	12	28	87	88	80	19	10	30	27	30	73
14	51	42	40	39	88	53	36	98	77	13	2	11	47	29	11	58	25	30	69
71	78	39	44	32	21	16	74	11	13	92	37	69	24	79	25	11	3	59	49
94	48	73	95	52	34	90	68	5	91	40	17	77	35	17	88	48	95	4	45
95	1	61	81	22	42	55	3	71	8	15	37	78	38	57	40	15	91	71	33
43	3	66	70	48	5	46	91	12	21	32	91	1	11	90	34	5	96	80	58
80	12	43	7	63	55	25	22	25	85	66	14	25	64	91	45	12	56	94	9
90	35	90	52	61	94	23	78	63	3	68	51	34	76	61	32	1	46	92	5
95	20	41	93	92	76	36	97	22	2	45	2	15	15	53	72	51	94	46	96
7	49	18	20	76	71	63	72	7	86	93	70	99	89	44	60	93	35	59	38
29	65	15	2	26	11	26	92	19	63	81	19	86	39	18	76	17	84	34	72
46	90	68	66	97	13	53	86	32	26	30	52	96	38	97	83	35	84	52	87
92	66	11	61	91	38	72	83	98	28	7	94	58	56	26	75	96	31	88	95
30	43	76	7	88	61	46	9	7	93	69	46	19	6	30	13	36	7	9	83
57	60	20	38	61	85	14	55	39	9	93	87	11	41	45	15	96	41	11	49
26	88	19	30	24	8	31	34	57	29	62	87	15	30	43	78	59	44	37	3
6	34	47	91	48	42	31	27	27	78	65	24	45	7	94	48	32	31	76	28
92	53	48	59	29	41	20	71	73	38	89	56	31	60	43	95	36	25	93	8
14	44	67	83	21	19	87	3	21	26	7	30	22	5	28	27	46	96	47	36
62	78	17	4	66	41	95	23	73	77	91	30	30	85	1	69	71	20	65	74
51	7	52	34	86	12	78	48	16	94	68	3	70	57	38	1	25	54	95	1
30	32	65	73	66	44	84	22	70	88	19	96	95	42	98	76	87	82	13	2
96	66	57	73	84	38	13	53	60	39	60	71	78	64	97	79	16	37	46	7
32	45	12	46	51	96	65	65	25	82	24	26	3	19	23	85	72	93	69	28
82	79	22	24	76	1	17	26	3	33	43	63	77	81	32	79	89	4	24	13
5	96	99	29	39	27	10	65	39	99	27	55	6	15	3	78	43	77	41	61
43	68	75	7	27	55	21	23	66	21	39	62	60	81	98	76	89	92	51	1
10	14	64	17	2	54	87	80	43	66	24	27	37	48	97	16	74	82	63	8
5	58	60	49	54	68	81	73	74	44	21	30	93	38	58	86	39	37	44	76
19	7	67	72	12	96	91	54	43	70	6	2	42	65	15	98	21	69	68	66
58	18	50	36	58	12	21	38	78	30	84	40	1	28	18	48	32	81	11	22
47	50	5	18	59	15	70	57	64	63	51	99	56	60	86	9	39	8	16	46
58	10	90	67	42	67	34	31	98	5	40	14	34	37	11	82	71	70	86	16
33	55	30	28	24	92	77	27	55	60	86	95	69	70	28	13	75	75	27	23
74	94	7	2	37	98	78	47	92	82	91	43	62	6	39	56	46	92	26	68
42	9	63	60	49	75	19	42	3	71	99	96	70	36	15	42	41	83	92	30
19	30	77	99	47	42	82	58	20	86	37	33	38	50	9	41	82	73	29	68
77	77	76	84	58	39	58	60	33	94	15	94	42	51	37	78	59	28	37	7
5	62	7	47	41	2	36	48	44	96	24	99	54	86	10	97	42	15	4	26
95	40	40	16	3	49	39	48	45	13	64	49	69	99	53	8	43	13	47	88
17	8	99	24	59	75	91	3	83	65	10	77	82	87	25	8	28	99	41	95
76	34	81	32	51	60	68	17	36	92	77	7	9	63	92	30	82	54	2	94
61	92	40	8	77	90	28	63	40	97	47	70	7	47	81	26	82	20	86	29
67	60	71	73	92	60	94	92	10	11	7	28	13	74	30	95	43	38	80	5
71	7	4	20	20	31	73	37	33	55	59	83	4	14	35	55	16	93	50	26
48	89	82	1	89	11	2	97	2	3	98	24	89	69	47	86	74	17	38	10
10	46	62	7	36	69	60	89	15	96	44	5	98	68	18	99	94	72	96	11
39	13	76	30	16	51	87	72	73	66	63	59	43	35	81	54	3	93	48	56
53	13	36	76	43	81	19	64	53	28	48	85	44	27	73	27	89	12	93	90
50	22	93	48	65	35	58	59	84	73	55	11	71	97	14	84	15	1	37	4
62	39	33	82	62	81	92	47	46	96	77	35	48	1	72	56	35	20	44	11
14	78	73	96	87	20	27	8	36	52	42	76	61	33	58	4	72	86	17	94
81	4	83	86	90	4	37	4	29	51	66	42	43	52	18	20	19	58	80	60
3	21	11	21	92	95	78	64	78	39	37	72	90	58	12	81	8	5	31	67
16	53	78	91	62	66	23	34	20	93	70	83	97	17	74	31	45	17	57	91
8	12	5	94	88	4	47	77	83	54	59	36	62	89	92	54	79	85	70	35
81	9	80	33	94	51	87	69	13	10	99	1	99	42	37	90	77	99	73	94
74	32	66	73	82	4	86	22	7	7	46	86	22	91	66	7	86	61	91	48
42	91	47	7	71	61	19	77	89	49	51	3	2	17	28	48	66	74	20	91
76	35	94	94	13	75	50	69	25	92	14	34	11	49	1	98	78	92	29	28
31	59	32	93	61	70	42	37	19	85	9	20	39	47	83	71	73	14	4	34
44	51	47	1	53	41	55	37	23	87	89	20	34	50	23	47	23	21	88	39
63	57	1	75	28	19	47	33	97	21	94	3	85	53	12	20	27	43	43	87
98	63	78	8	43	70	38	79	39	96	64	56	65	20	32	5	43	65	9	22
14	5	17	92	31	1	87	76	17	39	34	60	41	76	55	1	97	28	43	58
66	12	39	30	90	85	90	89	51	47	53	10	75	14	17	33	98	40	65	74
36	31	50	27	73	90	67	45	90	8	34	1	60	54	82	14	61	99	63	92
11	3	30	97	46	44	67	73	59	29	28	45	40	88	51	12	3	29	15	15
33	65	2	8	39	94	41	26	76	67	39	44	43	95	90	53	97	77	55	21
67	12	84	26	69	83	54	41	17	13	21	23	86	96	87	64	83	51	10	93
97	61	10	67	34	63	1	27	81	2	72	4	81	86	3	82	55	67	55	84
54	24	38	53	76	5	32	43	14	16	62	10	24	50	60	86	56	26	51	39
94	30	7	92	21	6	65	68	99	41	62	9	86	71	33	2	76	60	20	92
47	80	4	31	13	12	53	86	5	74	28	61	79	6	67	54	40	63	87	79
80	15	15	9	93	46	20	73	99	9	28	33	70	27	15	84	13	40	68	54
49	53	32	3	78	65	54	69	33	87	32	77	86	74	68	1	89	46	58	43
49	17	12	24	88	56	28	46	94	74	49	30	85	87	54	72	34	88	52	1
34	21	31	10	4	45	17	78	36	81	61	93	69	60	55	14	28	99	2	94
64	91	30	42	86	62	34	41	10	44	19	96	62	6	21	21	49	64	69	58
18	37	71	59	5	81	81	31	57	91	31	11	35	9	91	68	7	19	71	22
5	4	12	40	84	57	71	40	81	76	57	98	37	23	7	4	3	34	16	74
51	32	17	61	33	84	21	62	14	76	74	23	82	83	74	50	40	93	52	18
58	98	33	18	45	59	18	47	70	82	7	11	22	91	65	34	51	73	35	24
31	35	3	69	98	80	20	40	4	88	79	41	62	82	66	38	49	86	25	15
16	51	71	60	58	11	44	91	77	73	8	43	19	72	87	78	88	26	25	34
42	75	89	88	67	74	23	28	11	39	95	5	39	47	31	55	23	27	49	36
89	91	11	93	5	85	51	35	26	45	27	59	97	9	68	2	59	37	78	2
30	76	77	75	95	76	51	33	42	76	41	6	74	66	68	24	40	84	39	44
64	86	3	77	8	3	15	44	71	17	70	88	62	16	46	85	39	54	39	19
71	77	10	47	85	13	70	65	24	13	31	16	84	41	23	88	33	88	96	83
98	98	5	64	34	24	93	25	10	82	90	22	10	70	88	23	13	13	63	24
30	28	98	67	43	17	53	50	99	16	46	84	87	50	93	25	23	38	78	11
90	75	88	11	94	4	97	89	69	63	63	78	93	70	40	9	71	7	6	92
24	70	18	10	55	45	50	62	45	48	40	34	68	14	30	4	11	35	20	11
60	30	21	63	73	93	28	37	49	85	4	42	45	37	80	91	43	79	10	1
59	22	87	42	96	77	23	31	1	15	4	38	20	45	83	45	32	67	73	77
53	43	98	14	82	10	69	52	54	58	58	95	51	34	93	28	91	18	19	80
30	80	15	28	41	45	72	72	97	3	80	11	25	16	42	82	34	39	50	15
1	81	28	37	86	29	44	22	29	32	58	84	73	60	77	55	45	66	30	22
11	42	92	98	55	8	11	72	81	19	71	45	29	48	50	61	26	69	10	26
42	63	67	1	64	19	25	96	8	58	18	33	13	96	50	40	16	56	53	14
71	16	3	66	98	31	78	52	92	26	91	24	75	10	60	35	90	27	37	1
89	55	73	44	62	62	17	82	97	2	52	94	59	5	4	42	53	78	1	95
27	36	36	39	34	27	37	46	44	65	51	44	14	31	68	96	29	86	8	58
15	83	24	12	73	88	43	59	11	4	14	34	27	18	95	16	83	97	33	45
87	12	96	93	33	33	33	90	91	77	39	98	84	68	33	76	1	80	27	77
64	50	62	13	40	11	21	76	24	88	75	60	21	68	77	75	58	25	36	93
6	57	40	85	48	85	84	90	32	6	12	68	89	3	50	35	56	5	16	72
92	43	95	1	52	92	16	91	83	95	89	85	51	42	16	2	7	18	61	49
10	67	34	10	20	2	38	47	74	85	74	75	57	87	92	82	64	27	32	10
61	4	74	9	36	63	9	97	40	60	43	40	64	24	91	60	98	19	87	40
14	95	63	94	55	75	81	78	79	49	30	53	54	91	65	70	10	20	75	90
79	69	17	94	84	97	80	78	69	39	52	57	20	47	46	83	60	64	26	43
44	66	63	9	58	58	38	16	47	18	2	89	62	32	98	5	50	59	65	56
47	60	23	67	99	41	14	44	37	72	82	57	80	48	6	41	61	96	93	33
52	55	98	80	65	80	58	92	46	73	72	7	41	19	94	25	95	59	35	49
37	82	24	93	32	15	87	58	87	86	65	42	49	86	21	81	95	57	29	25
84	17	64	37	17	25	82	26	90	5	23	71	87	9	18	38	72	41	36	74
25	69	4	12	32	48	25	65	55	93	98	2	41	45	72	32	75	29	98	61
20	34	31	31	12	14	78	14	5	77	49	35	51	46	44	70	58	83	24	54
89	17	77	1	15	68	66	89	12	67	14	77	15	13	93	46	84	82	66	56
37	49	89	74	54	69	14	42	83	8	36	47	89	51	61	48	55	27	88	26
84	26	97	28	75	93	85	31	48	54	84	31	84	53	64	2	16	30	22	95
61	51	92	19	38	77	66	32	51	43	37	52	67	61	2	87	71	40	82	84
84	47	85	88	32	59	83	10	58	33	75	32	7	40	79	49	65	42	81	10
14	25	25	57	32	85	91	81	6	66	44	56	75	17	50	50	71	6	48	70
91	79	34	32	79	30	69	73	11	48	65	3	83	13	89	23	2	23	72	33
58	83	60	57	92	89	27	57	25	15	49	3	82	90	43	23	85	21	37	25
51	32	98	6	65	6	44	70	41	44	20	4	79	40	57	79	62	40	54	20
73	64	36	15	11	20	18	2	30	65	77	41	48	98	71	65	20	14	44	94
36	25	38	64	61	12	79	32	16	91	79	25	17	12	19	98	24	63	40	47
93	85	85	34	17	42	55	59	96	14	72	72	66	28	77	56	5	65	40	95
21	88	4	30	12	62	26	33	32	69	56	34	58	73	93	62	80	95	26	33
69	23	50	48	58	32	97	66	21	95	26	62	36	10	12	1	96	86	29	21
97	60	77	14	90	45	83	86	33	71	91	68	27	94	97	82	66	86	11	20
60	51	64	94	68	96	20	70	65	60	88	44	90	20	31	11	19	3	56	28
4	78	71	11	62	11	88	20	62	44	48	99	28	36	6	87	9	31	57	93
94	45	87	64	40	3	62	12	51	2	34	9	62	6	91	49	9	1	58	7
55	14	8	67	41	34	95	10	49	85	74	77	50	88	22	82	2	98	53	91
17	39	33	86	69	88	93	80	84	92	31	81	8	6	53	37	21	19	28	32
31	38	96	53	41	61	5	88	85	34	91	40	55	89	25	69	24	1	55	5
91	35	20	70	2	53	64	46	93	53	25	47	63	61	48	50	50	28	60	24
82	20	5	10	2	18	34	47	55	96	32	23	82	63	86	31	12	23	37	80
18	92	68	98	27	72	42	91	64	65	77	57	31	22	78	34	79	49	48	14
75	20	12	59	76	30	83	44	8	68	48	19	95	39	51	93	73	1	75	37
12	5	75	39	91	33	25	46	54	73	1	32	10	45	97	46	70	47	64	51
75	18	98	70	97	90	2	61	21	78	90	5	16	82	11	79	18	73	5	80
73	86	95	15	80	96	8	47	53	24	23	63	99	47	99	6	92	38	97	19
39	74	5	86	96	32	38	18	33	93	21	97	95	24	82	76	62	76	5	20
53	9	9	78	11	13	7	36	82	54	88	95	52	69	51	15	66	27	89	33
91	39	42	40	49	43	2	90	16	64	48	84	53	34	61	65	4	24	28	59
3	89	30	34	57	39	46	24	67	26	36	96	79	36	96	30	4	13	80	79
13	62	94	22	27	28	82	38	15	11	41	99	42	69	70	73	37	43	1	17
44	21	84	93	15	65	34	42	96	3	94	57	93	39	27	27	29	88	51	1
69	40	5	28	12	22	82	47	12	20	35	97	83	49	77	79	40	69	47	65
6	87	66	32	72	68	90	5	75	11	13	92	21	32	80	15	81	71	43	75
27	42	95	13	87	27	85	11	59	57	8	72	4	63	41	36	12	14	63	60
39	49	52	54	19	7	64	69	63	93	25	11	50	43	3	6	74	99	36	40
17	62	22	73	96	92	97	88	11	49	18	55	25	43	20	27	22	95	14	56
92	50	55	42	71	46	8	23	31	94	77	21	99	89	84	6	74	86	92	36
87	4	11	22	84	26	5	16	38	17	75	21	50	22	21	73	3	65	28	75
15	55	97	6	21	31	72	91	20	72	83	69	48	21	86	90	13	64	85	87
33	51	13	6	58	80	77	66	89	84	87	60	9	57	14	21	4	9	31	50
98	89	35	63	49	52	66	2	89	44	45	22	94	4	45	95	71	69	2	18
57	83	84	10	77	43	93	24	56	78	89	77	49	64	90	71	81	14	57	85
51	25	88	97	56	62	44	77	79	6	87	90	51	11	7	19	4	16	69	74
15	47	44	32	69	52	71	37	12	34	19	15	12	75	27	36	37	71	83	46
89	1	37	45	40	55	10	39	28	71	32	14	92	22	95	36	96	16	94	82
79	75	69	65	29	14	3	97	20	77	89	22	78	5	80	10	55	70	82	59
2	29	4	78	4	91	31	5	37	97	94	60	4	2	28	66	51	97	12	91
31	29	46	44	77	86	86	93	33	85	75	81	84	13	67	53	65	59	26	55
66	71	86	30	20	35	1	26	63	32	68	44	45	61	34	51	32	15	43	20
44	28	1	93	79	65	82	5	62	20	24	92	96	81	19	28	28	7	52	21
63	42	73	86	94	36	81	13	80	39	79	93	93	8	66	98	48	35	15	71
9	58	67	55	7	8	42	8	77	4	97	1	87	7	59	8	45	71	25	84
28	22	75	30	77	5	30	83	68	11	5	39	83	40	6	14	1	41	13	87
93	29	87	13	90	58	45	85	67	93	61	30	33	77	50	5	97	60	55	41
72	54	90	60	84	56	83	23	43	81	4	3	95	97	83	93	11	52	78	45
44	26	45	74	86	82	11	72	47	79	33	26	69	11	9	84	75	73	71	66
87	21	84	42	66	83	72	14	97	86	35	19	51	47	87	45	98	83	24	63
43	39	61	21	89	64	53	88	27	98	47	33	15	33	37	64	6	21	89	71
71	28	99	45	24	23	5	91	46	7	20	43	1	16	30	57	70	10	94	39
32	98	49	11	17	84	71	90	30	4	37	56	10	81	92	66	94	7	57	34
36	95	49	71	57	4	29	70	41	68	80	14	10	72	14	41	12	3	71	23
96	27	5	96	86	7	31	77	94	45	21	39	87	21	69	2	30	40	43	88
49	98	85	35	47	66	32	28	38	41	67	4	15	24	93	92	33	10	52	74
19	38	45	82	77	41	49	8	19	38	84	4	72	10	8	85	80	44	20	59
2	41	57	14	99	13	7	57	29	17	32	56	50	28	23	66	32	90	18	38
89	36	31	90	64	86	3	93	64	90	5	55	22	20	70	53	49	95	34	22
41	48	14	25	49	15	47	79	26	84	77	51	86	95	96	36	33	43	39	36
91	83	36	94	7	89	72	32	67	95	71	12	94	48	69	90	41	47	66	11
12	6	18	36	75	81	28	51	1	45	96	55	89	63	99	34	27	38	56	53
37	68	46	30	53	65	76	97	45	97	9	11	35	22	74	88	57	50	20	40
20	76	37	18	65	51	82	77	6	48	79	34	58	56	21	31	13	65	70	66
57	34	31	82	59	49	31	64	38	68	44	89	2	47	74	2	80	44	75	48
83	73	75	99	47	69	59	28	25	42	76	30	61	27	66	23	3	99	42	35
46	35	97	92	75	22	66	87	3	62	80	96	75	77	34	93	46	18	90	43
80	84	24	72	62	9	42	43	55	83	36	42	3	15	53	53	65	75	72	92
56	11	29	76	93	89	59	89	14	33	63	73	30	74	91	97	10	31	83	12
30	41	21	10	17	64	27	99	91	78	56	64	88	98	64	88	70	69	95	41
40	28	62	12	96	12	34	85	87	23	4	43	42	80	99	69	48	49	78	97
46	81	35	96	99	24	47	98	13	42	33	19	32	28	1	10	86	86	93	25
31	79	8	6	25	77	50	2	80	87	26	51	43	5	85	42	79	78	88	51
85	29	8	51	54	78	45	90	18	34	72	3	87	24	39	25	35	68	35	9
39	93	28	77	10	86	45	41	30	32	30	4	10	60	45	40	59	97	11	37
65	53	39	38	8	18	7	19	84	21	35	31	39	7	11	44	56	68	88	87
45	56	38	43	40	34	31	43	35	50	64	31	76	14	74	19	5	64	14	1
75	86	21	42	51	36	73	85	54	11	4	93	30	77	72	60	96	79	23	30
23	9	97	61	66	91	68	82	26	20	72	4	87	44	20	7	26	18	78	20
88	38	88	94	36	53	58	72	93	59	74	30	17	22	84	15	18	31	43	55
34	79	67	19	30	31	45	48	34	75	29	65	35	7	36	89	94	64	70	61
55	66	51	54	90	42	93	17	35	4	33	38	42	57	54	33	20	15	44	7
94	73	27	13	16	13	91	16	47	47	77	18	41	64	49	29	18	93	69	28
99	10	63	2	20	56	19	99	71	13	21	79	10	80	50	62	94	65	89	92
96	64	74	90	66	61	49	28	44	85	54	7	21	57	53	72	42	42	67	43
64	76	26	20	94	56	13	24	11	10	97	9	55	71	42	25	78	36	31	88
54	60	53	63	43	57	15	53	72	9	55	17	77	79	64	56	12	20	77	67
71	70	36	1	39	32	68	24	29	71	86	75	62	40	14	49	46	95	95	19
24	27	98	46	16	92	83	8	77	29	31	94	81	82	43	25	10	74	16	61
96	29	42	45	44	56	91	51	92	36	57	44	47	28	42	81	19	19	84	74
1	96	38	50	28	85	56	19	84	45	81	60	30	31	21	32	88	49	66	20
22	83	76	22	18	16	56	21	38	75	31	96	28	98	9	80	93	64	61	12
27	69	25	19	29	40	11	4	81	52	85	51	15	74	55	70	35	83	62	48
64	41	30	51	71	52	48	37	27	80	82	15	54	56	24	5	40	52	69	74
48	98	5	1	67	86	28	95	18	65	21	58	73	86	42	14	54	36	38	95
31	32	59	36	39	72	19	61	18	93	99	39	61	92	45	83	97	31	70	46
49	16	84	53	57	22	44	24	92	26	25	47	49	19	76	40	17	77	77	49
23	1	64	87	87	91	98	20	34	68	12	63	29	1	4	25	64	82	88	55
1	73	9	29	15	78	36	62	60	27	47	85	61	70	43	39	35	75	73	90
45	4	21	6	20	11	10	88	15	70	4	88	13	85	67	38	68	63	4	28
70	23	78	71	6	64	44	47	35	48	50	78	56	45	17	79	11	80	2	86
58	69	66	80	43	54	43	18	52	73	74	63	53	41	63	27	95	43	84	25
32	2	58	46	22	51	69	79	4	68	45	36	6	82	30	13	78	72	91	4
14	73	47	21	81	9	72	92	16	65	39	79	70	27	31	40	85	56	71	19
47	90	94	92	26	8	63	19	45	13	16	93	3	23	25	52	23	38	21	66
47	65	28	85	9	69	63	79	49	72	34	15	7	34	70	83	27	63	8	32
9	26	45	90	92	54	62	58	40	56	79	91	82	34	16	10	82	33	82	63
32	28	10	88	96	37	47	44	37	57	70	30	17	29	25	5	7	66	74	54
95	44	61	50	88	33	99	48	95	34	70	61	81	85	22	88	31	84	52	67
34	76	25	43	52	32	44	19	98	53	44	85	84	46	65	27	30	28	7	35
60	62	18	74	57	98	96	11	30	77	9	18	86	95	62	3	72	97	41	77
74	61	65	90	52	49	58	82	85	35	45	86	51	46	32	15	56	23	63	47
54	28	26	14	84	99	29	53	31	60	16	75	33	82	8	83	81	32	19	15
22	26	78	51	22	13	89	4	6	31	38	41	6	58	92	67	80	79	70	10
86	12	88	49	67	32	37	25	17	15	8	97	67	99	28	2	5	4	17	5
63	29	8	48	25	17	90	95	53	16	33	46	85	21	57	25	37	96	27	70
12	43	23	42	16	96	92	27	44	19	24	20	68	79	28	44	73	99	23	62
91	91	92	82	84	17	50	50	57	59	32	18	81	32	99	16	86	28	70	62
75	53	53	46	52	36	60	42	78	82	18	48	71	51	54	11	90	41	80	6
37	55	92	48	83	85	13	5	59	69	28	45	3	15	15	45	1	73	43	28
16	83	70	80	39	29	50	52	24	11	62	33	46	10	60	85	28	71	33	96
78	31	17	3	40	32	41	83	48	23	19	97	35	52	46	4	6	85	95	81
59	79	79	88	26	22	27	61	12	87	31	13	64	45	82	38	21	67	73	3
51	76	27	50	84	85	55	42	20	80	20	71	61	31	52	38	73	15	40	55
84	83	2	90	33	42	76	53	93	22	27	34	6	57	54	14	10	41	12	60
17	84	43	53	26	31	35	86	52	12	89	56	87	77	77	64	63	6	57	1
32	94	97	13	27	6	50	78	58	3	63	13	57	91	74	17	17	75	54	67
85	73	61	31	29	72	65	27	11	56	18	86	87	38	22	43	73	64	1	62
7	6	43	7	38	89	80	47	27	58	92	26	8	25	5	34	33	74	1	54
14	74	13	83	60	10	51	17	64	40	1	36	8	37	32	90	54	10	22	23
89	1	37	66	34	40	67	25	69	23	46	63	50	73	29	32	2	77	74	43
56	25	21	93	51	15	78	2	3	31	78	49	56	20	68	66	21	62	4	44
58	34	16	59	80	6	37	54	54	84	1	90	29	3	67	53	81	63	28	42
30	33	83	42	80	43	28	12	55	76	56	37	53	37	78	8	34	71	6	22
34	81	89	61	57	92	32	23	34	57	35	56	48	97	43	35	72	68	8	14
48	77	6	60	45	52	16	81	36	40	5	12	20	75	91	21	16	48	47	11
60	93	27	7	61	89	79	43	48	1	15	3	60	56	62	70	11	5	50	80
75	37	66	8	16	67	52	49	4	24	49	98	82	90	66	82	76	82	85	14
21	64	82	77	55	49	59	96	13	3	16	80	95	32	49	47	9	98	96	67
70	25	65	49	66	10	79	35	55	16	49	56	14	56	97	52	3	81	50	36
66	57	30	38	91	46	89	13	71	50	19	20	30	60	68	26	8	75	42	46
93	14	16	81	95	24	24	95	19	78	43	81	39	5	66	12	65	55	31	74
75	38	63	91	92	88	75	27	27	31	24	14	85	82	91	31	2	63	55	89
30	47	97	20	13	30	66	35	49	74	83	85	1	18	22	34	2	54	32	65
45	1	12	48	24	29	24	79	83	67	19	66	77	88	97	16	72	19	29	9
6	43	82	83	44	43	83	3	25	61	81	38	62	47	49	81	72	42	30	80
33	44	42	83	24	91	75	63	33	14	74	3	23	3	35	82	94	47	7	27
39	55	21	51	26	1	19	17	56	17	88	54	84	20	15	67	9	62	45	77
71	27	54	80	15	70	22	97	64	40	31	31	14	82	15	23	17	53	10	5
12	92	5	22	61	85	83	3	73	86	89	85	49	44	17	26	93	28	36	1
61	65	57	39	69	15	23	75	52	31	14	90	54	23	47	37	1	3	17	15
99	82	57	76	11	35	33	96	9	56	77	6	73	8	75	27	64	61	72	31
33	35	68	55	70	12	18	78	88	89	15	58	40	99	59	77	86	98	18	45
7	85	19	90	49	47	10	57	96	66	72	48	90	38	91	8	10	4	7	30
18	20	96	96	32	36	52	4	67	88	52	80	72	54	15	31	10	26	13	22
8	36	33	50	86	46	28	86	65	75	85	36	3	45	63	22	90	68	44	19
11	36	90	21	11	63	3	68	55	90	13	35	50	37	79	70	42	8	85	9
95	25	90	41	80	5	46	69	76	90	51	82	99	9	93	68	48	97	35	58
96	64	50	38	24	99	58	17	5	84	60	67	5	14	84	75	74	57	17	20
94	32	30	13	17	88	68	69	36	14	52	97	20	4	61	87	9	5	8	12
43	50	28	54	24	66	34	7	35	59	43	8	76	62	50	55	81	91	29	29
13	30	59	5	86	67	92	78	93	34	68	86	23	93	81	61	18	83	56	61
74	26	51	98	71	80	97	85	71	21	82	37	65	12	3	84	69	36	78	93
82	88	46	89	9	47	34	9	76	88	21	63	53	52	37	13	79	21	62	59
63	48	48	89	32	11	10	27	95	66	61	17	50	11	18	55	3	82	22	26
41	65	66	67	36	11	52	68	20	14	71	68	38	8	68	67	72	84	77	9
42	44	7	90	87	49	72	81	82	51	66	51	82	79	13	86	28	9	22	69
27	30	32	26	66	24	68	57	39	26	92	79	32	58	69	80	21	20	99	87
15	38	62	89	86	21	21	49	75	73	92	64	34	60	81	57	86	57	65	85
65	18	26	19	34	70	64	78	93	21	69	90	51	7	14	80	97	17	19	46
36	13	59	6	32	21	44	6	26	11	35	46	8	12	87	19	23	45	94	49
15	31	28	9	30	31	59	23	23	73	38	87	2	17	27	88	2	89	20	61
92	39	88	26	5	36	66	75	97	9	77	91	82	82	3	85	67	87	80	78
93	41	25	99	66	61	15	98	76	33	5	75	66	55	37	34	18	36	16	38
28	6	35	40	84	51	62	45	81	63	49	74	94	49	73	31	13	48	38	60
49	85	61	5	97	69	43	4	98	66	60	36	8	83	24	82	20	96	17	31
79	3	29	63	36	9	51	45	90	63	70	35	31	54	9	33	62	89	50	50
16	55	40	13	77	41	7	55	45	81	7	21	23	24	73	19	73	37	22	90
19	92	5	86	16	19	34	6	24	58	59	24	82	94	78	23	50	41	11	24
31	94	29	4	43	72	99	89	90	29	10	47	52	69	13	62	92	91	99	97
52	29	67	57	39	7	91	94	78	16	89	4	53	99	97	82	52	64	59	52
76	5	11	75	9	2	82	91	18	71	80	66	83	22	56	42	44	48	66	93
91	12	95	50	93	42	29	66	21	34	67	4	37	73	84	3	11	10	30	32
34	52	39	23	97	46	85	61	29	52	51	78	29	74	50	96	72	55	44	32
14	76	36	99	11	65	65	73	79	98	34	37	86	50	64	51	16	32	15	78
88	45	66	37	94	10	91	71	91	36	66	45	66	52	39	91	78	14	99	59
18	98	55	64	50	91	43	22	87	76	31	95	56	55	19	53	86	50	32	44
53	54	27	31	87	74	54	3	63	60	24	17	44	62	59	80	86	9	86	31
25	31	18	60	99	38	71	24	79	88	84	11	14	82	30	82	88	97	66	90
61	86	90	7	79	26	27	34	38	24	48	22	73	11	40	67	3	43	49	18
97	55	46	20	74	35	20	13	11	92	81	28	26	80	20	63	52	90	18	1
3	93	84	41	87	53	25	3	42	75	68	21	33	88	30	64	80	28	46	74
5	14	80	42	55	84	12	48	98	2	30	49	33	83	95	72	20	5	46	97
21	27	62	1	76	66	35	36	72	89	97	76	77	24	15	98	91	38	85	49
41	80	45	93	81	43	30	46	12	31	56	2	22	73	57	87	9	6	85	39
7	45	78	36	58	70	92	77	59	10	81	90	9	29	90	60	21	97	72	31
86	64	54	62	20	21	17	82	81	75	40	30	11	48	34	93	75	69	75	81
88	3	33	39	86	61	92	50	25	91	59	82	98	21	51	19	57	13	86	83

6	14	8	2	17	12	10	11	9	18	19	17	7	5	10	1	15	5	9	2
13	1	20	2	20	7	14	11	9	18	15	13	4	19	9	9	7	5	18	10
19	11	15	16	2	4	2	6	1	6	16	2	16	18	16	7	5	9	14	18
15	18	14	13	7	13	20	13	2	16	16	15	11	11	8	11	14	14	8	15
17	10	10	5	14	6	9	2	3	10	1	13	13	5	15	7	18	1	14	4
20	20	12	19	4	7	17	2	13	9	6	14	2	8	16	3	2	17	12	4
6	15	2	7	7	3	7	16	16	8	18	1	15	17	2	3	4	8	6	3
16	20	12	16	16	11	20	7	7	19	13	11	10	15	4	3	16	9	2	3
4	19	1	1	17	19	9	6	6	8	18	7	15	17	12	15	4	18	15	12
10	2	2	7	11	1	8	2	13	11	20	2	9	17	8	18	1	3	17	16
18	19	17	13	9	16	3	3	6	4	20	7	6	3	14	2	10	7	18	11
9	11	7	1	11	11	11	11	7	18	16	19	9	11	11	17	12	7	6	19
13	3	18	3	17	18	6	6	10	12	3	20	1	4	7	1	7	13	15	9
8	14	15	20	6	19	1	7	2	14	11	16	16	4	2	7	17	16	11	10
8	19	4	18	7	10	14	18	3	9	3	4	7	14	18	2	18	20	9	5
15	2	1	6	20	15	1	18	4	9	8	13	19	3	5	3	12	9	9	2
14	6	6	17	11	4	19	10	10	17	9	3	16	10	2	12	18	3	6	2
14	13	1	17	13	5	8	13	1	14	2	18	1	17	10	10	2	18	5	3
16	6	10	10	11	12	19	15	19	10	11	8	19	12	8	19	3	11	20	5
10	11	2	11	10	11	1	15	18	16	18	12	2	5	3	18	6	16	14	6
3	1	15	15	4	11	17	11	20	3	1	6	11	2	15	3	3	11	8	3
1	7	12	10	4	3	2	5	14	15	16	12	8	19	18	1	6	12	12	3
19	13	19	18	8	7	10	6	7	1	3	10	9	17	13	3	6	8	10	6
7	20	5	11	14	2	16	14	2	10	5	18	18	9	16	10	13	1	15	2
15	14	12	9	12	5	5	14	2	5	3	11	11	16	15	20	5	8	3	2
19	4	16	5	15	14	8	3	18	11	20	10	12	2	13	11	11	19	2	8
20	17	8	6	1	14	4	18	1	1	12	20	9	20	5	13	20	3	11	10
10	20	2	2	14	5	20	14	9	6	11	7	6	17	14	12	9	2	2	1
8	20	14	18	12	9	15	6	13	3	9	17	20	14	15	4	14	3	7	6
14	7	7	9	6	18	16	6	13	15	15	8	15	16	16	8	9	4	15	9
13	8	16	12	16	10	1	10	17	5	4	3	9	18	14	16	9	16	3	1
20	2	9	14	1	4	1	9	3	18	18	17	2	3	2	14	2	12	12	5
4	6	9	16	12	9	6	17	6	19	7	15	12	13	19	1	1	1	11	16
18	20	19	13	9	9	7	14	20	1	4	20	3	20	1	17	18	15	15	9
16	6	6	19	20	4	20	19	7	7	15	6	18	8	15	11	1	10	17	1
10	12	16	8	15	9	7	8	12	15	5	6	20	8	17	3	10	7	4	9
4	4	2	6	12	1	13	8	16	17	7	6	1	17	11	10	15	16	11	3
8	13	18	18	18	13	8	9	2	3	20	8	16	9	18	20	5	3	8	1
7	8	19	20	15	18	20	8	4	2	15	15	7	14	11	5	13	5	19	1
1	6	2	16	10	14	7	11	3	1	2	5	15	2	8	19	15	20	4	11
12	15	13	4	15	10	15	8	2	3	15	4	15	16	3	3	3	19	13	13
18	8	11	13	2	8	5	3	8	19	13	8	1	1	19	20	8	10	4	10
5	8	6	19	6	12	17	4	12	16	6	20	18	13	18	3	13	18	7	15
12	14	5	14	17	18	3	19	11	2	4	13	20	8	2	17	8	14	12	14
15	2	19	1	13	17	5	18	18	18	2	12	18	10	4	3	20	19	15	4
10	9	2	19	16	1	8	8	9	14	5	7	3	10	3	11	9	16	10	6
15	12	2	9	10	20	14	15	9	15	11	11	18	17	12	3	5	13	13	15
1	2	3	19	15	20	3	11	2	14	19	6	3	17	15	17	20	9	12	17
8	3	4	18	18	2	10	15	16	2	12	2	11	15	6	14	6	3	2	6
1	20	19	13	16	15	19	19	1	9	19	17	14	2	11	1	2	11	12	1
4	14	9	9	20	13	10	14	7	10	13	17	11	16	10	17	12	13	5	13
2	18	7	10	14	8	1	7	14	15	4	17	10	6	19	7	14	17	3	16
8	13	16	12	14	10	7	13	20	6	4	5	16	7	16	9	11	4	15	7
19	1	13	9	9	15	11	9	16	9	17	17	4	9	19	9	17	14	9	3
7	2	8	15	5	16	8	10	7	9	8	13	13	14	18	1	1	5	16	15
7	14	11	5	12	4	7	15	14	17	3	11	8	4	20	20	13	6	18	2
13	16	5	11	5	14	3	5	4	8	16	6	14	9	13	8	15	6	17	2
7	8	15	16	4	17	5	15	8	13	4	1	15	1	11	19	6	5	10	20
7	2	19	10	13	3	16	14	5	14	4	17	18	13	12	6	1	18	4	8
13	20	2	2	14	3	2	10	6	7	15	17	1	7	5	2	11	9	20	11
6	5	7	4	3	3	8	12	18	20	4	14	15	8	7	12	13	14	4	5
20	7	19	13	14	6	16	2	9	9	17	14	14	12	17	12	11	15	16	15
8	2	14	14	9	14	20	4	7	2	16	20	17	9	4	12	8	20	3	16
1	5	3	5	1	7	7	17	20	20	11	16	19	11	11	15	4	19	1	15
11	11	4	9	14	8	18	10	7	4	15	13	11	2	16	7	13	10	5	19
14	13	6	15	16	19	20	4	7	16	8	3	15	11	6	3	18	7	16	9
20	10	20	16	20	16	16	8	3	20	13	5	10	1	11	10	15	11	7	8
10	18	13	20	13	12	13	18	19	14	1	2	12	12	14	10	14	14	6	6
2	6	13	20	9	9	14	16	2	2	20	17	1	12	11	18	5	7	4	13
7	19	19	9	12	6	7	18	11	6	15	19	4	5	9	4	12	14	6	15
20	3	15	6	9	14	8	18	17	16	8	3	15	13	10	10	4	10	17	15
16	9	12	7	6	6	16	4	17	9	20	18	5	7	6	12	7	6	2	12
18	9	17	20	13	13	7	5	12	8	7	3	5	7	3	17	17	7	16	20
17	4	17	18	18	12	11	19	7	4	3	10	15	16	5	16	14	15	19	4
7	5	14	4	12	16	3	3	6	9	3	12	12	12	19	4	8	20	13	20
9	2	8	9	8	9	8	14	20	9	16	18	8	12	1	12	14	2	15	10
9	15	16	1	3	13	2	12	14	10	11	8	19	7	2	13	3	9	19	14
18	20	13	19	9	2	8	7	12	8	3	18	11	9	9	2	12	19	16	17
16	9	15	19	9	19	11	7	15	8	10	18	16	4	16	16	6	20	13	14
18	4	13	20	1	19	9	13	4	20	2	17	13	13	8	13	15	7	5	15
18	13	4	7	14	19	11	15	1	13	7	17	14	5	14	8	11	3	7	6
20	13	4	18	5	14	15	6	20	18	20	16	11	16	16	17	2	17	2	14
7	5	9	11	16	10	7	4	18	16	3	11	11	14	18	6	18	3	9	16
5	3	18	10	7	20	6	3	19	6	10	17	5	13	2	2	19	9	18	12
9	17	18	4	14	14	8	2	13	20	8	13	18	14	14	6	10	13	14	5
10	15	3	6	6	17	20	14	6	6	18	13	16	13	4	4	13	16	1	9
14	15	18	1	14	12	14	12	16	20	16	3	7	9	20	1	16	9	5	10
5	2	12	13	7	16	9	11	3	18	5	2	17	16	7	1	12	9	16	18
12	7	15	19	11	12	2	6	1	3	16	9	15	4	19	11	10	5	15	4
20	18	8	3	18	12	2	12	9	11	10	8	12	7	15	10	10	5	5	6
10	4	3	12	5	10	20	18	14	14	16	12	3	19	2	1	17	18	13	20
5	1	1	18	8	20	15	13	18	20	2	11	4	5	6	4	19	10	5	10
16	1	3	18	9	8	7	6	7	4	18	12	2	10	3	8	8	9	5	1
19	7	16	10	3	2	11	16	18	8	20	17	7	18	7	17	13	6	10	1
10	7	2	5	10	11	3	16	20	9	12	8	13	1	16	15	18	19	16	1
4	12	4	15	17	18	9	8	10	14	9	1	18	12	13	16	11	13	10	18
17	7	8	18	7	19	14	13	12	20	11	5	9	10	6	1	13	14	7	20
1	9	8	2	2	4	20	1	2	15	19	10	20	6	5	18	15	5	16	10
8	12	17	12	3	10	17	7	19	16	15	16	11	14	9	2	17	1	16	12
1	2	8	11	17	7	7	11	19	12	7	7	14	7	16	4	13	14	15	14
12	5	12	16	2	17	11	17	12	17	11	3	8	12	12	8	1	14	14	8
7	15	12	12	18	17	19	13	13	18	5	20	15	16	8	6	15	17	18	5
20	3	19	7	12	10	20	5	13	12	6	15	9	13	1	9	19	8	2	16
20	8	16	20	9	2	16	1	16	11	14	4	19	9	10	5	11	11	14	10
2	7	10	8	6	5	14	15	11	8	18	4	14	20	7	4	13	20	12	1
20	2	3	18	2	4	16	7	2	14	12	6	17	7	2	19	18	5	6	5
5	7	10	6	18	3	19	10	12	3	12	6	18	13	14	11	12	11	6	20
3	12	10	9	6	2	11	19	5	2	2	6	9	3	10	4	15	12	11	7
8	4	4	12	12	18	13	12	15	12	1	18	18	4	16	19	17	1	15	2
17	12	9	10	3	16	20	15	10	1	13	16	19	6	12	1	19	18	17	19
3	2	11	15	5	13	1	3	12	15	13	19	17	2	8	16	15	19	6	3
11	9	7	1	9	8	12	8	4	16	17	16	11	18	19	19	4	20	6	1
4	3	8	17	11	17	20	17	12	5	17	12	7	2	1	14	12	17	15	9
19	14	16	14	9	7	18	12	13	8	8	14	2	11	17	20	6	9	2	15
19	20	4	16	20	15	18	13	18	10	20	3	3	19	16	20	7	8	16	13
1	20	11	20	1	12	15	3	20	10	10	18	10	2	1	16	13	3	10	18
17	18	16	10	12	6	15	1	4	9	18	9	2	5	8	17	9	12	6	8
11	2	2	10	17	16	13	8	13	16	13	8	15	11	7	11	12	19	16	12
6	17	11	16	18	15	10	2	2	19	9	5	8	20	4	17	20	8	1	17
20	1	6	17	20	15	16	16	12	16	14	7	2	16	3	2	20	18	1	15
17	1	2	19	1	13	3	8	2	19	6	17	8	12	12	9	16	16	10	6
1	13	8	4	7	17	6	14	12	7	1	15	5	10	11	19	2	5	18	7
6	3	7	9	20	2	19	4	11	14	3	4	1	15	2	7	15	10	17	4
17	3	8	16	2	19	18	20	12	14	6	15	3	9	10	1	2	13	11	11
11	2	10	14	3	15	4	17	20	6	5	8	19	11	13	9	9	6	4	19
4	7	9	8	12	12	20	11	6	20	8	7	12	9	11	7	5	9	13	2
10	20	8	1	14	17	16	6	20	5	3	19	4	2	19	6	19	8	16	17
18	20	17	11	1	8	9	15	4	7	17	3	8	8	16	2	3	11	11	13
9	8	14	10	4	15	18	1	18	1	15	5	13	2	19	14	4	15	10	4
17	19	7	12	3	1	5	3	2	7	5	3	17	7	17	20	14	12	18	8
10	5	12	18	2	5	4	7	8	18	7	12	11	13	16	15	8	10	18	14
4	7	9	12	17	2	17	10	7	2	4	17	20	20	1	15	2	4	3	15
19	18	20	1	1	2	14	11	19	5	4	2	15	15	15	15	7	2	15	19
17	20	19	20	12	16	15	10	13	20	14	6	17	2	17	14	10	13	20	5
12	7	19	10	18	10	20	12	10	5	16	7	10	20	17	6	14	4	2	12
6	15	4	1	20	9	1	4	17	11	8	11	5	1	4	6	13	14	3	4
15	14	11	16	14	14	5	7	5	3	6	8	8	6	3	1	2	3	7	13
8	14	12	6	3	14	19	2	16	9	13	9	20	3	7	8	1	5	17	7
1	7	2	2	10	10	18	8	2	17	17	7	12	10	2	19	16	4	13	8
9	17	1	19	1	10	5	9	11	20	9	15	15	17	3	8	19	6	12	18
6	5	3	9	18	9	18	5	14	12	16	9	5	12	2	5	5	17	10	17
6	13	14	1	19	15	5	15	1	1	5	8	5	10	10	8	20	8	9	2
3	13	17	7	9	17	10	4	10	20	10	2	6	20	9	6	16	11	15	16
13	11	18	10	20	10	10	9	16	19	3	12	2	9	12	16	1	12	11	4
17	2	2	11	18	9	5	11	4	7	7	16	9	8	19	15	1	20	7	17
2	16	5	5	15	9	17	20	6	10	5	6	4	15	1	8	2	4	7	8
16	6	1	8	20	17	3	20	9	1	11	19	7	2	16	6	12	19	17	15
15	10	19	18	8	4	15	4	3	2	12	18	6	16	2	11	14	10	3	1
20	16	11	8	10	17	13	3	18	16	9	16	5	12	14	10	19	3	14	8
15	14	9	14	6	4	16	12	12	14	3	5	18	19	1	9	20	11	5	12
5	10	3	9	15	11	12	14	16	9	13	6	19	2	7	9	16	11	5	10
7	9	4	7	17	19	9	7	8	4	18	12	12	1	10	20	3	1	10	15
9	6	18	3	3	4	14	5	5	6	8	16	15	4	9	10	12	12	16	16
15	3	1	3	20	18	15	4	11	1	8	18	19	10	9	15	3	5	7	3
8	11	10	8	10	19	6	18	11	11	4	8	8	19	11	11	14	7	10	11
17	9	10	2	14	20	2	15	11	9	7	8	13	2	10	10	14	10	9	13
10	12	16	12	1	8	7	13	4	9	13	15	7	9	16	11	15	10	16	13
3	11	19	12	16	19	3	4	9	18	16	16	8	11	9	12	19	1	4	15
8	16	13	4	17	15	16	6	10	2	1	5	3	13	14	9	16	18	17	11
6	13	12	4	8	2	13	20	6	18	5	10	1	17	6	11	9	12	18	12
4	11	3	1	6	20	14	8	17	16	17	18	14	10	20	14	18	3	18	20
14	9	19	15	9	4	18	2	12	5	4	20	6	8	15	8	11	17	18	17
2	3	3	4	18	19	6	5	6	2	15	20	15	15	18	9	3	17	15	16
1	3	20	5	6	9	7	11	8	9	7	3	18	20	18	7	3	17	13	1
9	7	20	9	3	13	15	15	13	12	4	4	20	7	5	8	10	19	18	8
2	2	13	10	1	9	10	18	8	7	11	9	5	6	2	4	3	15	12	15
18	9	2	19	12	13	7	4	15	18	8	20	13	2	19	2	12	3	19	18
7	3	8	13	3	7	19	8	7	5	17	1	3	4	4	17	1	12	13	8
7	13	12	4	13	15	19	10	5	8	8	1	7	5	18	6	5	14	1	14
1	15	16	18	3	16	12	1	9	7	17	14	16	14	8	11	11	2	15	15
14	2	12	3	10	11	8	3	16	6	14	2	12	5	7	3	3	8	9	6
3	19	1	19	1	15	4	3	14	19	17	4	11	6	6	1	10	3	13	16
2	11	8	11	12	16	8	3	6	1	3	18	12	19	5	19	12	2	1	11
18	2	9	19	10	6	8	4	9	1	15	12	5	15	18	16	19	13	13	11
6	17	7	5	5	19	13	12	19	10	3	20	13	4	2	20	20	5	16	1
17	15	9	16	18	19	8	10	7	18	18	3	19	11	18	8	3	14	18	4
11	20	8	13	8	5	7	4	12	15	4	7	3	13	4	11	16	6	16	5
1	8	10	6	15	15	18	18	10	18	11	11	2	6	17	6	6	15	4	3
18	6	5	13	5	17	6	9	13	18	19	6	14	9	18	11	13	5	17	17
7	8	14	8	3	1	19	16	14	5	2	9	13	3	11	10	9	16	1	2
3	19	10	12	16	1	8	5	13	1	4	2	1	2	11	7	7	4	2	15
19	7	7	2	19	1	7	7	6	18	20	18	14	13	19	12	12	4	13	11
6	8	5	13	4	17	1	3	3	10	7	6	9	20	12	17	18	2	10	10
7	11	17	9	11	14	20	10	5	1	13	17	20	2	16	18	12	16	16	7
5	16	1	15	11	4	5	9	9	14	13	9	8	12	4	4	17	15	5	19
19	17	7	17	10	10	17	11	14	7	15	4	15	2	3	9	15	16	9	20
19	11	14	9	13	1	15	4	12	3	11	9	1	9	12	14	1	17	16	1
3	8	4	9	9	13	20	20	13	13	20	9	14	10	18	19	18	7	17	14
20	8	13	4	3	20	13	1	13	3	20	1	15	8	9	18	6	14	19	17
18	18	3	8	2	2	15	11	17	11	10	11	12	13	14	11	19	1	5	16
3	16	19	3	2	20	13	18	2	11	20	14	2	4	2	10	2	16	6	14
4	4	11	9	20	17	16	20	13	7	12	9	5	18	13	16	17	2	11	20
14	6	16	17	14	5	19	17	9	11	16	9	3	8	6	11	10	8	19	2
13	8	14	14	8	9	5	5	20	14	1	9	12	16	10	4	18	9	8	1
2	17	9	13	14	16	16	14	18	10	10	3	19	17	16	18	9	20	5	13
11	17	11	6	2	6	9	6	13	4	7	18	1	12	8	14	14	6	10	15
5	6	6	18	6	17	16	19	20	17	3	17	18	2	14	19	14	15	7	20
3	19	10	18	11	15	9	1	13	7	15	1	8	14	8	2	7	10	5	2
6	20	11	4	10	6	20	2	3	16	19	8	20	15	18	18	7	14	7	8
4	11	7	11	7	4	1	13	2	15	2	6	9	14	2	19	6	19	10	4
18	1	12	3	16	12	10	17	11	4	8	13	2	11	7	14	3	17	14	10
20	17	3	2	3	19	2	10	12	17	18	17	19	10	8	9	6	15	7	1
4	8	20	19	15	19	6	2	19	20	7	12	4	5	6	8	13	14	18	4
20	5	10	8	15	15	7	17	2	12	20	19	9	18	16	8	4	19	16	8
13	1	1	11	1	12	15	20	12	14	17	17	10	15	6	4	13	13	6	18
2	4	6	20	19	15	10	3	8	4	8	12	11	19	13	19	12	20	5	9
14	11	18	6	14	18	17	9	15	10	11	20	18	6	16	6	10	4	16	19
16	10	2	18	14	4	15	19	10	10	7	5	10	5	16	7	4	15	7	9
17	15	10	5	11	20	16	12	17	18	5	7	1	9	12	18	17	2	8	16
19	7	17	11	14	14	5	5	7	14	17	16	1	3	17	13	5	11	15	5
10	15	9	14	1	10	20	12	19	14	15	11	2	17	14	10	3	2	19	3
8	5	14	10	5	5	7	5	3	13	16	20	17	9	15	9	10	6	18	20
7	13	2	16	12	12	18	13	4	1	10	14	8	3	4	13	19	1	20	16
12	17	6	2	7	3	4	3	2	12	17	7	19	20	15	17	10	6	20	19
11	2	7	10	13	3	19	16	11	8	4	19	7	5	20	1	3	2	13	5
19	20	5	10	15	11	10	3	19	2	17	15	18	4	1	1	15	20	20	19
11	13	3	9	19	20	9	16	15	3	10	12	15	3	16	15	6	7	10	4
13	1	3	17	13	1	5	3	5	18	6	15	15	9	15	6	18	18	20	20
9	7	5	16	7	4	8	11	3	20	17	15	7	4	13	9	13	16	13	12
20	7	2	14	16	8	20	19	6	2	6	1	8	19	14	19	17	18	1	8
3	20	5	13	18	11	1	14	2	8	16	13	7	14	12	6	19	8	18	17
1	20	15	14	9	9	19	11	18	17	20	19	14	5	12	15	14	17	16	14
13	10	14	17	5	15	12	9	20	14	9	10	18	1	20	17	11	3	1	20
14	8	17	3	3	20	14	8	11	8	16	17	16	20	14	3	7	7	1	2
8	15	3	9	20	1	2	8	2	16	16	5	14	6	6	17	11	8	10	4
8	5	17	17	4	6	11	15	16	18	2	20	17	20	9	6	18	12	8	19
15	3	17	12	3	1	11	13	13	10	20	9	20	18	3	20	16	3	10	20
14	3	20	18	11	16	20	1	18	2	17	3	2	13	2	10	4	12	16	15
10	12	17	19	2	18	4	8	8	12	9	2	3	10	18	5	16	6	12	19
5	6	12	19	15	16	16	1	1	18	1	12	5	20	13	3	9	9	9	15
3	2	17	6	10	3	7	4	4	8	14	14	8	20	12	15	16	14	19	15
5	17	15	6	3	20	1	19	6	10	17	9	20	2	11	3	12	7	14	16
5	20	18	6	6	4	7	11	2	1	2	9	16	19	2	3	13	6	1	9
14	8	15	19	7	12	18	9	19	7	13	18	18	20	10	20	14	7	17	1
14	7	4	4	17	8	8	11	11	6	20	13	2	2	12	11	14	8	17	11
12	17	20	2	18	10	19	19	10	14	8	5	9	7	14	18	15	17	12	11
5	19	9	13	20	11	16	9	20	13	14	9	2	11	18	10	11	18	6	8
11	10	6	5	10	7	20	13	11	17	5	9	7	13	15	16	13	7	17	6
20	18	16	12	1	15	9	1	16	14	5	5	10	1	18	16	7	10	1	6
18	2	11	3	16	17	19	17	16	1	13	6	11	9	8	4	18	4	15	8
11	16	4	11	17	17	8	3	3	1	1	15	14	19	13	6	14	16	18	4
17	7	5	10	9	4	7	2	15	9	5	17	11	17	3	19	5	7	15	5
4	17	17	10	10	13	8	16	18	14	3	16	14	4	10	16	18	5	14	17
20	13	9	7	1	2	6	18	4	17	17	2	11	11	10	8	5	11	20	18
5	8	14	10	18	8	11	5	1	18	17	10	1	5	3	15	2	19	3	2
3	15	16	8	1	7	6	15	8	4	5	12	7	4	10	3	2	6	12	16
5	18	1	10	2	7	12	4	6	11	16	4	3	16	11	19	13	4	7	3
2	4	9	18	2	15	2	20	18	10	13	9	16	18	13	6	14	7	3	5
11	5	8	6	4	15	16	18	16	19	10	9	15	3	6	9	17	9	11	17
1	8	8	2	2	2	19	6	19	2	2	16	13	19	12	10	20	16	5	3
10	14	9	19	4	15	3	9	10	8	5	8	19	7	19	5	20	5	13	9
11	4	20	20	18	1	18	8	4	16	6	2	17	6	1	8	9	13	19	6
12	1	18	20	3	10	10	6	9	7	3	6	6	13	6	6	13	17	2	12
2	12	8	9	20	3	4	19	6	10	7	8	3	15	9	17	20	14	4	6
1	13	19	10	5	12	11	3	2	10	20	3	12	18	10	11	19	8	17	10
4	18	11	17	16	2	17	15	15	15	14	7	16	1	5	14	20	6	11	1
9	12	9	4	20	2	1	9	20	6	16	7	15	9	7	13	12	6	19	9
7	7	10	9	12	17	6	3	4	17	6	19	20	7	19	8	8	7	11	16
12	6	18	16	14	10	12	12	16	16	5	9	3	6	15	2	7	13	16	5
10	2	12	1	15	9	2	20	14	10	20	8	2	15	10	10	19	7	10	20
11	11	3	9	14	20	11	14	5	14	1	7	12	16	11	5	5	1	12	10
9	4	17	13	4	18	9	18	10	17	16	5	14	9	11	19	9	9	6	2
1	14	17	19	11	14	15	9	17	2	12	9	3	16	6	2	7	15	2	1
11	2	19	14	16	6	20	14	12	8	13	15	14	19	8	18	14	10	9	11
5	8	7	19	7	11	6	12	10	16	1	19	2	4	15	17	16	17	19	4
11	16	7	18	16	18	11	18	6	1	14	4	6	8	17	12	17	9	14	9
16	12	10	5	14	14	5	9	14	15	6	17	14	13	15	13	4	9	19	19
7	9	20	9	10	8	17	2	8	18	20	16	5	17	3	10	14	19	1	11
8	3	19	10	1	10	3	14	11	8	7	18	4	6	12	7	4	7	12	9
8	4	19	15	9	7	8	6	16	7	13	15	10	13	14	8	6	18	6	4
6	20	6	14	19	13	15	15	15	18	6	16	8	5	11	3	20	15	6	9
17	13	20	3	7	12	20	5	16	18	12	14	6	2	18	15	13	12	16	20
8	17	5	7	15	8	7	2	11	5	18	12	5	3	19	12	10	3	4	10
11	19	5	1	5	19	1	14	15	3	11	10	16	19	10	13	20	2	15	20
10	12	4	3	15	13	20	10	1	4	11	8	6	9	5	12	9	12	19	12
8	11	16	19	14	2	19	1	16	16	12	18	17	4	9	13	16	1	12	7
3	3	19	11	16	6	5	4	15	20	9	2	6	19	9	12	7	1	15	11
20	10	5	3	16	18	13	9	2	15	11	14	17	14	16	8	20	2	8	2
5	17	2	8	14	5	8	4	7	17	16	20	9	6	12	2	15	19	17	5
11	11	13	9	7	20	3	16	14	14	7	15	11	10	18	19	10	8	20	19
14	13	18	13	13	7	5	17	8	4	16	13	17	11	18	5	2	1	12	4
18	12	7	10	16	8	11	4	4	18	14	17	5	19	19	6	13	7	19	6
11	5	3	16	12	13	13	14	7	18	8	2	6	8	17	8	3	7	18	15
13	7	15	20	1	2	16	6	16	13	4	1	10	6	13	19	9	17	17	11
12	4	2	7	17	16	10	20	15	3	1	11	16	8	17	20	18	6	18	17
16	11	2	11	11	1	16	2	4	2	16	11	12	17	11	20	18	14	17	13
12	12	10	18	17	13	13	11	7	7	16	18	7	17	18	1	7	19	14	12
5	9	3	2	17	15	19	5	19	16	8	14	10	2	19	7	10	16	16	3
13	20	8	18	16	15	19	6	4	9	8	9	1	1	2	14	20	12	14	14
11	10	14	14	5	14	9	7	6	18	18	9	16	16	13	4	16	19	5	19
1	3	4	20	14	19	20	1	18	2	14	9	18	11	20	1	2	4	1	20
15	1	13	10	17	16	13	16	19	15	17	15	11	13	12	3	16	18	8	5
6	6	5	15	17	5	19	1	18	8	8	17	12	3	17	11	10	15	8	18
15	18	1	5	14	3	2	1	20	18	13	5	10	18	9	10	9	6	19	9
11	7	16	15	2	13	6	7	5	20	20	15	16	11	12	4	16	2	7	6
13	3	13	9	18	4	9	11	11	13	8	12	12	15	20	10	15	5	10	19
3	4	14	3	15	3	20	11	17	19	7	16	16	6	16	17	9	17	1	4
11	11	14	11	3	5	6	20	2	19	18	1	11	10	8	1	9	3	9	6
20	7	4	19	13	7	5	2	3	19	16	6	18	3	9	16	10	16	8	3
13	11	6	11	14	1	12	18	1	14	4	9	16	17	2	7	6	14	15	16
13	18	3	16	18	20	16	11	6	13	13	20	11	7	16	10	20	17	11	13
13	9	12	16	19	8	18	18	13	11	13	7	8	7	7	10	5	19	12	4
10	8	13	15	4	15	3	14	16	9	8	6	13	10	6	15	3	11	15	19
8	1	9	7	2	19	8	15	2	20	14	7	2	11	15	6	14	1	18	12
3	20	11	13	11	20	1	9	7	7	16	15	11	9	18	7	8	2	20	10
20	8	17	15	19	18	16	14	19	18	11	2	9	2	20	5	3	15	6	11
8	4	18	1	8	3	8	14	4	13	8	10	11	12	8	18	12	4	18	1
14	16	15	11	15	6	4	14	16	7	6	15	14	4	15	17	2	10	4	14
20	15	3	14	5	18	2	2	16	5	8	16	2	9	9	13	2	16	1	17
15	18	10	9	16	18	6	1	14	6	19	8	4	6	2	5	18	1	12	15
4	6	17	4	12	5	5	1	17	7	15	11	16	2	1	1	2	20	13	1
4	19	19	2	15	10	8	12	5	9	17	5	16	7	8	5	6	3	20	15
10	14	6	7	10	18	5	9	11	19	18	15	8	3	19	19	2	12	17	20
12	14	15	4	18	19	8	2	14	7	12	5	4	1	18	10	9	4	11	12
10	7	1	16	16	10	5	19	17	17	19	10	7	19	18	7	6	10	2	19
14	5	20	3	12	4	12	7	7	11	6	5	3	1	18	13	16	12	17	10
18	4	2	8	19	13	4	4	11	7	16	16	7	19	19	2	15	2	7	16
3	19	18	1	7	19	8	12	4	3	8	3	6	5	9	18	16	7	13	9
13	14	13	1	7	8	10	17	8	15	1	15	17	19	19	12	19	8	7	9
16	10	14	7	5	10	19	14	9	16	19	17	4	3	11	10	13	4	16	5
16	3	19	13	18	6	15	13	19	18	11	4	10	7	10	13	16	18	7	1
16	8	20	14	9	17	16	1	3	7	19	1	1	13	11	9	13	20	9	8
16	8	4	12	15	16	12	12	19	1	6	19	10	4	7	1	13	16	17	8
10	15	4	16	19	7	8	18	13	10	14	7	7	11	6	4	19	20	7	4
10	13	10	13	15	8	3	18	7	5	7	10	17	3	2	4	7	16	1	14
18	7	13	6	13	20	15	5	3	19	20	2	1	12	16	12	11	14	19	8
3	2	14	13	13	17	6	5	13	2	15	17	12	20	9	6	13	17	17	18
9	2	8	5	3	17	7	16	10	20	13	8	13	17	17	9	17	19	2	16
14	11	4	4	12	10	18	8	19	4	4	11	6	13	12	3	8	8	13	16
3	17	9	12	16	5	8	10	12	1	10	4	3	12	9	9	20	20	6	15
16	3	5	15	2	5	12	9	18	13	18	13	13	12	4	8	15	18	2	7
4	10	18	3	17	20	4	2	14	12	9	18	12	1	10	18	10	19	4	11
6	4	20	20	4	9	14	17	8	5	19	6	11	9	1	9	18	17	9	20
16	4	9	13	13	5	1	16	15	12	18	14	7	9	7	10	19	1	2	5
5	14	12	11	8	3	8	16	3	19	13	2	7	17	5	9	9	3	4	19
4	10	4	16	8	17	7	11	16	2	5	17	2	13	7	6	13	3	12	11
12	2	16	7	12	19	19	19	13	17	3	1	7	16	8	6	11	7	16	9
13	17	2	18	13	17	12	8	14	18	6	4	18	16	16	16	19	17	14	14
8	6	1	19	16	6	6	19	9	13	2	15	19	14	9	12	17	10	5	14
10	7	9	5	5	12	1	6	12	14	5	14	7	6	11	7	11	2	8	12
17	20	17	5	9	1	1	15	6	16	10	20	2	19	19	3	19	12	14	3
20	3	10	9	14	17	20	1	7	11	2	10	13	20	5	15	1	15	11	13
3	4	16	20	3	6	5	20	1	19	9	15	17	11	7	15	4	1	7	13
14	4	9	18	8	18	20	5	11	1	4	10	9	12	5	4	6	2	12	16
10	13	1	14	13	5	12	20	7	11	2	9	8	17	4	16	10	13	16	1
4	20	3	1	8	17	7	18	3	12	9	12	9	12	7	7	2	11	13	2
12	2	15	8	4	10	15	4	3	20	19	3	13	14	12	18	13	15	10	9
17	1	17	19	19	19	17	12	4	13	3	20	12	11	16	10	20	20	13	2
15	18	13	18	13	7	3	19	4	9	4	3	19	20	6	14	3	11	8	11
7	19	15	15	2	4	5	18	15	7	13	15	15	17	15	16	4	11	18	5
13	17	6	2	9	16	7	7	5	15	1	7	19	13	4	12	7	12	14	13
14	4	4	5	15	1	6	3	12	3	11	11	20	9	1	14	16	20	12	10
11	19	6	11	16	13	11	3	2	2	2	17	12	19	7	3	14	16	14	5
10	15	9	9	19	4	18	4	18	14	3	5	20	19	4	19	19	10	9	8
20	9	14	6	10	10	17	11	4	19	18	3	13	19	10	17	4	5	7	8
4	20	6	3	18	2	8	13	19	4	17	10	20	16	1	18	18	11	11	6
13	11	3	5	13	15	12	3	19	20	14	5	16	5	14	13	13	3	13	1
15	9	14	19	11	12	12	1	1	5	9	16	1	3	7	16	3	20	18	14
3	4	5	8	20	18	14	2	1	16	5	7	9	11	11	6	2	13	20	6
5	13	4	18	14	7	20	14	17	4	3	3	12	2	1	1	9	14	20	1
15	4	4	1	15	11	2	11	11	8	4	11	14	4	2	12	6	20	4	17
3	20	18	11	1	17	17	20	2	3	1	15	9	7	9	2	13	14	2	4
1	3	14	15	5	18	2	3	5	20	4	13	1	18	12	20	12	10	13	3
5	2	19	8	8	6	19	7	18	9	17	17	19	14	13	2	19	4	2	13
5	6	8	7	5	8	11	17	13	3	9	13	7	16	16	7	5	2	19	11
4	18	7	1	4	9	14	11	16	6	13	2	5	1	10	1	15	8	1	2
5	12	10	1	11	20	12	4	8	1	5	6	13	10	13	11	18	9	12	18
16	2	13	19	6	14	3	12	2	3	12	3	16	17	2	15	17	1	6	8
7	16	11	6	5	7	5	3	12	5	16	7	1	7	19	8	13	11	2	4
14	14	13	16	18	16	20	2	18	16	11	20	11	17	12	7	20	15	8	20
18	20	12	13	17	9	10	16	20	9	5	9	1	16	10	6	1	11	9	8
14	10	18	3	1	6	10	5	9	15	2	5	18	17	2	8	7	4	1	13
16	13	7	11	16	19	16	20	10	5	18	13	17	17	1	1	2	8	19	20
4	8	5	12	14	20	20	14	11	5	4	14	11	9	15	7	5	15	10	12
12	9	4	7	14	3	11	4	14	10	6	14	20	15	17	15	19	8	11	15
13	17	16	10	5	4	1	7	5	17	6	20	10	3	11	1	6	8	6	15
7	3	2	9	2	10	17	16	3	6	16	14	9	17	14	5	12	15	16	19
13	20	17	13	4	14	20	8	1	13	7	2	12	7	14	8	15	14	1	6
4	9	19	4	15	19	14	19	9	8	2	18	15	11	17	1	3	2	5	9
13	5	11	13	16	3	20	1	17	16	5	18	13	20	6	1	13	6	13	6
1	7	8	3	11	10	17	1	18	6	13	17	16	3	7	16	16	7	17	8
15	7	4	12	11	9	10	4	3	5	11	14	6	3	11	6	10	1	10	19
2	15	11	2	9	4	5	18	6	1	9	8	2	18	10	18	6	6	10	20
18	8	17	18	16	7	4	20	13	10	16	19	5	12	19	7	2	5	19	18
16	9	3	2	2	7	13	1	19	8	2	17	16	4	1	3	12	14	14	17
3	2	15	16	15	2	12	20	8	6	14	4	17	1	11	14	12	8	3	3
14	3	3	14	3	14	11	18	2	11	18	8	10	11	2	19	10	1	14	17
18	18	20	17	14	4	12	19	17	10	13	13	11	11	12	7	6	8	13	3
1	6	4	14	7	1	12	10	1	12	2	7	9	14	12	13	8	13	20	7
11	2	7	10	16	2	6	8	18	13	11	18	14	16	8	2	2	5	4	3
17	5	10	9	19	14	4	19	11	4	14	2	4	10	15	10	4	18	12	3
14	9	5	8	18	17	10	1	8	4	20	2	9	4	14	14	18	8	11	15
2	3	15	4	18	16	10	12	1	20	5	9	13	7	16	10	17	11	19	3
4	10	2	16	12	20	14	7	12	9	14	18	1	11	2	11	17	14	6	7
8	13	13	12	17	16	5	20	13	9	18	19	9	6	15	14	16	16	14	6
7	2	16	17	4	6	9	12	10	5	2	8	11	2	7	6	11	17	4	8
4	19	13	20	7	5	19	2	5	8	7	4	4	17	3	10	15	16	11	15
16	19	9	8	18	4	5	16	18	2	3	7	20	17	17	10	6	5	4	10
20	4	7	14	10	11	11	5	6	13	1	15	6	11	13	18	16	12	20	20
11	15	11	20	19	9	10	10	5	18	7	6	12	17	20	16	9	1	1	13
7	5	16	9	9	19	8	5	10	11	4	17	15	18	15	15	10	1	15	1
9	3	5	20	5	2	10	16	8	1	2	16	12	1	19	18	12	1	9	14
7	19	19	15	17	5	17	16	6	12	19	13	16	16	3	7	4	19	7	4
13	11	11	4	17	14	11	20	10	2	5	11	19	7	10	12	19	3	1	8
19	19	6	5	9	15	3	17	6	11	12	15	6	11	4	12	5	1	18	15
19	11	4	12	8	8	3	16	19	1	1	7	17	10	10	13	5	12	5	8
4	12	3	10	13	9	1	6	7	13	19	20	7	14	9	14	7	9	2	19
10	17	7	15	9	5	17	16	5	20	6	9	9	19	12	5	20	7	10	7
8	15	10	6	12	16	1	9	1	8	4	5	1	1	17	18	1	16	14	4
18	6	10	17	7	7	16	12	15	13	10	15	19	13	11	7	18	13	17	12
16	20	7	15	19	16	20	11	16	11	2	8	16	19	13	12	1	1	7	11
6	11	2	14	7	2	2	17	14	16	1	2	4	14	3	16	3	9	4	3
6	17	15	18	3	6	10	20	11	13	14	15	16	1	13	1	5	16	13	16
15	15	5	19	17	13	14	2	13	18	4	3	13	4	11	1	9	20	1	5
10	2	16	5	1	19	10	7	12	14	10	6	16	7	1	15	4	19	2	10
11	19	15	11	10	9	12	9	7	19	19	13	4	13	18	2	17	7	16	20
14	1	9	17	5	18	10	17	12	18	2	15	12	2	20	5	11	16	10	10
16	16	10	14	15	18	7	6	12	8	10	10	15	19	16	7	17	17	6	4
3	7	13	3	14	18	2	5	13	4	17	8	11	10	8	12	20	18	5	3
2	3	14	10	2	2	12	18	12	1	17	14	17	9	14	6	18	6	15	3
3	8	2	19	11	1	13	10	10	15	5	19	16	15	12	15	20	13	3	10
19	2	17	17	8	16	11	12	13	19	13	4	7	1	4	9	17	2	6	7
8	19	10	12	3	15	1	17	14	20	10	10	20	10	19	12	14	13	6	5
14	12	18	13	5	17	13	11	15	9	4	16	16	6	6	13	16	12	15	8
16	2	6	8	1	20	18	7	3	1	16	7	8	2	17	6	11	6	14	9
7	11	4	18	1	9	12	20	15	20	4	6	19	5	12	16	6	19	4	9
18	7	16	3	9	7	15	4	12	6	5	13	8	14	19	11	19	4	9	16
9	10	2	11	1	5	7	2	1	19	4	2	9	5	1	14	19	20	9	13
15	8	8	19	17	5	9	18	7	5	1	12	2	5	2	1	3	13	18	9
9	10	20	16	9	9	1	19	6	6	4	11	4	12	13	7	20	1	9	13
11	5	8	6	8	12	14	13	2	16	18	8	17	20	10	13	17	5	4	13
3	14	9	5	14	17	19	5	20	5	1	20	5	10	11	6	14	14	7	6
12	17	19	8	6	8	13	7	3	16	13	14	6	3	3	19	9	19	18	10
16	7	2	7	8	18	7	6	8	17	19	20	14	3	20	3	4	16	9	8
5	7	17	5	19	6	7	5	8	14	3	16	20	8	8	11	12	19	19	2
6	18	17	8	20	13	10	2	17	16	14	19	19	13	16	7	19	5	20	3
8	14	3	16	1	4	16	12	17	8	5	3	1	8	15	8	5	12	14	8
13	7	1	19	8	12	17	12	13	3	9	5	16	16	18	13	13	18	7	19
14	19	13	8	10	9	16	4	2	13	20	18	13	2	18	2	18	15	9	9
8	12	10	13	18	7	11	12	14	2	2	4	19	7	17	16	1	6	12	11
4	20	8	1	5	16	20	11	11	8	20	14	11	4	12	1	16	11	10	1
14	8	9	14	6	16	8	1	14	2	12	2	15	19	2	7	14	6	5	10
7	3	17	15	3	14	17	5	13	7	18	2	11	16	13	18	5	10	3	6
9	6	4	2	10	2	7	2	15	12	12	3	10	8	12	5	1	12	8	12
15	13	12	16	11	6	11	7	14	5	14	10	10	17	15	14	10	15	17	17
7	2	6	14	3	10	19	6	15	5	20	9	18	13	1	14	4	9	10	2
13	11	13	7	19	10	20	18	6	18	4	11	14	20	18	5	16	19	12	16
5	20	13	13	5	1	5	4	13	16	8	7	8	6	15	15	10	19	17	1
15	7	9	17	10	20	14	12	11	7	13	9	16	10	8	18	13	20	17	13
18	19	2	13	12	6	17	20	4	16	4	3	1	17	2	20	10	10	14	12
17	10	11	17	15	9	10	3	14	13	10	19	12	16	19	10	9	19	20	11
8	17	16	11	9	3	18	8	15	15	19	6	6	3	14	7	12	1	7	13
8	12	16	8	1	18	14	3	7	16	12	15	9	18	5	1	17	11	6	4
12	6	16	20	20	2	11	12	4	6	4	4	16	9	9	6	11	20	17	13
18	1	18	16	16	9	11	5	7	3	11	20	14	7	15	18	11	17	17	11
6	9	19	16	11	3	13	13	9	18	14	19	7	10	12	3	6	3	9	5
13	18	14	18	5	9	6	13	18	11	15	18	16	4	19	14	12	14	20	4
13	1	8	10	9	3	5	14	6	8	11	15	13	20	20	5	15	5	9	2
3	9	11	3	10	2	16	13	11	1	9	2	10	8	15	6	19	19	8	12
3	1	3	3	20	19	3	8	20	3	6	9	7	11	13	9	7	9	15	7
7	14	10	19	7	3	11	8	7	7	12	4	1	5	20	16	2	4	15	20
19	20	12	20	18	8	20	20	20	3	20	3	6	13	3	9	13	1	6	3
7	17	5	12	11	15	19	15	7	8	1	17	1	10	18	13	3	8	9	19
15	19	16	9	8	1	6	12	11	17	20	2	1	19	16	15	10	18	20	15
6	12	11	17	10	3	14	8	18	18	1	20	7	14	10	7	15	12	13	12
4	7	15	20	12	18	10	15	11	4	8	8	8	18	16	10	13	16	5	9
19	13	13	5	11	10	5	17	6	3	15	3	12	17	8	6	4	3	17	5
20	9	4	4	9	16	16	3	3	20	10	1	18	15	17	11	5	6	4	2
20	6	10	15	13	18	3	7	10	11	20	20	14	13	18	11	5	17	9	19
12	3	15	17	6	4	20	13	13	15	6	16	15	18	10	15	4	16	4	2
7	3	3	6	12	13	11	1	3	17	14	14	13	19	17	13	7	9	20	17
7	18	18	17	16	12	19	6	16	11	14	1	3	6	4	8	7	13	13	20
9	5	15	6	5	14	4	3	3	2	14	13	2	16	19	8	14	6	1	3
9	5	10	6	9	10	18	4	8	11	7	6	16	15	7	18	2	15	10	19
15	8	15	18	2	11	20	3	2	7	20	18	19	6	4	5	11	13	5	6
16	20	15	5	12	12	14	19	8	20	9	18	3	8	8	17	18	20	18	15
4	9	20	20	10	14	13	1	2	8	1	7	13	3	9	18	11	4	20	9
15	7	2	1	14	19	8	7	2	12	11	1	9	9	1	11	12	13	18	3
13	19	6	19	9	11	3	19	14	4	10	9	19	15	13	4	19	9	15	20
8	2	13	1	9	1	2	2	7	2	1	2	9	19	4	19	10	4	14	12
5	4	20	10	20	20	8	10	4	13	8	16	19	19	11	1	13	8	13	19
6	8	15	18	4	20	8	20	14	11	4	13	16	17	15	1	3	18	1	4
10	13	4	6	13	7	8	12	18	20	5	6	15	3	8	11	15	10	14	10
14	14	4	14	7	8	15	7	16	3	10	10	1	16	14	1	17	12	2	11
8	3	4	10	18	16	4	19	5	20	11	18	8	7	11	14	15	20	20	18
20	6	15	4	16	9	18	8	16	10	17	4	13	18	20	2	5	17	17	5
13	17	17	7	5	11	18	5	7	6	11	18	13	8	5	18	18	9	17	10
20	9	17	11	1	16	14	14	7	10	5	3	2	10	16	9	11	8	20	2
5	6	7	1	8	2	3	10	11	11	15	14	3	13	17	17	17	14	9	9
19	8	4	1	20	16	17	19	20	3	6	12	8	10	4	10	12	16	19	7
16	9	10	16	13	17	19	7	11	18	16	11	17	19	9	6	1	7	11	18
11	3	2	17	3	7	17	20	3	20	3	19	10	18	13	4	5	4	17	5
19	5	1	20	12	8	15	4	16	2	6	2	20	11	2	6	2	3	7	16
13	15	15	1	20	17	4	8	14	4	9	13	14	10	4	17	13	14	20	17
13	7	11	12	16	2	14	9	1	20	8	9	10	4	16	6	13	12	10	3
19	15	18	16	14	19	18	19	6	18	14	3	14	5	20	17	11	13	4	8
2	17	10	18	12	2	14	11	1	11	2	4	4	17	18	5	3	17	5	1
7	11	11	16	1	2	18	2	6	5	9	4	20	17	7	3	3	6	2	17
17	4	12	2	12	4	12	17	19	12	19	4	16	19	9	8	4	4	14	8
18	19	14	16	10	11	9	19	18	14	9	11	10	6	1	10	17	18	3	3


2	1	1	1	2	2	2	1	1	1	1	1	2	2	2	2	1	2	2	2
4	5	1	2	1	5	4	1	3	5	4	2	2	5	3	3	2	4	1	5