500	4	20

1	1.3	1.55	1.75	2.1
4	6.76	9.61	12.25	17.64

73	71	96	81	42	76	94	12	48	10	99	46	14	38	15	47	16	64	94	50
10	97	39	48	82	21	35	54	2	98	44	59	22	31	13	43	17	20	41	21
28	56	46	55	3	99	62	24	94	4	23	48	48	52	44	29	23	71	39	52
59	14	63	64	82	44	65	15	25	80	38	73	50	71	62	60	43	52	96	21
59	61	43	5	73	72	51	55	47	82	83	44	36	31	22	54	82	9	60	14
91	69	31	63	94	60	67	33	69	93	52	41	83	77	45	25	18	57	93	71
26	35	71	9	10	86	54	19	19	34	12	1	55	50	41	98	82	51	5	41
64	90	35	54	89	78	74	29	97	4	4	90	66	83	23	84	8	41	6	43
59	5	24	48	94	44	86	78	48	19	20	77	77	75	98	59	17	17	54	4
85	36	11	30	60	10	81	56	58	63	20	43	58	90	96	81	62	77	86	19
60	20	16	67	86	24	75	25	10	80	45	2	17	47	35	74	22	46	56	58
7	60	46	11	32	35	63	74	73	28	63	35	66	23	15	31	87	76	44	62
30	49	29	93	49	27	94	16	26	41	1	12	72	38	26	21	95	40	37	69
81	22	27	43	67	71	18	55	92	99	65	44	62	44	63	1	62	83	67	86
2	19	39	96	74	22	65	37	89	84	6	79	89	49	27	14	7	28	86	66
19	69	24	4	20	37	44	91	19	28	46	28	94	63	22	38	64	7	33	55
69	7	81	45	9	26	37	43	72	98	21	75	25	82	56	18	41	61	15	76
44	7	97	91	63	50	72	9	67	30	46	37	61	76	40	75	39	65	87	58
47	21	27	85	24	47	76	2	77	60	76	94	83	45	76	34	31	86	19	21
58	53	34	93	64	56	75	31	87	88	78	42	88	59	65	91	2	5	40	2
11	28	96	78	2	16	20	10	42	72	12	4	99	68	31	35	65	76	46	96
23	35	85	69	20	29	58	70	22	71	9	67	35	29	73	80	19	57	7	49
61	28	3	95	44	10	94	8	38	48	86	8	88	58	89	39	1	23	9	33
93	21	48	17	76	74	51	89	79	73	6	55	63	83	80	81	63	43	96	31
19	32	2	40	32	57	31	57	57	77	34	48	52	89	74	18	44	7	78	88
30	48	48	52	97	36	83	68	82	15	12	69	57	83	77	93	2	55	90	75
10	21	52	64	90	26	26	29	87	97	95	59	33	46	70	81	96	95	63	23
77	19	5	63	3	74	10	85	32	17	41	5	79	83	9	34	55	4	94	37
33	74	89	18	61	23	72	67	81	68	64	30	77	27	92	40	45	69	44	52
91	40	80	66	44	29	57	31	2	25	83	35	89	27	91	27	42	60	71	94
6	18	48	2	23	13	6	58	88	9	51	82	43	84	38	39	65	95	10	30
98	64	19	69	31	63	42	55	54	84	40	47	45	33	99	93	73	58	64	8
58	68	24	51	91	42	76	4	92	58	98	52	77	64	3	18	92	41	83	29
40	49	75	8	88	91	39	54	56	99	92	79	69	85	78	31	79	71	55	78
35	91	44	36	80	85	73	28	59	28	66	10	93	50	46	48	92	32	14	17
16	91	5	55	71	10	79	2	61	75	55	57	4	31	83	37	17	66	38	45
46	90	30	38	54	76	6	15	27	16	3	96	69	59	55	8	84	13	25	72
39	40	26	17	6	77	24	36	52	57	47	22	5	54	57	14	38	21	43	41
87	14	43	3	44	97	60	95	24	90	68	49	64	99	15	26	1	51	41	69
55	35	9	11	49	20	56	19	13	50	84	71	75	16	9	23	99	77	35	37
11	25	35	20	39	75	86	35	1	60	60	46	67	35	75	29	27	7	55	66
48	87	79	60	42	67	58	74	79	89	41	24	50	78	52	1	22	94	31	16
43	76	59	37	52	1	12	35	90	59	80	20	93	92	42	91	65	94	76	19
7	25	64	8	30	68	55	90	23	52	22	52	78	55	15	29	21	86	79	10
23	96	68	75	33	16	71	86	21	93	68	9	78	88	12	28	71	90	50	28
89	66	22	18	79	93	91	95	52	31	51	66	34	41	8	56	65	87	20	48
44	42	6	69	26	98	54	68	32	16	74	30	72	76	21	36	11	83	70	59
84	81	38	7	98	22	5	76	98	38	59	61	39	66	2	69	24	50	20	11
61	51	11	28	11	95	97	26	53	67	52	45	77	43	41	30	57	75	21	11
86	22	41	34	67	54	20	99	26	9	10	60	91	8	35	80	81	88	21	7
89	21	44	14	92	93	91	89	76	93	74	67	15	65	32	21	4	54	1	23
74	45	97	97	57	35	60	88	44	97	70	70	72	78	50	80	35	94	53	43
38	78	10	64	80	34	65	32	63	18	49	42	3	73	29	94	92	97	32	61
26	71	69	10	19	7	65	42	98	85	57	42	72	31	37	46	59	19	55	18
67	1	47	11	72	71	5	27	30	9	29	38	40	96	39	51	69	26	2	24
87	41	75	35	43	5	22	24	8	84	42	33	75	99	2	74	86	22	5	31
79	22	74	27	56	59	53	4	76	8	27	93	84	79	90	9	32	17	55	15
92	78	95	94	44	40	81	23	67	47	92	83	40	48	23	12	51	21	53	91
44	4	14	97	36	25	4	14	84	25	20	8	24	37	74	6	38	45	22	36
12	48	39	11	55	65	59	87	68	50	10	15	87	34	59	78	27	58	11	65
61	68	17	16	35	34	43	42	93	12	34	90	59	50	97	41	44	1	91	76
36	67	2	49	49	22	66	94	87	44	93	15	59	29	9	26	69	33	90	86
38	62	41	50	73	13	53	24	71	27	37	13	96	78	21	61	21	51	25	76
7	79	12	8	75	17	46	64	54	3	4	28	62	87	5	16	29	86	96	49
90	83	23	3	41	14	62	49	11	72	16	21	4	47	89	68	45	92	64	39
71	77	99	44	27	13	63	23	32	66	66	67	31	70	39	15	93	14	61	1
47	61	4	10	58	53	44	3	27	1	52	17	64	45	23	12	86	93	68	11
21	5	98	78	29	58	64	18	93	92	59	10	37	79	71	99	47	66	43	33
71	37	87	8	36	85	9	47	39	21	67	32	72	78	61	13	96	70	44	38
49	77	9	17	88	84	46	10	73	50	50	39	57	78	8	12	4	64	43	34
5	12	13	87	8	13	13	42	65	69	32	79	92	46	42	47	44	21	29	56
64	10	44	75	89	12	33	96	18	42	22	17	22	44	69	43	95	80	46	72
61	67	42	75	62	48	75	69	11	12	54	72	19	25	85	71	78	93	70	61
26	63	58	87	61	99	35	37	45	52	82	6	9	10	11	60	75	70	3	33
58	83	9	71	6	17	2	63	24	23	50	19	45	49	50	96	92	38	43	74
45	46	90	59	54	47	42	49	29	3	14	54	91	53	39	2	18	52	44	57
87	94	60	32	57	46	49	42	39	61	68	19	7	4	55	9	43	68	74	27
11	25	95	39	37	27	51	36	20	7	44	99	75	96	55	90	20	82	42	53
81	29	86	36	55	5	57	66	88	38	42	28	26	20	66	48	67	39	25	40
75	23	84	98	40	16	43	9	31	29	24	47	5	50	41	31	50	54	57	38
58	31	66	71	47	1	1	71	12	87	89	70	50	45	86	44	55	7	4	48
36	44	46	47	91	51	85	27	77	20	43	18	72	39	80	38	48	22	30	8
89	8	41	19	85	51	32	18	52	8	19	45	75	4	52	90	62	98	19	97
85	47	76	73	54	42	43	82	4	8	98	76	65	6	59	33	76	10	51	38
72	9	84	17	37	61	1	25	15	59	91	30	26	34	79	35	14	51	54	80
43	30	21	30	97	59	65	65	81	93	1	48	12	71	56	85	31	37	89	8
30	85	17	38	29	43	22	36	38	87	16	61	42	75	27	29	82	56	77	54
29	4	48	85	79	74	38	75	33	56	94	95	61	80	82	68	75	89	28	11
77	44	7	72	6	15	37	3	96	17	54	92	50	46	90	86	32	6	51	71
36	69	27	77	92	8	34	77	1	97	54	43	41	41	38	97	31	50	97	59
68	88	21	28	81	69	94	50	40	19	5	50	68	94	36	30	87	28	53	38
13	88	65	62	49	13	53	52	65	18	31	77	79	32	42	54	53	11	2	89
55	6	11	96	24	8	88	15	2	61	43	49	1	52	83	10	32	38	14	90
60	90	7	98	48	99	81	55	46	43	66	48	54	68	47	46	35	8	91	33
64	40	14	32	98	82	14	79	44	84	72	5	89	58	32	44	20	17	93	87
51	46	56	63	6	6	36	4	40	43	46	92	86	50	45	3	36	92	95	61
45	41	98	81	46	26	66	2	46	50	83	63	71	9	5	12	18	39	60	66
65	40	41	38	76	89	73	97	37	65	40	5	98	16	5	12	48	90	15	25
63	13	25	13	68	93	33	39	82	40	70	99	19	16	99	4	46	80	8	37
24	72	37	52	18	10	84	41	42	26	41	13	95	12	60	17	21	90	85	94
97	23	57	10	46	63	22	26	11	77	93	37	48	33	96	25	64	26	3	3
78	48	74	87	16	28	59	63	38	3	24	2	2	18	15	47	61	6	13	61
74	18	75	81	13	58	74	27	49	69	41	29	29	11	77	41	37	82	70	83
58	14	43	73	49	36	83	21	97	51	98	99	79	84	43	19	53	61	36	88
97	22	97	82	82	78	54	95	78	60	66	98	41	29	20	22	10	21	35	61
92	34	56	16	87	14	24	78	58	32	63	75	31	31	14	15	11	35	56	88
64	70	82	90	80	40	16	23	46	35	25	6	12	30	50	27	39	23	59	83
28	30	62	83	23	19	5	95	41	89	18	22	86	66	75	25	54	83	92	28
36	14	16	43	97	86	97	37	92	60	14	64	53	19	29	7	99	54	64	7
35	78	52	22	38	14	96	78	9	65	31	64	98	1	36	24	22	11	52	70
65	47	65	58	38	94	90	85	44	58	58	49	70	5	29	39	5	75	69	89
32	49	71	88	15	5	36	53	28	21	64	31	16	12	69	60	40	73	25	79
12	44	58	25	76	77	65	94	73	92	82	4	78	95	62	70	15	12	80	77
60	43	35	78	33	77	16	80	27	84	43	81	92	73	6	15	83	23	91	42
3	29	84	79	16	44	45	8	96	82	98	3	45	6	60	28	12	21	57	93
32	7	24	32	18	45	60	29	1	80	54	63	88	87	76	73	81	20	51	70
87	58	52	66	57	74	24	77	92	64	85	2	52	3	61	26	43	68	73	80
58	48	42	83	7	2	14	60	32	99	66	20	32	97	3	63	48	93	63	44
85	75	25	83	8	68	47	76	4	4	73	3	31	5	69	18	77	5	69	7
26	9	77	52	49	12	69	7	72	55	41	29	57	46	23	37	55	4	41	90
4	5	1	46	23	91	75	42	30	28	31	27	78	90	34	7	47	77	57	89
50	52	38	72	42	83	85	9	25	36	43	13	66	25	42	31	32	26	5	27
4	25	7	63	13	68	89	82	4	22	23	33	60	90	37	93	56	37	20	20
76	59	37	99	29	72	87	64	69	41	29	7	93	79	30	51	91	74	2	99
69	11	22	38	72	67	89	87	14	60	16	81	20	8	8	33	84	7	3	28
9	28	23	65	25	24	89	11	96	82	28	56	48	56	46	2	50	77	57	24
98	25	46	6	80	88	20	19	6	87	65	3	7	64	38	61	97	16	52	97
18	76	44	45	44	51	64	73	8	63	29	37	5	69	86	79	49	97	76	2
27	27	94	6	87	92	86	90	59	11	10	21	66	98	41	65	88	73	52	97
47	74	7	68	18	65	51	16	71	84	4	9	29	26	51	67	72	74	62	15
26	50	38	3	24	76	11	51	68	38	59	49	7	11	98	47	86	16	2	89
13	75	37	73	39	83	1	54	15	88	93	44	88	10	68	14	85	81	68	26
81	76	19	16	36	37	50	73	21	64	52	85	70	4	95	89	58	13	33	38
94	26	53	67	63	15	41	82	95	40	21	63	92	30	29	42	33	13	33	27
55	89	62	27	37	19	8	23	36	72	14	67	10	24	66	34	23	3	30	52
83	88	7	15	86	36	97	58	57	28	30	70	2	33	57	28	96	94	69	44
89	99	14	67	67	37	5	72	30	32	85	48	89	43	23	21	77	61	94	39
10	86	15	66	6	60	38	11	16	99	60	32	91	3	12	38	64	91	4	61
51	8	65	33	36	11	24	35	70	85	98	1	19	27	89	76	27	4	59	8
86	1	87	8	92	26	66	53	12	49	68	90	71	45	11	87	65	47	1	13
53	10	13	5	78	79	85	31	72	42	18	90	6	90	95	55	90	71	20	65
35	16	35	21	89	27	44	8	52	35	88	74	23	46	46	51	20	40	67	51
6	92	29	54	69	92	65	84	8	37	42	18	31	22	90	79	76	37	94	55
53	15	93	98	58	50	31	30	92	58	55	19	3	30	40	96	50	15	60	8
87	89	85	69	79	14	24	83	64	75	50	71	33	73	96	87	93	25	54	41
82	97	5	41	17	63	8	18	33	5	91	14	78	11	62	79	15	11	18	14
30	77	99	55	27	14	35	19	61	6	93	23	46	73	87	44	36	56	56	11
63	14	77	90	24	96	26	52	11	46	67	50	75	80	40	60	84	69	51	81
41	19	99	9	67	77	49	68	19	7	40	63	17	98	72	23	88	63	98	65
92	65	10	53	57	12	10	67	53	54	43	95	45	29	17	65	97	14	56	34
70	49	46	97	89	54	4	47	9	91	66	34	82	97	47	69	79	3	59	63
55	1	98	98	98	80	22	8	37	5	11	53	92	55	12	95	48	88	22	87
44	75	38	60	57	19	85	36	78	88	71	66	97	34	71	22	14	75	19	92
82	75	23	79	99	1	41	70	16	51	62	2	55	28	61	56	52	94	37	56
67	83	31	74	3	10	47	21	56	70	94	49	60	55	88	76	37	99	37	82
64	44	59	80	63	71	83	41	23	5	16	28	16	20	81	93	73	57	3	91
15	55	33	28	96	78	18	41	80	60	35	45	41	79	60	74	58	72	94	14
64	76	52	60	29	57	42	80	60	74	84	53	6	66	14	8	91	76	39	78
43	76	26	35	95	10	34	50	14	46	72	77	68	78	3	42	73	37	17	60
37	36	76	43	85	88	83	65	54	67	84	1	97	88	66	6	2	81	80	21
32	37	66	35	37	86	31	79	67	24	3	83	55	50	4	75	9	63	35	11
29	59	92	20	5	84	55	95	51	48	78	93	6	60	99	19	59	29	49	69
51	50	82	27	32	90	65	77	98	67	87	57	84	50	5	5	75	44	43	34
52	95	81	98	89	20	36	87	72	66	47	23	48	71	16	23	6	53	26	62
86	91	14	94	53	89	64	33	32	67	39	22	86	64	53	92	53	16	23	44
22	18	54	9	19	51	35	70	58	74	6	37	15	73	11	60	62	84	79	56
87	3	25	99	54	58	8	66	55	15	34	78	99	18	96	77	58	3	4	51
60	1	47	71	34	24	65	44	97	3	22	31	25	84	53	33	10	33	62	5
41	98	37	28	55	98	69	5	55	51	29	80	37	38	84	68	98	16	22	39
62	75	11	35	75	50	34	43	7	67	33	67	9	38	17	77	54	69	58	10
90	50	64	17	31	31	85	48	7	27	59	25	67	44	32	59	80	96	85	21
25	88	80	43	64	33	74	22	48	44	49	27	71	21	36	87	88	53	24	78
32	34	7	96	17	18	37	95	40	13	11	66	29	22	10	43	58	82	20	40
84	61	48	34	20	27	44	92	30	48	51	28	97	47	7	18	9	76	36	3
94	24	55	89	21	12	81	95	96	11	74	14	88	40	83	21	18	70	88	61
10	43	59	50	89	53	42	52	7	40	20	78	35	6	89	83	13	8	67	84
6	66	13	4	46	86	93	10	10	25	96	49	90	95	7	92	60	18	17	14
4	56	28	1	33	89	16	67	78	87	81	13	97	54	1	46	40	50	56	76
8	6	20	21	77	12	96	19	70	94	51	32	21	38	32	35	42	65	60	6
14	94	27	16	96	51	45	8	9	40	93	86	15	45	25	52	6	33	32	42
80	95	43	99	44	80	69	79	23	27	98	70	35	20	62	99	18	57	94	87
2	76	20	17	14	46	23	13	59	9	9	81	25	12	35	98	33	94	30	98
31	66	49	4	18	72	21	93	41	35	83	87	51	31	43	50	33	80	15	97
42	74	46	72	55	34	24	1	1	33	33	98	28	32	77	33	91	42	95	7
2	2	16	44	36	74	44	30	72	71	72	67	50	42	48	56	30	30	84	73
24	53	44	33	13	32	71	36	51	97	43	44	85	33	5	94	48	34	39	33
77	64	64	50	74	67	79	58	50	23	80	94	10	19	11	65	80	78	76	93
21	78	19	33	18	33	9	70	98	9	72	62	58	78	63	84	98	22	73	85
24	65	57	43	4	52	92	98	27	49	96	2	16	57	35	44	84	43	32	99
72	76	82	53	54	78	97	66	58	55	81	14	51	32	73	8	58	41	25	18
10	30	79	18	90	53	91	59	54	96	87	47	72	92	82	3	36	84	83	79
88	31	23	81	67	13	54	29	24	45	99	27	59	27	75	40	53	81	62	61
66	12	55	25	23	51	56	69	65	62	49	42	34	21	30	32	65	90	72	7
70	74	49	23	17	3	92	39	79	41	99	30	55	94	95	21	57	98	72	83
69	12	25	40	5	66	55	25	1	71	20	34	65	52	38	99	60	61	99	94
85	13	10	22	41	87	67	28	93	44	24	82	94	64	66	18	60	36	83	47
7	88	45	9	36	33	84	83	8	21	98	21	27	20	58	53	71	47	88	30
16	29	20	39	60	86	58	59	2	14	59	83	83	98	41	45	99	12	59	63
7	47	9	49	5	44	56	12	7	29	46	30	72	33	7	78	18	60	10	52
83	98	67	8	26	92	9	83	26	15	41	49	54	73	8	63	9	65	2	42
97	44	64	19	30	48	61	69	79	57	53	53	13	92	84	58	6	41	66	21
34	31	82	38	8	28	39	82	95	97	10	37	89	53	94	84	69	39	25	55
65	20	25	22	44	88	96	1	79	27	29	65	78	71	56	33	56	51	63	81
34	53	13	13	41	14	18	28	6	64	53	70	53	81	6	88	98	61	28	41
51	14	15	59	20	81	55	81	71	1	5	36	55	86	47	15	20	82	52	84
44	43	4	5	30	43	69	39	51	79	52	16	4	13	72	83	76	18	51	89
71	35	94	41	66	89	22	64	68	86	25	32	5	95	12	56	10	59	44	97
67	84	97	22	54	44	45	48	83	46	22	65	71	52	48	5	28	27	32	78
1	90	6	95	49	6	30	36	94	51	82	30	49	65	63	47	78	17	96	61
53	57	33	98	71	97	96	20	12	26	87	73	3	48	23	78	8	3	57	93
61	40	88	99	62	73	77	55	25	97	13	33	12	83	89	67	52	37	86	81
15	17	95	11	50	73	95	27	22	25	91	23	33	53	59	26	43	23	53	54
9	64	24	31	69	83	17	34	15	85	84	35	45	2	36	69	65	28	65	83
92	22	84	15	70	3	59	49	64	91	78	60	81	96	66	52	22	76	82	2
89	6	55	38	17	83	4	44	20	7	35	92	55	45	6	85	3	61	71	60
4	93	82	56	70	95	88	8	75	60	44	47	75	62	20	97	71	70	96	71
32	46	88	62	59	81	16	97	23	24	20	23	31	83	71	88	5	8	18	17
97	26	54	54	35	75	87	26	71	20	57	6	72	84	79	81	23	38	9	42
12	14	25	45	44	90	28	79	30	14	40	28	53	54	42	10	55	1	48	48
76	10	36	97	68	39	38	26	37	32	55	39	55	98	20	27	17	21	38	12
89	92	16	41	29	52	44	17	32	63	28	58	77	52	16	36	37	83	56	96
22	2	62	18	98	82	95	29	82	32	3	58	88	47	24	21	16	72	18	90
37	43	16	78	61	44	14	77	84	39	26	51	51	78	18	84	9	70	10	9
85	11	75	8	3	7	18	5	81	91	42	97	51	38	79	17	39	81	56	44
88	61	54	52	66	89	91	29	21	23	5	83	99	31	55	65	81	88	66	44
14	99	30	48	2	6	52	47	18	34	68	37	77	46	20	79	59	22	32	46
90	80	35	51	74	73	6	6	94	27	49	68	23	17	92	40	78	85	57	85
95	27	14	47	26	13	44	47	30	85	35	88	2	83	67	20	36	65	13	83
5	48	16	99	96	94	28	62	53	88	2	67	49	45	89	83	94	61	40	60
42	41	97	67	8	15	43	32	37	64	77	22	19	99	50	38	25	84	33	99
21	48	89	85	18	99	33	50	79	94	16	3	84	70	70	20	56	80	32	40
98	78	45	40	39	10	15	24	14	67	59	12	11	2	13	94	54	4	33	87
51	88	79	6	4	88	60	56	97	73	66	92	38	58	51	93	64	10	33	29
99	76	2	42	33	8	14	20	31	15	26	70	85	59	72	72	49	98	34	89
69	40	27	2	12	74	15	89	77	27	82	42	13	31	11	21	4	27	80	86
7	78	83	39	66	84	2	51	91	47	81	57	28	60	25	63	6	93	22	84
25	37	26	6	55	15	17	18	28	7	95	13	43	93	68	83	37	24	62	99
6	2	8	29	65	84	20	56	39	77	33	67	83	34	34	12	15	97	88	68
67	28	70	73	60	91	90	29	26	16	96	11	8	46	77	74	39	99	83	11
64	32	73	13	2	93	86	67	51	15	23	55	35	75	9	27	87	30	80	57
51	2	45	56	32	1	42	27	68	59	61	33	23	33	33	99	69	52	6	33
10	12	75	46	23	21	73	60	10	22	90	55	73	72	82	14	98	14	30	1
51	54	69	57	51	48	91	36	1	82	63	38	55	40	16	95	7	90	11	51
35	41	24	66	55	27	94	72	84	82	9	12	53	97	38	82	64	79	64	5
28	65	99	8	27	58	59	4	98	67	37	10	64	88	21	96	15	68	90	32
97	45	90	97	20	75	6	78	81	81	61	99	47	34	15	23	2	30	72	43
32	15	13	37	9	50	24	75	74	36	97	87	39	78	97	52	69	73	4	97
48	81	42	8	79	40	6	14	93	65	28	62	92	40	90	14	6	97	7	51
38	27	68	7	3	17	34	93	71	88	28	36	22	15	23	65	25	96	82	56
98	56	13	60	27	68	90	20	69	42	80	87	97	68	95	32	1	24	78	83
27	93	57	47	66	32	27	34	89	50	16	10	42	57	19	69	21	90	54	58
51	26	42	61	66	80	10	38	41	87	94	25	18	81	68	7	29	67	47	87
12	92	11	51	93	4	68	47	7	43	20	68	93	22	77	20	40	1	5	28
24	77	49	77	6	11	28	46	1	78	89	49	22	88	6	66	94	66	51	22
41	19	11	62	52	90	33	67	90	74	43	88	93	39	52	85	20	54	54	56
67	42	28	16	4	37	29	97	5	59	53	97	95	84	44	50	19	92	99	80
25	99	30	49	76	93	98	98	53	62	8	5	43	42	42	9	64	95	99	95
58	65	77	69	19	97	69	90	90	44	64	25	79	21	45	24	76	38	86	14
2	89	76	8	89	60	51	2	6	32	19	95	73	41	50	77	81	28	87	11
34	42	35	84	88	42	3	96	79	82	47	94	42	90	90	20	98	18	40	69
62	52	32	26	6	35	3	19	34	28	5	55	64	37	91	2	44	55	46	21
56	79	33	51	40	81	80	63	41	4	90	97	11	84	24	23	96	67	25	51
27	10	93	16	89	97	26	20	44	39	66	24	35	84	87	19	34	1	27	34
75	82	24	92	33	80	44	61	70	85	69	13	71	9	26	90	22	5	43	20
43	28	43	21	78	7	1	50	14	84	29	31	61	25	28	68	26	24	9	97
13	51	73	59	70	21	21	55	29	94	76	90	7	26	19	64	3	98	4	36
94	61	9	40	81	64	12	41	50	35	21	84	37	52	85	76	11	86	74	28
57	51	17	43	66	76	65	19	46	16	54	27	36	21	80	77	83	28	89	81
71	87	34	10	98	34	10	98	98	10	35	62	58	94	82	89	78	59	58	20
64	68	92	85	71	83	99	98	55	98	75	10	91	38	5	79	80	75	61	15
38	52	71	66	49	64	50	39	26	79	9	97	65	42	30	71	10	24	44	2
88	24	58	12	38	50	83	25	70	71	20	81	91	80	73	15	30	15	82	27
84	84	2	9	98	18	25	15	87	38	47	41	70	64	87	83	65	1	55	54
79	77	77	34	6	58	45	96	18	34	72	35	95	89	13	38	80	80	88	93
21	93	5	75	29	6	73	39	67	32	93	76	7	36	45	15	58	70	43	83
80	96	7	89	61	62	3	27	64	66	24	88	45	45	96	41	75	87	71	91
77	43	93	39	71	28	65	44	70	46	28	10	5	40	45	4	82	12	60	26
96	45	46	74	68	70	67	11	66	84	20	95	50	86	8	25	3	57	56	89
88	17	89	52	81	66	4	65	81	74	98	20	42	59	48	33	78	68	1	94
97	4	44	35	16	62	9	35	93	56	4	46	19	7	52	25	62	79	2	68
74	99	47	95	63	48	40	74	80	26	24	98	77	69	45	77	56	30	53	4
60	41	88	8	74	42	81	90	79	4	44	40	94	50	98	6	87	90	55	59
41	62	79	55	40	33	57	79	74	22	25	2	73	31	67	13	72	93	58	59
45	51	73	78	95	38	9	50	43	35	46	99	22	55	11	53	1	30	97	64
76	99	37	49	28	41	40	21	24	62	26	87	15	82	7	70	96	90	35	67
11	79	3	52	89	88	16	39	35	67	34	59	66	57	87	5	49	63	6	85
52	95	43	84	32	79	79	61	13	12	2	92	9	97	79	86	58	64	26	17
38	28	94	29	49	34	5	57	86	11	91	85	4	25	61	25	40	93	84	71
36	13	95	4	23	96	47	36	50	34	51	36	76	69	16	48	99	47	96	18
28	15	40	68	76	88	90	73	24	7	91	12	80	2	97	71	55	57	60	35
33	88	71	30	15	38	34	65	14	46	9	20	23	48	77	92	31	85	9	30
63	90	26	33	25	83	79	25	33	24	22	40	3	13	92	9	97	77	87	44
31	9	15	25	50	95	94	34	92	29	11	33	9	53	32	59	68	31	87	61
31	46	9	59	87	49	92	62	31	31	5	7	29	66	25	95	69	34	4	8
22	84	73	94	97	24	42	94	47	88	36	53	63	84	62	49	6	87	92	86
31	74	37	59	1	41	93	48	15	50	82	7	81	61	58	85	88	55	9	42
32	25	26	60	92	33	35	44	19	29	11	75	4	56	68	79	40	49	44	29
87	70	60	15	89	89	61	71	92	35	85	6	34	2	38	54	21	67	8	78
42	86	99	59	5	83	49	93	14	48	17	51	13	59	23	16	61	63	43	21
29	7	61	56	44	54	10	81	3	78	90	84	84	16	58	29	26	47	23	24
97	21	75	84	87	27	83	42	90	39	61	26	19	17	2	53	90	76	46	20
92	18	69	13	58	9	39	28	38	24	94	98	48	9	59	86	6	72	68	41
21	31	72	45	83	13	28	1	23	21	33	39	63	85	18	61	55	33	28	27
84	82	23	68	6	14	73	43	3	77	93	85	30	70	9	24	90	38	91	38
35	98	65	77	26	73	73	40	82	24	79	57	44	41	98	39	58	61	14	62
70	77	75	71	74	88	18	64	17	63	97	34	10	5	55	89	4	37	85	11
66	89	68	54	17	52	93	86	40	56	70	34	22	30	23	61	92	46	85	24
94	30	20	78	34	72	74	11	70	91	96	89	90	49	10	56	62	61	48	52
7	27	72	71	94	24	13	7	56	72	66	54	41	95	35	88	68	40	48	98
12	2	4	68	39	78	50	14	26	87	60	58	19	87	19	99	90	49	20	52
93	47	50	14	36	88	90	3	80	95	10	73	70	81	6	74	97	17	45	48
55	86	80	54	56	80	23	83	9	68	52	97	63	17	16	53	93	80	47	26
24	11	89	29	11	84	26	12	37	86	5	18	64	82	47	46	92	28	11	11
76	44	40	99	37	88	85	70	65	43	17	39	64	43	13	20	2	19	27	22
80	86	29	78	73	1	59	94	85	20	84	41	31	44	61	41	31	21	60	62
56	70	54	14	85	99	54	46	40	49	85	23	36	83	72	65	61	63	19	11
57	67	7	34	61	79	84	46	79	75	84	59	81	77	32	20	66	77	29	21
33	29	25	1	3	8	74	26	81	94	53	96	80	77	16	8	90	62	11	37
33	67	97	85	85	37	63	1	34	99	93	85	50	62	25	45	2	2	61	51
77	50	27	90	21	54	9	4	87	83	49	8	3	12	41	46	1	37	61	53
75	44	24	29	40	37	47	41	38	29	14	1	70	77	29	84	5	90	57	71
86	72	79	4	92	44	87	44	64	26	72	30	23	53	92	24	48	76	98	59
14	11	91	53	2	37	7	19	68	89	81	60	25	76	51	83	19	67	99	9
96	88	23	37	45	47	9	61	80	34	7	3	50	93	1	48	83	42	27	15
47	11	41	5	89	91	55	82	13	1	66	84	66	90	59	45	52	50	84	65
60	52	16	86	94	2	68	73	59	66	72	83	99	52	73	61	81	4	94	68
54	68	46	46	19	62	89	95	91	34	48	12	48	33	57	18	74	20	28	59
92	37	63	77	67	89	62	61	2	60	75	91	46	32	43	75	39	76	54	37
47	48	72	21	30	72	64	54	23	25	93	35	93	76	33	59	47	64	33	28
88	14	65	22	34	12	72	3	80	27	51	49	94	11	43	52	25	48	65	39
81	29	66	18	54	17	79	14	71	71	34	43	25	35	4	67	93	4	5	95
45	45	80	34	36	39	81	41	31	17	12	87	72	73	92	56	37	20	78	62
61	57	99	14	69	90	90	51	56	34	82	21	19	60	56	73	42	55	46	71
69	95	14	28	14	52	13	74	87	37	41	30	80	11	91	48	90	80	20	39
83	72	94	87	37	46	96	26	60	99	79	82	60	70	12	68	54	12	71	2
36	82	46	15	98	68	45	82	72	63	41	45	69	44	42	6	16	91	36	62
40	26	78	78	14	82	59	32	80	6	61	20	63	63	3	46	26	98	15	16
26	69	49	33	52	98	55	21	91	3	74	34	97	20	45	41	99	46	68	87
46	64	4	49	56	42	16	64	73	61	47	3	1	27	91	10	50	35	81	85
61	52	5	40	27	50	31	76	31	59	93	81	39	33	95	18	72	14	49	44
81	75	71	71	87	3	21	79	35	28	52	46	46	93	67	81	73	49	25	88
69	50	34	45	76	82	12	20	58	96	80	58	56	9	79	9	35	46	63	19
94	15	69	71	34	58	5	77	14	96	35	62	5	48	81	77	9	73	91	24
96	68	59	14	35	85	23	24	36	8	38	18	69	3	3	44	6	8	22	81
13	70	12	66	13	50	37	53	98	88	95	73	95	40	48	51	39	96	87	78
77	69	51	72	47	94	37	27	37	46	63	94	12	98	27	45	94	64	68	60
51	51	4	81	88	26	99	78	71	12	62	18	13	13	26	15	27	33	9	50
12	53	5	93	10	58	94	1	55	55	94	71	45	3	8	14	50	94	57	89
6	38	28	53	95	66	32	74	74	61	59	69	88	5	36	86	7	2	32	57
8	69	44	87	62	43	6	47	67	98	98	63	32	80	44	82	73	83	26	8
72	8	69	57	37	80	85	7	59	29	2	36	26	97	60	17	79	58	59	30
34	19	97	44	79	60	25	45	58	54	12	40	88	87	66	51	22	57	49	23
57	55	10	15	78	9	51	68	76	86	56	60	91	35	8	26	23	45	33	38
57	6	95	76	51	30	5	48	49	9	47	16	76	85	13	45	78	22	7	59
28	75	74	80	77	99	23	10	9	98	20	51	96	50	64	29	28	26	55	91
30	25	35	8	68	72	31	84	55	78	94	41	4	82	71	6	73	34	60	35
50	28	15	43	39	70	2	29	82	55	18	37	51	51	63	56	59	55	86	70
62	33	64	79	53	7	18	58	13	28	57	60	3	38	39	91	84	52	10	35
43	80	96	51	25	44	96	44	13	97	3	85	36	52	15	1	90	56	51	49
1	9	31	76	41	57	56	82	12	54	49	64	20	89	53	44	89	33	74	49
71	96	37	89	73	53	31	57	36	57	41	8	56	37	63	81	22	10	74	82
93	59	14	29	80	69	2	10	81	15	34	47	99	84	37	7	37	58	78	63
41	78	92	51	64	14	57	55	40	6	33	34	64	83	27	78	65	32	96	72
9	31	43	17	16	3	78	50	37	70	73	11	54	78	14	33	42	61	37	68
42	93	75	31	44	87	91	54	44	66	86	76	36	90	15	12	96	72	69	67
96	23	61	77	69	59	29	19	30	83	42	51	47	60	39	19	15	76	7	11
59	79	10	98	94	33	93	75	20	68	20	39	55	49	37	46	52	82	9	39
41	98	88	26	7	60	5	56	86	58	40	47	34	60	82	30	2	32	47	63
8	45	38	16	68	1	31	1	51	90	77	3	20	61	12	44	23	81	86	86
95	57	37	32	61	12	35	35	99	43	13	48	21	43	73	4	86	2	37	10
81	86	73	58	82	70	89	38	56	55	84	62	76	72	78	73	16	83	94	4
59	12	40	77	52	45	67	63	6	21	97	12	14	68	81	62	2	69	65	66
3	79	36	73	87	89	69	87	76	16	49	58	79	2	28	42	28	84	22	32
3	60	7	71	93	29	70	73	52	24	26	91	70	63	53	66	50	64	3	48
27	20	26	59	94	77	79	38	11	94	45	90	36	57	86	3	44	4	49	3
95	34	2	6	73	47	50	61	83	41	5	64	80	85	44	3	85	42	2	46
98	56	63	15	36	18	18	19	33	73	80	6	71	58	55	24	1	3	8	6
4	65	56	36	67	28	13	25	38	77	33	17	80	74	73	7	91	93	51	66
27	69	78	53	98	87	31	30	48	96	6	46	60	26	3	35	97	90	4	17
39	85	66	32	33	40	15	34	24	11	5	13	98	29	1	35	12	68	14	21
33	7	34	89	44	51	13	43	26	93	41	22	11	80	8	85	73	82	20	9
39	75	21	89	90	78	10	65	53	18	80	51	33	42	43	2	74	82	11	78
86	98	45	3	68	70	18	96	77	55	8	10	35	17	51	76	25	28	16	53
54	12	96	50	27	29	26	79	62	55	62	28	70	29	92	57	78	40	96	16
9	51	29	17	46	43	80	13	18	89	69	91	72	24	33	46	15	53	37	85
80	95	40	82	39	50	3	28	78	10	53	42	70	40	38	86	72	56	60	8
26	16	1	11	84	12	52	54	78	66	83	43	58	25	80	38	66	21	81	54
45	25	86	63	81	7	31	23	45	98	91	94	28	30	47	41	16	8	86	73
39	27	10	26	48	97	60	52	75	93	2	69	82	19	59	39	29	5	68	82
62	53	49	45	76	33	22	63	99	12	41	38	26	48	93	30	71	96	91	27
35	81	60	17	7	28	32	89	45	54	60	93	82	95	23	96	12	30	33	89
42	6	88	89	99	78	41	66	82	18	83	72	62	97	89	78	30	11	28	79
74	19	8	4	38	78	9	56	83	32	31	68	14	32	41	95	41	37	12	85
25	5	46	74	20	1	11	53	84	40	5	63	81	7	3	98	48	97	62	57
26	31	21	73	65	29	89	89	31	97	64	76	98	3	61	16	21	84	18	68
17	55	31	80	45	37	38	50	28	66	67	72	74	38	58	60	23	26	43	14
75	75	79	77	20	63	88	55	11	41	82	68	80	92	66	26	1	84	90	25
72	1	19	93	77	45	52	7	70	49	32	9	96	31	18	31	44	95	98	58
56	77	92	39	25	96	28	34	22	2	30	89	53	22	33	2	79	61	65	68
19	92	43	14	20	76	39	13	34	67	98	86	93	66	10	1	64	92	10	98
77	72	49	53	80	21	44	21	43	69	49	69	98	57	20	2	60	7	44	32
83	63	55	98	66	62	88	52	5	90	39	48	12	99	78	29	91	21	71	96
38	18	64	61	51	76	17	66	94	90	72	22	30	95	22	89	32	82	43	19
75	49	22	37	54	57	48	3	54	40	6	73	95	57	74	94	25	5	75	55
14	31	30	84	94	32	61	87	96	60	2	88	30	77	46	17	74	4	79	8
7	99	96	89	30	59	43	64	96	32	60	25	6	70	25	37	58	74	37	32
45	76	6	79	79	91	72	10	55	38	16	8	14	44	45	81	33	46	17	86
17	50	60	19	31	85	42	87	35	25	89	16	16	96	19	73	62	79	92	10
40	11	30	65	76	46	41	13	21	60	69	19	92	31	14	41	93	77	70	36
71	40	93	2	88	54	4	6	31	45	35	80	10	91	34	83	97	22	82	50
80	56	84	27	46	91	51	85	75	61	98	35	2	68	36	24	66	89	81	87
22	86	75	22	90	46	28	10	9	63	1	66	14	25	69	52	15	71	6	64
83	81	74	30	33	69	69	20	74	33	62	32	20	36	9	99	52	77	14	16
23	92	97	78	52	98	45	22	36	26	34	50	75	57	31	50	88	23	44	61
97	69	13	92	70	3	24	28	31	33	97	99	62	33	70	76	40	91	62	41
33	97	71	66	1	37	76	86	20	45	87	89	38	56	87	11	62	17	83	77
29	51	95	64	81	23	96	67	45	75	73	66	91	11	40	1	69	34	38	69
38	79	4	4	52	57	22	23	27	6	97	21	56	85	3	60	27	26	30	69
42	12	67	87	28	12	37	99	13	28	23	70	27	26	46	46	64	91	63	61
64	12	94	19	25	12	96	81	73	20	57	24	89	11	45	38	6	51	82	85
10	64	20	97	73	83	87	78	17	89	20	80	89	26	79	53	25	70	88	28
64	73	53	66	2	53	52	50	37	64	79	38	45	87	87	81	24	42	34	36
61	33	16	42	45	48	13	67	99	29	16	49	85	8	85	53	68	67	39	90
68	9	82	52	35	52	59	39	68	72	59	61	77	34	11	77	18	28	41	4
30	60	60	2	90	77	99	88	29	96	85	42	46	97	68	24	35	33	66	86
64	50	79	26	34	50	56	98	80	93	70	27	77	27	93	91	67	35	33	7
37	51	71	75	43	50	89	65	92	19	41	83	69	7	64	79	73	23	63	5
2	80	40	67	12	94	39	54	94	96	57	45	4	46	28	83	96	38	3	2
15	1	84	74	4	70	34	31	30	82	23	44	94	92	55	61	35	33	96	30
61	17	19	65	33	81	55	33	79	95	54	44	12	17	87	23	57	6	2	62
52	20	21	84	86	87	8	42	88	34	33	74	3	15	94	76	25	13	70	33
8	83	78	6	18	40	25	85	83	14	10	32	2	48	59	45	68	22	31	92
87	20	73	52	32	45	87	43	5	87	49	10	92	93	64	81	15	86	84	78
85	24	47	23	52	81	37	15	84	1	91	3	4	36	12	4	99	87	67	52
46	21	71	40	28	62	78	53	99	78	28	18	64	94	32	27	89	87	3	93
83	67	66	57	86	11	8	1	51	93	96	87	25	43	31	94	58	72	86	15
68	36	1	50	45	65	6	30	53	39	1	56	10	47	24	1	15	97	79	5
94	50	46	66	56	57	83	46	5	15	10	30	83	82	9	1	74	52	27	9
66	67	18	55	25	47	16	24	58	32	31	14	47	14	72	86	6	54	1	96
25	14	48	18	52	66	32	33	90	60	5	8	1	32	17	36	5	8	81	22
82	66	37	54	35	38	32	9	70	11	25	2	12	7	56	11	40	74	11	24
13	39	24	42	61	86	45	9	14	94	43	76	48	2	79	28	24	13	64	64
8	66	70	82	28	47	41	17	38	11	3	85	81	38	17	26	87	55	28	98
36	24	65	93	49	44	24	11	33	92	31	80	13	59	90	15	7	96	38	56
89	56	96	76	27	19	60	99	96	21	34	23	84	1	34	76	7	46	97	57
75	22	35	45	28	75	96	73	24	33	85	23	12	16	13	76	85	29	33	59
30	47	75	79	24	49	30	42	72	4	87	16	17	94	96	38	67	15	55	20
8	65	77	25	80	22	17	76	36	27	2	98	55	79	61	89	21	92	1	24
12	10	84	58	38	81	39	13	23	46	53	72	10	81	24	72	35	75	79	90
3	13	6	9	77	67	67	9	55	34	8	27	95	11	89	23	63	52	66	62
56	83	99	39	69	58	42	98	26	3	27	86	48	78	26	22	97	32	40	58
4	45	12	50	80	43	63	93	6	74	39	79	28	14	13	23	94	52	90	99
55	43	72	1	62	68	30	51	55	56	83	19	66	52	44	9	7	80	71	2
84	86	2	64	51	79	1	26	27	50	73	78	51	8	79	40	10	71	73	26
17	31	16	9	69	94	9	72	66	95	70	78	47	92	39	82	37	2	72	86
26	58	96	89	50	87	93	49	6	53	77	71	45	27	85	45	81	87	36	24
10	61	97	65	57	88	96	9	62	6	25	66	9	7	3	13	73	79	24	99
52	27	7	10	69	8	63	40	51	11	26	92	23	98	26	27	22	49	48	17
35	66	43	48	42	41	39	7	30	95	23	74	15	36	77	3	79	14	42	9
99	8	88	54	54	91	76	10	34	97	97	60	85	27	83	74	26	48	73	54
7	76	78	12	70	21	93	32	29	12	87	73	59	43	89	79	55	34	54	19
3	86	96	46	55	15	91	91	5	27	99	64	90	47	35	66	21	45	64	21
95	87	45	27	40	28	31	16	89	59	29	62	91	89	71	53	93	62	24	16
53	22	44	18	50	41	93	13	87	84	79	78	1	25	42	7	82	52	87	6
56	65	33	70	33	17	52	40	80	53	37	14	75	33	98	9	18	60	41	12
27	94	87	50	50	38	65	91	95	29	59	42	24	30	81	96	14	64	26	87
66	10	72	46	28	10	72	64	28	15	34	23	53	18	96	29	96	6	47	56
76	42	57	82	18	3	35	89	30	41	97	39	36	69	70	2	20	8	17	74
34	77	38	69	19	90	58	60	89	85	61	64	9	2	48	98	96	44	39	52
94	43	94	44	49	35	95	68	77	46	54	41	88	45	16	53	9	34	38	82
11	43	40	79	52	44	41	72	40	36	52	23	48	92	7	53	85	81	26	98
15	49	19	97	85	74	59	59	83	20	23	7	6	9	62	20	86	65	49	71
90	78	35	83	49	80	64	6	90	72	47	13	39	39	61	45	97	88	25	55
49	99	84	44	91	31	63	47	36	85	53	29	24	45	42	61	34	30	75	5
15	22	27	81	93	51	35	68	93	68	80	22	21	30	44	45	48	8	29	70
47	79	66	68	47	26	46	62	17	75	51	26	96	87	89	50	15	54	32	7
51	10	73	21	91	33	6	71	21	97	26	48	68	45	13	58	67	49	66	13
20	43	81	44	40	80	63	62	32	73	22	74	88	35	62	45	59	45	71	9
32	70	32	16	3	61	64	9	25	4	20	18	78	3	2	16	91	67	54	36
68	2	93	2	68	18	18	13	39	17	12	2	11	19	21	18	9	66	45	1
50	83	30	64	39	41	58	62	89	83	65	9	17	50	53	51	74	37	86	7
55	23	77	16	83	70	3	5	37	45	29	47	87	20	43	5	44	34	76	31
53	99	12	82	41	69	94	63	35	24	75	81	53	53	1	98	27	85	83	9
85	31	54	59	79	58	33	86	44	61	59	89	94	55	39	24	54	66	88	43
27	82	88	62	99	67	54	45	88	42	1	45	88	75	70	35	27	10	49	16
78	72	97	50	91	93	45	55	10	60	34	39	59	10	24	58	48	23	86	35
72	80	31	92	79	59	79	2	13	53	12	52	68	95	43	99	2	86	65	35
87	17	99	18	32	42	95	45	63	14	16	10	4	81	63	16	25	9	38	74
60	29	18	5	48	2	66	88	30	33	77	23	32	79	63	37	89	24	31	73
67	68	78	54	2	49	55	12	79	15	90	75	83	89	14	82	60	11	86	88
95	97	30	83	66	95	79	23	97	21	63	57	40	63	21	23	10	66	70	94
96	8	19	44	53	2	37	18	79	43	75	16	41	22	9	80	12	18	27	18
60	37	97	32	42	90	4	82	13	79	35	88	74	99	8	89	13	25	18	13
74	21	66	88	45	91	42	44	21	7	6	64	99	81	97	73	4	51	39	53
40	26	31	10	56	96	25	90	46	59	28	59	40	49	27	23	31	71	95	43
38	18	52	1	64	54	61	94	32	28	81	14	44	45	47	43	49	80	65	35
21	37	45	52	75	29	15	36	67	37	40	81	14	39	7	93	90	38	76	60
57	85	25	80	50	58	26	20	40	19	74	82	36	42	89	19	78	47	43	44
64	38	13	83	53	81	88	49	16	46	45	88	36	56	96	5	23	46	35	32
12	27	93	20	69	57	68	55	23	8	87	94	41	17	82	47	57	19	64	51

7	20	12	15	12	6	15	14	8	7	10	12	8	3	2	4	3	7	2	1
16	20	19	19	3	13	11	12	15	15	13	10	18	12	2	14	11	7	16	8
18	11	5	12	2	8	9	8	5	19	2	11	3	18	4	14	8	14	4	15
19	1	13	15	9	16	11	15	19	16	16	11	12	15	2	8	5	7	9	4
4	15	10	9	1	13	14	6	2	1	11	6	11	13	19	15	18	20	2	7
4	12	4	13	1	2	8	6	6	17	18	7	14	20	12	2	19	3	16	11
13	2	19	13	6	10	14	9	17	10	2	4	20	18	7	7	5	17	4	11
5	8	13	6	5	2	13	15	11	6	13	6	17	15	12	11	5	11	15	15
7	20	12	1	8	5	3	7	15	18	12	13	9	18	6	16	7	1	18	20
4	19	13	14	10	19	12	1	2	4	17	1	7	11	16	18	19	12	17	3
9	6	16	8	3	1	1	6	10	13	5	15	2	6	16	1	2	4	10	2
20	5	17	8	3	15	1	19	12	9	11	8	10	5	17	6	3	6	9	11
17	15	8	16	1	6	5	7	13	18	6	5	9	11	9	7	11	12	8	13
16	17	6	10	15	2	1	18	3	19	6	4	20	12	13	14	9	10	15	10
20	17	9	13	5	5	14	14	3	8	11	6	1	9	10	9	11	19	7	3
4	3	2	3	9	11	16	11	11	10	5	10	12	14	3	20	9	10	10	8
8	7	4	20	11	6	1	2	16	1	11	6	11	12	10	16	17	16	10	15
18	6	16	12	16	14	7	11	11	20	3	12	14	17	4	1	2	6	16	6
10	18	12	15	1	4	17	7	15	15	14	10	8	9	12	19	6	1	6	12
5	11	4	14	20	13	3	18	12	19	7	20	15	9	17	10	10	16	16	11
10	18	5	2	7	13	14	18	17	19	11	9	7	10	3	19	11	1	19	13
10	19	9	5	20	2	16	9	13	11	6	16	17	14	7	4	1	9	14	13
12	11	18	4	10	19	14	2	13	11	15	13	17	9	12	12	11	18	6	20
7	12	3	19	5	13	19	12	6	13	11	17	9	9	19	6	4	11	4	13
8	17	11	5	11	5	15	18	2	3	14	1	2	5	2	6	16	4	14	1
4	11	6	17	5	11	4	19	3	1	11	9	15	18	3	17	15	10	3	7
19	3	9	12	7	15	17	10	18	16	9	2	13	9	14	5	19	1	3	18
1	11	18	19	6	1	18	12	3	12	17	8	17	2	5	20	12	12	3	11
5	13	10	18	13	6	1	14	18	8	15	13	9	5	16	13	14	15	17	12
4	8	12	2	3	10	16	3	6	8	17	3	20	1	16	4	6	17	20	16
5	19	9	18	16	5	3	4	2	5	6	19	19	11	20	18	13	18	1	11
17	1	12	2	4	10	17	15	19	14	5	15	18	15	16	7	5	9	14	9
1	7	15	9	20	16	20	18	6	14	1	20	7	9	12	1	10	1	19	3
19	1	14	14	8	19	10	20	8	7	15	16	2	13	19	11	5	9	2	19
10	10	18	3	16	1	17	18	17	2	19	9	8	12	5	18	10	1	10	19
8	1	9	19	16	4	20	15	12	6	5	5	17	13	8	9	6	12	7	6
2	18	8	11	12	17	5	14	4	12	5	9	3	20	12	13	12	1	7	10
19	8	5	2	20	10	20	2	15	11	6	3	10	10	19	5	3	16	12	19
17	12	7	4	18	15	6	8	11	20	14	8	1	1	2	7	19	12	5	15
16	5	13	3	10	3	18	5	11	2	16	9	20	18	5	11	7	19	18	16
11	18	11	13	16	5	4	16	20	6	14	12	6	17	15	7	18	5	4	19
7	14	15	15	14	19	19	6	19	16	13	14	5	16	19	18	12	13	5	17
20	9	6	20	15	13	15	15	2	16	18	6	16	20	13	16	13	6	7	6
11	2	8	5	4	10	2	8	1	1	10	10	12	10	15	9	20	7	2	16
13	9	16	19	6	3	6	4	16	18	13	16	12	3	11	5	4	9	20	6
16	15	17	8	3	15	6	19	18	11	8	20	18	5	4	9	8	14	10	4
13	18	17	8	19	5	8	19	13	19	9	7	19	7	5	17	6	19	5	5
11	10	2	17	20	2	7	16	9	5	14	8	13	13	5	1	19	1	8	3
15	20	16	9	5	17	2	11	20	3	2	14	7	9	6	11	10	13	10	2
7	10	20	3	9	8	3	3	11	13	16	17	15	19	3	9	8	19	1	9
11	10	10	3	5	20	2	19	20	1	16	20	18	17	16	15	2	2	17	8
7	18	17	7	14	12	20	4	19	5	14	18	15	13	10	12	5	9	10	6
4	1	13	8	12	1	5	7	6	13	2	4	7	18	11	5	2	13	1	3
18	13	14	14	14	19	14	8	17	3	14	3	2	20	20	6	14	15	16	17
8	7	1	12	7	16	10	3	5	20	19	12	16	13	5	4	11	6	5	15
12	20	6	12	2	15	10	3	6	12	4	15	19	16	18	1	1	7	15	8
4	9	7	17	5	13	12	7	7	14	1	20	16	8	20	1	2	15	18	7
17	12	6	19	6	11	2	5	13	1	12	4	12	8	12	6	3	18	4	14
19	11	8	5	5	1	12	18	19	15	15	5	2	8	15	3	14	14	6	18
8	7	18	4	2	6	11	7	7	7	5	7	5	3	14	9	8	7	18	4
6	13	13	20	5	3	15	16	3	4	7	18	12	13	20	19	5	16	4	9
20	14	17	10	15	16	12	13	7	6	3	15	2	12	10	8	12	19	4	10
15	6	13	3	10	7	9	2	20	3	13	3	8	8	10	1	10	14	14	9
9	4	7	12	5	9	14	9	19	6	14	1	12	2	6	4	2	2	8	5
13	6	12	20	11	16	8	16	19	16	6	7	5	19	17	19	12	4	14	9
17	2	8	16	8	16	4	3	17	15	13	17	5	15	9	5	7	5	1	15
12	5	4	20	7	9	5	6	10	8	14	6	4	18	19	20	10	8	15	12
4	18	10	14	6	6	6	14	20	17	5	8	5	15	12	2	12	14	20	16
2	14	7	3	9	16	20	5	15	6	9	13	14	16	4	1	12	5	5	19
9	5	2	2	2	20	5	20	17	16	17	19	10	11	15	18	16	15	14	9
6	18	2	9	13	19	10	11	10	12	13	6	8	4	2	20	9	2	16	19
18	2	14	17	8	20	11	4	9	11	10	2	2	20	3	4	3	6	4	15
20	9	8	9	13	20	19	19	2	7	1	1	2	14	4	8	12	13	10	10
2	18	6	17	6	7	16	10	13	18	9	8	20	9	20	3	16	12	13	2
16	13	8	3	12	10	17	9	1	5	18	4	13	2	5	10	17	18	10	3
4	4	6	6	5	6	10	13	10	12	1	2	15	9	16	15	13	8	2	7
20	9	12	6	14	2	11	7	9	8	12	7	7	19	8	6	15	12	9	10
11	1	17	9	1	15	18	5	8	10	18	6	9	12	11	20	1	6	16	16
8	20	16	6	13	6	5	7	16	11	17	7	5	1	14	1	5	9	20	19
16	20	11	10	14	4	10	13	10	3	14	15	7	18	16	5	13	14	18	16
11	1	19	16	12	2	3	19	19	13	10	20	8	14	16	2	2	19	9	5
9	8	19	10	9	11	11	15	3	1	5	7	2	10	12	7	3	1	14	20
18	5	7	13	15	1	4	12	20	6	11	10	10	17	19	7	19	14	8	2
15	19	4	11	13	3	14	14	1	10	5	6	11	2	16	16	19	6	7	7
2	9	17	8	2	20	17	11	18	11	19	20	20	7	3	9	12	2	15	2
12	4	3	9	5	17	1	6	11	3	6	16	2	10	8	1	11	12	10	10
11	7	6	16	7	9	17	15	8	20	9	14	8	3	17	19	15	4	13	15
2	19	20	2	10	17	11	1	12	11	11	6	11	8	18	1	16	7	5	16
19	18	11	2	5	1	1	13	12	19	7	1	4	20	17	9	17	2	13	2
8	5	15	12	5	5	15	4	4	2	8	15	11	18	13	11	19	10	6	7
9	18	4	18	7	8	3	11	9	15	20	14	15	17	20	2	6	6	13	8
19	3	19	9	7	16	12	15	1	14	11	7	7	4	16	8	5	18	11	14
17	11	11	1	10	15	16	5	14	12	4	2	8	17	10	13	16	13	9	6
13	5	17	12	12	8	4	8	14	14	2	8	14	14	10	5	10	17	13	19
8	9	20	1	20	8	10	16	10	11	18	20	14	19	16	15	14	12	13	17
15	10	7	6	1	4	19	12	15	17	13	3	12	12	12	20	3	3	10	16
8	10	5	7	19	3	4	13	18	3	10	19	1	18	4	5	16	1	4	15
7	10	19	16	9	17	6	8	4	7	14	11	5	16	3	16	18	9	8	14
4	11	20	8	10	1	11	2	16	3	1	6	14	12	14	6	16	11	1	11
5	2	3	7	7	20	4	7	1	1	7	13	1	10	16	7	12	6	6	19
7	19	9	19	12	17	17	18	8	18	4	16	12	19	15	7	17	16	1	7
8	2	12	12	10	15	18	4	17	16	15	7	12	4	14	1	5	5	8	13
20	16	12	1	8	15	10	18	18	4	14	3	19	20	11	1	11	13	10	10
4	18	20	18	17	14	15	18	8	6	18	7	8	4	2	16	9	20	7	4
6	1	18	16	9	9	9	14	11	14	19	11	19	1	19	14	4	1	5	7
9	7	9	7	7	8	17	10	19	16	7	20	6	16	18	1	19	8	19	9
19	14	11	17	15	10	9	5	10	14	15	2	13	10	12	10	20	1	8	10
7	20	10	16	13	6	1	13	13	6	5	13	14	16	5	13	5	2	4	8
1	3	11	8	3	20	20	19	15	15	14	17	4	9	13	5	2	6	9	3
15	11	17	1	19	17	11	9	3	13	11	7	5	18	14	8	6	8	15	18
16	4	2	14	6	7	20	17	9	7	10	3	5	17	12	9	12	6	19	1
7	6	3	17	6	7	1	20	16	19	10	1	20	4	5	15	13	11	9	10
20	14	13	2	13	9	16	11	2	9	4	12	10	7	16	20	11	19	13	14
20	20	2	13	11	7	20	15	13	20	16	14	3	14	18	2	13	4	20	9
3	7	14	5	10	19	6	7	2	1	8	3	4	8	7	14	18	5	8	13
19	7	2	6	20	1	9	15	4	14	6	4	12	18	7	14	6	11	18	18
19	2	13	19	10	13	15	10	8	19	9	11	4	20	8	15	7	6	2	12
14	3	2	10	16	15	19	16	14	16	8	18	14	1	18	14	1	6	2	6
17	7	15	19	14	13	17	9	20	8	18	19	1	20	17	11	8	19	11	11
12	16	11	17	13	7	18	7	17	1	1	13	3	9	3	15	4	7	15	16
14	20	1	12	4	14	3	8	4	9	9	9	15	10	12	10	4	4	7	4
1	15	16	6	9	13	10	11	14	9	1	6	7	1	6	11	9	13	9	12
19	14	6	18	11	13	3	16	10	13	15	13	10	12	20	9	2	6	4	4
13	12	16	18	2	13	2	12	14	13	1	11	9	11	4	15	5	17	8	9
18	15	4	12	15	2	3	18	16	4	19	16	6	17	19	3	19	14	10	2
1	20	13	12	1	10	11	11	14	12	4	17	10	10	13	4	4	19	11	17
2	3	11	17	19	8	20	12	18	6	15	2	13	16	2	13	20	10	20	16
12	3	8	19	12	6	19	18	5	13	9	12	11	1	4	18	18	12	18	3
1	14	9	7	10	19	2	6	15	17	11	12	12	14	1	14	11	15	2	4
19	11	4	4	16	9	9	8	9	9	10	16	10	6	5	8	3	11	20	4
19	11	8	14	13	18	12	14	14	11	3	15	18	20	8	16	3	18	9	11
19	2	12	1	10	1	2	15	6	7	9	3	18	13	5	5	20	18	10	20
4	5	13	15	3	4	2	1	8	13	4	10	14	12	19	11	4	16	6	4
3	3	6	3	19	18	20	15	2	10	11	8	5	8	9	10	1	9	14	15
13	14	7	10	19	4	17	19	7	3	14	14	9	14	16	16	3	12	20	14
16	17	6	3	3	4	19	1	15	7	12	10	18	16	4	15	15	12	19	18
10	12	12	19	1	11	8	2	5	10	17	11	3	18	12	14	13	9	18	14
16	4	13	16	14	20	18	13	20	5	5	14	12	8	10	7	4	18	4	3
14	19	20	5	14	19	19	18	2	11	2	13	17	9	20	13	6	5	14	15
20	12	10	5	5	8	10	12	10	20	1	10	16	18	12	7	7	11	7	9
8	18	6	19	1	1	3	20	18	17	1	4	8	18	16	17	4	1	17	9
14	11	12	10	10	9	5	9	8	5	11	9	12	14	3	15	14	13	20	3
5	2	12	16	20	3	9	20	18	6	11	2	7	1	5	6	11	19	7	5
16	9	3	9	15	17	13	6	11	6	9	11	8	18	13	5	7	1	10	8
9	17	6	3	3	15	4	1	11	13	20	17	20	6	11	1	15	8	3	9
7	7	9	2	5	3	13	5	18	2	10	10	3	3	4	9	11	14	13	17
8	2	17	13	11	17	8	7	20	17	18	9	8	2	7	17	20	17	8	13
15	5	5	19	10	16	20	5	16	17	12	12	3	13	14	11	3	18	12	9
6	10	15	10	5	2	6	18	6	15	1	17	17	2	15	3	5	8	5	9
6	11	9	17	4	13	9	13	7	18	9	16	14	7	9	19	8	20	16	6
12	7	4	20	12	20	17	14	4	18	7	11	3	17	2	19	9	20	6	12
13	1	20	6	2	1	6	13	4	8	14	20	11	14	15	20	8	17	1	1
6	7	13	12	5	4	4	20	13	2	13	17	6	10	20	3	18	4	8	3
14	4	15	11	18	9	6	7	10	11	14	6	4	13	2	3	8	5	16	5
7	3	4	7	4	2	9	9	18	4	7	1	1	15	10	8	4	4	17	7
20	17	4	20	8	13	2	16	13	17	5	15	3	17	14	4	17	8	3	15
2	7	1	11	20	18	12	13	15	17	6	19	19	5	7	20	17	8	8	20
8	15	1	16	7	3	11	9	3	20	19	8	9	13	13	8	3	20	9	6
15	17	4	17	15	16	18	7	1	2	10	7	18	6	20	10	2	1	5	1
7	14	13	8	7	13	14	17	20	1	15	20	8	7	19	7	11	20	3	8
15	18	7	18	6	13	5	13	16	5	12	19	16	6	7	18	13	13	6	4
8	7	18	3	2	7	3	8	2	18	12	9	2	13	14	19	19	12	17	9
3	20	17	17	15	5	2	8	6	18	16	15	20	17	17	12	6	12	1	7
5	10	3	6	1	3	12	12	1	1	10	15	19	11	2	12	12	17	6	20
1	3	1	19	19	15	18	2	8	11	6	2	16	4	2	20	18	17	7	15
14	6	5	17	17	8	12	8	4	7	9	5	9	3	2	20	16	18	20	20
17	2	1	12	12	11	8	10	15	3	6	15	16	16	15	9	8	16	17	2
1	16	20	1	6	17	19	15	15	10	9	6	7	5	13	18	7	15	17	17
13	3	9	8	2	9	20	5	7	1	2	14	18	3	2	1	5	1	12	16
18	10	18	12	15	6	10	3	14	20	11	2	2	11	10	5	8	7	18	20
6	6	3	4	6	13	8	1	17	16	7	17	2	13	12	6	18	2	15	12
3	19	14	11	19	7	6	4	19	5	19	12	7	8	10	16	1	15	2	3
8	4	17	8	18	16	16	4	7	9	8	19	18	18	16	20	3	8	8	3
17	9	6	10	17	2	2	12	5	13	14	11	13	14	18	8	15	7	18	15
17	16	14	11	10	3	12	18	9	15	20	20	15	14	13	4	14	9	15	19
13	20	9	7	10	20	12	18	10	2	5	2	13	6	15	6	11	3	2	16
8	8	4	19	13	4	6	8	3	13	4	6	15	12	2	19	3	6	15	12
15	14	17	8	9	9	12	18	17	10	13	5	7	7	19	5	20	10	6	9
9	18	10	13	7	16	14	5	7	1	13	10	18	16	14	10	16	6	12	15
1	14	17	9	8	11	8	10	7	1	1	7	16	9	12	13	7	5	6	6
9	10	20	6	14	10	1	7	9	5	14	2	12	12	12	5	2	14	20	13
6	9	15	10	18	10	13	13	13	6	8	17	11	10	12	8	7	4	15	15
10	12	15	20	3	19	19	16	11	17	5	5	9	6	14	9	17	16	17	1
13	14	17	1	8	8	3	10	11	7	8	6	20	15	13	4	11	5	11	14
16	13	4	6	18	2	14	15	19	16	20	6	4	2	20	14	11	18	17	14
13	19	8	6	18	12	10	4	7	19	13	6	17	18	13	12	9	16	16	11
15	13	10	2	1	4	13	3	13	7	1	15	10	12	17	17	12	10	16	17
13	10	4	7	2	6	2	3	8	4	1	5	19	15	18	4	20	9	5	19
15	1	18	5	9	9	20	7	6	19	9	1	12	6	20	18	4	3	15	5
8	15	2	6	4	15	2	17	14	17	20	13	8	17	17	8	4	9	13	8
9	20	18	9	8	1	17	6	8	6	18	11	19	15	19	1	12	10	16	5
15	19	4	13	16	1	13	8	2	4	17	5	14	15	3	10	6	4	18	13
18	2	14	20	8	16	1	14	16	11	12	19	1	19	16	20	6	14	11	5
3	14	18	11	7	5	3	6	5	19	15	12	9	7	2	7	1	7	11	16
13	15	18	14	13	8	14	10	14	11	13	12	19	1	13	8	10	16	17	4
6	13	14	4	11	18	19	15	11	13	17	5	16	5	11	13	1	4	16	4
1	3	14	17	14	3	10	4	11	2	16	5	2	17	7	1	14	3	4	12
13	2	1	8	16	17	4	11	18	6	12	18	4	3	6	11	5	17	20	10
14	2	8	13	5	13	5	18	4	6	17	9	14	2	7	4	19	3	2	4
18	9	10	8	16	13	1	9	3	16	10	14	17	8	4	11	2	11	1	16
4	6	8	8	1	8	16	11	14	17	13	12	12	12	17	15	7	20	9	20
18	10	14	14	8	6	14	16	8	5	8	6	6	17	2	5	16	5	10	11
2	11	6	6	4	1	11	2	16	5	3	20	19	12	19	8	16	20	12	5
10	11	20	4	7	8	18	19	14	7	12	14	6	1	19	19	2	16	9	15
14	15	9	17	7	18	15	10	7	11	14	15	14	1	12	10	15	13	6	16
16	18	8	9	16	6	14	16	13	17	15	9	6	11	12	2	5	5	15	3
8	9	1	19	17	3	8	19	10	6	4	3	14	4	14	19	14	16	8	10
9	3	7	17	17	6	9	17	12	5	6	2	11	12	9	5	11	8	6	13
18	19	9	2	1	20	17	9	2	12	12	6	14	2	19	10	13	15	11	10
8	18	4	9	9	2	6	7	15	18	19	10	7	1	12	14	8	5	5	10
2	9	3	6	6	8	3	13	1	8	16	3	11	16	19	15	2	8	5	14
8	1	18	14	16	8	18	17	2	18	20	20	20	9	20	2	17	20	3	11
17	15	14	4	18	5	13	7	10	15	11	4	11	12	15	16	11	20	7	5
4	5	15	5	20	3	13	4	19	1	18	5	8	8	8	1	15	2	18	18
14	15	9	18	18	2	18	5	3	10	20	18	12	6	3	2	4	5	1	16
8	2	10	20	19	13	8	12	14	9	2	11	9	2	4	6	18	4	15	2
8	4	11	10	9	8	18	11	19	12	8	8	14	11	14	6	16	6	13	1
10	7	2	15	6	9	12	6	7	20	1	11	20	9	17	5	18	12	10	7
2	14	19	18	6	12	17	15	3	11	5	14	18	17	10	10	13	15	5	2
20	18	13	5	1	18	6	2	2	10	5	10	11	11	18	11	12	14	9	2
6	5	4	14	10	18	10	12	11	11	12	9	2	10	19	13	5	19	11	11
17	12	13	11	9	8	2	2	8	14	20	2	4	6	6	1	5	20	12	17
5	16	16	14	17	11	9	13	1	3	6	6	12	20	18	10	7	19	12	3
19	16	13	11	10	18	12	8	19	2	1	6	12	2	1	2	16	10	3	17
5	7	6	13	10	19	4	13	7	18	9	8	20	16	11	9	3	18	17	16
3	13	6	19	1	13	19	7	3	1	5	18	9	2	15	17	5	3	2	9
7	8	3	18	10	4	18	9	15	5	13	17	18	3	9	5	8	11	5	3
20	6	20	11	17	10	17	17	18	16	18	1	19	6	15	18	3	16	5	19
4	10	13	11	1	12	15	2	12	3	16	14	3	2	10	11	6	7	19	5
19	8	10	4	18	18	7	19	13	13	6	6	3	11	1	1	15	4	15	4
5	7	15	19	15	16	11	4	16	9	3	10	9	18	19	11	20	2	2	8
14	12	11	16	15	8	17	9	7	17	11	7	8	9	12	13	15	8	5	2
8	12	6	2	12	14	18	10	5	18	8	14	5	10	3	11	16	19	13	3
6	6	1	20	15	11	12	3	16	18	4	15	9	9	3	20	10	18	6	15
10	20	10	2	13	2	16	14	5	6	3	5	2	20	10	12	12	10	1	5
11	7	20	3	12	14	3	9	17	7	9	5	16	20	10	1	10	9	18	18
16	5	13	12	11	15	6	10	14	20	13	19	9	20	18	14	13	2	20	9
14	9	16	16	7	13	4	18	3	19	4	10	14	14	1	4	12	8	16	12
15	3	9	20	19	20	5	4	12	3	8	8	5	2	3	5	7	17	6	17
2	17	10	2	18	1	18	2	16	17	17	8	4	6	7	14	9	20	9	19
8	5	6	16	16	8	17	12	12	8	20	20	8	1	12	2	14	17	11	20
12	9	4	1	11	8	6	5	8	12	11	12	6	16	13	14	8	19	12	2
2	5	17	6	13	4	20	9	4	14	17	6	7	19	10	18	11	16	1	13
4	3	5	1	20	17	3	9	7	8	7	3	17	15	11	1	20	15	19	20
19	18	7	17	9	20	10	7	5	15	13	2	20	20	11	17	20	14	4	8
17	10	17	19	5	1	6	20	5	5	10	1	6	7	15	16	2	20	11	4
13	4	9	19	18	14	2	13	18	19	5	17	19	5	17	18	8	6	17	7
3	4	11	17	1	14	9	6	19	18	8	13	9	10	13	19	17	13	14	15
8	10	12	2	12	2	4	17	14	16	8	17	2	15	8	6	14	15	17	3
20	9	16	8	4	3	13	10	12	18	10	10	15	19	3	2	11	20	12	7
15	3	14	17	12	19	12	16	12	6	12	17	19	1	6	7	16	6	9	9
16	2	6	9	4	20	4	10	5	8	19	6	12	18	4	8	13	3	20	12
19	14	15	7	2	9	19	10	14	18	18	10	16	5	3	16	16	14	3	17
2	18	2	2	14	20	19	18	19	17	9	13	3	5	15	5	6	8	4	12
12	16	3	20	2	18	19	16	17	4	16	3	3	2	8	5	10	2	19	2
10	16	14	20	15	4	3	8	9	16	1	1	18	1	9	19	3	10	17	19
9	9	15	18	15	18	7	20	16	17	4	12	17	12	12	3	5	10	3	18
3	17	20	5	16	2	18	5	17	5	19	17	10	13	3	17	8	16	13	5
3	12	20	9	9	14	11	18	19	6	12	6	8	6	10	2	18	10	6	11
14	11	12	10	4	11	3	20	8	12	14	14	2	12	9	17	14	17	12	12
11	3	13	15	1	17	6	8	1	7	16	7	3	7	20	16	7	11	1	15
20	16	18	15	8	17	12	11	3	16	8	13	8	4	15	13	16	4	19	6
14	17	3	19	7	13	14	3	19	5	4	19	5	18	10	15	10	20	12	1
17	8	5	5	14	8	7	5	14	13	15	3	19	20	17	6	4	2	16	16
8	12	11	9	4	19	8	3	16	14	16	3	8	13	6	3	3	2	7	5
5	4	1	15	1	19	10	10	10	13	3	10	9	5	12	12	2	3	18	17
20	6	18	19	11	17	7	8	1	16	14	1	7	12	13	18	12	4	17	1
4	16	3	15	7	18	6	1	7	4	13	3	13	2	10	19	6	20	19	9
18	20	20	18	3	17	5	7	13	10	18	13	19	11	16	20	10	11	9	20
14	7	2	18	9	17	8	5	14	15	11	8	20	3	4	18	12	1	1	14
15	5	13	10	16	13	9	16	12	4	16	2	8	8	4	4	13	5	10	17
3	3	18	11	17	7	1	3	4	15	2	16	9	12	18	19	3	13	11	14
12	3	10	16	9	2	9	3	20	16	13	5	14	10	13	4	3	8	6	17
1	8	17	12	14	1	7	16	5	10	1	10	18	13	16	6	9	4	1	15
6	6	17	3	14	1	16	9	8	4	18	16	10	17	12	18	15	6	15	14
17	15	18	13	3	18	6	20	20	11	9	7	10	15	15	17	6	8	18	5
16	15	5	13	13	10	19	20	19	6	17	7	7	6	8	9	12	10	4	16
1	10	7	19	20	5	8	10	13	17	16	3	5	20	19	1	6	6	20	11
8	14	19	11	6	10	5	8	7	14	20	3	2	4	20	8	12	7	3	19
2	4	7	5	1	18	2	18	13	6	10	16	9	3	4	5	15	15	18	18
11	7	16	4	5	12	2	19	2	11	18	18	19	5	6	4	12	20	4	14
1	11	12	11	8	20	6	15	7	18	13	1	18	11	6	18	6	1	4	12
10	15	4	8	8	17	2	14	10	20	1	1	1	8	15	1	2	1	17	13
4	11	15	13	11	2	16	12	6	7	3	14	12	2	18	1	6	6	14	11
7	17	4	17	11	13	8	7	2	16	7	16	15	11	9	1	3	4	5	3
15	7	10	13	14	12	17	1	17	17	16	18	2	4	14	20	14	19	6	19
16	17	5	11	5	13	13	8	4	13	1	6	1	9	17	15	2	4	17	17
5	14	11	3	20	7	16	8	18	19	14	7	7	5	15	5	1	9	15	16
19	20	1	6	19	10	18	14	10	16	8	14	4	17	4	19	19	19	3	18
11	11	20	1	6	6	19	14	14	12	14	18	19	19	12	19	19	15	14	14
15	2	17	18	15	9	17	3	14	8	2	5	1	12	19	8	20	9	19	20
1	13	16	19	6	16	17	19	6	17	14	3	4	3	10	18	5	16	18	10
9	12	20	16	5	3	16	16	5	6	8	8	10	7	2	2	18	20	4	19
19	7	14	4	6	2	19	1	15	3	8	6	16	3	17	13	10	7	13	10
18	20	13	17	4	16	1	2	11	12	5	17	15	12	5	20	8	12	1	13
7	10	7	8	6	5	17	12	10	5	9	7	19	8	20	4	3	2	19	4
3	5	11	8	12	14	19	12	4	5	12	11	20	9	13	18	6	2	8	18
14	18	19	12	18	14	13	19	20	6	18	16	19	16	14	13	6	13	7	2
4	17	2	17	14	1	6	10	13	1	2	8	10	14	4	14	19	5	6	6
12	7	2	8	11	19	18	15	1	20	15	6	20	15	13	19	13	15	6	17
7	7	11	4	16	18	17	11	14	20	8	9	3	16	2	6	19	19	14	16
14	11	2	10	9	19	12	14	16	17	4	1	3	7	8	15	18	11	2	15
7	18	7	9	17	9	4	4	6	20	12	14	20	19	13	2	13	4	8	4
7	18	9	19	5	14	20	18	9	9	8	13	11	13	3	5	11	12	5	11
10	10	12	3	15	15	17	3	12	10	18	18	7	13	8	5	4	1	8	8
1	18	20	18	18	11	8	2	8	6	15	10	12	8	19	2	14	2	12	2
2	5	9	2	10	4	6	5	5	3	18	20	5	5	8	9	19	14	20	3
14	9	3	14	9	3	11	8	7	15	9	10	12	15	15	6	18	19	7	15
12	4	11	19	20	11	5	7	15	1	20	19	17	4	8	9	14	14	11	13
8	8	19	10	12	5	8	15	12	10	15	11	10	17	18	9	13	13	8	13
17	9	14	2	8	10	17	2	4	14	9	18	14	11	5	4	2	18	19	10
8	18	11	13	19	8	5	4	10	13	19	11	11	16	12	11	19	3	12	9
5	11	15	1	15	20	6	11	1	20	20	3	11	13	19	17	9	20	20	9
17	14	14	5	3	4	6	8	13	1	6	5	18	11	2	9	16	8	14	13
12	3	4	8	16	1	17	17	19	10	9	7	2	3	4	11	7	1	10	9
7	16	12	12	2	8	2	15	5	6	18	18	18	12	3	2	2	5	13	18
18	16	13	2	12	14	16	11	3	14	1	9	1	19	4	7	11	18	14	15
4	13	12	10	3	7	15	6	7	8	15	12	17	5	2	16	8	7	14	10
15	3	18	11	3	20	3	1	7	6	3	11	3	7	13	7	18	18	17	4
18	4	4	8	2	7	7	11	5	17	1	7	3	7	20	6	16	8	16	15
19	12	14	8	18	15	4	1	19	20	17	17	7	20	1	10	3	16	2	7
1	8	18	12	6	4	9	8	9	2	18	12	2	13	18	10	7	1	4	1
18	9	20	20	19	4	19	1	7	18	20	8	17	13	14	20	19	3	8	4
14	19	16	17	12	20	11	8	12	17	3	3	15	1	16	20	6	3	3	7
13	4	16	11	8	14	14	20	3	2	8	6	17	10	2	18	11	7	2	20
8	3	11	15	7	7	4	14	14	3	15	6	19	11	11	5	4	16	7	16
17	5	2	4	15	18	1	3	1	14	19	17	9	15	6	14	11	12	7	11
14	6	20	19	2	2	15	17	18	19	14	6	7	16	7	10	19	14	18	13
8	1	10	4	19	11	12	10	18	6	3	17	15	17	3	14	12	6	11	20
6	6	16	10	20	14	4	17	6	2	1	15	9	12	6	16	17	9	3	8
11	11	2	5	8	8	18	12	16	11	20	8	18	3	1	8	3	19	7	10
13	2	19	14	4	10	9	15	3	2	16	5	11	17	20	15	1	10	2	17
13	16	14	14	2	13	5	4	20	3	8	14	4	6	10	19	18	17	12	16
6	6	15	11	2	15	15	4	8	2	12	4	16	1	6	10	13	15	11	6
17	15	17	4	19	19	13	17	6	2	11	5	17	10	6	3	14	9	3	1
4	20	18	18	18	10	18	2	8	16	12	8	14	5	18	4	19	16	7	9
6	8	3	8	18	5	8	19	16	12	17	14	5	18	19	10	4	17	6	7
8	4	13	3	2	16	13	7	8	19	20	4	2	14	4	12	5	19	2	4
2	16	8	5	17	5	4	18	7	12	10	12	2	7	4	19	13	13	2	3
9	1	13	14	18	4	5	5	7	5	15	3	11	5	7	15	13	11	14	13
4	11	18	20	17	6	12	1	4	12	6	3	5	7	7	14	6	11	19	10
16	13	10	10	10	9	8	19	1	3	6	20	11	16	7	8	9	18	18	17
13	17	14	14	4	19	11	18	15	15	14	11	16	9	4	3	17	2	18	12
5	17	9	6	20	17	1	8	18	3	15	5	19	1	16	20	20	9	5	13
18	13	20	9	17	7	9	11	19	7	14	9	6	17	8	2	10	5	16	19
11	20	16	2	16	5	5	10	14	16	11	13	6	2	9	16	19	14	5	15
4	8	20	13	20	11	17	3	2	5	1	6	9	4	4	1	20	14	11	2
20	9	8	19	16	3	11	4	11	20	5	13	18	3	2	10	17	9	1	19
10	20	20	5	9	9	17	17	19	10	18	3	9	19	1	7	1	2	3	14
3	11	13	12	1	8	8	13	15	1	3	16	8	4	20	5	5	17	9	18
2	15	7	12	19	6	15	19	8	5	20	7	9	15	20	17	10	18	7	7
14	14	2	7	19	18	17	6	12	4	5	4	6	14	18	20	17	14	13	12
5	13	5	1	13	15	3	8	11	20	15	10	16	10	14	12	2	14	16	7
18	20	6	5	4	20	9	5	7	10	9	12	8	5	17	15	15	5	8	8
15	10	6	11	18	19	20	15	9	2	20	13	6	18	18	3	9	13	19	5
17	12	1	5	14	15	1	5	15	14	13	5	1	18	13	14	19	16	16	1
7	8	11	13	10	10	11	5	14	20	16	18	13	11	2	5	5	1	18	19
8	15	19	2	3	4	5	4	18	10	12	11	3	8	9	8	12	14	10	17
3	17	7	14	20	18	5	6	20	15	17	13	12	7	7	1	11	17	16	3
18	19	4	14	9	18	4	19	12	19	10	1	17	17	13	20	3	18	4	7
5	14	20	15	8	20	13	17	11	17	18	4	9	2	17	16	6	9	15	15
12	11	2	12	10	8	9	15	7	11	4	8	9	10	5	11	15	11	3	7
13	11	12	16	13	2	6	6	19	1	16	9	10	17	12	6	5	5	6	10
5	9	10	10	13	10	5	17	11	9	1	6	6	18	9	15	12	20	13	20
20	1	7	13	1	10	9	1	14	15	12	19	11	20	18	7	3	3	12	13
15	7	4	3	6	11	1	7	17	10	4	6	4	13	10	17	6	10	17	4
20	18	13	7	19	11	5	9	19	20	8	5	13	18	16	10	1	20	3	4
9	3	3	14	12	4	9	15	10	11	8	14	10	4	7	5	2	2	5	4
5	19	20	16	11	15	6	1	10	11	10	17	1	15	16	12	10	2	3	5
19	18	14	10	9	19	17	5	8	6	18	11	10	10	9	8	2	10	14	14
5	8	10	13	2	15	15	5	1	2	12	9	8	18	11	20	9	7	20	15
17	7	4	2	14	6	15	15	12	1	16	12	19	16	5	15	9	12	13	14
4	19	1	6	9	3	13	14	11	3	6	15	13	12	18	10	19	3	3	9
5	2	5	3	1	20	1	15	4	11	18	12	6	11	16	18	13	7	2	11
9	11	2	16	5	1	20	18	1	11	17	2	15	9	16	20	3	11	14	18
9	17	19	13	8	13	16	4	8	8	3	7	19	8	13	5	20	11	1	7
19	18	1	9	16	14	4	13	6	20	14	6	5	9	19	5	9	1	1	10
1	11	18	1	10	2	11	6	4	1	3	9	16	11	15	10	6	11	4	18
3	20	9	17	10	4	14	20	16	3	6	4	6	7	9	12	12	16	6	19
17	3	8	17	4	19	12	4	2	3	8	1	5	17	5	19	18	12	18	10
1	8	18	4	16	17	3	11	4	4	10	1	11	2	15	20	18	16	6	7
3	16	5	15	7	4	14	9	8	16	7	16	17	11	16	5	12	12	19	4
13	14	12	12	20	6	4	5	3	12	1	13	9	5	9	6	6	10	8	15
4	7	2	16	16	8	20	12	11	2	17	5	2	15	4	11	20	9	11	13
11	9	18	17	18	20	11	17	20	2	13	17	14	2	5	11	20	3	8	11
2	11	17	11	14	10	7	10	9	2	6	19	15	10	10	19	13	20	8	13
20	4	19	3	3	5	20	7	17	4	4	8	1	15	5	3	2	13	16	2
6	18	13	4	8	10	16	18	14	4	8	11	10	5	18	19	14	7	4	2
2	13	2	20	16	13	3	11	12	18	1	5	2	5	12	8	12	1	13	14
2	17	13	11	12	2	4	18	15	20	10	2	10	10	18	2	16	19	6	12
8	18	4	13	7	5	20	16	16	3	18	9	13	5	1	7	5	19	1	4
10	10	19	13	7	8	20	3	1	10	19	16	11	3	19	6	1	14	20	19
15	5	18	7	15	4	2	4	17	11	7	20	15	4	15	19	8	16	1	15
13	10	4	16	13	13	17	13	11	10	14	1	20	11	7	19	8	20	14	8
18	12	17	14	3	17	19	1	9	19	13	1	5	13	6	3	13	4	16	6
7	3	7	7	13	18	14	11	17	3	19	7	8	13	2	17	8	11	1	5
4	2	12	7	18	19	7	4	10	11	4	6	20	18	10	11	18	18	1	20
8	17	10	9	5	4	19	18	9	1	8	9	18	12	5	14	5	3	7	20
11	3	19	14	16	16	20	8	1	5	6	11	2	17	15	14	12	12	3	12
1	10	18	7	11	18	10	15	17	17	18	19	1	15	7	5	13	20	5	12
16	17	8	1	6	3	9	15	1	13	2	2	19	14	2	16	19	1	1	8
14	20	5	20	7	10	13	12	3	7	6	20	14	7	1	7	19	19	19	19
20	2	17	13	7	1	1	3	12	13	17	18	2	13	6	11	2	1	2	15
19	12	10	16	13	12	9	7	17	7	5	20	16	12	5	16	14	2	20	14
14	9	1	15	8	20	2	8	9	12	8	14	5	12	9	9	14	11	1	7
10	7	9	2	12	2	4	18	6	20	9	15	15	7	15	17	12	9	8	16
1	8	6	2	16	2	8	2	17	4	20	20	9	5	11	15	12	8	19	1
18	19	11	14	7	13	8	8	4	19	10	19	19	19	6	10	5	3	5	18
10	3	8	4	14	6	7	18	12	18	10	6	12	3	15	5	19	19	3	4
11	15	5	13	6	6	12	10	9	3	15	8	12	4	7	6	17	20	17	16
13	6	3	6	19	4	10	11	8	15	6	3	5	2	16	12	16	6	13	3
5	12	2	15	7	10	2	5	12	3	14	16	2	2	6	13	6	3	14	12
5	20	19	19	17	5	17	15	1	14	19	16	6	12	4	12	4	13	10	8
17	15	1	8	11	15	11	9	13	15	5	9	3	15	11	9	18	13	2	14
15	10	7	9	6	14	16	16	4	13	6	3	3	5	8	6	18	2	14	1
5	10	15	13	17	12	6	8	9	10	13	2	4	5	7	7	16	1	2	16
2	4	18	18	5	13	7	6	15	10	15	15	14	1	1	11	18	3	19	15
16	15	14	6	2	2	1	1	17	12	16	1	5	1	11	2	6	13	20	20
20	19	11	6	14	7	14	3	12	19	4	5	18	2	11	5	20	19	19	14
5	2	19	18	4	4	5	17	19	20	10	3	19	9	18	12	6	5	4	17
6	6	8	10	4	11	13	14	4	19	20	20	8	19	7	14	7	15	9	16
5	20	14	20	11	7	5	15	9	14	6	5	13	9	1	4	6	8	1	14
6	11	17	13	15	3	13	20	17	15	12	12	16	6	14	9	18	11	17	16
16	17	13	10	20	12	4	8	4	13	12	4	3	1	19	8	3	11	2	5
20	10	13	13	11	3	14	12	9	6	13	16	19	4	10	3	6	7	14	17
4	2	11	6	6	1	10	9	7	11	13	14	11	2	1	18	13	11	13	9
8	3	9	3	1	20	3	2	10	14	6	7	4	15	3	9	9	20	9	10
17	3	17	19	6	18	2	19	20	2	9	17	20	14	20	10	16	11	3	11
1	19	10	2	18	7	1	4	14	1	2	11	20	13	20	7	4	13	14	17
20	20	19	20	13	1	18	14	1	10	7	17	14	17	15	10	2	4	15	20
15	2	10	1	17	1	1	15	20	19	19	16	20	13	1	11	4	14	15	19
7	10	6	9	9	17	20	15	1	3	7	10	7	16	6	7	13	10	11	13
2	18	15	4	6	3	4	10	2	19	12	14	9	5	16	11	1	10	2	11
11	5	14	8	16	11	13	8	7	13	19	10	3	13	9	6	4	19	9	17
3	5	10	18	16	18	4	18	18	1	8	5	9	16	17	3	1	1	15	4
18	10	14	13	1	8	14	19	12	11	2	4	6	2	7	2	13	2	8	7
18	16	20	6	10	20	8	9	1	3	6	20	4	7	10	12	4	17	1	9
12	16	13	2	12	13	14	7	20	5	14	5	13	19	16	17	12	18	6	14
13	13	1	11	18	2	17	19	10	9	6	19	19	6	13	9	16	8	6	6
17	3	19	17	17	5	5	19	14	14	13	8	6	12	6	2	5	11	9	17
17	14	17	1	20	20	13	11	5	16	20	14	4	17	3	15	2	1	11	1
9	6	18	10	6	3	10	5	20	8	2	10	3	16	7	18	15	9	14	16
1	7	3	11	10	13	14	7	9	8	1	4	5	4	20	11	15	10	18	10
9	11	14	10	10	12	8	15	8	4	7	20	15	14	16	8	14	16	13	4
6	18	12	11	13	14	9	2	10	6	7	1	3	16	9	17	2	5	3	12
6	15	19	10	17	2	14	2	16	3	19	13	2	19	20	1	12	18	12	16
7	8	1	17	3	14	20	2	6	6	17	9	5	9	8	2	2	20	6	13
10	10	7	14	15	9	20	5	18	16	4	11	13	1	18	8	17	10	11	9
11	7	7	14	3	10	9	1	19	20	15	2	12	13	13	9	2	4	15	7
15	17	18	17	13	6	5	8	13	4	17	7	4	15	18	11	6	2	1	8
9	15	17	12	4	14	14	18	6	10	20	14	13	18	1	5	8	4	4	1
11	6	7	20	5	9	1	1	8	18	8	7	12	2	17	15	19	12	3	12
12	18	10	2	11	4	1	7	10	17	15	11	15	1	14	18	15	2	7	4
11	10	2	2	5	12	6	17	16	11	16	2	5	4	4	20	2	9	4	18
3	16	1	17	13	10	2	4	10	13	1	7	12	11	2	5	13	20	18	4
14	19	15	11	7	5	8	15	19	5	15	2	10	12	18	1	18	17	10	5
16	4	18	10	15	8	5	13	2	12	9	14	20	18	4	2	20	14	1	11
5	15	15	10	5	15	15	11	1	2	15	16	7	7	15	13	8	17	6	6
10	18	7	3	7	18	4	18	18	5	19	9	4	10	10	9	8	3	20	1
1	7	13	1	12	5	2	20	17	20	2	15	11	15	6	13	15	5	16	11
9	9	18	2	15	6	18	7	13	9	5	9	3	5	3	8	6	1	10	13
11	8	14	10	7	17	18	17	12	3	12	15	19	3	20	12	10	13	16	19
4	12	19	16	18	3	15	5	13	1	11	19	10	9	4	15	9	5	13	8
8	15	9	3	20	5	14	6	19	19	14	19	20	17	3	20	11	5	13	5
15	7	10	1	2	19	12	9	11	20	17	10	18	8	1	16	17	20	4	10
1	16	5	2	14	10	12	16	7	4	17	18	18	10	18	10	18	5	4	16
11	3	9	7	14	10	8	1	4	19	12	6	10	8	15	14	9	9	3	14
11	5	16	12	18	15	19	9	15	13	19	2	3	9	18	10	20	16	13	15
20	2	16	17	19	14	18	11	13	6	19	3	9	14	13	16	7	20	3	3
4	10	6	18	5	2	19	15	17	4	13	11	5	17	9	20	6	10	12	3
17	13	19	9	3	12	3	10	19	12	9	2	10	8	19	18	9	6	13	8
7	11	15	12	17	9	5	5	14	9	14	5	12	13	14	16	3	19	19	4
3	10	15	17	10	5	10	19	8	7	11	6	19	4	1	2	4	7	13	5
15	1	4	4	19	9	16	6	4	11	14	8	16	14	10	20	20	16	10	2
17	3	20	15	20	1	20	20	18	1	1	17	18	16	15	6	11	13	11	18
20	10	14	19	10	6	8	15	7	5	3	4	19	7	19	15	19	1	18	1
20	18	17	5	2	4	14	7	1	3	15	3	13	19	8	17	13	14	16	13
19	20	11	19	7	19	17	2	7	5	14	2	2	19	20	10	10	16	20	19
11	6	14	15	11	1	5	5	4	10	4	2	14	14	19	9	5	8	11	12
18	14	9	5	6	4	9	7	12	20	1	10	18	6	12	2	9	6	3	4
9	7	8	15	12	13	5	12	5	18	19	11	10	9	8	19	11	1	10	16
13	13	16	9	12	10	11	10	19	1	3	1	11	5	3	4	19	18	19	19
7	14	19	8	12	11	16	15	19	20	10	5	19	3	4	4	9	8	5	19
19	16	8	9	15	15	20	11	20	4	1	4	19	5	4	14	19	17	16	9
10	17	11	3	5	12	15	2	1	1	13	10	2	8	19	5	17	2	10	6
5	7	15	2	20	2	19	4	13	20	12	16	11	18	4	7	2	12	5	8
18	11	15	2	1	16	1	12	11	4	11	7	3	18	16	2	3	15	12	19
1	16	1	12	15	3	1	20	12	6	20	4	10	20	7	9	10	18	6	11
16	7	13	18	5	5	4	6	18	17	19	15	15	12	6	10	20	3	14	6
2	8	16	14	6	14	15	19	14	2	4	5	19	3	9	4	1	19	1	9
12	11	9	3	20	13	10	13	11	18	11	6	3	15	4	19	11	7	2	13
4	9	17	6	19	2	3	13	9	5	16	4	6	4	3	12	14	14	16	7
19	5	2	7	9	1	14	20	8	7	19	14	5	10	15	10	18	20	2	1
3	20	19	8	19	4	14	12	9	17	19	10	9	19	17	6	7	19	10	4
15	18	5	16	9	6	15	14	14	12	7	16	18	12	18	12	10	9	13	19
19	19	8	17	10	2	12	16	11	4	18	19	8	19	7	15	13	13	10	12
13	1	2	17	4	15	5	6	2	14	12	12	13	19	9	9	11	15	10	18
2	10	20	11	10	17	5	1	4	5	2	2	17	6	7	7	14	3	4	13
6	19	16	6	14	16	20	6	12	3	19	15	19	18	6	10	3	2	9	5
6	15	12	13	16	6	6	19	2	16	19	4	3	3	10	18	11	3	6	19


2	2	1	1	1	1	1	1	1	2	2	2	2	2	1	2	1	1	2	1
4	5	2	2	5	4	3	4	3	1	5	2	1	3	3	4	2	4	3	2