500	2	20

1	1.3	1.55	1.75	2.1
4	6.76	9.61	12.25	17.64

19	46	4	94	59	3	20	93	3	67	57	18	5	97	39	7	90	97	39	33
88	57	65	49	4	86	56	12	37	30	79	35	72	82	27	42	62	14	7	21
75	91	49	71	64	27	97	68	41	86	7	78	19	73	9	57	88	77	49	88
42	39	49	58	49	1	92	82	19	12	84	37	58	93	17	85	97	42	14	13
42	16	57	80	1	14	63	66	79	36	70	69	4	31	9	85	3	92	65	12
70	52	62	87	41	37	65	15	40	6	68	24	2	42	55	82	74	40	78	6
32	23	65	96	55	41	88	87	88	89	96	42	12	56	44	66	58	92	93	51
81	10	15	39	28	51	68	14	37	33	56	18	46	70	26	62	83	47	55	90
95	29	25	59	16	16	13	54	4	1	2	28	74	10	33	63	8	59	52	65
44	55	93	62	69	42	49	85	83	56	43	63	78	34	81	87	83	62	44	47
38	17	73	89	22	49	59	83	98	52	13	55	20	88	69	53	6	82	88	98
5	79	79	94	81	91	94	88	6	90	52	32	36	74	82	10	41	59	84	74
47	34	80	91	95	76	71	58	27	37	17	39	92	14	62	66	78	13	42	26
5	43	47	66	56	42	71	61	24	63	74	96	62	72	95	5	22	12	30	27
65	70	23	5	43	52	66	30	55	97	36	75	82	20	69	4	92	58	93	71
42	18	5	56	83	20	27	44	79	80	9	40	60	22	96	93	14	75	81	67
48	10	74	64	85	62	83	98	98	15	93	2	89	81	83	38	61	59	83	45
77	65	13	77	31	89	94	31	43	4	63	39	77	27	46	11	32	94	53	98
69	34	26	75	87	78	90	7	13	29	16	76	96	11	53	7	55	22	60	61
96	13	85	35	68	41	25	63	86	11	85	3	18	32	39	55	74	41	79	29
80	84	68	54	11	55	57	58	28	90	84	37	68	64	17	24	98	96	98	73
81	22	91	14	62	16	34	5	36	5	41	27	6	37	83	55	51	78	20	42
61	45	56	49	78	5	92	37	64	19	44	12	45	44	7	96	36	82	50	53
99	74	32	90	35	56	89	4	5	99	33	71	25	41	93	41	88	51	25	14
84	41	62	35	2	20	81	50	88	33	96	43	47	74	95	58	99	38	63	13
15	87	61	21	54	81	2	52	19	11	77	4	5	91	26	55	40	71	92	2
13	22	17	39	24	33	75	8	90	90	22	98	82	25	50	96	55	93	53	57
25	70	53	23	26	22	12	12	53	76	68	30	95	34	46	42	49	69	52	16
78	21	69	68	3	96	60	97	83	70	71	96	91	49	48	42	86	94	25	91
86	4	23	91	65	42	66	90	65	89	96	87	22	9	75	27	46	58	56	53
62	64	43	1	65	9	32	4	29	16	4	8	90	16	20	58	43	35	12	6
84	8	59	29	94	42	76	93	33	12	17	58	67	60	26	62	5	55	86	80
75	57	17	92	95	65	69	91	72	72	19	22	62	18	7	26	35	92	42	90
97	8	61	25	3	45	93	4	41	56	8	12	34	99	64	25	58	52	27	77
17	31	64	2	90	6	49	90	19	34	67	28	1	70	26	82	34	27	53	54
21	38	29	33	76	45	56	94	80	79	16	70	60	13	94	86	8	98	93	1
41	14	34	89	36	24	62	18	24	10	77	55	72	87	14	85	92	67	84	9
19	85	97	11	61	64	99	42	93	71	6	83	25	91	73	13	30	86	3	72
92	56	19	40	42	7	64	67	25	98	68	77	27	83	21	99	73	8	44	73
43	83	1	75	41	88	69	34	30	26	72	11	48	91	95	65	50	86	94	5
31	84	45	63	70	80	97	1	84	58	6	67	71	15	65	9	39	49	75	21
55	93	11	65	26	67	47	96	46	85	8	90	76	65	26	51	27	40	86	79
83	71	1	5	68	38	47	73	61	22	53	2	79	63	89	28	57	92	47	77
97	3	19	39	96	69	9	89	34	30	50	28	58	38	90	72	53	24	70	38
55	81	53	94	34	51	41	56	54	93	68	19	38	95	77	2	9	97	85	54
40	13	58	56	74	85	55	94	52	58	54	12	64	33	22	41	90	6	95	19
41	3	33	41	13	40	82	64	15	28	53	90	86	14	83	28	39	84	19	41
55	96	53	11	47	97	36	5	15	63	2	5	81	65	34	39	97	40	60	98
89	48	87	4	37	87	57	65	44	41	40	47	97	89	8	30	86	83	73	55
99	46	88	82	5	82	29	78	10	56	54	23	49	19	87	40	82	96	39	33
88	68	4	19	25	32	6	33	51	88	62	27	13	33	83	68	38	91	5	31
75	2	14	83	42	97	20	28	79	82	25	20	39	74	94	72	47	45	52	76
23	82	39	20	8	71	56	46	64	48	25	41	9	2	22	88	37	12	38	87
5	62	7	68	87	55	48	37	96	44	76	85	2	91	42	1	84	44	26	37
33	45	32	15	52	53	5	8	91	34	30	2	32	56	69	82	17	4	32	1
11	59	33	37	37	9	42	39	13	68	41	22	79	71	31	49	73	12	7	17
70	6	71	18	6	91	9	85	32	9	44	56	82	24	72	42	35	54	31	83
71	53	21	8	32	59	63	73	38	23	96	88	4	24	76	35	25	92	95	77
47	94	84	95	12	60	53	69	32	74	59	70	82	76	61	57	97	65	1	5
79	44	80	76	63	90	97	56	88	35	89	95	14	10	48	51	27	25	71	90
30	93	77	72	63	67	9	79	87	35	47	58	50	4	47	53	91	98	26	1
62	59	3	83	73	1	91	44	61	46	3	39	79	68	18	56	86	65	99	7
3	98	22	86	38	53	14	86	22	9	96	91	30	15	2	1	92	80	99	83
86	32	86	75	49	81	67	10	40	13	40	31	19	36	35	27	69	88	68	56
42	36	78	11	36	54	57	17	73	24	43	24	3	21	51	60	64	61	79	6
95	61	68	50	45	4	68	8	64	88	42	86	4	35	72	74	43	30	93	86
16	28	20	71	43	1	76	6	76	26	41	39	43	35	43	40	58	9	11	7
72	33	89	56	55	17	67	97	57	99	74	10	74	12	28	28	34	51	98	87
1	5	45	38	62	62	97	77	87	66	67	82	13	51	39	66	21	31	45	85
65	73	32	55	43	60	57	72	37	8	59	61	82	11	88	42	12	80	19	24
75	61	10	20	78	39	78	88	47	95	11	10	16	39	58	11	69	72	17	77
60	89	91	16	93	68	77	96	70	4	26	81	29	63	33	34	40	62	89	74
63	39	71	26	70	31	58	37	78	55	66	26	64	95	86	90	30	23	62	63
21	44	39	71	83	52	52	35	70	40	21	11	85	93	24	9	6	83	49	99
13	32	35	84	49	23	1	12	41	60	96	57	98	14	20	71	8	39	9	64
22	29	21	65	77	90	62	58	65	16	5	79	64	18	55	72	64	58	16	54
81	26	52	31	10	24	9	13	50	76	11	33	93	25	36	1	78	26	29	33
42	51	54	6	22	32	15	40	90	27	26	87	52	22	47	79	35	9	72	5
77	71	31	16	23	35	26	85	45	61	53	22	2	28	16	41	68	65	87	27
10	82	9	8	22	32	96	51	4	81	85	53	71	31	53	65	95	19	99	31
84	3	43	96	92	13	13	92	42	23	88	99	56	38	5	99	67	75	93	20
26	34	19	70	67	13	81	9	5	33	46	51	56	59	94	45	23	18	63	6
76	78	23	40	27	53	78	11	83	31	96	99	47	40	17	51	83	32	6	1
65	45	68	20	54	22	68	54	59	11	36	38	76	61	39	82	12	55	92	50
5	41	9	67	58	14	41	20	59	7	35	70	66	82	90	93	22	15	64	87
96	70	46	57	9	66	97	95	13	10	64	67	80	48	8	48	98	99	76	77
51	43	33	88	23	85	4	32	94	27	8	73	1	35	36	88	56	22	20	81
33	82	84	54	37	4	4	31	17	7	29	2	52	7	32	63	8	83	13	85
91	92	9	54	25	75	2	67	47	53	59	17	97	70	61	82	54	89	94	3
56	63	89	77	31	24	38	21	31	42	15	79	17	76	9	66	19	3	95	14
97	23	76	46	54	27	10	92	46	90	4	15	17	72	59	42	35	66	31	78
95	91	58	6	14	28	69	4	54	98	66	39	28	17	71	57	40	22	88	83
44	85	62	25	76	54	85	60	63	19	8	64	27	72	10	46	73	99	93	28
2	7	31	27	62	69	65	15	55	10	41	94	14	28	5	97	6	70	26	73
60	13	76	98	54	20	56	17	99	52	16	88	14	90	6	87	96	26	52	12
13	48	95	74	57	13	35	33	56	69	76	50	34	5	76	98	29	14	70	21
68	91	9	80	81	98	55	73	9	14	58	5	85	54	94	68	70	63	9	71
58	56	11	9	45	84	61	79	55	41	67	9	14	50	76	84	7	87	93	94
74	68	57	32	56	51	37	39	80	94	31	81	10	86	26	53	96	33	98	49
10	95	86	96	3	52	21	42	60	70	84	54	1	11	39	48	13	89	60	6
37	18	48	23	95	77	67	89	83	82	67	76	65	26	7	15	32	54	47	25
35	26	11	75	95	6	29	27	26	54	71	54	1	37	10	61	40	86	74	14
86	85	14	74	96	97	70	75	83	90	46	68	6	17	3	70	32	47	54	81
32	54	8	1	67	8	58	40	29	49	48	22	19	93	32	89	3	96	45	75
14	60	79	20	71	33	97	45	34	86	93	75	24	59	2	39	3	73	1	59
39	93	50	75	51	6	46	19	64	25	98	54	30	13	87	34	87	44	94	32
81	55	31	73	43	52	20	84	18	64	6	95	90	72	48	39	57	56	84	64
65	64	23	49	71	49	48	44	87	38	18	53	96	72	70	20	27	59	69	83
36	12	86	81	8	92	70	44	6	36	8	86	63	35	9	81	98	44	9	29
79	29	78	77	48	4	6	8	50	52	65	61	66	38	67	59	3	27	35	73
46	13	53	66	87	20	50	13	45	76	87	62	42	32	55	10	66	64	15	81
30	26	66	6	82	27	41	94	11	96	9	79	33	98	91	51	96	11	65	47
99	27	41	81	25	99	88	11	70	83	47	90	19	94	5	24	62	50	78	6
14	1	58	62	82	83	27	23	76	41	36	38	75	92	97	80	17	71	66	43
25	18	97	84	6	29	19	9	7	9	53	56	38	56	48	89	25	23	14	94
51	18	22	1	31	68	31	62	18	16	74	15	73	39	28	85	98	73	28	20
93	7	79	13	49	94	34	3	23	99	71	61	3	58	99	35	26	7	80	43
92	70	95	87	51	36	69	82	58	64	31	48	9	41	53	9	36	13	63	28
96	50	71	15	52	6	39	61	42	10	75	41	65	66	86	11	50	42	88	13
41	42	49	95	20	58	3	92	92	52	99	6	59	50	56	64	69	22	84	35
74	16	44	20	55	77	62	94	62	35	47	16	93	20	11	14	87	37	93	31
32	83	84	10	45	80	77	30	33	9	99	4	53	88	22	74	63	19	81	95
81	33	27	97	83	10	51	61	66	6	33	67	54	40	94	15	31	55	63	87
74	52	71	92	41	51	15	67	28	27	45	45	35	25	29	6	27	60	25	70
7	27	61	35	25	33	61	77	79	44	9	98	4	38	42	49	63	43	32	28
16	41	29	55	77	43	80	16	11	27	93	6	43	32	65	69	71	82	18	43
85	62	17	53	2	6	73	21	40	45	16	37	65	74	42	51	73	24	47	57
32	25	7	79	19	87	96	79	12	81	25	91	84	83	7	13	49	29	92	82
60	68	25	46	31	87	13	83	86	43	76	13	1	51	32	42	53	6	82	29
34	61	3	39	23	70	70	69	54	84	6	21	21	13	41	23	88	81	92	67
60	46	21	67	78	55	16	29	1	35	55	54	34	74	29	66	14	77	97	44
90	64	29	86	75	54	72	90	36	58	96	35	74	57	10	51	50	87	27	2
89	62	14	87	3	23	79	94	35	97	34	55	22	99	77	84	22	14	84	9
91	30	10	32	53	65	9	4	83	29	24	65	30	7	34	26	48	20	27	48
82	1	25	10	37	82	87	21	63	95	19	38	13	54	64	36	28	63	20	5
62	66	18	80	57	11	89	65	42	98	78	48	16	77	29	62	6	75	82	24
76	89	58	3	40	89	69	70	76	29	96	1	31	94	81	6	25	94	4	55
26	81	42	79	91	92	48	19	66	66	35	71	82	82	51	2	45	92	98	78
91	51	21	26	10	83	49	7	50	35	38	96	87	96	10	16	95	60	63	95
92	25	33	82	2	10	7	86	89	47	80	73	11	53	65	43	78	19	90	74
37	24	88	86	88	6	67	52	57	72	41	66	46	75	58	82	52	76	37	46
17	38	89	72	50	43	57	12	30	60	47	26	80	55	95	73	10	71	98	1
81	69	46	15	28	93	9	53	54	80	17	77	50	61	53	7	75	29	55	60
26	52	92	19	13	32	49	29	69	41	88	5	79	67	45	92	58	10	21	48
57	21	97	43	93	68	93	80	12	33	98	9	7	38	11	48	70	57	25	28
22	85	48	6	99	17	26	43	63	29	23	95	74	96	72	34	92	56	34	54
99	10	66	68	28	1	84	58	88	62	12	8	37	67	52	58	96	87	69	8
39	11	25	64	69	31	41	52	67	61	46	29	99	27	7	60	92	46	60	46
60	27	31	37	35	99	84	23	62	65	67	68	36	20	85	87	20	49	58	19
46	35	13	77	4	94	39	84	26	16	1	35	64	57	13	31	46	59	24	1
69	64	42	43	76	92	80	13	85	28	48	81	70	32	48	67	9	31	63	44
62	61	40	28	63	20	66	3	91	91	25	82	7	5	34	22	43	71	84	8
70	2	82	59	10	23	88	47	63	99	30	94	84	4	71	15	36	78	70	99
88	15	89	58	82	9	68	25	81	1	63	88	45	42	20	70	1	64	9	53
66	94	41	8	71	47	12	47	28	50	72	66	69	88	18	60	15	88	49	2
63	39	63	72	94	52	53	72	99	21	15	60	63	39	21	78	2	79	66	53
4	32	69	11	52	4	67	50	16	7	79	50	31	71	71	84	2	68	69	22
97	97	21	28	7	58	36	46	77	93	54	74	22	87	86	93	64	53	52	91
42	89	58	51	92	23	21	65	24	1	89	87	27	61	91	2	39	55	81	71
46	38	31	71	56	96	60	38	96	54	32	87	47	51	76	41	73	85	99	23
70	93	95	70	39	84	21	86	33	85	46	50	43	43	74	92	11	2	12	75
82	83	83	90	98	50	74	3	87	91	35	65	15	52	15	70	86	22	68	13
24	3	30	77	23	14	45	4	35	48	89	77	74	71	84	34	1	30	52	88
79	54	89	59	36	36	93	75	14	73	29	7	49	87	42	10	39	48	79	12
19	12	49	62	94	45	71	83	71	52	19	55	35	38	87	20	82	47	41	78
77	38	98	12	35	23	46	93	24	90	83	83	72	32	45	51	18	8	61	96
87	83	56	47	47	92	48	92	79	95	99	1	85	88	80	5	35	28	35	13
19	64	44	3	29	81	68	9	89	38	36	96	93	50	68	49	30	70	47	30
63	96	12	72	27	50	50	34	26	69	45	13	46	43	11	95	6	19	22	71
97	28	32	84	78	11	12	21	2	70	76	5	45	90	50	21	81	62	57	32
9	77	26	97	5	99	39	63	66	32	27	9	99	95	60	49	47	25	7	90
87	57	62	32	72	38	16	12	69	64	24	97	37	24	32	61	1	31	26	2
51	72	50	64	88	98	72	52	31	38	90	96	32	48	41	76	80	57	74	35
56	15	60	67	75	20	59	47	59	29	31	40	93	71	32	93	52	2	18	99
23	15	58	55	60	91	59	49	22	88	94	36	15	70	63	20	17	82	31	68
65	86	55	55	57	15	35	5	42	23	76	71	28	50	59	47	16	13	70	66
3	49	3	46	5	9	34	84	91	35	43	79	30	1	4	73	45	51	57	97
25	14	49	2	78	84	69	27	87	20	90	66	5	43	87	18	90	72	37	98
72	35	55	56	35	52	51	64	72	34	98	55	17	58	81	40	54	27	33	66
94	61	17	52	64	92	6	51	12	45	11	90	21	60	30	24	44	65	46	51
46	36	89	53	77	69	11	20	47	56	32	86	47	83	51	90	24	6	41	58
10	55	77	30	25	95	18	31	74	93	61	17	53	33	92	69	45	26	59	95
2	42	95	68	64	7	87	9	30	82	83	52	54	33	37	64	18	93	40	53
3	57	89	11	12	59	60	92	54	49	44	99	1	11	98	24	99	36	36	11
45	43	52	73	27	21	33	62	78	99	22	41	42	14	84	45	48	93	76	20
65	93	89	47	86	62	97	33	19	78	12	67	6	50	31	12	44	89	66	72
38	45	25	32	43	92	65	30	92	8	64	92	83	17	77	6	73	38	12	62
2	64	20	73	16	77	15	2	8	16	62	6	34	60	93	16	62	90	46	70
66	13	97	38	60	98	55	77	56	25	37	71	56	39	85	67	81	25	40	39
8	66	15	3	42	62	27	94	45	63	7	66	30	90	71	50	63	57	69	4
54	77	15	82	32	65	48	30	21	4	24	84	5	43	99	63	21	13	11	24
14	2	3	23	6	53	73	34	57	4	37	4	66	40	78	29	81	98	31	80
52	85	85	48	91	56	82	46	21	17	40	76	33	15	48	21	77	45	86	30
49	41	63	24	44	12	91	74	66	59	57	49	56	69	27	77	59	21	27	7
4	38	82	28	87	60	53	18	36	72	71	78	7	88	32	98	88	10	82	24
92	28	53	94	82	52	34	20	47	22	38	87	33	14	80	68	23	67	23	46
10	59	13	78	73	26	36	85	10	65	93	58	93	94	19	27	86	32	43	54
28	37	17	17	91	46	37	63	85	92	38	38	62	38	83	53	57	41	19	30
29	30	45	45	91	94	73	32	87	24	28	72	45	99	77	30	23	36	28	92
24	51	44	17	7	45	99	49	42	88	24	81	98	83	73	52	86	7	62	37
94	85	19	85	99	58	3	1	47	25	38	65	51	69	91	58	99	53	43	57
53	73	79	28	38	26	42	90	2	87	56	80	90	65	42	21	38	85	49	93
29	95	98	78	33	46	81	6	41	27	81	54	38	22	61	55	42	23	13	77
72	34	84	91	61	41	62	36	52	89	82	62	86	86	83	95	72	55	7	99
19	88	78	48	96	28	14	56	37	24	89	55	15	73	26	88	65	19	57	24
68	51	27	66	49	94	8	18	30	14	48	29	67	31	44	1	42	9	55	2
25	50	14	91	15	91	77	72	15	93	23	40	36	87	89	42	23	75	77	93
40	64	42	90	60	75	27	32	24	99	15	19	9	72	98	63	13	77	72	99
47	65	89	22	38	35	76	29	2	3	23	87	84	1	14	54	88	55	44	95
39	15	78	70	34	67	56	66	66	96	56	57	50	85	23	70	15	15	28	48
31	33	49	48	98	87	78	56	66	48	97	83	29	86	33	68	86	27	55	72
17	2	46	61	75	45	16	7	70	81	7	97	93	33	1	7	87	76	51	56
70	7	40	36	4	57	41	88	12	86	92	2	13	8	49	10	92	73	36	63
32	44	3	21	33	25	49	44	48	5	85	12	59	76	74	63	5	77	44	27
6	28	62	89	42	96	22	40	82	39	90	35	22	89	43	11	12	7	21	50
42	31	1	68	67	54	59	79	89	87	93	61	11	88	36	95	98	75	92	98
23	21	20	4	17	34	12	14	73	71	17	52	11	91	93	53	49	78	13	87
72	85	16	39	77	8	28	9	49	41	76	34	75	27	66	11	51	89	71	46
32	57	54	44	15	49	8	97	64	25	46	23	57	50	11	82	37	13	33	86
23	81	6	84	20	51	97	36	10	58	65	11	55	41	28	54	92	91	30	49
46	29	73	83	90	34	33	4	49	51	95	82	53	3	65	80	40	39	78	7
27	31	61	40	90	47	25	6	1	61	12	10	83	75	93	97	43	55	70	93
86	59	35	82	57	75	41	37	24	24	33	63	89	36	81	8	2	8	49	82
77	33	61	43	19	17	14	17	38	73	34	12	39	93	29	22	23	29	32	47
17	9	19	29	53	69	40	19	3	4	35	75	54	77	94	66	31	48	96	67
3	75	71	48	88	46	78	53	25	99	23	72	44	26	36	75	33	64	46	55
13	19	90	47	67	57	59	7	34	82	62	31	87	4	32	73	2	84	69	28
14	41	38	72	10	24	3	97	59	28	18	28	76	29	15	9	53	72	11	37
76	44	97	68	14	65	22	3	14	32	75	87	51	33	9	20	46	66	89	74
5	87	80	88	21	46	41	36	79	45	25	3	97	43	43	20	47	64	29	16
97	88	73	46	51	7	27	71	56	25	30	60	9	43	24	35	56	29	7	19
90	60	15	66	91	60	6	30	81	43	54	13	39	49	4	26	12	34	86	96
14	22	59	63	90	2	65	15	60	57	84	78	65	59	57	98	32	58	62	31
64	36	93	46	20	2	61	83	89	87	61	87	85	91	38	39	93	83	81	54
13	62	91	22	11	83	77	56	37	21	86	51	26	10	19	69	56	88	1	49
13	87	54	79	36	77	55	56	43	30	60	46	57	78	70	1	23	90	77	89
19	10	73	37	83	45	66	15	47	20	33	21	48	47	71	35	38	98	10	30
20	92	5	86	88	70	7	63	67	77	34	81	11	90	48	75	50	30	94	55
42	56	61	49	35	66	50	81	77	39	28	43	14	18	48	75	57	74	3	27
58	6	67	53	20	92	24	8	76	10	25	44	43	37	99	56	89	52	40	89
55	70	60	99	93	36	96	9	34	33	27	22	15	79	59	76	92	98	21	56
9	40	23	10	12	68	43	87	7	31	83	22	48	51	54	11	75	66	57	89
81	86	12	12	2	72	22	81	69	13	91	93	4	41	95	33	66	91	90	8
21	29	59	62	89	95	64	20	10	45	53	18	41	91	67	99	64	67	36	53
62	6	23	88	40	32	90	94	71	3	85	61	84	23	22	83	69	66	32	74
70	66	91	52	93	84	40	8	47	66	27	54	39	48	65	75	56	59	87	90
78	38	86	28	50	89	15	54	4	32	80	92	21	48	75	41	34	9	14	23
98	99	35	3	32	96	97	13	89	39	8	88	12	69	54	8	73	99	99	40
23	13	63	29	62	77	36	20	24	75	28	64	77	66	69	72	71	63	69	42
89	7	94	16	99	47	28	78	94	45	49	78	85	87	38	4	70	8	2	99
33	38	65	60	87	43	77	8	76	38	63	7	68	74	46	44	12	6	22	10
54	39	30	15	60	21	2	73	69	87	29	83	81	97	5	2	68	58	88	85
36	70	42	74	26	35	37	42	88	11	77	43	22	61	58	87	98	71	66	51
62	16	98	59	59	63	2	88	90	49	84	26	88	40	17	78	81	87	3	64
12	43	29	22	1	22	85	66	49	71	91	57	94	4	14	54	98	25	34	88
30	39	57	24	15	56	64	7	27	78	80	2	79	44	89	98	23	23	48	2
29	19	45	90	84	31	48	81	61	75	19	52	44	10	5	83	27	19	22	30
70	95	66	20	30	45	2	7	36	14	76	50	25	29	95	77	44	34	84	69
18	10	29	92	44	27	1	16	20	8	22	61	41	80	58	12	32	55	59	85
89	79	18	63	10	96	2	41	86	68	11	25	90	97	62	77	15	85	23	51
18	33	12	10	93	61	22	19	33	79	98	76	39	85	29	46	91	62	89	94
99	57	70	39	38	96	67	99	53	82	50	19	36	28	81	74	53	10	94	53
75	12	97	6	93	10	81	3	17	8	68	31	84	13	56	42	82	42	7	12
98	7	58	54	86	17	48	7	8	61	20	94	42	88	68	81	14	98	97	12
25	34	83	33	49	87	30	7	21	52	51	33	34	5	97	91	95	28	26	96
75	35	68	77	82	66	36	18	84	90	17	26	46	54	79	68	56	9	80	63
75	42	95	42	10	18	26	35	31	50	96	38	68	94	49	56	73	48	97	94
36	74	4	86	19	77	47	32	26	5	33	59	47	48	55	5	89	34	80	31
77	7	49	92	55	45	72	12	47	80	37	76	54	47	99	79	31	26	44	53
46	89	52	63	93	49	1	55	15	76	12	68	14	2	11	7	89	25	71	68
81	62	44	22	21	90	76	38	26	49	73	66	25	60	64	87	32	52	44	58
74	30	68	4	22	16	90	80	90	34	18	42	65	53	62	3	75	3	53	96
7	77	14	22	92	28	59	54	33	12	68	7	41	50	49	44	30	19	61	50
68	79	72	69	58	32	16	79	7	55	82	48	10	88	62	82	78	58	56	81
26	98	84	96	27	95	26	49	58	97	16	35	61	18	90	56	34	30	53	40
18	30	77	51	62	70	27	98	29	57	14	80	35	26	10	35	4	39	71	88
52	66	20	37	44	64	49	22	85	60	21	64	35	18	90	38	89	64	23	87
11	69	70	31	85	14	17	56	26	23	20	56	95	91	42	37	7	26	97	38
16	17	17	21	50	41	95	22	42	44	7	64	90	30	62	90	23	96	73	5
35	80	16	81	89	11	53	61	7	63	3	50	35	73	52	97	79	90	82	38
95	27	12	38	14	7	33	6	48	90	26	69	94	26	42	59	23	46	93	93
76	26	89	50	7	9	93	19	27	27	32	77	6	24	53	54	81	54	16	65
46	70	3	48	41	15	74	18	13	76	65	41	38	56	75	24	54	11	96	99
51	3	32	13	87	17	76	85	6	93	64	91	9	63	47	44	6	43	28	28
51	86	59	40	17	62	92	33	37	47	14	7	11	73	66	67	85	98	21	47
91	91	27	42	42	45	4	58	71	23	64	72	71	26	92	17	53	53	34	37
80	8	36	18	6	24	1	48	93	47	53	76	76	29	19	90	98	71	83	47
37	7	28	87	30	22	37	92	67	75	10	27	12	50	11	76	29	72	63	37
22	25	11	10	24	98	33	43	65	35	98	2	19	76	31	14	49	41	4	45
64	48	63	57	70	33	3	84	66	36	81	83	93	87	42	15	39	40	14	24
21	26	3	95	61	61	18	39	5	89	10	37	72	64	61	20	15	74	94	48
58	59	91	2	76	63	56	55	52	28	35	10	51	21	59	30	19	78	29	14
82	32	60	41	75	43	76	22	66	40	8	65	89	52	25	21	56	26	11	55
41	3	80	93	26	32	50	62	64	83	39	9	91	6	27	8	70	52	6	98
41	30	5	22	50	43	10	51	41	7	65	46	5	68	56	79	3	11	5	64
70	53	17	81	34	71	68	85	39	8	98	39	60	49	86	93	44	16	14	26
67	41	97	34	6	66	92	16	37	8	55	95	75	80	43	97	85	91	18	87
63	37	17	58	87	56	84	33	19	66	21	32	22	63	69	40	24	49	75	2
64	76	80	16	3	42	8	19	7	45	90	41	87	15	57	54	83	82	75	37
66	20	4	52	6	68	97	9	56	79	37	49	39	6	97	17	48	13	9	65
28	69	39	3	85	74	43	19	39	56	40	83	20	33	91	50	52	69	94	63
32	53	10	62	17	77	97	7	67	60	41	23	26	71	37	34	56	31	7	59
99	70	20	42	23	33	1	44	29	54	95	30	24	84	74	37	73	23	91	4
9	24	32	92	87	27	63	90	36	25	20	45	46	22	66	50	34	89	34	81
72	28	21	16	96	6	94	6	49	25	2	6	46	70	86	51	65	15	34	14
49	95	74	77	78	63	11	95	1	65	74	78	4	30	64	47	91	67	50	31
18	43	75	74	31	9	37	30	54	1	78	82	96	58	20	27	70	76	23	93
71	83	74	53	74	1	45	38	50	14	78	56	25	64	50	95	56	15	34	62
77	65	24	80	54	55	55	82	70	18	41	3	3	60	50	65	52	25	57	30
58	42	52	76	71	59	67	10	53	1	86	80	74	59	20	48	44	55	53	37
28	51	42	73	43	9	49	7	88	75	4	33	53	80	45	23	84	92	51	88
67	46	39	8	24	89	37	4	96	6	12	63	89	40	94	41	44	93	64	51
97	99	81	10	21	16	7	35	78	56	32	70	85	21	3	4	54	41	85	35
86	64	95	24	15	54	36	44	76	15	64	68	38	84	66	88	86	37	43	93
35	57	33	86	21	29	69	15	42	50	92	2	20	46	93	63	40	31	2	50
84	8	29	13	12	1	58	71	1	9	83	43	7	49	30	21	29	98	26	80
31	80	12	79	4	28	29	17	36	36	25	42	36	77	31	90	71	71	31	11
9	34	67	20	38	76	53	39	40	97	13	73	11	11	16	60	44	41	73	84
64	82	17	37	98	64	41	8	25	52	74	32	66	66	5	39	85	88	21	27
84	1	23	33	57	85	39	98	9	79	75	11	33	77	19	71	92	21	42	8
72	18	62	27	5	29	11	84	55	92	93	4	79	91	77	52	41	83	97	96
58	36	47	69	35	35	28	25	8	94	70	84	83	49	21	45	22	53	76	9
80	35	9	95	72	49	88	62	42	69	21	15	61	58	59	29	48	94	78	77
52	63	53	15	80	39	50	88	80	33	46	96	44	46	84	90	35	41	56	8
11	97	72	62	71	4	44	62	44	6	70	53	18	36	77	94	8	4	53	51
50	42	34	56	45	61	75	98	45	41	93	20	63	36	66	74	82	57	52	42
60	42	48	59	58	62	65	2	6	41	85	52	63	18	69	93	78	83	61	97
31	25	73	14	3	59	32	93	20	91	25	92	26	9	72	31	73	14	53	2
27	35	7	37	51	49	33	53	87	81	28	66	88	33	65	18	78	65	20	25
40	49	53	22	21	82	4	66	95	77	83	88	28	87	35	68	21	8	76	19
30	75	58	10	18	42	52	43	74	41	69	35	89	73	71	1	75	94	86	55
36	98	44	62	4	82	38	77	18	78	98	38	50	33	55	79	73	99	46	29
49	45	99	88	92	16	16	84	72	51	75	8	14	40	68	3	94	88	2	70
19	56	80	94	65	82	6	19	43	10	65	90	86	76	1	1	90	16	46	90
20	90	99	47	40	49	92	55	6	19	93	91	33	92	37	87	84	58	51	26
41	76	14	34	5	90	33	94	83	71	32	58	56	34	91	8	52	95	89	12
67	12	71	12	70	48	12	83	10	72	72	94	61	70	2	94	24	51	49	22
18	23	36	77	16	52	51	71	48	62	53	74	91	47	38	99	96	87	90	51
74	49	92	8	33	60	90	53	5	64	2	66	9	19	88	90	48	17	96	94
66	16	68	51	28	51	75	80	71	50	85	30	63	88	2	86	77	20	16	46
22	88	41	56	70	64	72	17	40	76	45	31	43	45	65	55	71	93	9	96
2	18	19	17	88	75	86	35	80	99	64	52	92	63	13	12	12	2	20	61
79	58	4	72	32	66	36	78	46	71	29	81	12	86	94	74	89	43	90	72
84	76	38	59	49	51	47	23	87	92	39	34	93	49	76	94	10	40	60	95
40	55	61	3	5	49	63	32	83	13	81	41	40	78	69	55	62	24	79	53
42	98	11	96	77	8	67	3	23	2	89	72	8	80	12	65	54	48	88	20
20	18	96	9	63	20	79	59	69	34	33	40	46	92	18	87	59	96	32	33
29	43	96	17	36	92	50	1	20	9	78	8	5	14	70	61	72	38	64	43
79	18	12	99	4	45	95	91	84	99	49	69	15	43	17	6	74	72	72	59
41	37	66	27	59	86	82	38	99	91	13	45	50	88	69	58	66	66	67	53
26	53	55	40	60	65	11	90	51	89	93	63	97	68	3	74	82	72	68	83
13	28	9	51	47	79	43	74	95	95	95	84	36	22	54	32	16	81	97	91
46	77	18	15	96	74	19	87	36	31	98	24	97	83	9	26	84	62	82	48
12	14	86	37	45	26	90	93	44	34	51	54	27	2	19	73	73	48	29	45
72	93	47	55	86	84	28	38	56	11	32	52	93	29	72	39	37	66	51	98
11	5	7	51	65	10	21	94	9	33	32	15	91	7	82	17	64	45	27	59
63	15	34	54	12	50	88	92	29	12	95	50	68	57	60	32	56	17	23	93
40	5	65	16	15	34	77	51	33	92	53	82	6	33	89	55	53	56	69	53
63	75	59	8	81	29	65	53	26	8	13	1	80	90	85	64	51	25	92	57
29	63	82	3	48	96	53	18	37	99	80	40	52	2	5	72	62	86	46	58
13	21	79	39	74	45	61	3	72	6	91	24	75	4	64	92	89	81	63	54
21	85	45	74	84	5	22	79	61	12	70	77	64	58	93	21	39	92	39	39
61	95	14	90	67	43	9	79	56	20	5	70	56	88	14	67	88	37	37	63
90	32	16	37	59	65	62	57	4	13	20	49	29	16	37	3	92	64	58	81
32	60	24	61	69	64	64	70	40	95	22	13	80	37	42	73	28	29	38	51
18	48	31	47	80	62	96	21	28	13	43	5	93	19	38	88	68	17	50	47
83	98	48	13	78	82	13	29	77	69	23	35	78	66	10	44	37	73	43	70
1	52	32	67	10	96	81	94	79	50	35	82	27	29	27	6	14	79	93	77
10	53	13	23	12	36	31	12	52	54	37	71	28	92	44	68	78	26	57	22
9	23	71	89	93	34	23	5	8	48	60	33	63	54	91	44	2	24	40	41
80	26	17	54	17	67	55	99	3	65	47	73	28	55	90	7	18	69	34	89
16	91	47	44	47	33	54	62	57	88	56	70	24	27	50	66	93	82	16	36
79	22	29	37	35	12	85	49	95	82	47	67	22	39	73	88	74	9	21	4
87	82	57	4	49	1	31	73	42	84	75	64	1	92	67	29	85	65	83	65
17	65	87	77	66	60	49	72	98	10	35	3	82	39	89	74	79	13	59	48
72	65	60	44	20	27	23	5	80	44	8	5	17	2	56	88	32	16	81	86
79	31	23	34	53	16	80	18	73	14	6	72	26	65	75	13	9	11	39	69
8	32	77	84	2	10	42	13	2	37	60	74	1	1	38	70	74	77	95	79
32	55	1	49	9	10	16	1	26	99	54	24	66	99	89	59	43	84	27	69
40	15	4	44	2	64	46	36	99	57	88	28	97	39	9	31	44	2	42	45
65	76	72	78	39	72	73	8	80	63	55	16	33	15	82	14	16	8	61	17
65	29	1	47	62	48	65	68	6	86	76	4	73	5	1	27	17	18	37	23
78	59	58	59	34	51	77	33	4	21	82	47	96	76	72	18	25	8	13	21
36	3	3	91	82	97	86	60	20	3	85	66	1	27	40	13	65	25	75	66
10	50	45	19	58	67	66	67	30	18	54	45	22	90	92	56	21	4	80	39
17	63	37	6	85	86	89	43	24	81	39	47	22	78	80	39	98	25	52	24
30	50	25	91	41	82	36	82	23	44	84	95	55	9	93	61	18	44	37	68
1	56	18	73	97	30	42	93	38	84	71	65	25	1	73	18	58	5	26	87
23	41	50	94	99	25	81	28	24	56	92	72	29	73	96	44	53	79	49	18
19	68	21	44	70	60	46	81	20	59	54	64	68	25	76	74	84	46	85	35
46	66	55	38	16	27	48	46	18	65	13	1	86	15	40	80	19	91	96	90
65	25	94	59	9	81	98	30	82	71	97	24	70	61	72	83	93	21	1	75
3	48	38	97	91	76	99	91	33	9	64	24	13	39	60	15	4	49	36	82
60	85	65	87	46	93	28	44	5	86	11	5	32	40	41	74	42	68	1	69
28	62	34	60	73	49	5	72	11	47	9	66	82	21	44	98	75	57	15	56
90	96	80	47	31	39	15	11	50	88	43	65	83	36	7	50	84	23	87	11
28	6	92	47	96	11	5	67	92	97	8	85	53	35	15	44	42	55	25	54
43	48	76	23	70	76	50	88	57	24	7	90	45	96	8	72	90	10	79	37
38	76	10	33	15	30	2	99	68	40	11	40	49	80	27	17	22	83	5	82
24	20	42	16	35	82	89	23	52	82	10	86	99	54	35	62	83	65	81	22
28	39	4	33	64	75	37	52	56	76	38	22	35	19	93	41	95	14	51	97
6	52	98	47	14	16	41	88	43	74	10	73	16	90	93	35	66	89	54	69
57	17	96	4	13	50	25	51	21	12	95	80	97	90	8	95	1	49	64	69
53	74	68	1	61	88	97	23	12	74	20	14	29	45	26	65	52	9	81	51
86	14	7	89	24	20	59	89	4	11	75	11	93	52	43	20	86	38	91	95
96	69	56	69	23	48	6	81	34	97	89	68	58	2	3	19	41	28	96	39
7	89	22	13	76	37	43	92	13	11	65	51	52	5	54	38	80	12	46	47
60	85	39	97	57	42	4	66	6	12	90	91	90	88	1	5	87	90	67	64
89	56	9	44	62	39	14	13	39	36	60	86	18	61	41	55	68	95	74	47
12	44	97	18	31	49	73	78	7	19	13	35	48	35	97	1	23	24	96	32
54	55	29	52	36	4	14	71	17	85	32	15	70	36	40	83	76	27	9	31
6	69	43	22	85	81	62	38	9	22	29	31	38	18	49	7	64	45	50	34
20	9	32	35	1	94	28	62	73	78	91	54	49	95	21	49	79	73	74	91
79	16	30	98	42	13	90	45	67	56	8	26	88	88	71	33	85	44	23	33
60	82	65	66	54	31	99	40	59	71	37	75	96	69	9	34	4	61	8	95
24	26	38	1	9	92	75	80	4	38	6	97	67	63	91	89	2	57	28	34
57	95	88	27	39	48	95	54	67	14	37	71	87	54	95	69	97	12	14	49
86	15	46	79	14	37	58	68	45	97	19	38	72	22	5	95	55	18	42	36
42	3	17	3	85	88	56	26	2	38	45	90	2	69	20	81	96	56	20	18
42	68	38	53	61	86	24	41	49	50	78	93	48	82	37	56	23	44	90	56
15	7	11	86	68	84	75	88	36	89	89	53	33	77	67	40	91	85	2	66
31	66	73	57	40	50	16	73	75	70	12	12	24	60	29	7	91	88	43	32
81	5	65	6	18	66	78	95	52	6	24	91	65	72	12	87	58	74	25	60
46	39	23	13	74	66	60	35	53	86	53	69	62	1	66	18	14	45	57	46
72	50	7	13	44	46	19	84	50	86	97	98	33	51	20	13	47	14	97	16
12	3	79	28	13	5	49	78	84	90	73	6	75	29	81	93	63	3	95	90
88	72	37	36	24	93	45	98	50	42	67	66	99	18	11	37	99	93	13	64
95	57	70	46	69	6	36	25	1	28	74	68	94	57	64	41	59	1	97	11
6	86	70	2	54	9	38	18	68	45	43	74	22	41	36	26	30	76	3	9
41	94	36	12	96	32	80	88	69	7	96	8	61	60	31	58	58	80	18	92
58	85	57	70	32	49	21	91	4	93	70	7	89	76	40	31	19	21	69	26
59	87	35	10	9	43	40	12	73	87	61	36	88	40	90	13	92	43	37	66
98	11	84	23	32	97	65	62	77	32	94	42	41	51	21	63	56	5	83	51
39	16	5	29	66	89	71	31	88	22	36	11	35	18	25	1	21	27	96	39
5	64	7	59	56	95	56	13	66	12	59	2	36	75	27	78	52	60	9	70
52	6	71	34	61	51	61	62	72	66	73	64	31	79	4	63	85	27	11	95
28	55	92	33	24	23	78	31	81	35	32	5	7	31	7	47	92	83	17	81
73	83	83	84	37	70	37	72	85	40	41	68	84	60	83	32	50	96	91	15
68	10	25	3	7	17	92	65	64	93	85	50	36	80	94	33	36	87	84	78
46	53	1	7	94	70	97	41	40	90	55	88	2	14	87	7	11	85	55	83
22	33	22	43	52	73	93	3	12	86	67	86	89	81	75	56	1	54	92	11
24	45	9	47	26	76	85	19	13	69	58	73	31	22	8	12	80	86	6	17
72	85	52	46	65	61	86	74	82	57	42	1	24	36	14	14	45	68	23	2
46	68	5	93	13	96	10	6	75	42	8	87	80	25	37	81	56	93	6	93
97	9	14	52	6	56	17	19	7	34	2	48	77	34	84	11	22	73	26	29
96	47	18	4	33	90	1	60	7	97	69	14	46	82	41	78	97	61	15	97
25	79	91	34	64	80	80	21	3	80	75	85	24	14	73	39	71	6	99	86
70	94	17	36	62	49	44	18	30	6	14	91	14	35	21	83	43	29	95	19
49	25	51	86	68	58	20	56	21	18	4	7	10	67	10	79	94	10	49	8
70	44	20	68	98	89	59	97	37	15	83	94	81	51	43	17	96	76	25	67
30	46	41	28	29	60	37	42	17	18	2	70	31	56	6	20	90	30	55	98
60	96	28	48	80	52	22	36	78	51	95	99	28	35	5	97	86	9	3	45
34	7	44	97	56	80	11	56	53	47	94	77	89	22	52	6	92	82	53	86
34	23	11	76	15	51	15	57	55	6	59	7	37	52	26	2	93	38	24	25
11	37	2	24	77	3	48	93	53	70	7	3	3	3	66	29	58	28	55	77
32	12	78	73	78	91	76	68	10	55	54	82	93	62	38	1	4	98	45	94
36	33	38	16	47	57	23	25	16	41	76	85	37	65	54	70	47	1	6	76
80	20	36	76	99	59	81	68	64	23	31	26	61	48	74	43	97	70	21	82
65	62	56	80	55	88	96	92	76	85	31	32	17	64	36	46	28	62	63	24
71	54	95	19	63	5	64	54	75	37	90	48	1	65	75	73	39	50	23	45
53	40	30	93	42	70	67	30	97	81	93	69	86	7	96	70	84	79	3	25
87	21	93	48	43	49	85	77	88	93	98	38	44	40	56	66	9	5	52	64
20	84	74	27	22	99	45	21	77	50	51	54	35	91	51	92	83	86	71	21
46	68	99	3	50	78	7	11	11	16	51	43	67	55	27	81	26	92	58	60
11	30	67	9	61	87	17	87	71	96	25	60	17	64	39	75	4	14	44	98
31	11	78	80	34	20	61	19	43	54	86	12	89	90	95	92	7	32	76	17
88	1	88	43	82	11	70	23	86	83	71	23	76	54	91	69	37	79	47	13
28	66	49	50	19	14	21	77	75	83	19	91	88	14	98	57	18	25	90	54
52	7	73	24	37	64	21	51	69	13	76	70	84	40	9	37	86	67	32	87
44	87	76	39	70	53	99	92	55	40	70	58	83	46	65	33	28	67	53	88
27	20	49	29	22	97	13	38	34	22	31	9	27	8	19	21	96	90	39	4
70	58	5	53	32	14	82	56	59	56	11	94	4	74	31	29	7	68	67	58
33	51	3	58	84	57	89	67	25	73	39	60	98	34	67	73	88	56	31	15
11	7	41	98	94	80	21	81	62	98	27	23	18	36	94	37	40	79	68	15
92	86	35	85	27	76	13	71	98	72	84	17	51	13	20	25	84	33	43	35
9	81	68	5	68	88	7	96	62	8	65	57	95	9	96	56	19	51	70	65
20	30	16	21	59	39	56	6	30	21	34	99	23	75	43	11	47	50	75	33
64	64	22	74	37	8	22	98	45	3	13	19	14	55	25	72	98	48	30	64
30	85	22	6	43	38	17	37	45	4	53	33	97	26	77	56	51	34	79	7
77	69	17	99	49	51	48	11	6	5	55	53	59	94	11	58	79	54	53	73
60	14	16	96	77	82	70	17	16	12	67	9	66	80	65	50	52	53	85	56
78	97	61	66	15	82	80	40	2	7	29	68	43	38	15	6	36	96	79	39
54	18	81	43	40	32	80	38	27	1	69	46	82	97	32	18	70	23	2	5
88	45	5	59	6	68	88	35	8	25	39	52	30	89	79	7	1	43	11	1
42	39	39	77	94	17	58	13	65	64	76	31	98	66	69	9	81	51	26	30
40	28	46	82	71	36	72	16	22	97	38	69	54	52	23	10	29	21	79	48
12	15	91	42	60	17	91	8	70	61	37	33	26	80	80	81	5	84	11	68
91	42	14	81	72	6	1	39	10	50	10	48	84	78	86	88	45	24	71	63
68	80	75	79	88	43	63	7	60	91	30	12	23	45	74	30	87	63	46	82
58	89	23	38	61	94	84	93	8	68	43	44	96	12	19	54	47	94	59	78
90	60	73	36	55	44	51	87	71	47	63	85	21	95	51	52	75	33	77	83
18	38	81	20	25	37	63	37	67	28	43	73	84	42	97	37	14	58	67	45
83	6	38	68	10	92	9	4	44	17	79	10	71	89	47	3	60	74	79	11
11	28	17	78	70	30	62	94	38	99	17	94	11	9	23	11	13	20	19	51
99	70	96	64	95	35	95	23	16	61	52	55	6	61	12	99	55	40	19	24
26	33	3	37	62	57	82	90	73	67	42	48	91	22	11	96	55	99	50	88
70	53	95	55	65	74	27	69	45	47	97	74	40	75	94	93	31	94	85	2
58	12	28	11	55	11	21	9	8	27	77	74	71	95	34	80	87	25	73	76
32	97	28	98	12	50	87	41	30	48	94	75	36	90	46	88	70	59	32	55
74	24	99	61	94	33	35	38	56	86	48	97	56	43	8	39	66	92	17	88

9	3	8	12	9	19	14	10	15	15	8	18	16	10	5	16	5	17	6	15
8	2	19	7	16	18	13	7	20	14	19	1	1	12	19	1	13	11	1	19
20	15	13	16	13	10	6	6	15	10	8	4	4	1	7	3	20	1	5	3
19	10	2	4	11	12	10	12	8	5	11	4	3	5	17	8	8	13	8	9
2	12	12	9	12	10	8	9	6	5	1	18	6	12	17	13	12	12	11	18
13	9	6	13	1	18	11	4	1	15	20	16	9	3	2	8	7	1	1	1
13	17	14	18	5	13	2	1	12	19	9	17	3	10	17	20	8	4	2	20
11	11	16	2	4	6	4	14	19	4	4	18	1	7	3	10	20	18	3	12
20	20	12	19	3	2	8	1	2	4	4	20	6	10	5	13	15	5	3	12
19	16	5	18	7	18	13	14	18	9	2	1	6	15	19	16	16	15	15	4
9	18	3	16	16	4	17	20	1	13	1	13	18	4	11	18	2	20	3	18
4	20	13	8	13	15	7	11	10	12	8	9	11	7	12	20	2	2	3	16
1	11	19	14	13	19	1	8	18	17	10	2	14	5	10	13	9	3	6	8
15	12	5	12	12	13	1	20	4	19	9	5	16	1	13	2	2	7	4	11
5	15	10	11	5	17	11	16	6	15	4	8	4	11	6	6	10	9	20	19
13	19	13	12	5	6	19	5	13	3	9	12	14	13	17	5	14	2	3	16
3	12	8	16	5	2	2	2	15	1	20	1	9	12	12	6	4	12	13	4
12	6	11	19	10	15	8	12	9	16	19	10	9	2	7	2	8	10	10	2
17	3	18	13	1	4	11	3	3	5	20	19	5	6	10	11	19	8	15	10
7	16	17	5	5	19	12	1	13	3	14	18	16	12	4	15	11	19	20	3
1	7	20	15	18	11	4	13	9	13	9	8	13	10	4	11	2	3	6	18
19	15	8	19	15	12	15	9	7	3	3	7	10	11	8	9	13	6	5	15
1	20	15	19	19	4	6	18	4	9	17	1	7	11	18	19	13	7	16	17
6	20	2	12	8	2	11	19	18	15	9	20	3	3	7	14	14	2	20	13
4	14	18	6	20	12	13	20	4	8	17	5	11	6	13	15	12	10	12	19
11	9	8	3	4	16	2	20	4	18	6	14	10	13	12	4	3	17	4	13
12	15	7	3	7	15	16	1	7	15	20	7	15	1	9	7	18	13	6	9
14	7	14	4	6	7	7	6	15	7	15	13	2	6	4	11	3	1	8	12
10	12	13	12	12	20	3	9	11	12	13	2	1	18	15	15	17	18	20	10
17	20	11	15	6	10	14	18	9	6	1	2	19	5	3	5	7	18	7	16
9	16	1	3	8	12	10	7	10	17	7	4	19	2	19	3	4	4	6	2
15	14	6	1	10	19	9	10	7	4	17	2	15	16	3	16	4	7	17	7
19	14	19	17	9	2	6	6	16	19	1	5	8	18	12	9	15	10	11	4
5	15	14	6	11	2	4	16	6	6	17	12	6	3	2	19	5	10	5	2
2	12	16	18	10	4	7	2	2	4	1	12	4	10	2	11	13	10	7	9
17	8	7	10	9	12	6	11	7	8	14	1	4	6	12	12	1	11	19	9
10	18	16	8	13	18	8	4	10	6	7	18	10	11	1	5	7	20	3	11
12	13	15	12	17	19	11	11	15	15	19	10	4	3	7	16	6	11	3	14
5	12	15	5	8	5	1	18	3	16	7	9	8	1	20	6	17	2	4	13
15	10	20	12	10	17	13	1	3	17	8	17	19	16	16	16	2	17	11	12
3	13	8	14	19	18	6	7	16	9	17	20	20	16	9	6	11	13	12	9
5	4	15	1	5	14	10	4	17	18	20	7	7	17	7	2	18	9	4	5
11	7	11	10	11	2	20	6	2	18	19	7	6	7	11	8	15	8	18	18
13	11	9	2	12	4	1	1	16	13	20	9	8	11	12	14	7	3	13	1
13	3	4	17	13	11	17	5	20	14	3	15	5	7	12	9	5	12	5	4
9	1	20	20	15	20	9	20	20	16	12	15	18	8	9	11	9	12	18	9
6	8	18	8	20	18	8	10	2	19	6	13	3	8	18	17	11	15	16	10
4	14	19	3	1	8	3	6	9	14	15	5	1	17	14	1	20	3	16	13
1	2	17	2	16	11	18	11	7	18	9	13	13	15	14	13	18	16	11	9
3	6	19	8	13	4	4	15	2	18	18	4	8	5	3	7	4	6	1	16
16	3	18	20	9	19	5	5	9	15	12	7	10	6	5	15	7	18	3	13
16	10	5	14	4	19	10	15	17	11	9	16	5	9	14	10	15	19	7	17
4	14	11	18	9	3	1	3	3	16	7	19	11	1	7	6	10	6	14	10
7	10	5	12	9	5	10	20	16	5	2	19	15	13	14	2	2	20	8	8
9	19	18	12	19	1	1	13	9	12	2	15	3	8	1	8	18	8	15	7
7	1	10	13	2	13	8	1	20	9	20	13	1	7	7	17	4	4	19	6
2	19	10	17	6	11	1	8	1	4	7	16	11	13	19	4	1	15	4	8
8	8	6	1	1	7	14	11	18	16	7	10	2	1	15	7	14	6	16	6
19	18	16	6	19	20	15	2	14	11	6	8	16	3	1	18	15	16	12	10
20	5	14	3	18	15	20	3	11	13	20	16	17	20	15	16	9	12	16	2
3	20	12	19	13	12	11	4	19	11	14	11	14	4	15	1	7	3	7	17
3	19	2	6	4	7	5	14	13	13	3	6	2	10	13	2	20	13	14	20
12	3	2	12	11	6	7	17	14	19	18	9	12	20	2	17	10	1	16	18
11	14	12	16	5	14	1	5	13	3	20	10	13	5	3	10	1	6	16	3
19	12	12	10	11	4	2	19	2	7	7	7	12	12	11	18	3	11	17	3
10	12	3	18	6	17	14	11	2	3	4	15	14	1	4	14	20	9	17	1
12	5	13	15	9	7	12	14	5	20	5	9	9	2	5	13	16	3	6	1
17	19	17	17	5	4	20	5	10	6	6	19	12	8	9	2	10	1	5	9
2	4	2	13	13	11	12	7	3	9	3	13	5	1	19	5	7	19	19	9
20	11	8	6	1	12	1	3	8	3	7	1	11	9	18	4	4	18	12	6
20	1	1	16	9	9	1	12	1	8	10	10	15	4	13	3	4	19	4	20
5	19	13	12	9	15	18	18	2	11	9	10	16	14	17	9	17	18	18	20
5	2	1	14	20	6	12	17	17	16	16	14	6	1	7	8	13	13	3	11
4	1	12	1	10	14	17	18	17	13	9	5	9	15	12	17	9	14	19	20
7	9	6	12	9	19	1	17	11	4	8	14	11	16	17	19	2	7	16	16
6	1	2	9	20	17	16	7	19	15	13	5	7	1	7	13	5	14	12	20
13	14	13	17	19	8	13	17	11	7	16	8	8	2	9	12	3	6	20	18
14	10	18	20	1	2	6	14	13	20	3	8	19	8	8	16	6	10	7	3
18	8	3	14	19	1	7	7	5	10	1	18	4	18	20	15	18	5	10	4
15	1	12	4	20	16	8	8	12	3	7	1	11	1	19	1	10	11	6	9
3	13	17	17	1	8	15	12	16	6	2	14	17	1	1	13	6	3	15	14
11	7	2	3	19	10	11	4	9	3	6	9	7	14	5	3	18	14	1	9
14	3	15	17	1	3	20	14	2	15	15	15	19	9	3	7	18	12	20	1
16	15	10	18	5	19	5	7	17	8	6	11	4	7	9	20	4	7	12	4
19	7	16	10	9	6	9	11	20	1	2	3	20	12	6	6	15	3	12	10
3	3	3	11	2	14	6	11	18	18	4	16	19	14	13	10	14	18	7	12
9	2	9	20	7	8	19	5	10	17	13	6	7	7	4	17	1	6	7	12
17	16	16	7	20	12	17	15	13	6	19	1	10	11	19	13	20	13	7	4
13	2	20	5	14	17	11	7	17	7	1	18	20	19	16	20	7	12	15	10
6	7	11	15	5	6	5	9	5	13	14	1	16	9	12	16	11	11	4	9
20	1	1	13	10	20	13	6	14	5	18	9	2	16	20	12	1	12	2	20
10	4	15	4	15	9	9	17	15	10	9	12	5	20	2	11	2	4	18	3
7	5	14	3	18	20	4	18	17	11	9	8	8	20	10	16	13	15	18	12
19	14	1	2	19	19	13	5	6	15	11	17	16	10	17	5	18	7	12	2
5	6	20	15	20	13	6	12	10	15	6	18	20	8	3	11	8	16	7	17
19	13	19	14	6	5	1	12	17	9	10	16	2	12	16	12	6	4	9	15
12	2	17	9	11	16	16	19	11	1	13	1	7	19	11	19	9	15	16	6
20	16	5	3	1	20	10	20	13	13	15	17	5	7	18	15	15	17	12	15
18	11	12	11	12	8	1	12	12	17	20	6	1	5	5	15	10	1	16	8
17	2	7	15	8	8	8	15	13	12	12	5	7	15	1	10	14	7	9	3
3	17	18	16	14	3	1	20	2	6	9	11	18	11	6	20	18	18	20	16
16	13	2	20	7	1	4	20	5	5	17	2	19	15	5	2	12	18	1	10
4	12	1	20	3	6	20	11	20	9	14	13	20	2	17	12	18	6	3	14
9	6	7	13	3	10	6	4	3	10	10	4	7	13	19	10	9	6	19	5
9	1	3	6	2	16	14	12	17	2	6	4	17	13	7	5	4	10	5	13
17	8	16	10	3	19	10	19	5	1	20	6	11	13	4	1	3	10	10	11
14	18	4	9	17	20	4	20	4	13	7	2	13	5	19	7	11	14	1	14
3	8	14	16	12	10	2	5	5	1	5	5	1	14	16	12	11	13	3	8
18	16	14	7	5	3	11	13	8	14	15	2	13	3	4	8	19	12	2	18
10	8	14	16	8	2	19	1	14	3	17	14	11	19	16	11	20	4	11	4
12	17	7	6	18	7	7	19	1	11	6	2	13	2	9	18	8	9	11	20
11	3	14	2	2	9	14	1	1	17	12	11	10	14	19	16	16	14	9	2
17	3	10	3	9	11	7	2	12	16	14	7	9	4	12	12	16	3	20	17
6	20	5	1	18	7	15	2	10	20	18	9	20	6	10	16	8	1	18	16
13	1	7	19	14	20	13	8	4	14	12	18	13	11	13	17	1	17	15	8
9	15	8	18	20	15	9	4	14	10	14	19	12	2	9	4	8	2	19	4
14	2	17	3	12	20	20	11	20	6	19	15	5	9	17	15	10	19	13	11
12	18	5	15	9	18	1	8	13	5	2	16	18	20	6	6	11	8	13	1
2	14	11	7	20	9	9	14	9	3	17	16	17	1	19	9	2	20	9	4
1	8	5	6	9	20	3	14	9	20	5	6	9	10	18	15	12	2	17	8
5	6	17	16	17	15	5	3	7	13	5	4	11	6	8	6	7	16	12	15
1	12	7	18	10	14	5	14	8	15	12	7	4	13	4	10	18	4	3	11
12	4	19	13	13	1	14	11	18	9	5	9	11	11	11	19	15	8	20	7
2	7	20	10	19	20	2	7	16	12	1	13	12	2	4	16	7	6	11	16
17	14	20	14	19	11	16	14	7	9	4	13	6	10	11	4	18	3	8	3
3	3	7	8	8	3	12	8	7	3	16	16	9	13	12	10	18	18	16	4
18	15	3	8	13	9	6	12	5	1	9	8	4	17	10	20	4	9	4	2
10	10	14	14	17	19	13	6	14	20	4	3	2	10	5	19	5	9	9	20
18	11	4	8	3	8	5	1	20	20	17	8	8	17	18	7	2	20	3	1
1	12	8	5	15	6	14	8	9	16	16	9	4	10	8	19	8	20	16	12
13	17	20	10	14	3	12	8	15	1	10	19	14	3	15	19	12	4	12	2
14	15	9	20	15	7	12	2	5	10	19	18	7	12	20	1	3	12	5	15
7	12	12	11	19	11	12	11	5	17	6	12	7	13	12	7	8	17	6	20
11	20	17	18	12	6	4	15	15	14	3	7	6	8	12	19	7	1	19	14
10	9	9	15	3	7	12	4	9	16	3	11	5	7	10	5	1	8	3	13
18	15	4	14	16	12	11	10	13	9	9	1	18	2	5	10	17	3	5	7
15	15	7	19	11	3	8	3	7	15	8	11	17	6	20	10	20	13	8	16
7	3	9	20	16	10	12	16	10	11	11	1	10	6	19	19	10	4	13	16
7	16	15	15	17	3	18	7	2	3	17	8	2	7	1	3	16	12	14	10
3	20	8	16	11	4	15	5	17	18	6	1	14	17	11	2	3	14	14	18
7	3	1	14	13	8	19	18	6	5	17	14	8	13	2	5	19	18	12	3
9	4	14	8	19	18	5	1	13	9	16	17	7	18	5	2	4	13	7	16
2	20	17	20	4	2	2	6	11	17	10	11	2	13	18	19	20	10	2	19
2	16	19	18	10	18	11	10	9	1	19	1	3	20	11	14	16	16	6	20
5	19	20	10	4	10	6	17	12	5	11	8	11	5	6	13	12	17	18	16
3	12	4	6	2	2	4	12	9	3	20	9	19	8	6	19	15	1	12	6
8	16	17	7	5	10	1	11	19	4	11	16	1	17	1	6	5	4	6	11
2	1	14	13	4	8	19	6	17	8	2	13	15	1	6	5	19	8	11	2
4	4	13	20	1	15	2	10	15	8	19	13	18	11	16	1	18	7	9	6
20	3	18	9	19	18	11	20	4	20	9	10	7	16	9	5	20	10	11	1
2	15	9	14	7	5	12	10	12	3	5	11	18	17	11	1	16	12	17	7
19	8	4	4	3	10	6	20	10	19	11	1	1	4	17	2	12	5	1	6
16	19	14	10	7	12	10	5	3	19	15	3	8	1	2	14	8	4	3	4
6	6	15	16	16	11	13	18	15	17	14	10	20	13	11	6	12	13	13	13
15	18	20	2	10	7	13	8	7	11	12	4	18	6	4	2	12	8	18	9
6	19	6	2	2	12	17	18	2	5	4	10	15	14	18	16	8	14	14	12
20	2	10	13	4	18	6	4	9	8	19	5	9	18	18	1	13	11	11	7
13	12	17	1	14	5	6	11	14	9	5	20	5	15	9	17	10	6	5	16
1	20	13	20	9	4	10	20	2	6	16	12	2	14	4	16	11	1	3	4
2	9	16	5	10	2	11	12	4	8	3	13	2	1	19	6	20	8	5	3
2	20	5	5	16	2	11	19	12	10	3	20	14	10	15	14	3	5	17	11
14	7	17	11	18	14	6	1	10	15	20	12	4	13	12	7	11	8	19	12
1	15	6	19	16	16	20	10	6	9	9	8	1	4	11	14	3	10	16	19
11	9	1	15	3	17	13	20	5	20	20	7	15	7	8	11	20	10	16	12
11	4	6	14	10	5	10	16	11	5	16	9	9	14	12	15	8	9	19	18
18	10	6	18	9	2	6	9	3	10	15	9	13	11	3	10	20	15	4	2
6	13	20	20	15	17	18	1	1	5	14	1	7	7	3	5	2	1	11	1
4	15	14	10	19	5	19	19	13	17	2	8	8	2	14	7	8	3	1	19
18	18	17	14	4	15	6	12	13	18	15	12	14	14	12	17	18	18	15	11
5	18	8	9	10	1	6	2	15	1	14	8	9	2	5	3	8	8	17	13
14	14	6	4	3	11	14	16	6	18	3	7	2	12	2	1	7	2	5	8
18	12	15	6	3	6	12	7	7	4	2	20	2	9	14	7	20	13	9	12
10	9	16	18	2	2	16	18	4	13	8	1	19	16	14	12	14	5	11	16
11	4	13	11	9	5	12	2	10	19	3	19	13	1	11	14	12	16	10	15
3	18	3	3	19	19	17	7	12	6	19	1	13	15	4	18	15	11	7	20
6	2	18	8	15	4	2	8	2	4	15	1	6	18	12	9	5	14	11	14
14	15	12	6	14	20	2	16	18	7	2	9	1	11	13	18	15	8	1	17
20	17	8	16	1	13	13	13	20	12	4	15	19	5	17	8	5	13	10	11
5	6	15	5	12	11	4	12	9	18	1	12	3	12	12	4	17	3	6	15
10	19	14	14	7	16	7	9	12	9	4	15	20	8	2	13	14	15	13	18
13	13	9	1	3	6	6	20	7	7	5	7	10	19	17	6	8	1	1	7
19	9	20	9	17	15	18	15	2	6	18	6	1	10	12	17	5	9	4	19
20	15	17	6	2	16	14	2	10	15	9	10	19	14	4	10	20	12	20	14
14	11	6	14	4	20	14	7	18	12	20	11	14	7	1	18	6	11	10	18
20	17	16	9	1	11	7	9	15	20	9	3	1	4	3	16	6	7	3	8
7	6	14	18	19	6	15	2	17	8	2	4	4	4	1	19	18	2	17	4
4	14	17	7	5	15	15	11	4	13	19	4	18	7	10	11	4	9	1	16
16	2	9	18	9	4	3	14	11	15	10	19	12	15	10	2	4	4	16	20
3	13	11	14	1	3	16	1	12	20	16	17	11	6	13	11	20	20	7	16
7	1	3	19	8	10	9	3	4	1	5	9	17	7	10	6	13	15	12	20
11	20	15	6	3	11	13	16	12	6	18	12	18	15	7	18	11	13	12	7
6	16	8	16	9	6	9	6	9	11	1	20	14	8	10	8	16	15	2	9
6	20	16	15	16	3	5	10	18	10	15	13	13	8	13	10	20	17	4	18
2	17	4	17	16	17	20	10	8	13	16	15	6	18	11	3	12	1	11	10
14	19	6	18	10	12	8	16	17	2	16	6	17	16	10	3	9	3	11	15
7	10	6	14	11	3	10	1	3	8	12	14	18	20	4	12	10	7	9	3
11	4	4	19	20	19	18	12	5	8	13	12	12	3	12	16	3	17	1	19
2	19	11	6	19	1	19	8	17	10	3	10	12	1	9	3	12	3	13	16
8	12	5	17	8	16	14	17	20	12	2	13	19	4	12	4	11	7	10	19
5	15	16	20	16	14	6	14	13	7	9	18	16	12	9	10	1	6	19	17
8	16	3	8	15	16	8	12	14	17	20	11	12	12	14	13	7	3	4	10
3	1	20	1	13	1	13	18	17	8	20	19	15	10	20	15	8	10	18	18
7	9	9	5	9	13	9	17	13	18	20	20	14	19	10	19	9	12	13	19
8	4	4	18	9	9	11	10	10	9	3	4	17	17	12	10	9	2	9	14
20	5	4	15	1	18	1	14	15	1	11	15	19	19	11	18	6	1	9	9
3	12	19	1	18	1	20	9	3	15	10	4	3	10	15	9	6	1	6	16
14	3	18	11	9	6	18	6	15	3	17	12	8	1	19	3	9	20	13	8
18	2	12	1	1	14	1	6	13	19	5	10	14	17	18	4	20	10	10	2
13	14	1	16	8	19	15	6	11	7	19	19	6	1	14	5	6	3	16	4
14	18	8	3	1	20	20	10	4	18	16	4	20	16	16	12	15	11	17	2
3	17	17	1	7	2	8	15	15	17	9	1	3	5	7	5	18	10	6	8
14	14	5	7	16	13	3	18	19	4	20	14	19	19	12	10	19	16	19	7
12	2	15	11	20	4	15	1	9	8	18	15	20	16	16	7	15	7	13	18
2	4	19	15	1	18	5	4	1	20	11	11	7	7	15	11	4	5	8	5
8	6	5	3	6	8	6	6	5	10	7	10	8	9	10	12	3	14	8	10
2	10	12	5	12	16	2	13	3	18	7	14	8	18	9	10	9	6	8	20
17	9	17	13	19	5	6	1	20	11	2	19	20	10	16	13	17	11	20	9
13	20	9	16	15	7	17	13	18	8	2	13	17	18	7	11	2	15	5	1
13	8	11	14	17	12	1	10	9	19	8	8	13	16	14	15	5	2	4	7
13	20	19	7	11	12	20	10	15	3	6	5	4	19	13	19	10	15	8	3
11	3	6	7	8	11	17	2	7	10	18	15	10	1	15	13	12	6	14	13
9	3	11	2	19	7	13	9	12	13	6	15	1	17	11	3	3	8	15	17
16	18	14	8	11	3	17	7	5	10	18	3	3	13	18	8	15	13	18	15
15	9	2	7	13	13	6	10	6	6	19	17	16	17	20	16	16	6	12	16
9	5	6	20	5	16	13	14	18	14	9	3	10	7	15	7	6	5	17	2
1	10	19	5	5	20	6	8	7	17	11	2	4	6	8	11	8	8	9	5
14	8	20	9	18	14	19	8	2	16	1	18	7	13	7	13	16	13	8	7
3	7	6	13	13	20	19	17	11	7	2	13	14	16	19	17	19	14	13	1
5	5	1	12	17	1	9	18	18	1	2	18	15	7	10	3	17	11	16	18
15	18	16	8	2	13	18	15	13	9	18	7	18	19	15	3	10	19	14	4
12	13	16	5	9	6	5	8	15	20	12	4	10	17	18	16	14	11	2	15
18	3	13	4	9	2	16	5	18	20	10	19	12	5	17	10	7	1	1	5
12	14	6	11	17	13	8	6	8	15	5	10	16	18	19	2	2	15	13	18
6	8	7	6	1	19	1	1	5	2	11	15	15	15	9	7	4	13	10	11
12	2	18	6	20	11	12	10	11	10	20	17	19	6	2	9	12	9	9	10
18	3	16	6	19	12	12	16	3	8	8	20	7	17	1	20	14	3	17	4
9	15	10	18	14	1	12	10	2	19	16	1	10	5	9	20	2	15	10	13
1	14	6	15	4	6	11	18	16	11	15	9	12	19	7	2	17	5	4	5
5	2	16	18	2	11	16	19	15	11	13	9	16	8	6	5	1	8	10	7
18	17	8	15	12	9	13	16	11	15	2	5	14	11	12	10	6	13	4	20
18	9	7	15	3	14	9	7	6	18	15	1	17	8	16	6	18	1	19	8
15	3	9	18	13	3	16	12	1	13	4	20	6	16	14	10	18	5	18	8
5	19	1	7	2	17	20	11	8	20	16	20	1	9	14	4	18	12	10	7
9	11	11	6	13	10	9	20	12	3	10	15	20	7	16	9	13	9	5	6
3	13	11	18	6	20	8	12	20	19	5	11	3	7	19	17	13	9	7	13
2	5	12	7	19	6	7	1	16	2	12	3	5	7	1	10	1	17	2	8
2	8	18	11	3	7	14	11	8	20	8	13	8	5	2	20	4	18	16	5
10	12	6	16	6	16	3	3	15	16	19	4	9	9	7	16	17	16	1	13
14	12	12	19	15	15	16	8	1	2	18	1	4	2	9	11	7	11	5	19
19	3	9	8	1	6	4	6	20	20	15	16	15	6	7	2	2	8	14	11
18	17	19	9	20	1	12	2	12	6	14	13	2	13	7	5	17	8	9	20
20	3	20	13	3	13	5	4	10	10	2	16	4	1	14	4	20	12	15	20
13	18	2	15	1	16	3	10	6	6	16	8	8	20	7	20	5	18	16	16
11	6	3	6	1	20	8	7	4	20	17	9	5	1	17	8	1	13	9	13
7	3	1	4	1	15	13	15	14	16	4	14	3	5	8	15	16	2	10	10
20	3	4	3	8	6	2	15	14	7	4	14	11	20	5	16	16	5	3	19
20	1	12	20	1	16	9	1	16	2	17	2	14	10	19	10	18	5	6	7
13	1	11	13	9	6	6	8	15	9	12	4	11	3	7	5	18	16	9	8
7	18	11	6	9	8	8	8	9	11	1	10	11	7	9	20	17	2	9	17
17	1	17	20	11	12	3	2	15	2	12	2	10	7	9	6	11	16	8	14
2	12	10	9	9	11	6	13	5	17	15	10	16	14	3	6	18	2	5	3
19	19	16	12	2	1	7	3	8	6	16	6	16	4	6	17	2	12	8	17
8	12	2	13	15	4	5	9	9	14	12	10	13	15	17	7	19	5	12	14
15	12	20	1	4	1	4	7	18	9	1	2	10	11	18	7	16	19	13	3
11	17	5	11	14	9	6	5	15	3	2	13	6	20	19	11	10	6	18	16
20	17	8	4	2	5	1	11	15	17	18	8	19	11	1	19	15	12	11	16
7	14	12	11	4	3	5	11	5	14	11	9	17	3	6	16	7	5	1	11
4	4	19	9	18	12	10	2	1	7	8	2	7	19	8	2	14	11	7	3
20	2	16	1	10	4	19	12	8	17	10	9	3	19	18	20	17	3	14	4
13	11	17	3	14	15	15	16	2	10	8	16	5	1	5	7	15	9	7	16
18	11	18	19	5	12	16	8	8	20	8	19	14	15	5	14	13	6	10	12
17	9	6	19	18	7	20	8	9	1	5	14	18	3	2	18	9	20	4	5
2	12	15	15	20	13	6	16	2	17	7	3	1	9	10	16	2	14	8	11
8	7	6	4	13	7	6	13	15	3	2	19	5	19	9	1	13	4	7	19
20	11	4	15	4	7	17	3	2	17	8	19	20	15	8	13	13	16	6	16
17	5	13	9	14	15	13	3	18	1	10	17	15	18	6	14	11	20	9	9
7	4	9	18	20	10	4	15	15	10	7	18	12	15	4	5	13	2	16	10
18	14	16	8	18	8	4	5	12	12	14	19	11	16	4	3	2	2	2	4
7	1	5	1	9	16	16	5	10	9	7	8	3	4	15	10	9	14	8	20
16	13	10	10	16	13	20	16	7	16	2	13	20	3	15	12	5	14	12	13
7	5	16	9	20	10	15	7	14	17	18	5	13	13	10	1	14	12	20	17
7	8	5	12	7	13	20	6	3	14	10	1	3	15	13	5	13	14	1	18
9	13	7	9	17	8	14	20	1	11	5	16	5	19	6	16	6	15	9	9
4	6	6	3	19	19	5	6	11	17	3	20	15	1	3	20	4	10	11	3
11	17	18	12	18	5	6	17	9	12	5	13	2	17	7	20	5	1	18	10
10	15	11	7	3	6	4	13	9	18	11	19	5	15	14	14	1	2	4	11
6	14	1	11	6	10	19	8	19	2	10	2	2	3	2	18	13	7	18	3
7	5	11	17	20	4	18	17	13	9	3	4	19	14	1	15	15	4	6	19
15	4	16	8	8	20	11	11	13	7	11	6	11	15	2	13	10	3	15	17
2	3	19	3	16	18	9	1	7	20	4	20	18	4	20	14	10	6	13	15
11	9	3	17	8	19	4	10	5	16	9	14	14	12	20	11	4	7	12	1
11	19	20	16	14	14	14	13	2	13	6	1	13	18	19	2	12	17	4	5
19	9	5	1	7	17	10	11	5	17	4	13	6	19	16	15	20	17	18	2
20	9	3	12	11	12	11	10	11	12	9	5	1	19	12	6	3	15	16	9
18	3	4	18	11	18	17	16	18	11	9	18	17	5	12	6	10	16	2	15
9	7	10	16	19	1	4	12	3	13	3	6	20	14	14	2	7	17	20	14
17	4	3	17	17	2	18	5	9	2	12	1	2	17	3	19	4	20	8	8
18	1	11	15	19	11	7	14	11	16	16	14	16	13	16	3	7	12	11	13
3	5	8	20	8	13	7	5	13	10	12	1	14	15	8	2	4	17	6	17
12	11	1	10	8	3	19	1	14	11	9	1	18	16	16	10	3	16	16	5
3	17	4	15	2	1	3	4	16	17	15	8	13	4	5	20	14	20	11	5
8	17	10	19	17	6	9	20	13	12	20	6	10	14	9	6	15	1	19	16
15	6	7	5	14	10	11	5	16	10	5	13	10	7	20	19	1	7	11	4
12	15	14	15	14	17	17	10	9	14	12	7	14	3	10	15	17	1	14	3
1	15	5	19	17	15	10	13	2	9	12	4	5	1	13	12	18	16	1	15
13	1	9	18	7	9	19	7	5	17	4	16	3	4	12	1	9	12	17	4
2	14	4	11	3	16	7	19	3	3	19	9	16	18	2	2	9	9	13	13
13	12	19	5	11	18	17	8	16	6	4	3	17	18	17	14	8	4	14	1
15	17	10	9	9	18	10	6	15	7	6	18	18	14	18	16	3	18	10	8
13	15	15	2	11	1	11	12	19	15	1	12	17	8	3	15	7	16	4	17
4	11	20	2	7	19	13	1	4	11	17	4	7	11	11	9	19	10	20	3
8	20	12	11	4	12	20	16	14	20	7	1	10	13	16	11	16	1	18	2
14	8	3	20	5	15	2	17	17	11	8	10	15	8	3	5	11	3	14	1
20	9	1	13	19	3	17	14	5	11	18	19	5	20	9	15	8	15	10	10
17	17	15	13	16	3	15	14	11	1	13	6	7	17	14	9	2	18	19	8
5	16	17	8	13	19	9	11	2	19	16	20	4	18	20	15	3	14	12	10
20	6	2	2	17	1	2	3	10	20	9	16	4	2	12	5	11	10	5	11
15	13	13	18	20	15	18	12	15	17	1	4	12	10	13	10	2	16	7	9
3	1	19	2	7	10	14	6	9	5	1	18	3	10	14	12	6	14	3	4
12	3	19	1	14	11	14	8	8	3	18	11	14	2	3	3	12	11	3	10
17	2	3	16	12	7	13	18	9	18	18	5	19	18	9	18	1	16	13	9
6	4	6	13	9	19	7	2	9	14	19	8	11	3	16	16	4	14	13	15
7	4	16	14	17	17	16	20	15	20	16	5	13	3	12	6	9	6	17	12
6	4	3	4	12	20	8	2	16	19	7	20	5	13	18	8	20	19	2	17
8	18	20	11	5	6	7	10	3	3	3	12	5	20	18	15	5	18	10	19
14	9	8	1	3	5	20	16	17	9	4	6	1	12	1	8	1	15	2	13
15	5	20	20	9	19	16	6	17	9	19	18	1	7	12	15	17	1	19	13
6	13	13	16	17	13	12	4	7	19	7	19	5	10	8	12	5	11	4	4
15	19	1	1	9	16	14	4	1	3	14	18	13	13	16	3	3	20	12	14
17	7	10	8	9	5	6	4	15	14	13	7	18	17	14	20	10	16	20	1
8	9	16	20	16	6	11	7	2	15	3	6	11	2	16	1	15	11	19	1
4	12	1	18	8	13	2	5	13	9	20	9	15	10	12	1	10	12	7	7
7	12	16	11	19	5	17	13	11	11	10	18	5	6	7	6	2	16	1	15
19	18	15	18	8	12	18	9	19	8	20	13	19	8	9	7	20	10	4	17
14	18	3	10	14	9	16	19	7	4	5	16	13	1	19	13	7	20	6	20
17	17	11	11	12	1	10	5	13	17	6	1	16	3	16	18	18	7	9	19
5	6	7	18	7	14	9	19	14	7	5	15	2	6	3	6	18	5	11	10
10	9	18	19	9	11	4	19	18	20	18	1	16	17	17	14	15	5	19	9
9	11	8	19	10	13	13	17	1	20	18	1	15	2	3	2	14	6	4	16
2	20	1	1	15	10	15	20	11	20	6	20	17	4	6	6	20	13	13	2
18	3	13	11	12	5	18	17	20	2	15	12	17	13	6	8	19	3	14	14
16	17	5	6	20	20	2	14	5	16	15	18	12	11	2	4	20	13	7	10
10	6	10	20	13	1	4	2	1	17	19	5	13	14	18	15	15	6	7	15
9	19	1	8	7	10	17	4	4	19	16	8	3	18	13	8	4	15	16	6
9	13	10	20	1	11	8	13	7	4	15	5	16	16	16	2	1	9	1	3
19	6	15	16	6	1	18	20	18	9	15	12	2	4	9	2	13	1	12	10
5	11	14	5	15	20	2	13	2	12	9	7	17	17	15	13	2	7	19	5
6	10	15	9	11	20	13	7	10	18	2	10	12	17	5	16	17	19	8	2
17	12	20	18	14	12	19	12	18	13	7	15	17	13	12	11	7	6	3	12
14	9	13	12	9	9	7	2	3	13	6	4	13	12	9	7	9	9	8	5
9	13	9	10	12	4	17	17	17	8	12	19	18	4	15	2	11	10	8	6
11	15	6	18	9	2	4	15	20	11	2	11	8	18	16	10	1	1	9	4
4	8	12	16	14	1	12	14	3	7	12	11	18	14	8	1	18	14	1	13
1	6	9	19	18	14	7	16	19	7	13	9	9	8	14	11	4	5	18	8
17	9	15	3	13	9	3	11	12	9	8	7	7	3	5	13	2	15	1	11
17	5	14	13	3	10	18	20	10	18	18	16	5	1	19	15	16	2	3	7
7	15	6	10	11	14	6	10	20	4	5	1	16	9	8	19	8	3	2	6
1	10	13	17	6	15	11	13	13	19	15	4	14	10	16	8	17	6	4	12
18	15	8	14	17	17	14	9	7	11	4	9	19	10	18	12	10	7	17	20
7	4	11	2	1	7	19	6	9	18	1	19	19	11	9	13	9	14	3	17
1	5	7	16	20	7	14	8	6	12	16	8	10	15	8	20	16	19	4	7
3	13	2	9	11	1	1	20	9	4	20	15	4	7	12	12	5	1	18	1
9	4	12	8	10	8	11	5	4	16	4	2	1	15	2	12	12	12	16	2
17	6	2	7	12	1	13	16	4	12	4	20	16	18	16	17	17	3	20	13
9	5	8	17	16	13	2	12	20	13	8	3	1	16	10	17	3	10	1	1
17	15	7	5	9	12	7	17	15	4	13	20	8	7	8	1	5	14	15	3
3	8	10	16	12	19	18	16	6	5	12	13	15	9	6	7	10	15	10	14
4	15	17	14	3	3	7	10	16	15	17	3	20	18	7	8	16	5	4	15
13	1	1	15	11	16	20	11	10	8	8	18	15	20	6	3	5	19	13	7
3	17	13	3	5	4	5	11	8	4	5	8	6	14	6	12	16	3	20	17
13	11	14	12	18	6	5	9	17	20	17	12	13	4	13	11	16	7	12	15
9	17	6	13	4	16	8	8	11	8	15	7	8	13	17	14	19	18	6	4
3	11	12	7	17	10	16	8	16	5	13	19	11	15	13	18	1	7	19	1
10	17	1	19	11	12	9	12	1	9	14	20	3	8	14	4	14	13	5	19
20	10	11	5	20	10	10	3	10	10	17	2	5	11	12	12	16	5	15	7
11	20	16	16	4	12	8	4	20	15	18	1	1	12	8	1	20	12	12	9
1	1	6	3	11	7	8	7	8	10	20	3	17	6	17	20	17	20	2	7
1	7	19	5	15	16	11	5	9	1	20	14	20	17	19	1	5	1	12	15
2	6	17	13	4	7	8	14	12	12	7	1	3	18	5	20	12	3	18	12
8	13	14	15	17	13	17	8	12	9	13	16	13	14	5	16	9	14	2	14
7	4	5	2	19	9	20	3	10	10	15	5	1	18	18	14	12	2	6	11
20	3	9	17	18	15	9	18	11	3	19	18	19	8	1	4	4	6	18	9
13	8	5	15	20	20	19	19	5	14	19	1	12	20	1	9	12	15	13	3
16	6	11	1	15	17	3	13	8	9	3	2	20	8	6	13	16	11	13	12
1	1	20	3	7	9	5	19	13	4	2	14	3	11	9	11	13	18	10	8
3	15	10	13	10	6	3	10	20	14	11	14	12	14	14	4	10	2	17	15
20	10	8	5	15	20	2	19	4	15	5	1	2	18	1	11	19	4	7	7
6	18	16	20	11	15	16	3	6	6	13	19	14	18	16	6	1	14	12	18
11	9	14	11	7	1	16	11	15	15	10	11	12	9	5	10	4	2	10	3
7	17	15	8	14	4	2	13	19	3	15	4	17	17	9	18	5	19	18	14
15	13	2	4	10	1	18	11	17	17	15	14	20	20	6	15	2	19	6	11
5	10	17	17	16	14	4	15	17	19	20	17	19	5	16	1	8	16	7	10
13	15	2	6	20	1	9	13	4	10	14	18	16	10	19	19	6	9	9	15
13	17	18	16	14	17	10	8	15	12	9	12	1	18	3	4	13	1	1	3
20	15	2	12	10	16	20	2	20	17	18	6	2	7	12	18	9	8	19	17
7	6	8	11	16	1	17	3	12	19	7	8	7	4	20	14	14	14	20	7
13	15	5	13	5	11	17	15	8	2	5	13	13	13	12	4	8	4	1	3
3	8	4	4	10	2	2	15	1	6	16	9	17	2	14	14	20	13	6	11
3	10	11	14	2	2	7	13	12	5	6	13	14	9	2	7	5	1	12	1
13	19	8	4	7	9	18	4	8	18	14	12	8	14	18	16	14	18	15	12
2	12	1	13	7	4	6	19	16	19	4	7	3	14	4	3	10	5	15	3
13	7	11	9	9	1	15	9	6	7	14	4	6	6	10	1	17	20	2	12
4	2	11	6	11	9	6	9	5	13	9	5	19	5	16	13	11	1	4	10
19	19	11	3	4	19	14	17	14	19	10	17	5	5	17	20	13	8	4	10
11	6	6	17	4	12	3	13	19	18	3	9	15	9	13	1	4	3	6	18
3	7	17	10	20	11	12	16	5	13	20	3	1	11	19	9	19	11	14	5
5	11	3	18	13	19	2	14	1	19	3	16	15	2	5	2	8	5	6	3
15	18	15	19	16	6	9	18	11	1	13	6	19	14	6	4	16	5	14	14
5	1	6	7	4	10	2	8	9	16	10	7	16	1	4	5	19	14	18	12
6	19	15	15	5	11	3	8	5	17	11	12	2	3	11	14	15	19	8	19
8	9	20	16	6	20	20	10	1	9	18	14	12	19	19	2	19	7	14	15
5	2	6	4	6	17	14	6	16	14	17	9	6	11	16	10	6	1	13	5
6	1	5	10	10	13	19	3	17	19	1	10	11	9	1	16	4	11	10	17
5	20	1	17	12	19	11	8	12	15	17	4	14	16	11	10	19	4	4	15
10	1	5	19	15	18	4	17	1	16	2	11	14	10	7	11	7	10	5	9
11	8	3	1	6	4	3	16	17	10	4	3	17	20	7	20	18	7	16	12
4	8	14	13	4	9	6	13	18	8	7	2	13	15	3	10	14	13	17	7
1	8	9	11	16	13	7	6	3	12	14	10	19	9	13	5	15	4	9	16
4	13	12	20	6	6	5	16	16	12	8	1	16	3	2	18	1	5	18	8
12	14	4	8	19	7	9	18	5	4	8	16	16	10	10	11	8	15	19	16
13	6	20	17	16	3	12	18	2	3	4	1	18	2	16	1	12	10	10	18
1	4	4	20	6	6	18	20	12	20	10	17	15	3	13	18	15	14	15	15
18	20	11	3	13	1	14	18	8	18	19	17	1	4	16	10	2	7	17	15
14	18	7	18	18	11	2	6	16	16	3	20	11	20	1	12	7	7	18	3
19	1	11	19	17	2	8	6	13	7	18	1	7	8	11	11	20	7	14	9
17	13	18	6	5	11	3	16	9	9	4	10	1	5	13	18	7	4	9	5
11	12	9	10	14	11	14	6	9	7	17	20	12	12	10	6	15	10	3	16
5	14	7	10	12	1	6	9	1	2	18	6	12	3	10	5	11	1	2	5
1	18	1	19	18	11	7	8	9	9	2	16	5	20	14	2	18	7	11	16
7	15	5	4	3	8	8	4	5	2	14	18	6	12	17	7	3	18	4	11
8	6	11	9	16	5	11	3	1	3	5	15	19	3	3	7	20	15	12	14
20	9	10	8	11	8	7	8	15	1	1	10	19	5	18	18	1	11	9	6
2	19	10	17	18	9	11	4	4	16	8	5	13	6	15	13	15	5	4	17
8	12	4	20	1	16	2	14	11	16	12	16	9	12	10	14	3	14	7	15
20	9	3	6	4	6	2	17	11	12	19	1	1	15	7	4	3	18	3	9
6	18	8	18	6	18	15	20	20	7	6	14	18	11	2	20	11	3	11	12
14	13	3	19	11	8	17	11	9	17	5	13	9	9	3	5	7	16	17	12
1	16	1	4	13	3	14	2	16	18	9	19	8	9	16	11	19	14	15	14
9	18	11	14	17	1	19	20	19	6	2	1	16	4	18	19	13	16	1	8
5	2	2	12	17	13	10	13	5	4	10	17	19	20	13	17	13	17	14	19
5	16	19	14	15	12	18	2	13	11	16	11	4	8	19	5	5	16	5	20
15	16	6	5	4	12	7	16	17	14	4	7	1	12	13	13	9	2	9	16
18	9	15	8	6	10	2	11	3	20	16	11	8	16	16	16	5	18	7	15
13	3	7	13	5	7	9	2	5	9	13	20	11	19	9	7	9	16	4	19
17	16	8	14	5	13	20	10	5	18	9	2	1	5	19	13	6	4	14	11
19	1	1	2	11	12	1	3	15	19	1	13	4	1	8	20	15	16	5	8
7	17	7	16	12	6	15	17	2	10	2	13	7	7	4	11	14	14	7	7
10	8	4	17	8	14	19	13	16	2	20	19	20	16	3	18	20	7	9	10
20	12	7	8	20	7	8	5	17	16	9	16	6	15	2	18	3	11	12	15
1	13	15	16	9	16	8	9	16	17	9	3	7	20	2	4	1	10	4	20
20	5	13	14	20	13	19	7	5	19	2	6	11	1	19	20	9	1	18	15
5	17	8	20	10	17	8	4	6	18	12	19	16	7	20	1	1	8	2	11
8	17	1	12	17	6	20	7	5	12	2	14	15	12	13	15	4	1	18	13
20	1	4	14	2	15	2	16	6	10	4	13	15	10	2	2	12	6	3	1
2	9	20	3	2	17	16	11	9	10	3	3	7	8	10	6	3	3	13	2
5	12	20	6	8	6	8	10	18	20	4	1	8	19	17	14	14	11	10	12
17	6	15	1	11	10	9	17	1	5	19	3	19	1	9	6	14	11	20	10
8	3	15	1	9	17	6	13	11	17	1	6	14	14	7	20	1	1	14	3
15	7	10	15	11	9	15	2	9	4	4	6	9	15	20	19	18	20	3	2
15	19	15	12	16	5	16	18	7	13	19	16	8	17	20	4	20	10	5	13
10	11	17	20	10	16	5	2	8	12	18	12	1	16	20	8	5	17	5	8
1	10	5	15	13	4	6	7	6	8	15	11	15	19	18	20	8	20	1	1
18	4	7	20	13	19	17	11	5	2	6	6	16	16	18	20	15	2	9	20
18	18	3	5	6	7	4	1	13	12	1	16	20	1	18	16	18	4	17	12
13	15	13	18	5	16	7	7	15	12	17	4	3	4	18	15	1	3	16	5
16	6	3	12	15	14	20	9	6	3	5	4	3	16	16	6	6	9	6	4
20	6	8	4	12	8	14	18	5	7	15	10	2	13	2	14	5	3	7	8
7	19	11	5	16	6	12	8	11	12	19	5	15	2	19	9	19	19	19	2
20	13	7	12	19	18	16	8	18	16	3	3	1	11	15	17	11	16	17	16
4	19	11	17	16	6	11	12	12	2	8	3	13	19	6	18	16	6	7	3
7	19	7	11	1	4	6	2	13	13	13	16	8	17	17	3	5	12	7	1
15	7	16	4	16	12	14	19	17	18	11	11	17	2	11	4	15	14	6	12
9	12	6	12	10	6	9	16	5	13	17	6	17	11	7	7	3	15	4	10
15	17	5	5	14	1	17	20	19	6	20	3	12	10	13	20	12	11	11	14
13	15	14	10	16	10	13	16	15	15	10	11	11	5	13	10	4	12	13	4
6	2	5	15	11	16	6	8	8	6	2	13	11	7	1	15	5	19	20	5
12	12	17	19	11	18	15	2	17	7	4	18	8	15	11	19	2	15	4	1
19	6	2	16	19	13	4	8	5	7	7	19	9	9	17	6	16	2	3	3
2	3	9	9	8	10	15	11	12	2	8	9	18	14	3	9	12	4	12	1
18	7	13	7	8	2	4	15	7	14	4	10	8	18	3	3	5	6	18	13
8	13	12	14	3	14	12	16	20	14	19	8	17	14	16	13	8	5	8	3
5	10	16	4	8	3	2	4	10	1	15	10	2	9	1	7	13	12	12	20
2	6	3	17	13	7	2	6	11	3	12	5	18	6	7	12	16	10	14	17
2	8	13	11	3	3	16	17	10	2	17	1	17	3	6	4	15	8	6	11
10	14	6	16	4	12	7	10	9	7	13	8	14	13	4	2	16	11	19	6
3	4	14	4	7	10	2	14	1	5	6	13	2	11	7	6	19	13	19	9
6	10	2	20	5	3	9	11	14	18	7	2	11	6	2	8	16	6	4	16
17	12	8	6	20	6	15	10	11	16	17	9	6	1	3	19	14	9	12	7
14	16	14	16	6	1	7	7	15	19	13	20	14	8	14	15	9	19	7	1
8	19	15	15	2	5	4	9	2	13	18	7	4	5	2	4	7	12	1	7
8	9	7	2	20	13	5	11	11	20	6	1	16	17	6	1	13	1	12	2
13	14	9	12	15	7	11	3	20	10	17	12	12	12	18	13	2	13	4	5
15	4	10	9	8	5	15	5	6	10	6	5	19	7	18	12	5	9	2	5
2	4	16	17	5	5	9	17	15	16	11	15	12	17	17	19	6	2	20	8
13	20	6	12	15	6	5	9	17	6	14	9	8	15	10	4	19	12	11	3
8	16	18	5	5	7	11	16	1	16	13	17	13	20	13	19	1	13	10	7
15	17	6	2	8	9	3	15	19	6	15	6	16	11	5	18	15	6	1	17
4	18	6	8	18	20	3	2	5	1	6	14	18	8	10	9	14	11	17	3
6	7	12	14	15	20	13	13	4	2	9	13	18	8	20	11	17	8	19	4
16	15	20	14	12	2	12	11	1	19	16	11	16	17	17	20	13	14	7	15


1	2	2	1	1	1	2	1	2	1	1	1	1	1	2	2	2	1	2	2
5	5	1	5	5	1	2	4	5	1	2	1	3	5	2	2	1	2	2	4