500	6	20

1	1.3	1.55	1.75	2.1
4	6.76	9.61	12.25	17.64

13	1	57	38	43	41	85	63	80	54	23	36	17	28	68	27	73	26	99	64
85	83	15	63	75	29	93	77	26	51	76	5	83	3	53	78	65	45	88	38
79	54	1	63	37	22	90	41	34	80	51	58	2	40	27	70	81	19	47	42
89	49	44	22	65	36	55	59	86	97	45	38	52	80	1	66	53	11	1	59
48	17	93	29	88	24	40	6	20	30	55	75	56	9	97	98	41	93	17	46
55	29	52	10	32	51	50	64	14	42	86	49	78	1	81	18	51	29	20	95
50	49	65	42	1	51	44	32	84	30	29	6	5	57	78	86	3	62	90	35
3	16	3	48	92	84	89	8	9	75	44	5	69	56	14	9	96	66	28	35
68	83	81	25	50	58	48	99	77	68	7	53	52	16	41	27	75	20	1	74
93	32	23	22	79	11	93	13	9	30	4	29	73	8	85	89	2	51	41	46
78	21	90	12	99	67	43	57	87	38	87	85	54	8	89	15	48	69	93	45
69	23	63	36	74	73	25	25	98	40	56	2	60	72	55	69	29	60	83	46
86	49	13	45	82	50	16	32	43	72	83	39	86	17	97	93	61	49	7	23
56	10	50	62	13	4	24	98	77	4	21	54	86	61	72	32	86	34	53	64
47	88	53	35	82	43	10	53	20	23	67	24	95	66	73	21	37	60	25	31
78	95	42	13	26	41	96	10	42	21	67	65	44	56	91	37	35	84	85	34
1	21	2	34	52	90	34	12	53	11	50	83	43	68	87	75	9	93	42	44
80	88	83	54	39	54	69	1	93	21	85	62	16	43	34	73	73	93	90	74
75	32	51	77	97	14	99	59	78	74	20	11	60	88	68	87	39	25	23	9
21	94	40	50	17	93	69	34	12	45	49	21	78	16	72	18	53	67	1	48
38	10	85	35	8	9	98	99	28	8	57	27	96	20	57	27	19	20	40	75
82	98	85	24	81	15	95	36	39	10	55	51	4	7	85	20	62	42	51	71
54	87	14	9	3	97	68	93	98	6	38	23	48	96	91	13	76	74	1	39
30	48	75	36	21	34	97	98	62	19	32	21	7	1	25	99	51	24	68	19
25	29	20	94	59	20	39	56	83	21	31	43	25	58	7	50	88	84	53	39
30	85	53	31	27	38	6	52	71	1	68	68	57	18	80	23	41	13	85	67
57	67	85	13	46	20	55	13	55	28	13	26	55	73	94	65	25	99	54	89
15	59	77	6	80	57	5	31	56	77	24	63	32	10	7	16	10	42	67	2
54	91	79	73	14	18	74	97	76	87	51	67	38	66	17	1	68	45	38	91
51	52	23	98	19	73	70	77	45	28	42	61	21	88	54	15	12	21	58	35
92	33	24	56	75	65	86	4	29	28	20	54	86	98	48	57	66	23	63	70
34	40	53	34	67	14	3	31	93	13	35	56	52	78	99	85	72	90	77	26
32	4	5	19	95	19	12	1	95	51	80	57	28	24	1	29	65	63	56	40
97	60	49	40	83	87	79	76	68	50	33	48	5	8	81	65	89	10	38	95
44	3	35	8	33	94	12	64	14	22	6	57	76	25	12	97	20	28	33	26
40	36	21	46	87	3	57	40	37	10	66	4	22	91	2	20	71	87	33	1
82	34	21	64	43	87	68	66	25	64	83	46	20	27	40	67	82	8	33	84
52	88	5	60	75	41	39	78	17	36	30	48	96	74	35	3	4	67	98	30
95	1	41	20	73	8	76	51	93	23	5	76	53	86	58	58	4	2	64	25
55	7	13	61	59	67	1	92	69	19	86	46	33	18	40	15	41	22	67	56
18	82	5	84	48	10	44	60	51	32	73	91	99	72	77	20	41	14	10	64
11	25	42	82	44	11	72	36	20	77	75	81	16	22	10	38	90	12	51	29
2	90	69	70	97	89	23	86	29	56	66	38	86	42	34	67	78	67	75	79
31	14	91	52	8	15	37	36	74	26	9	54	31	70	51	35	4	87	76	9
9	62	2	76	10	45	38	43	24	52	16	25	86	7	24	32	85	63	46	39
79	83	84	14	90	82	24	64	32	18	45	84	97	2	38	79	59	6	26	31
18	58	39	90	82	85	38	67	13	21	98	78	33	45	33	9	20	1	7	95
9	44	63	97	19	5	46	84	41	25	40	78	36	23	21	60	51	13	51	28
20	94	99	15	43	84	97	8	95	99	10	41	13	10	81	95	63	37	30	94
75	42	33	97	8	67	16	97	46	92	70	5	42	96	20	33	83	49	35	87
61	49	33	84	70	49	59	43	48	18	68	40	48	31	12	61	12	90	98	35
6	51	95	16	39	97	34	95	81	13	68	90	70	86	7	78	62	35	51	82
48	2	38	4	95	10	62	37	65	2	91	57	50	48	74	68	84	55	67	41
28	23	83	79	29	43	19	67	42	80	91	23	45	28	10	97	25	64	85	50
93	80	43	53	51	46	19	38	32	78	47	61	53	5	27	29	79	54	83	92
42	28	6	30	53	24	59	8	28	52	59	32	41	98	41	85	30	17	24	92
87	77	83	48	64	49	90	30	56	57	6	25	66	75	51	25	67	29	50	54
6	47	51	49	89	39	31	45	10	35	98	19	17	7	49	67	44	39	11	6
42	67	15	42	14	85	81	48	20	73	27	39	78	23	52	48	54	79	51	9
64	99	14	5	24	82	85	51	89	12	31	72	57	94	80	28	4	22	74	99
77	60	57	31	44	33	35	83	26	23	19	60	81	72	92	15	83	93	80	66
10	78	92	3	26	18	49	99	27	10	44	78	97	48	67	47	22	83	11	58
86	80	77	94	57	2	72	52	34	80	79	62	44	7	77	90	11	86	14	1
87	54	49	67	7	45	31	6	6	40	2	30	84	9	7	95	38	73	42	46
71	35	56	9	21	10	1	11	79	75	79	97	66	78	22	31	61	99	9	45
57	57	79	16	17	29	80	4	24	61	40	35	73	46	7	96	89	82	66	77
17	47	12	33	80	44	40	44	18	50	99	97	47	55	4	87	54	61	22	24
50	90	30	10	88	49	33	94	50	57	82	42	28	80	84	69	69	15	12	33
12	91	65	5	53	57	63	17	13	94	65	10	52	63	52	78	34	1	63	20
73	54	18	21	40	47	14	84	47	23	24	59	19	50	56	96	11	9	20	4
65	59	67	62	87	71	99	5	25	2	24	35	30	68	3	27	63	19	19	66
60	78	16	46	48	67	15	4	60	24	57	85	40	73	74	3	32	86	63	95
57	60	23	65	65	3	75	84	42	28	33	90	83	81	7	55	88	7	33	26
41	95	53	82	49	67	80	16	99	32	48	8	44	65	43	90	98	13	66	53
92	74	44	20	99	90	44	31	69	48	20	41	4	8	38	2	88	94	78	96
42	18	37	5	52	96	48	33	59	47	44	49	90	92	11	33	89	23	92	89
46	58	88	29	41	80	64	6	86	51	68	76	69	48	53	91	37	34	19	76
23	24	99	74	49	9	66	69	48	7	56	66	53	9	48	16	54	55	33	2
2	88	71	88	28	14	29	1	51	45	43	28	16	60	86	30	70	23	5	95
10	26	18	4	74	2	36	25	94	53	41	47	46	53	78	90	3	94	33	90
13	65	18	67	93	91	68	84	85	52	68	88	13	82	29	5	23	2	60	25
55	47	22	1	34	33	57	11	7	60	4	38	50	47	60	28	48	59	14	20
12	93	44	98	29	22	88	60	71	84	7	87	47	23	1	87	5	5	27	47
90	74	97	41	76	71	67	96	22	49	54	75	20	66	13	37	10	14	12	49
72	25	60	41	93	71	65	71	47	15	83	56	72	39	1	53	20	89	27	9
98	96	98	15	79	11	93	88	26	46	17	71	96	46	67	24	15	78	44	63
84	19	81	30	74	46	25	6	61	51	14	71	56	22	27	69	9	25	52	69
28	80	30	7	4	46	94	6	96	38	6	35	86	59	53	93	23	66	3	74
33	60	44	33	30	37	35	25	24	39	79	2	13	7	23	41	22	39	44	30
62	66	37	73	16	99	51	56	58	67	31	83	41	23	62	59	16	84	21	50
9	41	93	5	38	50	9	45	93	74	65	1	12	26	83	50	49	15	31	76
18	71	99	69	37	32	55	84	80	64	71	51	27	66	44	56	3	73	99	50
4	8	22	46	46	61	2	70	99	30	38	67	20	92	10	43	44	10	30	58
23	96	94	62	15	67	72	18	90	36	31	56	16	48	84	80	36	43	45	76
66	73	23	8	78	52	31	69	38	77	68	60	33	94	68	44	83	34	70	3
37	45	17	91	43	82	93	57	61	30	28	86	94	97	98	80	67	67	41	21
15	18	84	76	67	94	7	5	50	16	25	26	62	82	72	94	17	44	46	73
9	16	2	62	28	38	6	54	82	57	30	84	42	35	66	67	60	19	11	1
62	78	24	41	89	44	13	79	70	42	79	32	95	67	95	92	98	92	11	60
17	15	58	17	37	47	58	71	60	72	41	17	25	52	50	65	52	21	50	82
9	40	72	84	64	75	90	77	41	59	98	68	61	22	31	31	12	82	62	14
84	35	20	72	58	62	92	21	71	84	58	84	9	59	16	27	69	50	24	22
38	37	39	45	95	6	89	69	72	82	17	83	30	81	65	38	66	47	59	93
26	83	7	93	9	70	55	65	62	17	30	37	16	47	55	32	80	5	15	99
85	3	66	40	16	33	98	59	3	81	92	21	5	80	33	67	69	31	41	21
63	24	55	72	52	45	8	47	32	5	23	43	86	90	9	17	24	1	87	16
43	60	42	51	16	58	94	97	63	3	40	23	11	8	26	16	59	76	99	13
25	58	64	45	4	45	61	31	85	59	26	55	73	64	89	75	24	7	26	56
89	8	23	68	53	5	17	77	95	49	99	45	74	85	30	59	88	44	55	77
32	50	43	33	55	22	55	96	26	22	15	97	42	92	42	95	57	9	25	79
52	73	46	15	97	42	79	30	2	18	11	24	49	68	40	36	41	27	28	49
81	27	87	39	21	80	47	32	27	55	21	40	6	63	98	2	27	66	64	24
87	99	47	96	28	20	91	2	2	1	48	93	41	28	15	46	75	42	30	7
58	66	30	30	59	66	31	50	88	34	79	49	22	5	23	80	86	21	56	63
21	85	98	5	63	58	5	88	28	73	83	57	32	41	17	32	35	40	59	47
9	83	63	86	36	39	40	11	82	48	76	95	65	78	97	20	43	52	76	10
60	14	5	88	24	3	49	50	93	81	68	33	44	71	79	29	13	93	29	81
78	52	9	28	88	86	39	4	65	94	37	8	31	61	63	83	11	71	29	72
79	28	66	90	86	33	33	41	38	62	99	33	79	16	3	16	35	14	98	16
59	30	12	65	74	92	25	59	23	21	64	7	96	88	64	99	71	78	64	90
94	79	16	83	39	62	71	10	15	79	98	81	23	78	29	25	11	33	65	54
62	17	51	58	52	90	92	88	99	72	85	78	39	73	6	30	47	10	31	34
49	31	39	4	54	23	3	64	22	55	91	46	95	35	71	45	89	37	82	90
8	23	17	44	1	32	35	77	84	15	95	95	42	50	44	1	12	49	93	14
26	65	67	71	7	39	36	35	64	23	86	53	68	37	22	94	21	66	77	2
20	63	2	7	33	66	97	99	37	32	70	4	46	88	93	88	68	79	4	16
16	34	8	80	83	18	98	42	56	18	63	97	27	29	42	87	97	56	45	77
21	43	51	81	11	37	98	54	96	89	51	78	91	57	26	20	88	53	41	96
18	23	85	17	91	13	90	77	70	9	84	46	9	36	11	32	9	40	94	54
17	16	11	61	79	99	40	57	12	13	77	33	42	13	26	46	43	67	77	47
7	79	93	72	99	84	74	55	63	6	86	30	20	57	71	3	24	77	88	63
15	31	71	64	13	7	14	76	36	40	24	90	90	34	74	2	34	58	31	83
91	78	83	19	5	63	36	75	4	56	94	87	54	60	5	24	90	54	21	20
35	71	61	97	53	51	5	59	90	38	12	60	43	90	60	13	26	32	59	94
72	40	3	45	38	18	23	84	71	43	73	33	48	97	44	19	52	95	75	7
46	53	10	27	72	80	31	8	57	1	72	56	36	89	40	18	44	12	57	69
18	13	84	65	19	23	31	76	64	2	52	75	12	31	27	25	91	54	42	96
60	6	83	13	12	52	25	31	41	85	72	34	26	68	96	77	63	29	89	43
74	90	93	36	39	71	91	55	49	22	86	37	59	61	51	80	5	28	35	60
44	92	29	52	37	65	96	59	39	5	72	91	93	21	31	55	28	23	98	20
45	66	66	15	34	89	95	78	66	2	86	73	97	29	67	34	51	20	97	2
58	53	33	93	13	59	86	43	45	23	10	1	83	27	13	87	95	58	16	1
3	14	72	4	41	21	78	27	60	28	72	66	79	21	61	44	90	41	94	24
65	57	36	55	70	33	35	83	44	74	56	39	58	4	27	57	78	9	53	24
77	97	53	1	48	42	81	95	23	95	33	74	28	61	53	18	76	67	68	19
65	55	21	68	42	77	28	58	52	75	9	96	30	9	4	6	90	62	32	37
95	71	61	66	18	83	44	9	95	75	75	3	26	79	42	74	63	4	31	94
83	57	16	44	36	93	35	49	31	53	52	88	94	44	54	29	50	22	41	81
40	80	34	45	50	51	87	94	76	32	40	74	38	15	42	62	38	42	63	4
76	93	18	8	34	79	92	12	23	88	6	67	56	45	32	71	66	57	47	45
55	78	3	51	44	38	98	71	45	57	89	36	37	66	59	39	5	97	92	98
6	30	23	11	70	77	1	5	20	45	65	75	86	23	95	25	9	86	64	96
93	23	4	47	89	34	11	53	70	73	3	66	76	81	39	49	94	17	96	50
95	59	50	10	20	50	13	77	3	16	73	87	66	96	28	90	73	34	95	6
68	97	76	10	64	41	56	52	78	54	61	81	22	21	54	3	54	36	25	61
53	26	41	30	92	9	50	30	25	45	21	32	86	91	19	56	13	50	80	49
20	27	11	41	38	16	56	94	46	43	59	85	82	17	56	58	57	11	76	70
89	85	22	93	28	28	31	86	73	61	49	96	49	98	2	46	22	49	46	67
94	20	69	82	22	18	65	71	23	51	79	32	44	61	84	40	6	67	77	22
37	76	25	46	6	22	26	52	10	27	67	34	68	15	95	33	56	89	14	55
93	85	3	63	29	17	2	40	97	84	66	18	46	38	95	68	42	70	33	46
49	52	83	10	42	66	8	33	63	3	15	15	93	96	62	1	86	24	5	81
11	4	94	93	23	83	41	96	97	59	47	59	29	93	58	94	25	16	7	87
42	5	64	68	24	99	58	93	18	45	55	1	30	63	21	68	43	61	32	58
73	1	13	17	72	23	51	84	3	96	96	77	29	92	68	89	84	39	65	24
61	69	42	63	59	76	29	87	71	17	2	15	26	45	72	6	86	67	15	36
21	8	13	76	58	94	73	83	76	39	65	43	18	47	92	65	60	81	90	24
44	29	5	55	44	81	18	1	80	77	7	36	53	86	71	30	74	22	65	78
47	72	74	75	94	88	22	86	28	4	3	60	33	59	58	14	66	42	45	59
59	83	11	36	22	50	19	63	57	56	37	30	42	15	54	73	11	31	11	54
98	19	54	40	30	8	95	11	41	7	57	70	56	25	71	19	88	40	37	17
83	90	98	61	80	61	12	7	52	79	56	83	30	99	55	88	97	47	21	25
44	14	35	49	63	59	35	7	70	67	49	39	92	52	3	30	64	43	19	69
66	87	96	43	23	69	85	60	90	94	90	96	33	73	35	97	88	6	78	5
79	49	85	86	7	25	69	1	32	20	12	76	8	32	45	1	30	20	9	58
1	64	33	19	53	48	75	68	1	43	73	92	16	36	39	4	80	90	16	3
85	17	57	18	68	25	38	26	26	47	1	63	90	32	22	54	41	68	97	96
69	34	76	48	24	39	81	92	19	28	63	83	85	75	30	43	49	28	34	41
61	22	89	63	35	81	44	53	32	7	39	60	38	15	60	62	55	63	22	18
52	86	13	75	90	76	91	40	32	32	91	43	30	88	88	14	60	91	45	37
7	27	14	8	76	97	17	49	92	26	38	18	63	33	29	96	42	18	91	57
99	80	42	98	21	42	76	56	84	64	37	40	15	37	88	36	35	84	24	28
53	1	50	23	42	80	45	38	22	28	59	16	60	39	89	64	9	71	24	45
87	67	66	63	53	94	68	69	47	29	43	13	34	3	24	15	68	78	40	12
30	20	46	97	88	41	99	40	17	49	42	29	82	8	95	99	52	43	26	67
58	61	21	80	16	66	70	67	64	12	37	30	9	55	91	71	54	8	58	22
94	14	16	55	14	86	83	18	32	18	53	85	73	52	5	55	33	46	3	76
85	83	71	98	33	20	50	76	49	60	78	99	7	34	30	2	14	14	71	99
34	50	12	97	50	51	12	91	5	67	68	48	18	51	34	98	89	91	75	22
2	90	44	77	15	30	53	91	45	80	9	2	62	61	85	5	65	38	42	82
84	50	83	37	86	47	27	54	54	61	48	63	29	28	71	29	89	56	33	59
51	92	12	75	31	9	81	67	34	78	56	53	29	1	17	63	74	7	35	20
61	71	28	90	99	97	63	42	54	63	70	31	30	84	83	75	89	50	20	24
97	93	19	58	95	95	45	88	93	90	57	96	34	85	76	77	57	96	75	26
66	96	87	4	18	32	55	2	90	85	96	73	76	5	19	55	81	81	35	92
8	99	80	20	42	50	84	13	4	98	29	34	63	75	2	86	68	18	92	21
82	94	94	3	42	90	98	58	66	34	3	1	56	94	93	22	2	89	6	85
68	96	79	67	66	72	54	1	23	96	79	8	24	24	48	31	72	62	42	46
46	80	8	51	40	59	93	41	71	79	43	19	64	60	48	12	71	74	94	78
88	25	46	65	30	16	38	89	40	66	19	17	36	78	70	99	26	35	94	2
6	59	89	7	33	86	71	33	29	93	50	83	17	51	91	5	60	45	13	43
4	33	16	52	24	22	16	31	66	91	39	70	91	8	54	99	51	93	82	31
24	28	74	49	45	38	76	93	30	44	25	38	49	72	23	63	85	86	17	75
51	79	22	15	94	30	24	63	64	57	68	47	73	32	52	95	82	98	29	14
37	98	32	98	2	43	96	49	95	5	2	12	1	14	13	13	14	55	99	9
34	87	81	42	38	17	28	64	32	41	6	84	87	27	54	87	88	37	66	91
96	15	17	19	34	52	77	41	22	5	22	50	97	71	33	79	94	55	64	84
59	64	73	59	97	30	3	56	72	97	68	13	29	55	33	3	60	51	45	99
11	59	84	57	10	98	42	85	83	15	31	79	46	44	70	18	2	43	55	75
11	99	94	24	93	2	14	35	92	49	99	58	90	43	2	45	54	37	15	49
90	51	99	52	65	46	7	75	11	96	41	15	78	63	81	91	40	30	48	49
58	23	74	63	55	27	35	16	93	5	80	91	63	91	65	24	3	21	7	65
62	10	82	15	35	21	92	34	3	77	69	4	2	9	31	78	60	38	1	14
85	56	34	48	80	43	23	95	81	56	62	74	61	13	84	41	52	13	65	49
54	24	93	31	3	31	49	98	49	35	38	3	39	35	18	36	32	41	44	24
14	68	67	58	31	47	63	2	45	50	14	72	28	99	3	22	33	52	27	92
89	85	3	65	19	86	84	32	62	96	97	73	71	21	36	30	92	15	14	53
85	42	70	23	59	95	16	25	43	61	25	79	4	66	77	86	85	80	68	86
72	71	37	22	39	79	82	62	96	50	86	80	9	31	40	22	33	23	22	73
9	62	66	58	27	45	56	8	59	84	73	7	75	77	77	19	76	6	68	82
69	72	38	78	90	80	50	91	76	8	72	74	96	58	3	6	14	69	98	28
45	68	99	79	22	62	41	68	54	3	23	60	50	44	98	34	38	5	92	16
25	19	15	51	74	47	44	74	95	20	37	77	45	66	97	28	98	12	14	46
43	56	85	65	44	64	10	60	85	80	26	71	57	47	44	13	9	41	56	98
30	84	24	23	95	51	60	37	56	69	73	81	6	15	32	15	40	23	26	80
86	95	19	92	35	1	41	16	18	88	87	65	79	58	85	84	68	28	30	18
94	85	1	55	75	23	19	41	80	83	21	12	3	90	91	17	83	63	82	39
9	59	25	15	39	3	50	48	42	16	71	94	49	81	88	97	27	33	28	50
90	28	84	27	17	13	2	74	8	54	48	61	15	67	9	63	77	85	59	97
56	48	4	16	86	79	9	70	47	80	59	56	34	55	39	71	10	5	23	80
74	15	43	40	86	71	5	92	54	85	36	87	61	37	40	43	3	99	10	10
34	3	46	89	47	62	31	34	41	6	3	85	34	69	57	6	94	83	19	59
75	22	90	14	19	6	24	71	19	46	80	43	63	63	82	91	20	48	48	34
85	61	67	4	29	61	98	22	24	81	12	66	65	19	36	10	12	93	83	2
42	23	69	26	18	22	48	43	8	85	51	33	62	74	68	73	4	32	16	85
79	78	45	72	40	82	28	43	67	29	68	4	4	52	87	19	48	39	23	27
35	87	67	95	43	14	71	65	80	68	50	10	8	75	76	31	16	80	57	22
84	42	48	25	79	89	57	39	35	76	52	42	8	98	80	10	3	23	72	70
82	84	58	92	39	25	18	44	27	20	24	24	93	49	31	81	35	88	87	35
19	36	12	98	71	33	77	54	27	11	11	45	39	55	43	37	67	15	2	40
79	4	82	40	60	73	2	5	20	99	42	50	61	13	25	12	69	2	57	59
62	52	61	70	72	96	52	69	77	35	18	82	25	51	33	10	15	98	15	40
31	73	3	62	96	46	1	48	98	96	35	18	12	73	46	48	76	7	42	60
9	43	62	90	61	87	54	95	78	55	62	77	22	7	56	11	6	24	86	54
51	17	34	30	45	76	6	81	90	11	17	14	85	84	36	58	79	82	67	92
21	4	95	5	79	46	29	67	52	81	27	42	42	9	36	53	12	72	8	92
71	95	28	86	25	41	80	37	52	77	62	12	75	74	31	28	66	76	77	61
37	79	64	54	46	68	66	4	84	4	94	15	68	44	7	44	17	21	10	71
3	72	38	27	34	1	96	42	8	34	46	68	50	80	41	11	80	17	26	32
9	18	74	39	96	11	96	43	50	9	64	3	48	60	90	60	67	71	84	89
54	71	23	61	40	49	47	88	99	43	17	54	66	66	14	1	8	88	62	66
30	32	58	94	3	77	37	65	72	18	8	1	41	82	69	83	79	86	22	12
51	23	5	95	97	32	19	50	41	25	97	74	85	84	37	57	23	54	90	97
12	82	39	31	26	90	79	2	80	69	58	56	14	74	3	28	56	8	15	40
53	48	46	54	40	30	86	34	47	42	94	47	21	76	19	78	72	31	33	51
25	59	31	34	44	35	39	93	75	35	58	80	15	27	81	72	72	90	98	86
67	71	12	88	11	90	85	47	55	17	64	8	50	20	76	35	17	78	12	41
6	65	47	25	38	29	63	41	49	69	87	88	43	1	60	95	29	53	80	64
33	56	58	99	25	74	46	45	63	12	48	58	18	15	9	97	6	87	69	78
23	41	45	3	40	66	15	41	78	32	56	26	88	91	88	96	92	88	87	37
19	3	33	83	16	82	21	36	16	3	67	82	61	1	44	52	13	27	87	89
43	66	77	72	70	13	28	75	4	9	81	70	96	63	74	11	86	85	20	47
81	27	26	20	21	68	47	81	70	54	70	37	42	13	82	75	26	41	6	65
46	90	45	50	39	87	15	21	23	96	15	25	33	16	59	1	36	45	14	9
75	54	3	4	60	18	66	67	10	21	18	92	51	87	88	76	95	50	80	12
58	51	86	87	76	72	52	69	92	11	60	70	90	67	92	52	44	26	40	34
39	63	25	90	14	7	67	54	73	13	75	56	43	22	32	52	15	5	97	47
10	59	29	26	55	42	65	48	91	91	26	63	43	59	72	90	25	28	93	11
31	63	83	6	7	57	15	97	91	56	85	68	32	80	26	68	21	48	60	39
15	54	80	62	60	60	55	49	47	15	57	31	64	73	80	74	64	82	69	3
67	2	86	29	60	65	72	53	94	43	5	62	76	56	32	86	71	88	73	35
22	81	42	76	51	40	25	13	91	96	1	58	84	83	43	79	18	72	62	54
10	35	45	90	98	87	42	25	43	34	96	73	79	28	61	82	59	23	88	89
23	71	46	72	59	2	49	42	32	30	94	24	86	68	73	78	40	28	73	33
74	76	43	53	29	8	73	26	96	34	18	95	9	68	3	47	58	32	61	29
83	27	2	56	85	17	62	76	17	68	36	9	51	7	93	33	54	61	32	92
33	96	13	36	40	41	76	42	27	11	6	57	84	13	65	26	65	65	41	53
57	1	72	22	3	16	99	25	8	71	70	38	57	50	72	82	29	20	15	65
64	91	95	90	58	67	74	21	6	55	58	89	84	34	59	56	17	7	88	26
71	90	90	85	57	47	53	65	40	74	80	35	86	10	23	34	36	43	39	66
96	81	52	77	1	94	94	21	99	70	77	34	73	77	93	68	31	20	87	9
44	73	47	65	63	45	59	98	2	77	75	51	93	43	11	90	79	44	1	83
94	11	43	45	35	66	74	94	50	16	92	79	37	37	46	21	3	36	60	33
52	46	54	3	65	71	30	49	63	67	23	96	13	85	40	6	75	69	10	94
1	2	61	91	4	50	21	75	87	99	9	17	10	83	71	37	15	67	11	96
79	68	9	40	41	40	49	64	93	30	47	3	55	51	71	81	38	2	47	58
49	76	76	1	17	63	14	50	53	99	86	69	74	33	83	49	91	43	58	30
55	90	92	60	21	80	98	56	71	51	88	71	4	76	89	63	70	27	44	53
35	74	56	96	50	8	66	59	35	61	13	50	63	12	82	16	93	31	13	43
42	59	82	25	20	15	90	92	87	72	49	77	11	36	55	14	95	28	54	64
85	31	95	80	36	66	45	24	64	14	90	28	82	7	63	43	33	70	38	68
23	68	63	6	68	73	1	96	46	89	91	53	83	9	15	59	22	99	33	79
45	82	49	6	25	57	62	76	42	54	76	1	48	99	99	82	70	18	49	28
15	99	26	26	67	40	19	66	52	22	37	64	59	64	98	68	82	40	10	77
6	19	19	11	72	38	77	17	81	67	62	93	54	35	66	95	93	49	62	18
40	73	27	97	75	38	28	69	23	48	29	26	13	80	14	6	54	75	50	22
19	37	98	46	30	36	21	30	93	68	26	25	47	33	76	25	42	74	38	70
37	8	16	79	25	26	2	92	65	48	34	70	30	6	22	84	88	87	13	75
49	53	62	68	47	62	81	9	26	98	60	61	85	55	21	93	74	51	29	13
40	65	10	50	24	53	69	64	20	87	27	7	43	73	85	17	1	28	63	71
72	73	53	61	13	27	8	57	58	30	71	12	85	32	4	53	49	42	17	14
53	10	67	57	22	30	27	9	64	75	34	38	12	32	29	56	38	51	82	76
78	44	60	49	58	92	40	93	36	54	15	39	99	16	49	27	98	21	9	46
10	34	77	11	97	25	26	23	35	12	87	25	38	39	61	57	51	88	55	76
51	57	47	71	1	51	8	47	37	81	10	73	92	40	48	58	48	54	28	12
91	8	36	38	36	47	80	99	98	46	60	94	47	30	41	90	6	46	30	26
89	39	80	95	70	98	16	96	67	94	78	36	6	69	5	9	53	96	66	80
33	54	80	67	7	43	44	96	74	55	61	42	72	14	65	58	29	75	35	6
40	66	55	67	40	48	94	97	44	94	23	1	93	21	56	32	92	8	55	41
93	10	69	33	76	81	22	65	64	91	46	11	18	76	69	31	95	51	64	40
9	24	47	41	30	17	59	56	26	64	54	60	20	4	62	98	35	42	85	67
2	72	83	53	67	7	82	47	31	79	80	64	26	52	29	21	52	97	27	63
52	31	41	66	72	27	91	73	42	73	79	91	4	81	36	58	56	96	26	61
3	46	62	25	67	30	61	13	47	77	90	16	25	14	36	87	76	3	5	46
87	98	31	81	84	3	14	73	54	29	17	45	1	72	67	75	37	31	52	5
84	91	27	61	73	96	4	14	89	8	46	69	74	34	64	23	5	98	66	99
84	82	45	1	85	99	41	34	38	79	58	48	94	44	41	3	52	32	28	69
64	32	3	49	80	8	15	20	22	90	6	79	7	70	93	46	77	4	23	53
50	30	52	41	38	54	80	44	93	74	38	30	65	85	13	15	16	92	46	21
4	37	17	38	88	71	15	26	95	20	28	10	73	60	19	77	78	32	97	83
98	28	16	64	13	55	73	74	25	81	92	52	96	64	40	45	57	44	48	11
59	30	30	64	8	76	56	15	59	62	16	11	63	93	18	67	46	60	52	67
50	44	42	48	35	29	83	52	85	21	37	26	10	37	59	68	31	17	14	57
45	49	21	54	82	64	85	89	34	63	80	28	18	98	2	22	29	80	75	24
78	77	28	88	83	20	64	26	82	16	16	66	89	92	52	98	56	94	68	31
32	7	90	98	54	70	50	13	58	30	84	20	53	35	99	63	69	42	44	24
44	39	32	19	13	71	77	97	21	27	71	8	46	85	60	24	12	75	55	36
69	11	98	80	45	74	96	89	50	17	80	42	98	1	77	36	26	57	68	94
53	68	77	99	19	37	24	32	99	45	46	91	41	36	31	16	85	93	30	50
55	64	95	25	6	2	95	81	91	75	70	6	74	60	12	35	41	24	52	48
74	61	24	84	53	88	59	23	44	43	77	75	95	42	46	92	29	58	40	64
68	50	54	43	89	74	84	60	83	91	68	38	48	98	33	31	58	84	70	65
8	76	56	46	55	57	70	13	71	24	36	12	50	55	37	64	84	77	84	51
73	61	87	2	52	2	6	39	77	97	1	97	56	97	82	94	95	5	32	7
30	10	79	4	58	76	40	1	98	48	21	36	77	15	24	19	30	76	6	14
61	94	95	82	57	29	48	50	84	39	69	68	47	87	40	7	93	42	81	61
3	42	61	67	57	67	39	25	2	36	5	90	33	14	55	71	10	99	67	2
42	61	92	97	34	40	4	79	86	29	95	70	25	30	98	68	19	43	37	87
12	21	35	11	47	84	88	87	50	15	48	47	88	85	23	92	69	62	76	94
58	24	93	89	86	13	39	73	51	9	28	93	23	93	48	42	31	69	78	41
75	93	86	2	80	31	8	68	55	59	97	44	90	10	52	81	94	25	51	50
60	45	81	88	56	38	17	63	59	20	55	1	49	42	74	30	55	58	86	96
45	12	67	70	29	40	76	41	60	35	90	24	13	89	54	56	5	56	67	6
31	17	58	1	17	18	80	4	10	27	41	62	69	61	5	1	32	46	38	6
81	80	31	35	63	42	11	49	20	21	29	6	81	8	15	36	3	76	96	14
95	30	53	8	16	24	77	26	28	63	98	21	33	42	46	6	17	96	10	72
27	57	12	6	28	26	35	74	34	59	30	95	51	54	43	35	10	72	9	39
16	27	62	44	34	85	68	18	44	65	80	8	39	56	65	69	59	63	84	4
7	90	72	78	88	44	25	27	50	90	5	54	42	14	40	71	51	4	36	9
44	81	30	64	57	22	17	64	4	31	35	5	61	85	20	90	75	74	54	2
22	17	12	77	51	89	43	86	18	53	86	64	62	42	61	66	26	76	41	29
10	13	23	92	41	3	52	1	37	16	97	52	76	3	39	99	92	59	73	1
18	60	71	56	31	61	99	73	48	58	39	18	99	18	18	52	31	32	2	76
59	14	68	32	64	26	36	21	70	63	55	30	95	1	67	2	97	83	57	95
19	55	28	11	49	5	17	71	79	19	66	59	39	11	23	88	25	56	97	32
89	26	36	13	9	28	11	47	53	95	99	46	42	40	14	24	39	12	71	18
89	16	78	94	60	38	65	56	4	69	2	20	32	24	4	35	47	59	64	22
57	90	37	13	96	32	92	12	47	65	58	74	34	99	87	78	83	23	8	60
1	90	11	28	97	35	81	83	10	75	21	69	57	86	37	91	41	96	73	53
84	45	66	95	34	5	39	44	95	78	61	62	51	63	31	21	36	52	99	55
15	12	85	4	79	3	91	51	80	88	65	2	8	68	98	91	76	7	89	21
19	7	52	63	84	68	11	34	69	13	62	9	96	48	26	17	19	75	90	32
97	37	65	68	15	57	85	48	49	63	39	67	68	3	79	58	84	1	42	27
10	44	75	95	9	39	32	17	60	6	40	67	27	59	30	8	67	25	49	39
4	70	27	7	4	95	36	24	29	96	2	57	14	15	48	9	27	42	15	1
91	60	61	40	5	15	63	26	61	70	36	72	33	34	4	76	22	92	75	77
95	50	65	42	97	80	50	37	30	59	71	1	35	48	23	63	77	38	84	49
13	83	79	46	60	41	29	32	89	63	29	98	45	42	36	42	83	99	88	70
93	34	20	95	82	32	90	98	43	71	87	99	36	65	84	39	79	2	35	88
65	89	30	65	62	32	24	39	63	25	19	81	62	43	2	31	12	60	9	71
34	76	64	15	61	42	78	37	88	83	36	99	46	5	61	69	11	76	10	65
87	23	65	94	24	61	15	44	13	32	19	87	24	15	50	28	39	77	99	12
29	98	66	69	44	54	49	90	13	63	84	21	49	77	61	59	4	57	67	67
27	70	34	38	20	79	94	62	22	58	79	78	35	75	27	47	66	26	99	15
60	63	6	39	53	35	83	49	29	60	80	81	55	32	81	33	83	92	12	65
48	67	84	52	98	34	75	84	33	67	16	71	42	3	12	19	36	40	20	43
95	84	72	56	31	17	73	6	35	63	10	68	3	27	25	6	60	15	32	38
75	52	47	30	51	98	61	48	65	98	56	50	66	41	92	3	76	25	7	29
67	27	34	33	95	33	17	60	77	77	64	90	39	67	50	13	79	78	44	66
11	38	18	97	47	50	48	50	6	70	82	44	87	77	89	65	81	51	38	66
25	29	69	36	27	97	89	45	12	38	90	88	18	68	1	68	22	27	31	67
39	60	42	84	45	99	35	91	33	88	13	9	25	86	54	94	47	28	28	43
75	40	11	32	2	35	45	90	2	80	22	7	37	92	42	62	27	36	16	46
38	53	56	57	67	29	48	13	16	48	3	97	59	3	71	36	48	85	32	64
9	98	94	18	59	99	79	66	76	61	18	24	30	99	58	1	94	92	28	35
90	74	96	61	84	71	94	30	36	10	8	41	96	35	76	84	1	67	15	76
7	8	27	88	68	34	21	28	69	22	45	53	58	96	22	12	80	1	76	24
42	8	62	27	88	55	34	11	20	7	61	70	27	86	69	26	68	17	94	74
3	66	56	62	88	29	41	75	7	53	11	51	74	73	57	29	24	73	44	96
28	27	44	47	47	55	50	66	84	5	33	29	2	52	52	88	8	28	44	66
43	73	57	4	28	82	45	44	47	51	92	91	75	13	64	55	60	16	39	19
69	45	43	79	41	60	28	89	67	57	36	17	39	25	59	26	99	60	43	27
77	82	55	71	90	71	99	44	68	39	17	12	38	30	6	76	38	37	6	57
18	43	18	87	83	61	22	83	4	97	33	99	82	1	94	73	47	92	30	73
82	19	55	39	85	49	1	49	33	5	66	34	7	24	71	42	47	85	21	32
49	22	9	83	24	88	80	77	34	15	28	18	95	18	58	23	40	93	57	69
73	73	40	28	6	92	99	74	13	70	2	66	65	88	17	25	65	51	51	14
10	49	28	12	95	25	70	33	4	81	55	35	95	19	43	93	53	4	64	9
29	59	49	54	11	67	73	72	90	40	31	58	26	4	43	45	14	96	15	77
53	4	75	74	14	34	34	70	47	60	8	22	18	91	91	11	75	48	32	18
10	72	33	77	17	92	68	21	84	71	10	94	92	55	66	12	86	56	37	81
22	81	9	32	13	25	55	33	26	14	85	44	29	73	97	55	73	22	96	71
86	57	65	64	14	60	48	14	78	68	42	57	1	70	25	57	56	15	70	3
20	32	57	22	31	63	3	7	25	58	27	99	65	39	37	57	97	91	36	47
18	13	67	20	38	99	9	53	63	46	49	69	49	73	68	85	12	76	59	19
6	11	14	98	22	55	84	72	66	23	70	95	27	97	47	83	30	50	39	51
32	42	99	19	12	58	28	70	15	77	52	94	53	49	56	7	36	32	98	17
3	27	74	77	48	76	23	76	51	23	57	76	86	16	82	98	1	91	78	37
28	14	7	72	99	12	72	97	5	4	91	80	14	30	84	52	33	44	60	70
44	32	88	22	99	96	15	96	82	16	88	26	94	18	5	5	72	17	92	86
54	81	54	45	65	59	79	93	48	47	83	86	76	94	62	29	59	30	14	37
18	50	75	64	50	27	83	56	93	20	61	18	76	21	60	56	86	90	16	44
97	13	85	99	14	55	82	75	19	67	1	78	87	92	73	23	90	63	73	21
24	50	46	52	86	40	35	78	49	13	74	53	79	82	78	74	71	47	7	18
53	32	66	28	78	96	65	20	74	17	68	85	27	58	47	38	71	84	89	86
24	61	60	34	28	35	14	21	14	32	11	72	10	11	42	33	47	31	49	8
92	43	87	8	70	12	96	56	72	24	47	82	33	87	3	40	16	1	9	60
66	38	38	65	16	47	84	2	89	89	25	91	75	83	38	33	96	9	68	70
70	15	21	80	79	95	68	74	53	11	73	88	67	57	4	82	94	20	59	14
76	68	59	33	17	98	71	95	80	13	1	96	5	6	32	36	3	30	89	85
17	37	94	93	34	78	9	43	18	64	55	7	17	85	93	18	63	94	50	86
74	83	76	99	62	64	80	25	45	86	58	45	31	61	9	45	78	47	54	14
83	75	24	89	25	41	95	91	10	98	14	43	75	36	84	34	94	29	58	99
62	80	21	45	98	89	23	65	19	13	12	81	69	46	98	82	41	80	37	6
37	32	80	58	95	96	32	38	87	64	87	92	32	20	64	17	41	53	15	77
12	26	60	13	60	72	67	47	99	98	82	23	19	72	7	77	91	78	65	98
41	74	35	5	64	98	28	95	71	32	98	99	74	86	86	97	55	57	3	62
81	32	44	14	5	83	9	40	65	94	51	30	35	65	73	40	69	36	79	87
78	76	70	43	35	41	60	98	12	78	10	93	4	42	58	77	81	72	16	38
97	91	68	41	30	45	14	75	95	9	8	59	44	28	15	62	58	27	26	79
56	72	27	65	3	51	75	15	64	84	85	12	61	30	88	26	10	52	89	51
87	74	66	46	8	75	56	37	69	17	77	93	18	30	24	15	27	63	86	7
25	33	54	33	93	84	89	66	81	94	51	68	69	87	28	47	36	71	5	99
30	86	26	90	55	3	49	29	67	7	67	87	93	58	3	72	56	3	84	43
22	54	41	19	55	29	79	14	94	25	73	81	5	75	88	22	15	17	52	45
89	96	39	12	21	63	11	50	83	30	72	25	82	70	36	4	94	56	37	99
23	43	12	80	9	47	79	12	22	86	55	1	68	8	16	73	85	1	82	25
26	97	17	20	17	45	56	30	29	45	56	21	95	43	51	27	38	36	6	46
96	30	83	24	62	41	54	65	93	56	4	23	58	64	60	56	32	81	3	27
6	91	81	55	95	34	69	75	32	98	40	61	40	46	99	96	71	8	38	59
89	31	13	72	55	95	25	71	95	5	99	10	86	73	80	28	70	37	91	65
27	63	99	13	49	99	81	2	22	64	38	78	90	55	48	52	39	79	3	90
95	70	3	46	38	58	2	92	15	54	7	31	74	58	37	89	39	55	19	29
41	11	15	49	96	11	24	49	92	86	75	76	24	54	40	65	69	90	76	94
60	21	84	61	37	51	14	1	23	41	5	35	13	77	85	14	57	13	8	91
94	72	69	94	31	34	48	12	93	28	56	62	54	77	20	30	76	16	13	11
31	70	42	2	7	9	61	35	35	18	42	59	73	78	67	5	69	49	97	54
42	44	12	22	59	73	30	99	94	62	37	67	47	55	90	56	83	28	34	75
68	88	5	90	79	57	75	50	66	69	73	98	17	42	63	67	22	24	84	9
36	33	96	59	80	54	68	38	96	94	27	86	70	62	15	24	29	92	63	62
38	27	29	97	97	46	22	98	48	47	20	74	18	45	42	18	47	76	13	20
33	10	22	47	88	50	84	19	62	63	94	7	20	36	61	41	83	89	92	62
21	78	68	33	35	80	97	84	38	58	7	85	77	69	31	61	84	48	39	80
66	64	38	25	74	8	26	23	7	73	31	88	89	54	88	93	5	23	23	18
57	52	61	73	43	1	71	38	33	52	90	7	79	40	64	87	95	7	96	79
10	55	76	2	86	99	66	93	16	5	57	95	19	59	24	62	18	81	23	9
48	53	34	90	79	4	49	61	91	36	55	84	26	51	39	38	94	74	4	61
86	66	90	1	10	59	22	7	67	26	71	93	59	55	22	82	31	37	49	66
40	16	90	23	53	75	15	31	97	50	6	47	75	4	7	88	45	35	27	81
99	59	74	12	24	23	77	56	80	55	72	95	18	45	67	95	98	19	24	73
17	52	61	32	43	12	35	58	21	55	11	51	20	12	76	98	95	26	20	91
7	65	79	32	28	75	77	39	81	67	70	36	88	69	17	90	74	27	28	89
4	66	74	79	51	99	83	49	32	71	88	51	79	73	64	67	2	5	3	80
30	41	36	33	99	98	89	73	73	63	69	80	94	44	70	64	64	94	85	35
16	27	25	92	61	75	77	15	79	98	10	91	4	26	48	71	79	85	73	88
15	20	95	81	88	98	39	97	21	82	52	86	54	88	36	89	34	2	65	1
33	31	20	98	92	25	78	24	8	97	53	81	24	43	57	28	83	45	51	23
45	61	39	58	6	50	23	42	98	45	56	77	3	90	48	33	7	58	34	28
42	28	3	65	85	54	14	52	16	16	95	17	24	43	51	40	93	54	24	7
84	58	50	43	13	91	92	75	27	59	72	77	54	31	5	35	90	22	73	87
51	82	89	37	26	53	9	16	24	64	25	40	35	29	77	39	5	51	28	73
44	61	43	60	81	15	20	7	86	77	12	13	44	58	98	52	78	8	83	2
4	78	40	21	14	85	42	78	93	30	94	74	84	79	96	25	40	40	10	68
94	1	56	20	98	8	42	54	85	4	82	51	23	34	4	88	17	13	23	20
72	24	88	84	67	41	71	86	2	32	65	5	17	71	84	80	37	55	31	95
51	56	36	95	24	58	61	79	12	7	53	21	65	39	7	28	88	72	62	57
51	45	13	61	22	5	87	9	33	91	11	50	46	58	19	50	21	20	62	32
47	82	58	19	48	22	72	68	46	85	20	27	35	27	95	8	35	99	56	50
50	12	99	74	99	43	54	35	17	85	12	73	32	4	16	14	98	5	22	72
22	35	56	27	86	19	85	24	78	98	94	48	75	28	1	47	11	93	13	68
90	69	64	48	19	92	61	60	53	82	72	92	48	93	90	71	68	40	54	39
58	89	41	35	43	83	2	10	73	91	64	50	63	53	89	59	6	16	32	38
2	79	37	72	38	29	1	2	50	44	57	58	10	81	95	81	6	46	94	74
38	61	64	82	17	49	93	56	86	77	84	90	60	66	19	28	35	67	86	14
95	32	78	25	15	92	22	8	91	63	92	96	55	27	90	90	26	93	26	8
30	27	86	35	12	65	60	58	14	61	65	96	29	34	10	41	64	21	33	61
54	19	16	95	59	93	16	3	94	3	47	96	85	5	29	3	98	16	24	85
87	30	23	73	20	80	79	59	22	87	40	88	19	8	38	40	80	86	87	45
97	79	95	76	88	7	1	58	63	97	64	46	68	69	23	67	8	20	92	46
66	26	49	11	24	83	61	63	69	15	57	69	37	69	34	85	97	30	62	93
33	39	44	43	34	31	6	52	47	34	77	4	71	2	99	1	22	54	23	60
41	3	91	2	88	83	27	81	50	58	63	71	76	22	93	87	95	59	24	36
71	32	8	25	74	87	29	54	1	23	73	57	61	7	23	62	53	94	93	46
16	12	45	44	57	90	45	64	91	51	70	89	98	68	12	48	65	72	36	43
33	79	81	11	44	65	22	66	79	93	43	92	5	20	85	20	49	92	45	99
38	29	82	86	13	93	58	69	5	23	14	30	23	78	42	26	2	60	80	60
83	58	47	37	33	67	15	57	53	65	96	21	72	31	93	85	10	32	98	27
93	87	18	24	29	59	43	67	63	99	25	44	53	73	62	29	78	26	52	13
95	89	36	69	47	80	5	22	54	59	50	5	79	40	83	61	80	78	77	89
56	49	90	98	11	73	87	56	33	90	45	33	32	10	12	7	9	5	33	55

2	17	6	10	11	13	8	16	8	17	12	13	6	5	19	19	20	18	12	8
10	14	15	19	11	2	5	12	12	12	9	19	20	2	3	20	6	8	20	15
17	7	16	12	5	2	16	12	16	16	4	7	20	18	5	4	17	8	2	9
15	18	19	11	12	10	20	2	19	19	10	9	2	14	3	14	13	6	3	12
3	9	6	12	7	10	4	11	12	18	15	13	17	15	17	12	10	5	11	12
20	8	9	4	10	2	9	11	19	3	3	2	16	12	4	14	12	9	14	5
8	18	9	13	18	15	4	20	7	1	13	8	11	9	16	11	17	8	16	13
12	7	20	6	17	4	7	14	12	5	17	20	6	3	17	16	8	13	5	20
7	8	12	4	5	7	1	15	12	18	17	2	10	8	7	11	14	2	19	14
5	3	10	14	18	8	20	18	16	12	3	8	12	17	19	16	4	16	16	15
2	7	12	10	17	15	19	1	14	13	14	1	20	16	16	16	19	18	11	11
11	10	14	4	7	6	15	15	20	16	6	10	19	16	4	20	2	14	14	13
11	17	3	3	9	18	7	14	3	2	14	14	14	15	14	12	19	12	12	14
12	10	15	20	5	6	11	12	5	9	5	4	19	10	18	2	17	14	13	10
20	6	6	10	5	16	5	15	11	20	14	9	7	14	20	16	12	5	6	13
18	7	1	9	5	3	9	2	10	5	17	14	16	2	20	7	20	12	9	15
14	17	6	9	15	4	4	6	11	20	19	10	4	18	20	13	16	5	2	12
19	8	18	20	9	3	8	9	9	6	9	3	4	14	20	2	3	11	8	11
14	13	4	20	18	15	12	14	18	15	5	5	1	2	6	19	6	14	20	15
9	17	11	10	4	14	9	5	16	18	1	1	17	10	13	3	4	20	5	11
1	12	18	4	15	6	20	5	11	20	14	3	5	5	20	10	19	6	4	13
7	18	12	8	20	16	5	9	16	8	7	11	1	19	10	9	19	10	11	8
3	1	11	19	15	3	5	8	11	4	18	4	7	11	16	5	4	14	17	2
16	10	12	5	11	2	17	2	15	11	12	17	12	8	19	17	20	20	9	13
13	7	2	11	12	18	11	4	19	3	5	20	10	9	18	3	20	13	18	14
8	1	8	3	6	1	16	8	1	15	18	16	3	12	13	2	19	3	16	14
10	5	1	15	4	14	15	18	20	2	18	10	10	16	5	20	12	20	18	19
5	19	7	14	3	11	9	6	9	12	8	15	5	10	12	7	1	3	3	7
17	7	19	1	10	5	6	3	13	8	10	14	15	3	3	18	13	2	19	16
6	6	5	11	14	16	2	17	15	2	6	6	15	10	2	2	4	14	20	10
3	7	17	17	3	20	18	11	6	8	4	19	3	16	17	17	16	13	11	9
12	13	9	4	13	5	13	5	9	7	2	13	1	7	13	11	7	1	11	11
4	16	7	11	16	2	4	4	10	6	12	4	16	8	17	3	2	19	8	5
15	9	20	13	19	20	15	6	6	19	2	9	1	14	17	10	10	3	9	6
10	2	3	13	4	2	6	14	20	6	10	11	19	2	4	8	12	17	8	9
20	11	2	3	20	10	1	10	4	5	2	1	5	5	1	10	17	13	3	13
9	13	20	3	15	4	3	9	6	9	1	18	20	13	1	6	6	11	12	5
15	4	15	11	11	19	18	13	6	7	18	10	20	16	2	2	19	17	18	20
7	3	16	12	8	6	8	9	16	19	19	5	5	2	16	1	5	13	12	9
1	15	4	7	20	9	13	10	11	4	15	15	7	15	5	9	12	20	2	17
7	13	19	4	14	11	7	20	8	5	9	3	13	19	11	17	8	1	7	10
2	11	16	5	19	9	19	18	9	1	20	18	7	8	17	12	11	13	12	3
17	15	3	7	5	9	14	18	6	16	3	20	9	12	15	13	19	8	13	12
4	20	13	15	16	5	12	19	14	17	10	9	19	9	19	8	7	12	12	8
10	2	15	1	8	16	1	6	3	13	8	2	11	1	13	13	3	6	1	9
7	18	19	7	12	19	15	19	6	14	9	7	3	12	6	12	7	6	12	15
7	1	12	5	6	11	9	1	6	2	8	4	9	8	9	8	4	3	6	17
7	6	17	12	11	18	17	16	20	16	16	9	13	1	12	8	3	3	18	20
14	9	5	6	14	12	19	17	9	14	7	11	11	5	8	17	8	12	5	19
7	17	7	18	17	16	7	9	1	20	12	12	7	8	1	6	11	1	6	7
6	20	9	17	19	9	9	18	4	15	12	6	12	13	1	13	8	15	11	15
8	14	2	18	4	10	16	9	8	5	8	2	19	18	5	10	20	8	20	10
16	6	2	17	19	8	20	10	1	1	3	10	11	3	3	8	10	14	6	8
2	18	17	14	16	13	18	2	5	4	14	19	13	2	18	8	15	9	3	10
5	17	15	12	13	20	12	11	17	6	5	16	19	19	9	1	1	9	3	3
1	9	16	9	16	13	2	8	13	9	7	13	8	13	15	3	2	2	18	6
19	13	3	4	1	17	4	14	1	12	10	4	17	4	5	4	12	7	9	16
14	1	13	18	7	3	12	13	20	17	9	17	4	16	15	16	19	8	16	11
19	5	4	10	13	11	4	18	2	13	7	2	17	12	3	19	6	1	11	8
13	10	20	17	7	10	13	14	9	20	8	12	20	6	19	20	18	17	4	3
18	11	9	16	10	12	15	18	19	11	6	11	16	18	18	15	12	2	12	5
1	18	15	15	12	8	2	7	18	16	12	18	8	1	8	12	5	5	14	2
8	2	4	8	17	13	6	6	15	12	20	4	8	10	12	6	15	9	15	19
2	15	18	4	7	5	19	2	14	7	1	13	1	2	14	19	19	1	13	8
13	12	19	2	17	9	11	3	18	18	15	6	8	3	12	6	7	6	17	12
2	6	14	7	17	19	7	1	7	8	1	8	10	1	1	6	3	6	4	6
12	6	6	20	19	19	8	3	7	2	16	19	5	1	15	18	10	11	2	20
2	4	5	5	19	11	14	15	1	3	11	12	14	14	2	12	3	3	12	7
7	3	13	13	1	7	5	6	12	4	4	16	19	7	17	15	15	11	2	12
1	1	2	8	1	10	10	19	18	7	8	15	9	7	16	6	16	17	14	2
13	18	17	2	18	3	1	6	6	15	18	17	5	8	14	15	18	13	16	5
14	8	17	7	8	6	10	11	17	18	11	14	12	9	3	7	5	6	11	6
9	12	13	6	15	19	13	1	2	12	12	19	17	5	7	8	5	6	18	7
6	8	9	19	15	13	10	14	9	20	16	6	13	13	18	10	7	11	17	13
13	12	5	6	1	9	20	20	3	10	20	4	12	20	2	5	18	11	17	9
19	11	6	6	14	2	3	3	3	4	15	9	1	4	11	19	10	15	14	13
3	7	12	14	4	5	20	9	7	14	12	20	1	8	13	12	18	15	2	8
5	7	8	17	8	9	15	7	12	1	14	15	17	15	14	3	10	2	4	7
4	12	13	2	3	18	18	2	11	18	19	3	10	5	1	11	14	16	3	15
1	14	3	11	18	5	12	12	11	15	20	10	15	1	7	5	4	13	2	15
3	2	7	17	9	16	16	8	4	8	8	9	2	14	13	11	5	1	16	13
17	13	18	1	20	13	12	11	6	18	15	10	10	4	17	7	15	9	17	17
17	15	8	9	7	12	16	10	15	17	9	19	15	20	18	2	19	17	19	11
15	15	20	10	1	3	4	13	14	10	4	10	17	11	14	17	13	5	9	5
18	12	11	16	6	17	15	2	16	14	3	7	2	4	3	20	10	2	3	3
20	19	10	12	17	8	5	7	13	14	19	3	10	4	19	18	20	19	15	20
12	14	7	7	3	5	12	11	18	3	5	19	3	5	11	5	4	7	15	16
14	13	16	14	12	19	7	10	16	7	11	7	7	10	6	2	15	2	4	2
4	8	12	8	19	2	7	19	11	10	9	8	19	12	13	20	3	2	8	17
14	3	5	13	5	13	13	17	3	15	12	14	10	9	17	13	12	10	6	8
14	8	7	9	3	8	20	8	14	4	7	10	14	18	5	11	6	11	17	3
15	1	7	5	8	7	8	10	14	7	18	6	17	9	13	9	18	12	8	8
2	4	3	10	7	6	7	10	13	9	4	11	6	3	13	10	13	7	13	2
9	5	1	2	1	19	13	1	17	11	16	15	12	16	2	1	16	2	4	4
16	15	12	17	11	9	11	17	8	1	3	12	13	4	5	11	7	5	17	12
6	9	8	5	19	8	2	10	17	12	7	4	19	15	1	1	14	1	12	20
16	16	14	9	13	4	12	20	8	13	1	19	19	10	7	15	15	17	2	8
16	11	1	10	19	6	14	6	20	6	20	6	12	12	3	2	6	20	15	11
10	6	17	12	13	5	17	15	6	7	13	5	19	20	17	8	7	13	12	5
17	20	10	11	17	12	13	18	8	11	2	8	1	4	15	10	18	2	12	13
18	14	10	20	2	15	13	5	8	6	16	12	13	10	20	19	1	16	4	14
3	2	18	20	5	2	10	3	6	5	19	19	9	2	11	19	17	11	5	19
18	14	14	4	12	11	9	17	14	19	12	8	16	13	10	13	7	5	11	16
18	5	3	3	15	10	9	4	3	20	2	14	5	8	19	1	4	8	13	16
12	13	2	2	12	7	2	12	10	10	13	12	5	7	7	14	16	15	1	8
7	15	20	12	19	8	6	13	20	13	6	11	19	10	12	10	15	12	10	19
17	12	1	7	15	8	8	16	19	5	10	17	17	2	3	15	10	3	11	17
6	13	1	9	1	5	3	8	19	8	7	16	7	18	3	12	8	8	3	11
4	14	13	7	5	7	6	10	14	11	6	16	8	6	2	14	20	1	3	5
7	15	1	14	10	9	9	15	18	17	6	14	13	6	10	14	9	5	6	19
9	6	8	14	1	9	8	6	19	18	20	9	1	11	2	6	14	10	17	8
12	3	7	5	3	8	11	1	11	17	15	17	12	19	18	14	18	11	19	10
6	7	18	20	17	12	6	2	12	2	17	5	5	16	10	19	12	5	10	5
11	16	5	18	11	10	3	14	16	13	8	20	18	3	9	16	8	2	13	19
13	16	15	16	11	13	6	13	3	3	2	11	11	9	4	18	6	9	6	9
8	15	16	5	15	19	11	6	7	12	14	15	6	11	5	17	5	16	7	4
1	12	5	3	1	18	2	13	12	18	1	11	13	4	18	5	5	1	4	14
2	2	9	9	8	16	4	5	1	20	4	9	13	10	17	15	1	20	13	15
1	14	19	1	17	18	3	5	3	3	2	8	9	20	9	14	19	10	1	8
17	3	8	5	12	9	4	18	4	14	7	4	14	8	12	6	11	7	17	17
18	3	15	13	17	17	2	19	7	10	18	16	19	18	3	18	10	12	7	14
9	3	7	5	16	7	19	12	20	8	13	4	5	13	17	10	20	19	8	2
3	18	18	3	2	1	10	13	1	14	8	3	1	17	17	15	14	3	17	10
1	1	4	12	7	16	16	5	6	8	2	9	9	8	9	20	1	10	7	17
17	5	10	3	12	18	12	16	17	9	7	18	18	6	7	9	6	9	14	15
4	10	1	20	6	8	14	2	7	15	7	13	15	4	11	16	14	20	20	8
19	9	3	15	10	5	11	4	3	13	20	2	1	12	17	9	16	7	17	12
12	7	14	3	5	3	5	16	7	12	12	3	7	6	6	13	5	4	9	1
1	13	8	8	14	18	20	20	9	8	11	1	12	9	8	3	7	4	8	17
12	19	10	15	2	7	7	10	6	20	11	2	14	16	16	7	1	1	4	5
13	9	13	7	17	15	1	13	12	19	4	7	4	11	9	8	10	11	8	4
1	16	20	11	5	4	14	4	7	6	5	11	20	17	18	2	17	16	5	6
11	11	1	13	9	17	19	7	3	5	7	2	4	5	2	18	13	5	15	1
1	12	9	12	17	16	12	9	4	20	10	9	2	3	11	5	19	8	2	18
9	13	12	19	14	18	7	19	5	2	1	17	11	1	7	17	3	20	16	12
14	9	4	16	7	9	13	1	16	16	17	20	3	19	16	20	20	5	16	7
20	10	16	14	14	5	12	3	13	8	15	11	13	18	1	4	17	17	3	19
3	2	18	14	9	20	15	15	19	11	4	13	14	20	20	2	19	17	14	3
5	16	5	1	18	4	16	9	17	18	4	3	1	1	17	10	14	1	8	8
13	14	19	2	7	6	12	14	16	9	19	6	12	5	7	19	1	18	18	6
17	13	5	17	1	15	18	6	1	4	2	2	20	2	3	19	15	12	19	13
4	18	16	5	17	18	9	6	7	14	10	9	18	17	14	19	12	16	3	9
1	16	14	20	10	12	6	12	3	14	19	1	11	4	17	9	7	9	18	12
15	16	14	5	4	9	7	8	7	18	18	14	18	5	16	14	7	13	20	4
19	19	4	15	9	12	15	2	18	19	2	3	3	11	19	7	14	14	17	7
19	14	17	6	11	3	11	14	7	18	2	16	11	11	10	10	18	14	1	12
17	13	9	12	11	18	1	7	4	12	12	5	5	12	15	8	18	12	2	7
15	13	6	9	2	12	1	7	10	20	1	6	20	9	18	7	1	16	19	8
4	19	16	15	11	20	5	1	4	14	18	19	17	19	3	19	17	2	9	17
11	5	19	20	19	13	20	9	18	13	18	5	9	15	19	15	11	12	6	14
7	1	13	3	14	7	8	18	7	18	2	7	17	12	3	13	5	14	9	2
12	14	1	10	20	19	8	17	15	7	8	16	14	11	12	11	16	10	20	7
14	1	20	3	8	9	14	15	16	6	1	15	8	16	8	19	18	6	20	15
4	19	13	15	7	11	8	13	11	9	9	6	16	17	2	19	19	8	9	17
5	15	17	4	10	9	6	9	5	7	12	2	15	5	8	11	1	19	10	2
1	7	13	8	6	13	18	16	18	15	8	15	18	14	7	13	16	4	1	7
14	14	20	13	13	11	14	8	20	19	20	6	1	5	12	3	3	15	15	9
15	2	12	16	20	5	4	11	5	9	17	5	4	20	6	7	1	20	15	6
1	17	5	3	17	10	14	17	2	16	19	3	8	14	13	18	11	19	9	1
8	20	18	10	12	3	8	9	1	14	6	17	6	20	5	13	13	18	7	2
20	4	2	1	13	2	20	4	9	12	6	3	12	6	8	11	11	17	19	19
5	18	15	11	3	3	6	16	11	6	19	16	12	14	10	12	14	2	3	4
14	3	10	19	11	4	4	12	9	11	6	5	9	5	4	1	5	9	6	15
6	6	1	12	18	17	9	13	8	20	10	10	2	16	5	14	20	11	1	19
10	9	11	9	8	2	2	20	10	17	7	18	4	16	8	19	6	14	8	6
16	11	6	18	19	2	4	11	7	12	16	14	10	10	3	1	19	12	5	5
19	15	10	8	5	8	5	6	8	10	14	9	10	4	7	7	5	13	3	14
3	3	8	12	16	11	9	1	8	14	6	1	14	9	16	4	16	10	2	10
5	10	5	10	1	7	7	11	9	12	9	5	6	1	19	13	15	13	7	5
13	2	19	7	9	11	16	5	5	6	18	19	4	5	1	9	3	7	9	10
11	19	6	15	9	18	12	4	6	7	3	5	3	13	11	17	5	9	19	16
6	19	14	15	20	7	3	18	18	2	2	11	3	16	6	13	8	11	3	9
13	18	19	14	13	13	10	4	9	3	4	5	17	1	9	19	16	3	11	4
6	15	10	15	14	14	10	13	5	12	18	11	4	3	1	15	14	13	1	18
19	10	13	6	10	5	11	8	13	12	6	5	9	18	9	3	13	7	9	9
16	7	12	20	10	19	17	14	11	19	19	10	8	9	10	15	13	6	15	6
12	13	20	2	18	13	20	5	16	17	3	20	16	6	20	6	9	20	6	15
5	6	10	20	16	14	10	13	5	15	14	13	2	6	14	6	11	5	8	6
19	13	3	15	20	17	3	17	14	18	11	13	17	8	17	9	10	4	11	7
7	11	8	2	3	9	7	13	6	10	9	10	19	16	13	2	12	11	12	1
16	15	9	2	9	18	15	19	8	1	1	6	10	5	1	11	8	18	1	17
3	5	20	20	6	19	12	19	11	13	3	18	2	16	15	11	11	13	5	17
7	11	4	17	10	20	3	11	8	3	9	16	19	16	18	6	6	19	17	9
2	15	18	15	10	12	2	7	10	1	16	2	16	17	15	11	3	11	6	18
4	16	15	8	14	8	8	1	15	13	6	2	7	5	16	11	1	8	17	14
17	13	15	20	4	5	3	8	10	17	10	10	18	18	16	10	13	14	8	11
9	18	2	18	9	15	16	15	17	8	8	3	14	2	18	12	16	6	13	17
19	12	14	10	13	7	11	14	5	8	10	15	2	3	4	13	12	19	7	3
3	12	2	2	6	8	14	11	16	20	8	14	18	14	11	9	1	10	14	12
14	15	18	13	2	8	20	1	20	19	4	9	4	1	16	18	11	13	11	6
13	9	7	5	8	7	6	8	18	5	7	7	10	10	4	9	2	5	1	19
3	10	18	20	10	15	13	15	11	11	14	12	3	6	11	7	2	17	4	8
11	13	10	9	9	7	1	19	3	10	17	16	9	7	11	8	8	15	16	7
11	13	3	17	5	9	7	5	3	8	6	20	2	12	14	7	5	14	16	13
9	6	15	15	2	18	3	9	14	13	5	6	3	4	1	17	19	1	10	15
8	5	11	15	5	20	12	16	2	18	4	1	11	1	16	13	16	20	8	14
20	7	2	2	20	18	3	15	15	3	12	1	14	14	19	8	17	12	20	14
13	14	1	10	20	16	5	14	9	4	5	12	16	9	9	10	7	12	5	2
20	1	17	19	20	20	15	7	15	20	4	20	16	10	11	12	13	11	19	7
13	10	2	6	11	9	15	19	10	15	2	7	3	17	10	1	16	2	5	20
18	8	3	20	18	1	9	4	15	7	20	16	20	16	6	18	17	12	15	16
13	10	8	17	18	8	19	20	6	19	5	1	15	3	9	5	16	18	10	8
13	13	14	14	7	18	17	11	8	15	2	4	13	10	1	17	19	9	11	14
14	3	9	4	13	17	15	13	13	9	20	8	13	6	19	5	6	16	8	13
15	4	11	15	6	3	9	15	13	18	10	9	8	18	1	3	14	18	15	7
10	4	18	5	13	19	15	3	18	2	10	16	13	20	19	2	19	17	15	8
19	19	20	2	11	18	20	17	6	9	7	16	10	13	14	12	12	12	11	11
11	14	7	12	9	7	13	16	18	18	19	8	5	1	2	7	13	20	18	11
14	12	3	17	3	20	10	20	6	5	2	13	11	17	12	20	11	16	4	4
8	17	5	17	4	2	1	12	16	15	9	5	9	20	11	7	15	14	8	19
6	12	1	5	9	12	1	16	8	1	4	9	11	18	16	16	12	14	4	18
5	19	6	9	8	7	20	14	7	6	3	17	18	16	3	14	5	20	16	2
6	4	15	5	15	17	10	9	20	3	10	11	13	18	9	20	4	9	12	1
4	4	1	15	17	10	10	1	3	18	3	15	18	15	19	16	20	15	15	1
15	1	11	19	12	2	9	12	15	5	7	9	9	8	8	6	3	10	12	16
6	5	6	4	10	10	19	9	7	12	11	8	11	19	4	18	10	12	4	16
20	7	11	9	14	8	6	5	3	14	14	20	16	19	15	11	13	14	14	11
10	11	1	9	18	12	10	10	1	19	18	14	4	12	13	4	1	12	14	7
3	3	7	3	7	6	15	15	16	16	7	7	15	16	11	2	16	20	2	13
19	7	12	17	20	19	1	19	18	1	3	5	7	4	11	19	7	3	7	14
20	3	20	12	19	9	3	4	10	19	16	13	10	10	17	9	9	1	8	16
18	3	20	20	1	2	17	16	7	2	3	13	4	19	20	19	16	17	20	11
20	1	2	15	18	14	15	15	7	6	6	13	10	2	6	16	18	8	16	8
18	8	15	16	14	16	9	5	5	4	18	2	17	4	12	10	17	7	14	3
3	13	1	6	7	12	5	14	19	18	4	3	7	19	16	9	18	17	6	17
12	6	17	20	13	18	20	12	12	20	9	12	4	11	3	14	7	17	10	20
11	12	20	18	6	15	4	19	19	14	10	6	10	7	10	16	3	4	15	8
19	8	4	20	4	1	6	14	14	8	8	18	4	10	9	3	17	8	10	20
6	11	7	1	15	7	12	13	13	9	8	3	11	19	18	13	10	1	3	16
5	14	2	12	14	19	3	9	16	3	16	7	5	17	12	16	3	9	17	19
20	3	12	4	5	10	5	11	4	17	2	20	11	17	7	18	15	9	16	9
2	16	9	2	4	6	1	6	20	19	19	8	14	2	14	4	12	9	17	10
6	11	8	8	12	15	11	12	14	14	3	20	17	14	3	19	3	13	2	20
5	5	2	10	13	13	8	4	2	5	1	7	14	4	15	12	7	2	3	20
15	17	14	7	13	2	17	19	6	6	16	18	14	18	2	10	6	1	5	1
2	17	10	19	9	15	6	18	20	1	13	9	10	18	13	14	1	10	8	2
11	6	16	7	4	14	11	10	8	5	8	17	16	2	9	8	1	7	8	11
10	5	9	12	20	19	4	16	20	14	9	8	1	12	9	20	5	2	8	3
7	1	11	2	10	18	19	11	16	11	16	13	18	1	15	3	14	15	8	5
8	7	15	9	20	17	9	7	8	5	2	17	13	7	13	9	6	20	18	19
11	10	20	4	1	19	7	15	13	8	16	15	14	4	14	14	7	12	10	17
16	7	16	11	12	20	7	19	18	3	16	13	5	13	15	14	17	7	9	4
15	8	8	13	4	2	17	15	16	4	12	17	6	11	16	20	9	4	16	5
17	15	8	16	11	12	19	17	19	6	6	4	17	6	2	7	15	19	1	10
19	14	8	3	4	3	16	17	10	1	16	19	14	1	4	5	17	8	16	18
2	6	18	4	10	3	18	12	13	20	11	5	2	7	15	14	20	17	14	17
16	1	1	14	7	3	7	5	11	12	20	3	4	5	4	12	7	18	19	19
1	4	4	7	7	3	17	16	1	3	5	3	9	11	18	16	16	1	18	2
1	13	2	20	14	19	15	20	14	16	4	15	15	4	2	14	7	6	14	10
16	10	17	15	17	2	18	1	10	10	20	2	2	14	20	17	10	3	17	6
17	16	13	13	13	16	13	14	5	13	15	11	12	15	2	11	14	5	7	11
11	1	12	11	6	10	15	5	14	8	9	1	17	13	15	16	3	19	18	7
3	7	19	5	10	15	15	2	10	3	7	11	8	9	4	19	13	7	1	10
4	7	4	13	13	17	20	13	1	2	4	15	18	3	5	12	17	17	6	11
16	15	18	10	9	20	19	19	11	6	17	10	1	18	13	12	4	16	16	11
18	10	6	19	9	12	17	19	14	15	3	12	9	11	17	16	17	5	5	19
11	13	15	10	4	12	20	2	4	16	11	14	2	15	15	12	18	20	18	19
18	2	13	8	4	3	12	19	17	14	18	20	13	20	20	17	12	2	10	12
17	14	14	7	17	7	1	11	12	1	13	8	2	9	2	6	17	17	1	20
6	9	10	4	3	6	19	10	19	11	16	17	7	11	17	17	13	6	16	2
20	7	1	10	14	19	19	15	13	15	10	14	19	19	2	10	18	17	12	17
17	6	3	3	8	14	12	13	13	16	4	1	5	8	3	17	12	1	14	9
13	8	13	13	15	7	8	3	9	19	3	15	13	15	6	14	16	13	14	20
10	3	6	2	5	7	5	13	18	3	16	11	19	14	9	5	5	14	1	17
17	8	2	12	9	2	10	1	5	9	12	3	2	15	16	7	19	20	20	19
1	3	6	11	5	16	8	10	19	11	9	17	17	13	19	4	11	18	1	11
1	10	19	6	1	11	10	12	3	19	15	6	3	7	14	15	10	3	14	1
8	15	5	19	8	2	15	11	18	10	9	1	7	10	9	18	12	7	7	13
20	3	2	17	16	3	19	20	18	6	6	2	12	2	17	19	15	20	17	1
7	8	1	20	3	14	2	5	13	10	4	2	6	16	1	8	14	15	10	16
8	20	16	17	10	7	7	10	10	3	12	10	9	13	8	7	16	17	12	10
5	9	15	8	4	6	13	11	19	20	16	15	14	16	7	9	10	17	17	14
1	12	9	15	16	15	7	20	6	1	3	10	20	12	11	19	7	9	20	2
4	13	4	10	8	6	17	6	2	3	5	18	4	19	10	4	16	19	9	11
1	9	7	14	1	11	5	14	20	1	8	10	6	10	18	16	2	18	9	5
11	19	2	9	7	10	19	18	15	19	6	2	5	8	17	6	19	7	16	20
11	2	18	12	7	8	6	17	11	17	18	12	14	1	20	6	14	17	18	6
5	20	7	13	7	19	9	9	10	1	12	3	3	6	6	18	20	4	17	8
11	20	6	18	20	11	3	2	1	17	5	12	6	12	5	6	9	17	14	18
18	9	13	10	20	8	2	9	2	11	8	12	8	19	19	13	19	12	9	13
4	16	19	11	1	19	9	17	20	16	13	6	11	13	15	3	10	20	7	18
5	12	5	7	5	7	20	10	3	14	3	5	14	11	16	7	10	10	19	13
7	14	16	9	16	10	6	9	10	3	5	2	3	15	6	3	4	3	9	7
20	18	6	2	15	4	14	12	13	20	20	20	1	1	15	15	16	11	1	8
9	7	17	3	12	14	6	3	16	11	11	10	20	14	13	5	6	15	8	14
19	1	6	1	3	13	12	4	18	13	5	1	15	9	2	4	19	11	5	3
12	3	17	4	11	6	20	13	19	14	20	20	3	14	6	19	7	12	10	15
13	13	2	18	13	1	18	8	13	9	1	20	8	2	13	6	10	19	2	2
13	9	7	18	6	14	1	1	6	4	3	7	8	18	8	11	4	5	18	8
13	11	2	19	2	11	7	16	6	3	20	14	10	4	10	20	17	16	2	6
12	1	8	6	14	12	2	12	3	8	15	13	1	18	5	12	16	9	10	5
7	16	10	12	11	20	10	17	8	19	15	13	19	19	18	6	5	10	14	20
1	16	10	13	15	2	8	14	7	20	2	16	4	14	5	18	7	1	15	13
16	8	18	16	19	2	11	12	9	13	4	16	19	6	7	5	18	18	6	2
10	18	11	13	18	16	16	5	8	17	18	17	7	12	13	19	5	12	1	20
15	11	20	17	10	16	10	9	6	12	17	17	9	17	8	19	11	12	7	20
17	15	10	7	8	18	11	15	8	9	17	18	8	14	19	20	6	2	13	17
14	14	11	14	8	15	11	8	11	6	17	3	20	15	7	11	4	13	20	18
11	4	1	17	11	2	3	11	8	17	18	9	17	5	6	19	20	10	1	4
4	19	6	10	19	3	13	15	17	16	1	8	13	4	16	8	18	19	12	14
8	9	12	11	5	19	8	2	12	11	12	6	13	9	3	3	13	10	17	15
3	11	13	7	13	18	19	4	13	8	1	17	13	4	5	19	19	4	5	3
20	13	8	14	2	13	15	17	18	20	8	9	15	13	14	18	1	3	13	1
15	10	13	15	2	18	4	4	6	16	4	15	9	13	7	7	20	14	6	2
9	4	18	9	5	9	20	17	19	10	11	10	5	15	6	6	14	10	7	18
12	17	20	11	2	6	20	12	19	11	19	12	9	7	18	1	18	20	6	6
3	7	9	19	20	10	4	9	20	9	14	5	20	5	10	15	15	20	12	12
19	14	14	10	12	3	9	6	13	16	1	16	15	11	13	18	17	2	4	17
1	14	8	2	10	12	2	3	2	2	18	3	14	16	5	10	6	16	13	17
19	12	8	11	14	16	3	9	1	18	17	5	20	4	2	13	12	7	17	7
19	9	3	16	2	2	16	13	5	13	16	9	9	9	9	16	9	8	1	19
6	12	14	8	4	20	20	7	12	13	3	14	13	17	1	15	9	17	1	7
17	11	14	1	2	6	14	7	20	16	5	10	14	5	2	9	18	2	17	10
13	6	6	16	19	2	15	20	19	19	15	8	12	10	2	15	6	16	6	15
7	3	12	7	14	4	19	2	10	15	17	12	4	8	13	6	6	16	20	18
14	13	14	9	19	7	17	2	20	11	4	12	18	1	18	19	12	10	2	1
19	18	13	18	11	9	6	8	10	16	1	17	20	19	5	19	10	11	14	19
14	10	8	6	5	16	12	8	4	9	14	4	11	17	10	15	13	9	11	4
13	5	10	6	7	7	14	3	9	17	2	7	16	1	16	1	6	11	18	9
4	18	9	18	10	2	9	18	12	2	13	9	2	10	17	12	16	17	13	5
5	4	10	1	6	8	4	13	18	10	2	6	20	2	4	19	18	7	16	18
15	14	16	20	18	2	17	16	7	9	3	4	7	14	4	3	20	18	17	5
11	5	2	17	14	16	13	8	19	9	6	2	3	19	3	18	1	20	3	3
8	17	6	7	1	10	10	5	4	15	11	18	11	5	16	15	18	12	1	9
3	16	11	20	12	3	5	17	17	7	10	16	18	1	11	6	5	17	14	10
5	14	2	15	20	14	20	16	7	17	6	17	13	14	11	4	7	15	15	15
3	10	10	6	20	10	7	15	7	18	7	12	6	4	3	12	7	2	8	13
5	7	4	12	2	16	15	6	5	17	20	20	20	10	9	4	13	2	9	3
10	12	6	20	19	7	3	1	10	16	12	17	7	16	3	11	17	1	11	6
15	1	6	10	15	3	5	10	18	8	17	2	11	18	11	20	5	4	14	4
11	10	18	9	3	13	16	3	7	4	10	17	18	17	5	17	14	2	1	9
1	8	11	12	11	12	8	7	10	3	16	20	1	10	17	3	15	3	17	6
7	9	15	12	2	7	17	5	19	17	11	5	2	15	3	11	1	6	16	6
18	17	16	14	5	8	12	5	15	13	20	18	10	12	13	8	20	11	11	5
17	7	3	20	6	4	6	7	18	13	9	9	14	8	18	9	9	5	1	8
15	3	2	14	14	7	12	2	17	7	19	13	5	7	4	3	18	15	7	4
6	1	14	19	16	7	16	15	13	11	20	6	10	4	19	7	7	5	7	20
8	13	16	10	5	14	1	6	15	20	6	4	16	17	18	3	4	4	9	18
14	19	18	10	12	10	10	3	6	13	16	8	16	12	11	1	18	6	11	18
19	18	5	16	17	15	7	7	10	16	17	19	17	18	3	3	3	12	7	5
5	16	17	12	16	16	18	12	13	20	10	2	7	18	8	15	4	3	18	10
3	10	18	20	6	19	8	19	20	1	5	16	6	6	8	9	2	8	9	4
12	3	14	20	4	10	3	2	16	16	9	2	3	9	2	17	18	17	4	17
18	5	17	18	5	17	17	16	5	12	18	2	20	2	7	10	18	18	3	20
9	13	15	2	5	9	17	6	2	12	16	2	13	5	9	3	2	20	14	10
11	5	5	9	9	8	4	14	20	15	16	13	14	9	8	8	13	7	6	7
5	2	9	19	19	8	13	16	19	18	8	13	19	3	8	13	5	20	1	6
10	3	14	17	1	16	18	15	2	13	3	4	17	19	9	8	12	10	1	6
4	20	2	8	11	14	14	4	18	17	18	18	13	16	10	17	14	10	15	9
20	4	3	3	2	19	13	2	17	6	19	3	4	16	11	20	15	20	15	14
18	16	16	6	4	2	10	6	14	14	15	12	5	13	13	10	14	3	8	15
15	12	7	2	14	14	17	17	19	3	17	6	9	20	16	2	3	13	2	6
20	2	18	9	10	8	8	2	14	4	5	12	12	11	14	19	15	18	16	17
13	17	8	14	20	15	9	17	10	20	19	3	20	4	1	12	2	13	13	17
16	12	19	3	3	8	7	3	12	9	3	17	8	8	12	6	19	9	14	15
3	7	19	5	7	8	8	7	3	16	11	12	12	18	13	20	18	18	2	5
1	15	15	19	7	11	18	13	11	8	9	15	17	11	15	15	4	18	9	19
20	18	2	9	11	2	15	2	10	9	5	15	20	4	10	6	15	12	4	20
13	4	19	7	7	7	16	7	9	12	10	20	19	3	11	5	17	19	14	2
20	11	11	20	18	12	4	1	18	18	8	7	7	1	17	14	18	1	19	17
7	12	10	6	1	19	1	2	20	11	4	15	13	5	19	18	7	10	15	11
8	19	9	4	20	16	1	3	3	1	1	7	12	2	5	8	20	10	15	19
16	9	8	1	15	17	4	3	7	1	11	19	5	12	7	15	20	20	15	4
15	10	10	14	11	5	12	9	4	20	5	6	6	1	8	6	19	19	14	17
3	13	10	10	4	13	16	19	8	19	7	16	3	8	4	14	17	10	3	8
20	6	6	3	2	13	13	7	20	2	18	4	7	8	20	16	8	8	16	12
4	17	4	14	19	2	20	1	17	6	13	1	3	11	20	10	6	18	13	9
19	2	14	16	13	14	19	6	15	17	15	7	20	16	4	2	7	4	4	16
13	14	14	3	6	20	7	18	11	4	11	18	9	16	13	11	18	18	17	19
5	19	7	6	20	18	18	19	15	7	18	11	1	1	16	19	17	2	9	10
6	10	1	6	1	20	20	3	9	1	19	3	1	20	2	8	4	7	1	11
16	1	2	8	7	18	16	15	19	12	19	5	15	12	12	12	15	16	17	14
18	19	14	19	1	15	17	18	13	19	6	12	19	3	8	8	7	18	3	4
19	12	18	18	10	20	11	15	20	4	3	8	8	9	12	13	3	4	13	3
12	2	16	13	9	5	15	8	6	15	4	3	1	18	2	19	6	3	10	20
9	9	8	14	16	2	16	7	8	5	18	5	6	13	8	10	12	10	11	19
8	7	6	8	20	12	18	8	8	8	13	1	15	4	15	9	4	8	14	1
14	12	11	10	3	15	6	16	7	19	13	20	13	13	1	6	9	14	17	9
17	2	17	14	15	10	3	3	12	16	2	14	5	12	5	17	13	20	7	10
19	11	1	16	15	19	4	10	10	8	5	3	13	16	15	13	4	6	18	15
4	12	7	18	18	4	15	8	12	15	11	5	8	8	18	18	10	8	13	17
4	13	8	18	14	14	11	14	16	13	14	14	5	11	1	18	8	6	12	1
9	6	5	5	10	20	10	18	12	14	15	4	12	3	7	17	8	16	6	15
20	5	16	6	14	20	7	15	2	11	2	18	7	9	20	5	1	11	20	20
17	16	14	7	2	19	6	16	13	5	11	4	19	3	10	10	5	9	17	5
4	20	19	1	10	8	18	13	14	6	11	11	15	20	3	20	11	19	1	14
9	13	4	12	7	4	5	11	18	1	5	3	3	16	17	9	5	11	15	5
19	3	19	4	5	14	13	5	9	6	10	9	18	6	18	15	5	5	17	6
4	14	1	10	18	13	13	12	13	18	8	19	9	19	18	2	8	2	16	8
13	16	8	14	11	15	5	3	16	14	17	2	3	3	19	18	11	4	19	8
17	14	12	17	5	6	11	19	4	12	19	2	5	12	7	17	6	16	4	11
3	10	11	11	1	19	8	20	6	10	4	15	6	11	6	14	7	15	10	15
16	18	12	4	14	2	10	20	6	13	1	11	8	15	19	7	1	10	6	20
5	6	14	3	9	15	17	10	9	16	4	18	9	18	1	17	19	4	18	11
8	12	15	6	13	4	18	13	12	4	6	2	2	20	16	14	2	19	14	13
16	12	8	20	11	13	6	7	16	8	18	10	12	7	17	16	20	15	5	1
16	17	13	2	17	11	4	9	7	6	12	11	11	14	12	19	19	18	19	6
12	8	11	2	2	17	15	20	20	16	15	17	1	8	17	9	10	17	10	15
15	4	3	20	17	10	10	17	1	12	10	11	7	13	15	19	18	4	1	2
14	6	2	11	14	17	14	15	10	9	7	14	10	17	17	15	12	5	4	18
7	1	17	20	2	16	19	15	20	19	5	20	4	20	8	2	16	7	1	9
4	11	16	18	15	7	5	2	14	2	1	13	4	8	16	14	10	18	19	13
19	17	20	8	8	13	4	11	8	17	2	20	1	6	14	8	1	9	17	2
18	14	9	5	16	6	5	1	8	7	18	15	15	3	4	20	14	10	20	8
16	2	11	7	11	12	19	3	16	2	5	8	1	20	17	11	6	15	6	16
11	7	17	18	7	12	5	18	19	13	16	9	9	3	17	1	13	19	11	6
7	19	19	7	20	3	15	13	3	16	14	7	2	17	1	20	11	2	7	2
12	8	18	7	8	17	18	14	19	10	9	13	11	11	14	7	7	19	3	9
13	4	20	7	14	14	18	10	9	7	14	16	2	3	13	4	18	12	14	1
4	1	15	16	16	18	18	2	16	17	4	11	4	12	3	10	10	9	11	7
14	11	2	10	1	9	18	7	8	3	20	13	7	9	10	6	1	15	2	7
15	6	1	15	14	5	4	14	15	11	15	16	17	6	12	3	19	5	15	2
10	20	10	10	12	19	7	13	9	9	9	8	8	7	15	12	16	18	7	8
15	16	11	18	12	3	12	1	14	11	18	15	7	20	20	20	9	13	1	19
14	3	15	7	18	15	16	4	6	14	1	17	18	17	9	2	2	17	16	19
12	13	7	14	3	5	18	17	13	18	4	2	19	19	3	17	18	8	2	6
20	8	12	17	19	8	9	20	13	15	3	11	7	7	2	10	7	5	4	2
3	18	3	5	6	5	19	5	4	12	9	13	15	7	18	20	15	3	7	17
9	8	5	1	14	10	14	11	8	11	10	3	3	12	16	15	2	8	8	12
3	14	16	9	18	10	5	14	15	18	14	11	12	15	5	15	11	8	3	9
6	13	20	20	19	15	18	7	11	11	4	15	5	3	20	16	3	12	10	3
1	9	15	9	14	20	8	16	4	8	13	18	17	14	1	6	9	18	5	3
17	17	5	18	2	9	6	4	10	18	19	2	5	16	16	4	5	3	5	12
7	16	19	15	20	6	16	14	7	4	14	14	13	14	3	8	7	10	14	18
20	3	7	13	10	1	18	3	11	3	1	7	12	5	20	19	5	6	14	19
10	8	5	1	18	4	6	3	16	12	7	19	4	4	1	3	3	9	17	16
13	11	3	3	4	12	9	14	8	4	5	2	11	20	11	6	14	9	17	2
1	15	4	4	8	3	18	20	5	17	16	9	5	4	2	13	6	10	2	12
13	8	12	20	7	8	17	19	3	17	16	2	14	5	20	18	15	7	13	19
14	19	15	14	16	4	13	1	7	3	6	20	20	10	4	2	16	13	5	5
2	6	1	10	19	17	5	14	4	8	18	10	18	5	19	10	19	18	19	8
14	8	8	4	2	19	20	7	2	1	16	15	5	19	9	7	1	9	5	13
3	5	11	15	14	5	10	15	14	17	16	6	5	10	16	20	1	5	9	10
5	8	18	3	16	13	13	7	12	15	9	3	19	12	18	11	15	16	16	15
6	3	1	9	18	15	1	13	5	4	11	8	17	10	1	5	10	13	3	11
2	18	4	8	2	20	20	2	16	16	18	6	19	12	12	2	19	9	14	15
12	11	5	10	1	5	2	9	5	20	10	5	16	10	12	4	20	10	14	17
15	16	15	19	8	3	1	11	20	19	11	7	10	6	2	14	5	19	15	15
3	5	14	13	12	3	10	16	19	20	13	9	11	3	7	7	9	12	9	20
2	5	18	3	7	6	15	17	12	2	20	20	14	17	1	8	12	19	2	7
20	16	11	2	20	7	11	16	10	5	14	13	13	13	20	6	4	1	8	16
2	20	8	11	8	12	7	20	16	6	17	19	12	13	6	19	12	2	6	13
15	3	4	10	13	3	10	17	17	19	10	11	13	9	14	13	7	7	17	20
19	16	4	15	12	9	2	14	19	20	13	8	1	18	5	18	1	11	17	16
3	7	1	14	19	8	4	14	12	1	18	2	1	1	14	17	19	19	10	2
2	16	15	20	13	3	18	18	15	18	11	18	7	5	7	15	11	19	17	10
2	11	5	15	15	7	19	20	16	11	14	2	9	19	15	2	4	20	16	15
7	6	12	10	2	9	7	4	12	16	16	9	3	19	14	12	20	15	17	10
7	18	9	12	14	8	13	2	3	15	7	1	5	11	6	15	8	2	20	17
19	7	15	3	11	8	3	14	16	9	20	17	5	9	6	8	20	18	9	4
10	14	13	18	9	7	2	7	10	4	18	5	6	18	5	19	13	15	13	6
2	20	4	16	6	17	15	19	11	14	11	17	19	6	18	18	9	9	1	7
5	2	2	5	2	8	14	20	3	12	11	11	14	6	11	4	10	5	17	19
19	6	3	9	20	11	20	6	12	4	12	9	17	10	9	1	11	7	20	16
15	14	18	9	16	3	1	3	19	4	17	12	15	8	15	10	11	1	17	10
12	13	14	2	8	15	4	17	1	15	12	9	2	6	8	7	15	10	8	6
2	17	15	20	11	2	3	17	20	18	5	2	6	7	1	14	18	19	6	18
17	2	11	17	5	13	13	17	15	19	19	18	10	9	19	12	10	20	8	5
3	2	3	7	16	8	4	12	7	7	6	13	20	19	11	15	17	10	1	12
12	13	8	6	11	7	14	20	4	3	3	4	11	6	18	9	18	11	3	17
10	16	11	13	18	8	1	10	8	6	7	9	14	1	7	10	14	14	2	12
3	20	12	2	13	7	13	15	20	11	20	8	11	19	11	17	6	4	15	8
6	8	10	2	19	4	13	14	12	16	3	14	13	17	12	13	3	12	5	3
15	19	15	5	10	5	7	4	19	14	6	7	18	14	10	16	8	15	14	12
16	11	14	16	8	19	10	7	10	14	9	16	3	3	11	18	6	4	4	12
6	11	16	17	16	13	12	4	9	10	17	18	12	2	16	16	19	5	8	8
4	10	7	15	16	10	8	16	10	10	13	6	17	16	4	10	12	14	18	20
14	8	8	14	14	5	2	7	18	19	13	13	20	13	3	1	13	8	4	15
11	19	2	9	7	3	1	2	11	18	14	14	4	2	2	10	14	12	5	3
6	2	1	3	6	16	16	14	2	19	7	13	20	5	7	11	20	18	4	8
12	2	3	15	10	16	1	2	9	20	8	4	8	15	8	10	10	12	12	12
2	10	12	2	13	11	17	20	18	18	2	3	4	2	8	1	14	1	1	4
6	19	10	19	19	4	17	7	4	9	8	20	9	11	5	2	19	3	17	8
13	3	8	5	5	6	4	4	19	20	16	15	13	5	10	9	15	16	18	20
8	15	11	7	9	18	19	20	11	5	18	6	12	10	9	11	10	6	14	8
7	10	2	20	12	17	9	18	14	1	2	20	18	3	1	14	7	3	20	8
9	20	15	2	13	2	10	1	13	19	12	14	18	18	16	17	7	15	2	14
15	9	11	5	15	18	14	12	19	12	13	17	9	3	6	19	20	7	12	13
20	12	7	1	13	3	8	17	17	3	2	2	11	17	3	1	17	9	19	7
17	15	2	7	4	13	15	13	14	7	15	4	20	13	12	20	15	5	5	12
16	10	14	2	5	17	20	15	11	7	13	18	19	9	3	4	4	2	7	10
12	18	13	4	19	11	12	16	8	16	11	8	10	10	4	19	13	11	3	12
1	3	16	6	6	1	2	13	6	18	10	19	6	1	12	3	4	2	15	10
10	6	20	11	1	13	1	11	4	8	14	4	11	13	18	13	5	12	13	9
9	6	8	4	15	6	18	12	14	13	14	13	8	19	17	19	13	11	17	5
11	20	9	6	4	20	8	12	15	11	13	5	14	11	5	1	19	13	5	13
9	7	16	18	11	16	11	7	17	1	19	1	3	17	12	2	5	3	1	17
4	11	19	11	5	2	3	12	1	8	18	9	10	4	20	20	20	4	11	5
16	7	14	7	4	9	17	6	18	3	1	7	8	8	16	1	2	13	8	3
4	16	20	15	18	5	11	4	6	8	19	18	18	16	14	16	16	9	20	1
16	20	7	2	16	6	15	20	4	14	14	12	13	19	8	16	7	10	13	13
3	12	14	6	2	4	5	9	12	6	5	13	19	20	1	8	15	9	11	4
12	4	12	8	14	4	16	3	14	17	19	14	14	10	14	17	2	11	4	19
12	3	9	8	2	3	3	10	7	2	8	3	15	3	1	17	20	8	14	5
19	13	4	17	9	5	11	10	1	2	3	7	3	12	10	19	9	13	13	12
5	18	13	11	7	10	3	5	8	10	10	5	3	1	1	18	18	9	13	5
13	8	1	6	20	12	15	14	11	17	4	3	15	7	6	6	4	12	4	14
12	4	9	12	3	14	12	19	10	4	16	20	3	6	4	3	15	12	11	3
4	6	12	7	19	5	7	3	13	15	12	20	7	10	19	15	4	11	17	3
11	15	9	10	7	13	14	8	13	7	9	20	15	20	11	3	2	11	4	1


2	2	2	1	2	2	2	1	1	1	2	2	2	1	1	1	2	2	1	1
1	1	3	1	3	4	4	2	2	4	2	3	4	5	1	1	3	4	5	1