500	4	20

1	1.3	1.55	1.75	2.1
4	6.76	9.61	12.25	17.64

2	36	51	6	46	25	20	46	31	72	87	29	5	67	15	49	25	96	23	28
21	40	35	87	31	16	83	11	43	18	39	45	87	86	44	24	54	69	37	49
75	5	23	87	96	52	80	59	70	64	3	47	52	76	7	61	97	48	67	72
17	16	68	46	25	85	97	19	40	50	21	46	97	24	76	28	65	52	67	74
55	45	15	8	34	91	88	34	37	83	89	13	14	9	47	81	82	58	15	90
84	80	29	60	68	63	16	39	4	60	75	50	1	91	70	13	73	82	13	49
89	75	74	2	31	93	54	38	66	29	37	14	94	19	69	23	33	86	69	51
88	35	11	32	51	79	25	30	54	57	1	36	60	42	37	40	3	53	54	51
82	78	24	57	15	67	40	62	65	65	1	47	97	47	57	79	38	73	49	48
15	35	30	62	31	22	21	4	71	92	18	25	22	98	79	9	70	14	51	77
9	43	77	8	77	34	7	7	32	27	1	11	17	65	86	36	28	99	82	46
43	68	71	26	29	68	33	69	57	58	59	84	25	49	14	85	11	63	48	59
69	27	23	36	9	77	22	94	34	79	9	1	23	1	3	52	7	61	12	20
93	70	90	2	78	64	11	41	27	15	80	64	52	21	96	52	33	18	65	62
7	33	28	12	34	27	14	92	37	40	77	96	41	82	82	22	5	50	10	70
64	17	26	86	76	73	34	28	5	14	2	79	98	16	16	11	55	66	84	33
17	18	1	70	42	11	77	48	54	32	62	67	47	53	29	20	33	50	47	73
16	78	84	7	7	78	98	70	19	49	1	42	45	11	52	36	90	97	44	72
52	58	77	11	63	84	12	32	18	40	21	55	57	24	28	62	53	54	90	96
77	14	56	13	40	39	74	46	67	11	92	48	67	75	87	45	70	19	16	18
85	43	95	97	68	95	13	22	53	84	27	34	92	43	10	47	68	69	20	60
87	1	24	21	62	46	20	61	35	44	5	67	64	19	88	76	49	21	9	53
11	73	34	11	89	87	14	75	48	40	72	53	82	68	95	24	19	58	81	75
34	15	86	26	13	49	1	74	61	39	9	62	13	29	19	12	13	75	83	45
52	52	1	9	5	95	40	12	26	6	72	72	5	59	52	93	71	3	71	33
98	38	53	1	65	36	36	28	48	52	43	78	31	51	95	47	56	66	88	97
23	25	25	11	44	34	68	81	9	25	8	83	69	73	77	78	57	70	79	69
4	70	6	95	81	85	50	98	84	91	1	24	75	54	33	23	12	7	38	38
57	15	63	97	6	73	19	26	76	21	22	11	91	68	29	70	14	89	94	19
55	47	15	78	44	54	80	79	83	29	85	35	64	69	41	57	55	32	36	17
76	23	95	99	55	12	33	47	59	64	53	85	29	44	88	65	70	72	17	43
54	60	38	69	5	75	62	14	94	34	98	21	76	91	37	76	58	9	59	77
9	13	46	85	29	58	75	3	29	10	70	44	99	70	30	74	88	14	86	74
13	95	97	7	41	1	65	70	27	82	31	57	32	73	37	20	47	27	23	17
4	23	23	56	14	61	22	46	34	6	20	73	61	6	81	60	75	56	18	83
37	79	10	46	4	68	29	35	68	25	67	14	49	30	56	26	88	17	25	42
87	99	62	32	61	76	40	82	47	53	63	36	85	61	72	92	86	20	29	4
32	36	69	57	4	5	46	96	10	1	13	79	39	74	65	22	34	50	60	15
3	26	9	80	72	43	4	35	58	27	58	90	36	52	56	92	94	26	28	39
57	67	50	33	59	31	24	94	70	21	84	76	59	18	79	63	89	29	21	66
1	64	11	96	18	30	24	74	86	46	76	74	20	22	80	30	95	64	56	36
13	36	7	82	12	14	79	40	78	66	83	61	51	36	87	96	13	70	76	24
13	97	48	79	38	38	67	97	45	95	57	4	64	51	53	24	12	39	46	1
3	72	76	3	89	59	45	41	45	95	71	31	56	38	99	49	99	38	74	67
91	80	52	14	44	34	59	6	58	98	90	18	32	24	74	97	86	30	53	98
74	42	49	12	69	97	99	82	44	11	93	16	7	50	91	35	61	30	20	73
5	5	29	44	47	2	58	51	33	81	17	44	61	73	75	66	7	2	74	60
16	6	50	19	98	22	91	28	60	42	76	88	88	93	77	88	52	30	75	13
24	2	10	11	23	98	83	85	43	98	7	65	36	51	54	92	69	76	30	69
27	85	57	17	42	19	12	65	11	58	46	67	19	9	39	44	58	30	44	10
51	2	17	36	7	82	20	77	59	85	8	53	11	86	78	24	87	31	93	31
58	64	79	7	8	39	96	39	64	29	8	54	37	37	79	77	6	76	93	3
71	80	68	42	56	47	41	96	56	75	41	56	64	8	24	92	73	16	29	91
78	47	29	58	57	55	53	87	74	87	81	47	39	2	20	25	29	62	52	54
23	12	97	53	26	28	20	49	28	77	13	97	33	15	33	80	2	33	98	50
79	33	79	51	36	49	94	83	92	10	50	28	33	94	57	48	3	39	35	66
17	85	33	42	62	82	41	29	22	93	25	18	49	63	13	64	51	67	45	9
99	24	5	61	45	60	26	89	8	73	20	33	85	30	41	25	22	16	17	9
86	78	61	8	21	1	38	74	83	88	96	25	96	8	2	96	96	27	92	49
48	47	68	20	48	91	91	95	94	90	14	14	84	16	96	17	58	91	69	38
46	26	57	5	87	20	92	68	10	28	61	59	59	82	28	35	43	39	92	82
63	96	89	38	67	5	28	13	30	23	56	10	87	71	89	21	37	13	21	39
74	38	86	20	69	62	58	28	15	22	69	55	77	22	40	86	25	26	26	92
7	84	70	83	71	51	71	60	22	75	22	26	19	22	44	19	53	46	47	89
45	73	87	2	20	64	62	7	95	59	70	82	70	33	22	77	41	68	83	97
5	53	97	44	5	77	37	40	68	34	23	44	61	67	33	92	51	15	1	50
84	15	41	81	96	62	2	39	98	14	22	94	8	7	67	93	19	28	67	9
16	39	98	90	17	62	85	39	15	63	66	60	84	81	29	26	65	82	57	4
4	2	19	99	20	31	75	69	80	81	48	68	33	69	74	59	36	59	10	74
67	47	23	94	89	42	61	43	76	42	14	88	93	22	89	28	46	56	44	48
83	57	79	32	60	33	14	41	36	66	40	27	61	89	7	14	54	2	72	14
56	99	51	66	72	47	1	16	38	77	85	91	22	26	72	18	90	44	66	37
72	5	97	72	19	15	88	28	91	69	41	91	76	19	22	86	53	25	59	25
10	46	53	38	75	77	45	9	2	32	33	69	37	54	49	2	52	49	81	8
74	6	77	33	18	4	27	85	74	90	33	85	52	14	40	68	32	46	93	62
43	56	49	57	12	3	47	86	44	49	48	97	15	14	42	99	84	96	61	24
28	31	39	85	65	6	59	78	52	44	65	87	50	75	78	57	63	58	70	86
32	61	20	15	5	87	97	56	53	80	60	37	46	14	18	26	46	5	83	71
40	3	91	11	19	59	86	66	54	18	20	96	98	43	93	54	58	79	19	51
10	2	59	81	35	80	42	77	72	34	76	8	8	44	95	91	96	28	51	13
81	39	71	20	1	88	36	23	98	82	96	17	34	38	63	88	81	72	93	76
35	43	26	52	85	43	68	35	95	51	68	17	5	47	23	47	59	2	40	60
62	8	40	49	33	65	94	49	3	72	44	62	92	51	64	53	39	64	55	67
69	68	86	79	22	40	65	53	22	86	27	89	51	75	20	42	49	45	50	45
31	17	82	85	33	55	97	68	95	48	7	25	20	22	56	31	34	25	7	48
87	86	15	95	62	3	28	61	70	62	11	49	85	93	37	99	40	78	20	71
74	70	72	19	94	67	98	88	60	56	71	11	68	13	21	97	69	14	24	84
76	11	51	34	63	49	46	7	48	2	32	35	31	89	55	40	75	14	69	95
60	19	85	20	76	4	55	43	2	76	86	96	26	56	73	76	23	96	2	48
70	29	10	81	87	22	76	35	6	22	32	16	94	2	48	52	8	36	46	78
66	67	67	93	9	13	74	50	49	32	76	10	41	39	47	65	78	58	90	66
47	98	71	90	2	92	80	68	57	89	37	63	64	96	73	31	1	21	19	34
43	84	12	16	35	6	93	2	32	68	93	97	99	9	37	78	23	14	34	63
28	80	96	6	40	63	89	34	51	5	17	54	73	33	18	99	77	72	81	1
71	8	21	49	92	69	41	47	89	98	89	53	10	28	23	89	52	86	17	80
17	30	49	8	66	94	50	42	18	15	73	33	23	3	49	97	54	55	97	29
46	97	45	58	50	20	53	84	58	68	10	85	52	68	13	1	82	77	45	46
49	48	69	4	5	13	72	72	84	90	28	33	17	12	41	12	81	41	78	5
14	51	47	48	87	65	98	91	65	20	53	9	1	94	82	9	82	61	5	51
64	15	61	75	67	12	12	24	42	8	87	29	26	40	15	41	72	98	22	42
95	43	5	25	71	77	12	57	94	7	53	79	3	29	35	95	72	68	79	68
64	60	98	19	43	31	75	18	89	6	41	43	62	24	90	84	18	50	15	27
37	52	40	91	32	31	28	6	40	59	56	31	93	59	3	86	13	77	80	70
66	75	90	6	79	91	8	54	98	70	41	48	95	47	54	77	21	33	14	40
43	47	35	38	61	32	20	32	48	35	83	25	71	25	18	18	67	49	26	91
45	21	44	30	87	69	68	66	91	60	14	15	81	49	98	98	89	95	46	14
58	18	70	23	14	6	46	79	10	77	22	52	19	56	83	77	17	35	3	58
98	31	80	79	49	80	97	89	77	98	84	39	60	26	56	60	24	18	36	73
55	75	47	76	37	52	1	70	43	93	24	51	31	24	8	64	98	38	48	21
65	20	16	68	71	14	37	67	20	35	35	39	38	13	73	33	95	93	48	88
88	40	12	28	82	33	67	81	59	13	84	78	61	73	43	75	18	95	47	43
4	98	65	55	55	12	26	7	40	49	94	65	99	76	96	16	37	89	59	12
27	99	28	74	19	43	67	78	39	19	9	15	22	27	19	11	54	38	26	67
2	70	58	67	9	89	29	24	59	10	34	29	16	24	5	79	6	99	94	14
80	29	41	55	60	85	79	94	54	26	30	88	38	40	64	87	77	10	15	45
75	63	25	6	38	82	36	54	23	31	78	17	54	12	5	24	76	77	7	19
60	73	23	57	25	39	53	60	18	19	52	72	79	8	75	12	70	68	96	90
3	72	40	83	24	66	48	77	97	35	19	66	37	98	3	78	40	62	78	67
89	75	58	87	90	11	17	90	94	80	1	42	11	65	12	47	42	73	44	91
11	11	20	28	71	41	76	35	56	58	12	6	57	41	30	91	67	76	8	62
46	2	66	45	48	48	63	37	93	57	18	22	28	89	26	26	11	35	15	66
22	56	79	59	44	87	17	30	58	95	64	17	5	38	46	4	4	48	67	48
5	70	77	85	58	7	7	76	50	28	24	23	87	40	96	16	90	77	85	53
55	12	83	73	18	89	67	67	95	33	80	30	95	9	43	76	37	71	46	99
58	48	33	88	31	17	85	5	49	6	46	87	41	88	40	65	46	76	52	62
4	2	58	52	75	94	16	96	5	91	21	10	50	19	51	15	95	62	58	52
2	91	66	6	34	35	85	55	21	82	44	19	36	91	49	39	5	48	14	86
66	83	69	55	60	79	24	93	11	23	66	48	77	5	42	22	78	31	82	84
32	87	15	21	55	45	13	66	54	58	21	33	68	13	63	5	59	52	3	43
60	44	21	81	89	43	21	71	94	84	43	45	60	78	10	46	76	3	19	42
6	9	69	77	25	85	22	59	60	96	83	57	23	54	3	11	69	32	10	82
72	99	25	13	43	70	22	55	44	43	75	94	28	38	77	88	31	29	53	4
92	1	94	17	41	96	87	57	62	66	50	71	79	92	67	36	8	21	16	69
66	31	96	80	39	46	10	56	86	51	78	99	28	16	30	14	43	38	33	52
97	68	25	26	43	24	98	57	99	97	80	65	3	67	54	84	92	94	89	20
54	55	74	75	74	12	81	69	47	55	1	16	76	90	74	4	52	51	7	55
51	51	52	27	80	53	83	40	30	90	97	13	50	35	53	53	33	34	19	83
61	36	6	75	61	54	27	67	30	34	15	9	50	65	47	19	98	52	56	79
28	45	13	75	8	60	89	66	32	64	69	15	61	79	25	61	7	1	62	65
48	60	63	7	6	88	17	29	81	77	77	89	89	18	32	5	25	71	86	48
20	57	18	18	55	77	94	48	34	69	69	8	50	42	51	19	90	55	38	26
32	4	67	63	11	35	25	38	49	32	18	80	77	80	9	83	67	79	96	68
63	29	37	75	97	89	63	16	42	59	50	25	92	11	3	30	43	66	67	96
8	86	8	64	12	24	35	37	44	3	88	13	40	80	20	20	76	41	21	71
91	27	54	64	67	88	14	12	88	23	78	73	54	38	67	79	72	4	23	65
25	68	91	71	84	44	23	37	30	11	94	87	40	26	78	2	43	57	31	25
25	54	18	82	55	67	43	1	21	81	98	82	92	44	81	81	70	26	16	6
49	55	57	27	55	12	62	13	17	81	24	84	1	19	15	33	89	74	80	74
6	95	41	14	95	87	55	10	76	45	6	12	87	78	66	65	63	41	97	62
62	21	91	3	27	77	66	7	55	81	80	71	77	22	95	18	8	90	5	7
58	38	99	10	10	93	77	8	65	32	85	93	69	11	94	65	70	5	5	77
50	77	44	93	46	69	3	17	95	73	28	64	36	49	82	99	1	97	37	65
83	35	90	95	31	39	27	47	18	48	5	12	95	53	87	56	27	25	20	3
59	31	9	50	35	19	61	37	8	77	51	26	7	36	34	47	56	10	26	15
27	48	28	44	19	5	36	86	14	44	88	51	67	18	28	67	79	25	95	52
64	75	48	49	36	92	54	76	29	45	1	78	81	16	11	1	3	56	73	28
79	86	18	7	86	40	19	10	76	40	30	88	84	80	40	70	28	55	93	13
44	25	22	27	61	83	12	45	25	88	85	19	43	95	29	66	50	54	4	7
69	40	49	74	86	79	66	17	27	96	74	61	44	19	12	89	53	39	32	33
25	83	73	73	66	60	82	82	39	97	76	3	46	36	80	46	24	58	98	95
35	44	29	57	29	22	63	88	37	15	98	99	10	5	27	37	92	39	11	12
12	72	98	72	33	62	95	87	75	95	64	85	67	60	51	23	90	91	98	14
8	6	79	66	33	38	34	76	3	42	69	20	56	39	72	52	97	34	3	67
96	81	80	82	21	79	79	67	83	89	48	30	80	86	58	67	58	38	38	62
32	71	54	75	63	86	14	47	54	37	7	74	48	49	10	49	40	77	31	53
74	59	88	41	55	23	30	23	22	8	42	85	90	58	53	30	50	1	95	38
19	43	92	70	57	59	36	17	60	66	11	98	9	16	1	60	20	43	25	55
9	24	93	52	96	11	15	65	38	23	27	10	33	2	15	8	91	13	73	93
52	29	1	11	37	72	61	48	52	79	90	86	25	8	46	9	12	35	54	46
1	49	38	45	31	52	59	15	1	18	86	18	6	5	43	11	56	18	64	9
40	69	77	30	64	72	36	87	34	6	77	72	78	89	55	98	99	18	78	79
5	49	66	59	25	33	4	34	79	11	22	64	26	78	48	27	54	99	38	30
58	78	15	66	12	49	25	3	85	80	26	57	7	57	65	80	86	73	65	70
84	97	4	31	30	35	20	32	19	52	93	56	24	2	43	86	73	33	43	39
69	47	66	79	63	7	51	72	66	40	23	68	51	46	57	42	47	61	29	1
40	73	92	43	68	56	42	95	78	36	14	55	36	41	1	40	76	16	38	4
12	35	77	52	76	46	93	3	38	90	15	84	59	72	14	30	52	52	85	76
59	8	79	23	5	25	8	86	81	50	26	93	15	76	15	93	14	93	94	49
37	30	45	72	61	62	34	48	64	97	18	85	24	86	1	73	60	95	10	65
72	50	97	2	8	95	49	9	40	14	38	90	73	30	44	29	58	32	24	85
54	46	94	21	94	15	94	34	34	81	1	30	59	48	84	19	75	91	15	68
75	38	25	86	41	54	79	60	1	38	40	41	8	85	68	61	25	31	85	58
46	78	16	58	11	24	83	21	10	25	26	5	60	58	42	9	4	56	33	47
1	86	70	32	51	2	19	30	70	57	65	92	4	66	22	94	67	48	25	81
33	43	25	26	28	71	33	67	15	15	6	80	97	47	88	19	28	34	95	50
34	38	42	96	11	24	88	96	80	38	49	80	16	91	8	73	51	96	21	26
92	65	53	94	99	77	86	44	9	38	46	2	85	93	4	20	31	8	6	40
39	49	32	53	48	46	83	64	12	8	93	93	11	12	63	17	14	2	5	77
92	65	79	77	21	64	4	40	76	54	71	3	98	37	39	8	43	3	45	32
10	79	20	41	37	20	81	36	98	99	84	11	33	90	11	7	20	61	25	38
85	60	61	19	95	99	93	84	62	25	25	17	46	30	61	74	26	97	79	38
24	72	56	51	25	18	23	43	4	60	25	4	1	74	55	18	70	24	73	9
25	43	20	35	2	61	37	56	4	25	38	31	53	96	89	91	52	40	20	38
13	94	19	55	60	49	20	98	53	11	50	63	93	41	16	76	84	65	19	53
7	10	2	32	46	77	12	57	4	99	78	18	31	54	74	43	65	12	31	35
58	30	93	17	87	4	62	81	4	96	56	31	80	94	34	75	16	24	31	58
54	38	65	79	1	66	68	43	76	59	45	64	68	95	83	85	80	52	3	64
95	5	96	31	27	54	80	33	47	46	35	52	45	53	68	44	54	76	80	27
72	52	93	55	38	21	73	58	53	70	54	4	67	18	61	41	14	52	66	62
8	82	54	78	81	47	75	7	82	41	73	50	95	88	98	5	59	11	87	6
67	6	4	54	98	54	38	42	31	21	55	75	38	63	20	9	72	86	29	68
94	64	28	53	37	21	27	14	10	48	50	31	63	57	15	55	45	53	63	77
63	77	73	58	89	80	75	54	96	33	81	72	51	4	20	84	24	22	6	61
36	40	72	78	44	51	45	81	46	93	23	80	82	68	9	68	23	47	52	94
53	70	37	65	90	63	79	47	30	47	11	28	12	83	91	82	54	36	50	33
89	95	39	60	84	68	1	3	22	28	76	7	27	57	55	59	55	90	20	21
85	9	21	80	65	36	99	83	69	99	32	8	24	70	10	18	31	48	48	44
98	64	41	80	96	7	5	91	9	86	19	64	88	84	49	90	39	57	44	74
31	45	11	79	21	62	72	9	30	22	67	3	4	68	54	50	70	90	7	4
17	70	70	20	78	23	48	65	46	73	29	12	50	89	8	95	49	71	65	81
72	20	75	15	7	85	55	38	59	4	73	17	11	40	44	21	16	20	67	55
78	56	56	14	57	37	7	41	5	31	27	79	70	68	54	11	25	99	61	79
76	63	52	33	78	10	48	43	4	21	70	39	17	57	23	59	25	52	57	47
47	12	14	76	36	63	40	70	45	18	23	35	31	30	95	41	23	80	52	5
35	19	62	76	5	71	58	17	23	33	88	92	92	20	18	18	33	69	33	43
93	99	7	44	23	22	66	62	94	57	11	79	91	23	53	30	53	25	94	9
48	80	99	51	19	44	49	70	21	87	13	69	42	17	2	99	37	55	63	93
42	90	74	13	95	87	33	92	10	95	41	72	99	65	61	36	37	61	27	10
17	98	66	96	34	4	42	88	75	14	70	51	87	93	79	82	91	98	66	83
94	1	90	78	43	80	40	99	34	79	46	69	96	61	91	20	28	65	60	24
93	97	66	13	63	94	64	78	37	82	25	30	53	16	26	42	14	72	69	77
35	24	36	73	4	81	96	15	98	18	7	76	39	79	7	48	5	55	38	14
58	83	21	35	87	84	24	39	86	16	39	75	69	86	44	69	10	70	44	48
40	85	1	61	4	1	35	44	40	28	12	86	62	55	10	71	15	15	4	71
64	53	29	45	28	47	17	34	12	10	15	74	52	9	92	2	75	46	85	50
68	73	29	13	78	15	12	74	6	52	52	10	24	87	83	87	12	1	94	37
92	84	46	39	69	78	78	82	25	19	48	80	98	8	38	79	78	32	26	30
26	37	98	74	2	52	42	25	92	96	31	5	39	29	44	67	39	91	90	27
82	1	54	19	3	8	14	77	16	26	50	47	28	73	95	7	99	74	84	71
8	53	12	12	1	13	21	52	2	68	21	55	37	35	34	57	42	45	77	20
33	10	87	81	19	29	96	21	79	11	37	37	88	3	39	18	73	71	96	11
36	50	14	23	50	96	53	88	95	71	40	31	73	31	65	60	84	43	7	37
3	50	15	11	48	81	59	69	43	79	66	89	98	1	28	18	3	87	31	26
70	9	24	98	30	40	83	54	76	98	8	70	70	33	4	96	8	65	98	87
44	20	76	92	76	99	70	44	70	9	12	44	29	46	63	84	68	15	69	97
26	87	89	81	64	24	16	77	42	84	27	90	21	41	67	26	37	11	93	85
76	82	65	38	24	65	44	66	90	24	92	22	31	70	85	67	21	23	18	15
45	63	28	66	58	58	55	72	49	36	90	4	55	10	87	12	8	32	40	23
25	80	65	13	3	91	27	51	48	43	30	46	25	30	10	7	30	89	93	94
35	77	57	56	51	40	65	24	32	75	87	21	40	88	41	25	28	95	53	52
61	35	94	9	93	8	23	70	73	5	59	72	84	59	28	82	10	88	14	63
87	38	42	48	90	28	58	61	26	53	85	59	28	95	28	15	20	87	34	87
81	40	2	8	51	60	89	96	66	66	21	56	73	4	98	98	47	59	49	78
89	21	17	13	21	37	54	65	83	93	11	6	63	1	98	42	15	65	44	71
19	45	1	62	69	16	77	62	70	22	70	72	59	11	5	63	87	29	54	32
98	43	82	86	15	28	38	78	85	95	29	6	90	48	60	35	77	30	56	7
87	99	7	53	2	73	23	95	76	52	37	19	72	93	40	92	28	8	7	90
29	69	16	22	85	46	39	49	10	42	62	61	35	64	45	63	43	3	45	75
25	91	77	19	15	61	64	34	35	41	61	59	84	9	18	75	43	18	99	92
99	34	87	15	24	54	53	38	38	73	43	7	83	44	68	94	20	46	33	82
45	86	70	26	70	62	85	98	9	32	13	32	23	62	19	85	28	55	84	47
3	87	60	79	7	82	68	66	51	24	21	49	64	40	45	40	16	19	13	69
24	10	26	4	28	16	79	72	82	8	55	99	76	62	49	9	64	76	32	15
18	9	37	75	37	5	91	29	15	12	78	71	59	46	73	30	29	18	37	75
12	84	66	31	85	18	38	59	86	68	62	72	75	51	32	35	22	38	85	44
83	90	35	25	27	79	86	15	42	55	55	49	33	85	41	95	32	74	52	7
64	97	5	9	79	49	36	15	76	96	48	40	31	67	30	50	72	26	34	1
20	46	58	9	58	33	7	50	19	49	7	18	8	60	93	35	57	6	37	17
12	4	36	68	27	63	60	36	46	12	95	33	79	38	1	68	75	42	88	75
41	3	58	71	65	31	77	76	50	50	15	54	48	4	51	57	42	91	15	50
30	11	47	54	15	75	89	7	65	17	73	83	49	80	23	16	35	45	97	87
40	40	92	70	4	7	93	35	3	19	43	78	55	64	70	33	67	61	13	58
71	58	14	99	55	82	72	77	51	42	14	50	7	76	60	95	61	90	65	35
98	13	99	9	72	90	77	38	96	67	88	29	42	30	81	12	4	41	83	74
30	33	6	23	92	51	69	43	50	30	87	68	7	71	67	28	51	45	14	38
51	81	60	37	37	59	19	17	30	60	45	9	38	5	6	36	53	33	63	58
52	57	27	49	24	51	85	86	15	25	9	25	5	29	84	14	32	26	43	18
70	81	37	84	49	6	53	91	2	24	71	91	19	71	2	83	5	59	25	31
75	98	62	33	77	46	57	88	53	25	63	23	47	25	28	95	71	24	94	70
85	22	53	96	90	22	57	19	18	26	75	57	66	39	55	89	84	3	46	64
70	83	33	27	94	95	94	54	68	46	53	8	41	11	69	33	46	71	25	73
74	14	44	30	92	50	45	75	29	92	56	36	88	97	17	24	6	57	93	9
1	74	74	56	42	91	88	69	33	97	67	64	52	25	61	86	70	89	79	43
9	13	59	58	70	9	16	50	20	75	17	46	59	40	82	48	92	91	14	19
10	23	47	63	34	73	85	8	59	55	82	9	32	66	27	32	27	2	54	84
34	44	60	89	66	85	54	6	92	8	95	36	66	71	4	38	92	57	77	92
32	57	5	59	67	41	9	85	28	71	61	39	18	12	69	23	83	92	94	99
5	37	66	29	69	73	61	95	20	35	37	19	17	60	58	72	84	36	3	53
84	83	55	63	6	65	61	71	63	88	84	89	28	64	90	78	52	71	86	25
96	14	30	16	17	6	44	39	6	90	54	39	51	86	82	96	45	7	23	8
18	55	96	96	43	99	59	81	52	82	3	11	88	60	79	92	28	89	44	4
96	56	27	12	45	50	1	52	15	96	21	4	77	43	50	88	26	22	74	80
76	52	72	29	25	56	15	9	2	76	84	53	25	7	51	5	74	90	49	98
21	2	70	69	55	25	27	77	13	45	10	71	35	11	73	90	33	28	88	22
50	80	74	23	54	51	6	90	23	21	38	19	22	16	18	14	76	9	1	86
39	7	47	20	5	49	40	66	10	33	65	40	74	47	76	83	4	60	94	33
88	22	19	32	12	80	82	52	30	2	57	36	68	81	4	76	15	10	62	29
23	66	18	37	11	19	93	64	46	27	33	40	54	14	56	44	70	99	67	68
82	74	26	34	51	80	76	66	80	16	41	16	66	1	35	59	86	91	85	97
54	31	60	91	80	12	58	66	52	44	52	35	23	42	21	21	22	94	55	7
3	61	10	66	29	17	83	91	58	31	83	14	45	5	73	49	25	85	69	62
41	70	20	34	50	39	97	8	83	46	20	77	40	75	32	34	85	69	82	24
32	62	6	65	16	1	97	41	86	65	18	94	87	79	56	66	71	64	28	5
7	96	6	94	4	81	20	72	44	5	92	6	58	87	73	59	28	81	86	50
69	65	58	88	36	56	53	81	3	62	13	59	22	39	54	36	10	93	83	92
87	77	13	56	50	7	22	50	22	79	96	1	34	91	59	68	49	79	65	44
43	94	43	41	61	86	7	88	59	9	43	27	19	95	47	77	95	60	3	16
10	5	37	70	76	96	15	54	77	27	59	48	43	13	54	63	88	22	54	62
18	55	58	91	18	48	21	96	67	15	28	10	17	39	2	38	84	79	80	67
23	46	40	33	66	21	94	95	55	20	64	28	53	58	67	83	33	51	83	38
80	98	25	99	93	7	64	50	47	88	30	4	81	93	4	96	85	74	33	53
78	62	92	73	36	63	53	64	82	35	26	73	62	83	18	2	58	28	57	91
17	85	72	25	14	68	53	8	54	66	58	75	21	50	4	26	85	61	69	19
58	39	36	75	5	64	56	17	82	44	65	17	66	93	51	76	12	66	43	64
11	74	3	91	75	51	4	13	98	69	62	76	5	51	66	30	61	53	63	6
46	13	14	61	36	32	24	89	47	35	55	83	60	38	99	8	61	59	78	55
82	7	3	90	4	83	54	64	80	14	80	91	29	52	64	94	5	74	27	52
52	70	98	76	76	32	63	47	49	60	87	38	45	10	63	46	9	19	92	82
19	98	87	60	19	57	61	77	51	7	99	93	86	57	63	88	34	48	35	24
20	36	23	80	4	5	21	63	76	91	68	99	86	87	8	42	11	24	37	88
42	3	73	63	17	73	6	7	14	61	88	31	70	31	58	17	80	25	28	34
52	90	77	12	63	90	35	77	59	31	53	77	45	35	51	98	11	4	90	38
75	15	16	19	81	36	36	32	77	31	17	41	68	43	98	1	44	28	86	40
32	11	61	27	89	87	45	71	2	30	56	67	25	35	97	35	32	69	78	2
1	50	90	11	13	92	11	50	77	25	3	53	92	1	76	1	48	5	31	25
80	49	13	24	8	19	86	7	79	43	54	16	82	35	58	50	80	75	68	99
18	37	65	62	35	89	71	45	30	4	72	41	45	82	64	61	71	2	79	63
44	53	28	41	19	3	28	73	57	52	12	89	16	7	90	76	85	16	67	47
73	20	18	98	9	23	11	1	95	78	82	84	14	28	79	46	92	40	15	46
73	74	43	48	97	80	51	19	9	88	75	28	26	88	25	4	70	2	40	54
48	90	8	98	3	3	75	49	34	39	46	85	53	23	69	83	47	95	50	43
37	8	13	50	68	2	69	73	78	23	59	19	21	90	94	56	31	34	67	71
42	33	68	64	85	93	55	37	94	70	4	33	16	17	93	18	17	26	61	29
67	61	63	20	1	28	43	35	15	77	99	53	27	50	86	2	57	38	67	42
39	39	2	15	10	19	51	35	76	20	20	95	60	11	52	2	30	40	51	75
80	28	29	3	31	42	61	88	68	10	15	31	52	14	52	48	35	17	52	38
6	79	75	85	63	74	49	27	25	31	86	19	88	4	96	3	70	59	56	77
46	85	71	44	15	2	13	58	95	86	35	84	44	50	53	27	90	36	84	91
91	59	9	77	4	6	2	17	46	93	49	35	7	21	53	24	29	36	86	69
95	13	81	84	39	41	12	52	52	91	33	79	16	27	12	91	56	95	65	56
7	16	97	84	99	16	24	88	63	34	63	35	99	3	11	52	90	2	88	97
47	41	16	29	12	99	94	69	65	97	7	10	88	90	62	61	60	13	90	64
14	35	59	36	24	44	76	63	24	23	44	64	18	62	47	1	14	87	34	40
54	4	24	42	23	28	4	70	64	1	98	82	97	73	83	70	17	59	55	37
67	3	11	37	77	85	8	22	95	31	48	33	23	29	69	7	87	58	41	85
83	77	24	80	22	14	1	78	93	31	54	13	84	58	70	30	64	56	19	25
70	2	71	64	52	57	69	85	25	15	18	87	82	13	54	99	94	61	93	53
64	74	90	58	46	36	18	94	97	93	60	57	47	90	71	68	64	35	65	46
78	98	35	47	62	13	81	2	96	88	86	21	84	77	3	21	52	27	86	92
97	47	44	14	89	13	67	99	86	61	32	19	36	98	94	89	79	99	80	13
36	84	12	51	26	20	30	51	66	6	74	70	22	85	7	59	15	6	40	97
19	92	47	54	19	9	54	23	58	88	47	21	90	22	54	86	44	83	52	35
26	64	33	80	11	56	66	6	61	21	42	29	43	39	24	69	9	66	19	84
20	30	36	10	84	24	70	39	27	94	20	50	23	9	96	64	19	47	27	4
63	2	37	30	24	95	79	39	4	58	71	71	77	20	87	23	42	73	38	12
24	31	28	63	12	90	47	27	89	97	8	91	13	20	64	75	90	92	90	76
2	82	69	10	95	15	43	52	35	70	53	38	62	48	20	87	87	76	79	44
75	22	13	94	89	8	1	27	99	99	28	38	62	97	57	46	74	26	28	16
56	90	96	86	67	71	61	58	49	20	49	36	83	4	1	11	31	78	84	25
39	46	75	92	48	27	10	28	58	48	32	46	8	92	65	63	56	17	38	70
14	30	98	32	3	25	87	88	60	6	78	81	33	8	71	59	72	96	80	35
41	14	51	69	32	9	8	90	19	37	61	75	94	86	91	2	32	49	27	15
85	80	81	11	28	64	96	62	89	28	12	77	42	54	73	6	46	8	84	54
28	97	42	82	97	78	69	74	72	25	38	79	46	2	99	44	49	44	52	62
21	47	64	1	11	89	12	78	97	75	57	86	5	31	87	86	30	17	90	43
13	83	8	16	30	4	43	36	96	87	78	26	99	94	82	35	71	65	77	55
97	9	65	93	53	20	41	42	24	18	52	37	54	36	32	61	30	17	72	7
11	9	80	25	97	93	97	86	17	91	97	80	35	81	8	54	88	71	87	37
76	61	66	37	48	92	81	81	69	82	49	20	17	25	75	95	85	20	9	13
19	87	78	75	10	9	85	66	54	74	84	61	94	9	14	92	85	87	77	98
15	29	9	54	34	80	43	14	33	44	86	89	34	69	6	50	78	40	12	43
89	56	6	29	76	63	5	73	86	20	67	34	22	70	69	58	88	47	2	95
43	25	83	25	45	11	71	97	75	19	13	45	35	9	21	47	94	13	11	34
13	82	93	78	23	61	23	53	47	99	70	85	37	2	77	55	5	87	22	4
5	94	13	64	38	11	23	70	31	63	97	96	45	61	99	52	38	73	70	77
79	36	72	69	63	22	41	23	82	77	26	45	85	39	40	79	16	99	18	20
39	33	44	55	68	31	48	41	36	83	39	39	26	8	87	47	49	12	74	87
73	78	88	87	26	29	99	95	26	29	19	51	15	43	13	26	82	10	90	47
18	27	64	67	12	74	15	57	65	6	93	10	52	4	88	50	13	7	56	4
64	42	59	63	90	54	76	63	59	49	43	24	52	4	93	88	4	27	92	38
27	15	13	41	76	55	63	38	9	91	70	89	53	80	42	43	9	88	18	69
62	13	97	2	67	69	9	28	83	53	87	58	10	96	16	94	32	10	70	52
74	72	33	17	20	34	43	17	21	37	62	48	44	58	51	88	1	17	76	49
44	72	62	27	44	36	37	42	28	13	84	82	31	53	13	76	33	16	57	24
53	35	15	59	37	29	98	49	49	73	48	63	74	22	36	41	91	27	82	6
33	54	10	16	63	95	2	79	40	42	37	42	40	57	6	89	99	87	69	51
44	65	4	10	90	5	14	55	14	42	70	29	3	9	29	96	21	56	50	31
12	85	42	58	21	10	89	17	83	36	65	14	82	14	33	54	34	33	15	98
36	4	55	74	20	72	87	92	67	62	64	98	63	34	31	15	35	66	20	43
38	36	94	89	32	58	4	57	28	81	91	85	40	86	30	79	34	58	59	93
5	43	52	33	55	61	91	48	27	62	63	76	44	84	72	50	70	20	57	74
52	98	64	19	88	1	87	38	83	92	57	62	65	25	33	8	34	45	9	21
64	63	50	47	73	82	38	80	21	96	66	62	50	88	69	57	22	48	85	96
70	41	41	1	36	48	37	63	1	79	70	49	29	90	64	6	8	16	92	33
50	21	70	67	25	60	28	62	80	82	50	62	40	13	27	98	95	92	10	10
75	87	44	75	97	22	46	18	59	64	30	40	47	45	68	71	98	36	88	21
67	10	82	42	92	89	68	65	20	24	41	6	28	62	46	54	21	76	43	76
66	49	56	45	70	67	33	26	52	3	78	65	94	28	62	16	39	52	94	94
64	18	62	56	71	62	61	1	2	53	54	14	38	90	9	69	3	10	59	60
20	45	21	5	25	47	13	7	89	53	60	36	53	29	39	62	42	16	13	32
47	29	41	68	83	92	11	67	10	81	27	66	39	74	74	18	96	16	66	67
84	71	92	59	24	44	61	86	41	41	9	7	22	19	56	72	45	35	98	15
56	15	81	43	64	52	32	49	63	4	3	71	56	71	46	2	3	17	71	38
59	3	68	88	89	33	70	66	53	4	46	37	70	6	46	21	63	51	18	72
15	19	67	85	54	87	46	54	5	64	88	7	75	95	12	75	90	18	34	56
30	49	17	88	65	43	34	40	59	5	73	93	87	91	59	51	13	68	15	7
2	29	75	25	27	31	36	42	7	15	12	41	55	69	96	43	59	55	54	6
23	60	42	11	26	21	43	50	18	57	21	95	43	11	17	12	6	12	33	7
37	30	93	71	76	91	64	23	51	35	18	53	69	94	71	32	22	92	60	94
47	75	83	69	63	10	86	74	22	68	40	30	47	36	62	27	37	78	58	92
55	84	11	78	64	31	13	14	13	71	88	52	89	31	40	68	27	62	73	70
12	54	25	40	69	24	7	86	3	85	49	80	28	13	43	38	29	28	39	66
12	78	27	50	75	29	59	64	19	30	87	95	7	84	35	93	1	3	54	29
11	86	61	91	38	1	44	78	62	17	53	88	72	43	7	20	30	78	22	20
18	26	61	89	12	98	78	91	26	88	22	54	31	25	60	85	14	38	64	56
29	96	53	50	72	11	45	63	10	90	69	62	30	25	79	52	64	57	58	26
10	85	99	94	48	94	45	22	20	9	35	96	52	75	60	59	9	92	75	17
86	85	90	34	78	76	17	13	35	54	33	89	72	60	20	22	90	73	64	69
2	77	3	95	21	52	24	82	73	18	24	28	19	93	55	38	81	38	76	64
67	30	84	83	53	70	11	90	19	39	61	19	16	91	43	2	45	35	39	82
9	74	7	21	49	26	78	50	1	58	50	54	46	70	6	65	21	35	41	68
51	27	28	15	57	94	47	18	95	2	15	75	96	43	7	24	60	41	30	9
81	12	99	18	35	13	85	78	90	82	61	86	61	66	3	54	47	82	35	29
7	71	35	64	80	12	90	24	64	25	67	19	17	80	99	71	63	15	42	6
80	3	8	69	65	58	62	76	98	85	12	11	12	49	15	32	68	91	1	69
15	41	23	25	85	43	65	12	8	10	40	66	8	39	48	81	54	97	16	76
27	58	16	64	63	28	8	19	59	33	26	48	93	72	28	81	15	49	7	5
34	75	18	40	65	76	73	37	84	73	31	72	35	93	32	40	16	70	34	77
9	69	18	23	33	60	39	83	85	34	72	13	90	48	34	50	6	17	87	35
14	1	15	53	69	96	25	3	19	34	43	41	99	88	92	42	67	59	31	99
6	19	1	58	93	99	31	80	26	55	77	66	92	30	90	78	7	92	27	46
31	24	5	42	88	18	2	32	77	81	8	83	70	44	13	36	19	55	70	99
45	81	63	6	1	85	97	19	62	4	85	48	91	17	74	16	23	38	55	34
76	18	1	1	80	40	72	17	2	8	68	47	10	22	95	16	74	58	36	52
31	47	17	83	71	19	88	44	57	31	47	3	70	36	59	66	84	60	4	73
51	10	66	5	40	45	2	96	31	31	88	70	71	86	24	7	89	74	82	14
55	18	49	4	29	2	64	15	56	31	32	91	38	51	78	32	65	79	88	40
87	53	38	43	65	28	93	55	76	30	46	96	42	80	47	55	99	97	2	19
96	82	67	55	27	95	99	22	98	39	42	94	63	46	25	57	28	81	16	44
78	41	96	93	36	30	38	75	55	40	52	20	7	73	77	85	19	68	37	34
99	72	79	44	48	90	9	35	55	3	70	40	45	51	76	35	90	36	79	55
99	93	60	72	71	74	56	77	59	49	58	45	36	21	70	36	6	25	41	48
93	86	94	96	4	75	94	95	42	53	33	34	71	85	77	60	29	94	76	32
45	61	91	19	37	53	17	48	60	27	90	49	49	47	49	4	73	80	31	98
56	21	7	68	82	95	41	26	79	96	41	99	88	9	2	23	35	69	39	26
58	68	47	28	16	11	32	59	47	79	45	23	72	29	42	32	85	59	41	25
86	60	77	77	16	88	44	45	81	68	59	60	17	1	45	79	91	47	52	80
67	75	81	5	66	75	32	78	25	3	92	57	32	19	29	83	7	49	44	99
84	69	91	51	70	36	19	67	52	64	72	91	22	12	18	67	70	60	58	12
74	18	63	11	78	64	28	67	40	12	26	50	7	91	12	43	98	38	7	76
81	91	18	87	20	27	64	37	59	94	65	21	27	20	68	43	22	85	71	42
40	4	90	34	94	47	47	73	96	39	80	65	1	94	19	43	43	10	22	40
40	95	45	39	73	65	59	51	54	70	42	75	98	49	82	65	64	81	42	89
6	22	72	87	28	26	74	15	5	36	28	21	48	31	4	56	8	92	43	69
25	45	97	61	23	44	90	10	22	93	32	70	43	49	57	49	57	71	2	29
63	77	18	92	53	9	10	55	20	88	2	51	10	1	5	93	41	77	44	78
79	76	84	84	74	61	27	79	11	73	13	65	5	64	85	6	39	43	38	4
36	34	35	94	14	1	6	37	38	15	9	31	53	94	12	82	51	67	11	67
57	7	99	22	67	74	43	73	90	97	91	17	94	54	99	75	23	48	41	30
17	43	30	73	7	90	51	6	34	85	46	59	23	23	32	8	10	41	54	31
85	11	75	13	83	47	81	2	16	89	99	15	45	56	95	34	61	24	72	22
48	82	83	84	51	65	34	31	23	21	34	15	19	31	54	44	13	8	60	52
47	26	29	43	47	88	26	97	78	32	78	90	32	55	69	94	40	15	44	18
59	70	56	48	3	68	11	8	77	53	54	1	13	31	25	2	80	47	49	88
95	98	15	44	54	46	59	75	1	59	3	35	41	77	53	1	56	2	93	49
26	30	85	37	48	48	29	93	68	86	85	56	12	73	23	4	96	46	89	6
14	17	54	36	14	27	54	72	82	35	6	50	85	30	95	9	82	64	94	57
16	46	58	1	72	73	85	73	89	71	64	24	46	55	52	12	20	20	84	7
72	3	4	66	87	45	37	2	84	65	3	37	99	1	41	85	86	32	1	65
95	1	59	80	94	90	19	72	74	79	7	41	63	17	26	31	48	21	29	93
21	94	68	99	4	62	56	61	97	6	7	40	21	21	84	99	16	5	39	42
26	50	31	19	76	92	7	94	28	23	74	10	84	72	27	57	80	5	59	99
90	76	20	48	94	9	89	99	23	36	90	82	21	1	13	57	39	61	71	61
67	13	78	6	58	61	99	20	9	40	20	37	37	23	62	25	65	51	93	80
47	5	19	9	27	37	4	99	94	45	88	6	93	13	95	25	23	97	56	36
47	92	63	61	8	17	1	94	49	77	96	3	60	1	24	1	55	41	40	91
20	98	91	52	60	56	18	36	54	12	61	65	47	60	31	2	96	14	59	1
52	71	15	94	68	89	34	5	1	99	70	60	78	34	64	56	20	69	81	38
22	2	42	87	73	33	62	75	14	16	64	69	62	68	59	19	99	36	86	27
28	17	11	85	17	80	51	22	63	16	47	47	92	36	78	22	75	76	72	20
80	66	84	51	47	69	82	34	26	32	93	99	73	86	52	41	13	14	66	28
71	41	75	25	30	52	57	40	23	33	4	38	55	30	25	4	91	46	49	44
98	93	93	71	66	96	51	73	75	79	28	19	89	17	25	85	23	4	4	72
45	14	18	32	13	5	43	3	45	48	33	63	4	91	5	71	69	13	71	41
82	39	10	56	41	72	51	96	85	46	63	66	70	66	88	48	2	85	73	93
65	1	21	17	21	13	86	21	48	82	24	80	92	58	38	32	37	31	23	91
41	55	86	36	92	18	36	40	41	32	58	60	42	95	75	34	93	99	48	59
46	34	26	21	34	74	13	98	89	16	71	60	19	65	64	97	88	81	66	32
62	70	61	4	85	28	7	85	51	37	72	48	50	11	95	61	98	77	82	19
80	58	22	43	31	55	82	23	92	82	17	30	34	53	17	19	97	51	94	66
28	18	72	41	65	92	22	12	1	78	36	18	61	32	51	25	60	80	81	91
33	96	3	82	13	46	78	26	73	92	72	88	59	14	85	55	34	73	58	82
65	93	71	31	6	41	53	31	99	60	39	92	37	24	97	25	28	90	98	5
42	31	6	7	8	78	99	58	97	48	75	19	12	38	47	62	88	47	11	44
88	54	83	66	36	9	62	9	47	67	64	58	35	29	8	20	14	48	95	62
11	65	46	17	14	97	32	48	3	7	62	63	82	90	38	74	49	17	20	69
21	4	36	91	86	87	80	70	39	34	18	42	21	88	81	52	17	7	56	15
76	40	74	72	4	86	97	49	77	5	79	75	18	4	71	16	50	48	57	58
70	67	1	98	66	69	73	93	40	99	70	39	87	47	34	25	78	51	62	45
1	55	70	78	38	59	16	44	91	60	58	86	32	48	33	40	60	82	17	47
91	94	18	90	61	10	39	46	69	86	41	39	60	21	32	59	50	62	47	39
35	94	37	2	18	88	13	43	62	78	89	42	62	1	40	74	92	73	6	3
5	30	94	46	78	51	18	73	59	93	18	93	29	18	62	66	97	58	72	81
32	5	8	1	21	90	22	80	91	89	37	1	15	18	1	81	80	29	16	14
48	7	2	46	99	16	18	25	23	7	64	66	74	10	98	15	95	68	51	5
93	25	14	85	6	36	93	97	46	15	5	25	40	35	49	29	33	53	40	24
1	83	18	16	66	74	74	32	47	69	99	45	36	43	11	58	28	64	61	34
51	21	35	87	6	88	80	69	38	33	80	40	8	39	52	38	42	7	35	51
58	62	39	75	6	95	99	96	83	25	42	39	99	72	49	33	72	54	12	48
98	44	21	28	81	68	38	19	66	78	19	3	34	34	43	9	74	22	98	93

20	3	9	10	7	10	20	19	5	9	13	19	10	18	6	13	12	13	2	12
2	5	5	11	1	6	9	17	15	10	16	17	8	16	20	14	18	12	12	17
14	4	1	5	3	7	17	8	16	17	12	5	16	11	20	20	13	10	17	17
8	11	11	9	10	13	6	9	5	3	2	20	8	9	7	11	10	15	17	13
5	9	12	19	17	8	6	14	1	11	18	9	1	16	5	13	11	14	10	16
11	7	17	5	18	18	18	9	18	4	12	10	14	16	11	14	11	16	2	17
11	10	5	14	16	7	7	20	4	9	4	6	13	6	1	6	12	19	9	7
1	17	19	12	18	17	15	15	8	5	16	1	20	17	9	5	6	17	1	13
12	19	14	17	15	11	20	20	10	13	13	11	16	17	2	5	7	18	2	18
8	17	1	10	1	15	7	18	12	6	15	17	1	2	4	11	16	2	4	8
20	11	16	8	19	1	1	7	10	11	7	4	9	19	19	13	18	19	16	20
10	1	10	4	2	19	15	14	14	12	7	17	19	4	3	20	1	14	9	16
8	12	13	1	10	4	10	10	18	6	12	9	14	15	13	3	3	6	12	20
15	18	14	10	19	17	2	4	10	8	16	7	9	9	8	10	17	3	6	14
16	1	14	4	14	17	1	3	16	16	7	11	4	11	3	5	13	4	6	14
9	18	16	14	16	3	15	11	6	8	14	5	13	13	19	20	7	15	19	1
4	5	14	17	4	5	4	6	6	18	20	4	12	10	3	14	4	3	20	2
10	16	9	1	20	17	1	19	9	11	16	2	19	18	17	16	7	3	12	19
19	6	17	3	12	5	16	19	2	12	6	9	6	9	18	20	20	18	9	16
9	10	5	17	12	17	13	18	5	13	11	8	4	13	19	11	18	2	5	9
4	4	11	6	11	6	4	9	10	2	18	15	17	4	2	3	12	20	7	16
3	14	13	2	16	10	4	6	19	9	1	13	19	2	11	12	3	3	11	8
15	8	13	12	4	14	5	11	7	2	3	11	19	10	11	11	7	13	12	5
10	14	3	11	19	15	3	20	17	2	1	2	13	18	3	20	19	5	2	5
7	13	3	2	1	18	20	17	8	11	4	8	10	3	1	20	20	11	3	14
18	1	3	5	4	15	13	15	19	10	6	6	1	2	15	11	13	7	5	1
1	16	14	1	8	10	4	14	19	14	2	15	8	12	10	11	19	16	6	13
18	2	16	14	3	18	17	18	18	6	11	1	5	20	15	13	18	17	20	2
3	3	18	7	11	2	1	16	5	17	2	18	5	10	20	15	18	10	17	11
15	9	6	17	19	4	19	17	13	11	19	6	5	17	15	3	3	17	1	3
15	19	3	8	16	11	8	5	10	16	16	13	9	5	12	3	10	10	1	15
6	6	3	17	20	6	20	18	12	7	20	14	3	14	9	17	3	3	1	6
5	2	16	15	6	19	4	15	12	15	16	7	2	11	12	3	7	3	16	14
3	4	1	3	16	17	17	11	20	17	18	3	12	11	18	13	3	19	7	5
17	16	3	4	1	2	9	12	7	5	11	11	19	17	3	3	3	8	16	4
8	11	4	3	6	5	8	17	5	20	7	16	20	17	19	11	11	3	9	18
7	1	8	5	14	10	16	14	16	15	10	9	9	11	9	5	11	6	11	6
19	8	1	5	20	20	3	10	16	2	17	10	9	17	12	16	2	20	12	4
8	3	17	12	17	16	14	8	10	5	12	17	4	17	14	16	19	8	16	15
5	8	7	15	19	3	9	20	5	6	18	2	14	10	2	1	13	12	19	2
18	20	11	9	15	3	2	4	19	6	11	5	1	16	4	12	3	13	19	5
5	17	3	20	3	13	6	18	8	18	2	13	16	18	4	18	9	6	8	13
6	12	8	6	19	9	2	19	9	11	16	16	15	1	13	19	4	11	7	8
2	20	12	4	7	3	1	20	10	4	11	2	6	15	10	18	19	10	11	4
8	16	19	3	14	1	3	8	9	2	1	5	16	2	16	15	9	9	18	14
10	6	15	5	12	1	10	15	13	14	4	20	6	14	2	15	5	1	4	15
17	15	13	5	10	6	7	1	3	13	20	1	2	3	19	13	4	20	5	20
8	9	11	4	12	12	11	5	18	14	8	10	19	2	12	10	8	10	9	17
19	17	11	4	11	2	14	9	16	13	17	19	14	16	18	19	20	3	2	10
7	2	14	8	9	2	12	12	4	9	17	19	3	5	13	9	20	15	3	16
1	16	20	9	2	11	5	5	13	17	3	17	3	12	2	14	13	1	11	13
20	19	4	5	20	3	11	5	14	2	9	14	2	2	15	3	10	11	17	17
12	4	7	6	14	20	16	16	17	17	15	6	16	1	11	16	2	13	3	20
8	3	18	6	7	5	20	8	13	3	2	18	12	18	2	2	6	1	8	10
15	6	13	4	12	12	7	9	12	6	15	20	6	19	8	9	16	2	16	4
10	14	18	17	2	3	11	15	16	10	13	2	8	16	10	3	13	2	19	2
11	2	20	3	6	17	3	11	13	15	17	15	18	10	10	2	20	3	6	2
10	7	12	18	18	7	16	3	20	7	15	8	8	2	2	20	1	13	15	14
9	11	7	2	7	5	18	8	9	7	4	2	16	13	11	5	3	14	16	17
16	1	12	12	2	14	6	6	18	6	16	17	8	7	18	8	13	15	4	2
3	16	2	6	10	6	5	15	12	10	13	7	1	4	4	5	11	2	19	1
19	19	9	14	18	7	15	17	18	15	18	14	5	2	16	11	16	14	14	17
13	11	2	20	8	3	7	3	2	17	6	3	8	10	20	17	14	16	17	9
8	11	11	10	15	13	5	1	6	6	10	6	8	12	19	14	9	4	6	12
15	5	3	18	6	15	9	13	11	16	5	10	2	20	18	8	8	1	4	17
7	3	8	20	16	17	2	9	3	10	9	1	15	15	10	7	14	8	6	7
14	9	3	19	12	2	4	10	15	14	1	10	13	15	4	9	19	5	16	14
9	13	11	17	5	1	14	3	17	15	15	12	7	11	14	11	8	6	20	11
3	9	19	12	5	6	9	9	5	10	2	15	11	6	2	12	17	7	7	2
17	2	3	13	17	15	20	15	1	18	6	9	7	12	5	14	20	13	3	12
16	16	3	10	14	9	15	18	14	14	4	14	14	1	1	16	14	2	3	9
16	17	6	2	3	2	20	14	5	18	20	19	3	14	3	7	1	2	5	14
10	10	3	14	8	2	11	8	6	10	13	8	15	16	10	15	12	19	19	16
6	1	2	5	10	17	7	8	19	14	5	10	2	17	18	7	1	8	15	15
19	10	8	13	18	9	5	10	12	15	11	2	10	16	2	15	9	15	1	17
10	20	20	9	12	12	13	17	1	7	14	12	20	18	8	15	7	19	4	11
10	2	7	12	16	13	12	12	6	18	17	11	19	12	7	10	11	1	10	3
8	5	3	14	20	11	3	11	15	12	8	8	9	15	18	7	13	8	17	15
5	6	1	6	6	11	14	6	1	12	3	18	11	5	10	1	9	3	2	14
1	5	16	20	5	4	3	14	18	19	9	18	10	11	10	2	5	3	12	7
18	4	19	3	8	1	18	4	9	10	2	3	6	19	1	10	18	6	16	5
14	13	7	1	20	16	11	11	17	14	9	10	8	15	1	13	16	17	1	10
3	16	3	16	20	9	1	6	2	8	20	19	12	14	12	13	10	3	6	6
3	7	18	5	20	6	8	4	20	15	13	15	13	12	5	13	10	20	4	5
10	14	14	3	7	20	20	9	1	20	9	19	16	3	17	7	12	7	5	19
16	9	17	1	14	7	16	17	15	7	9	2	15	18	19	20	12	16	4	13
7	10	2	16	20	13	6	4	2	9	2	14	9	13	17	9	1	20	15	3
11	14	2	4	5	20	3	2	15	13	17	20	4	2	6	8	3	12	9	8
18	11	8	13	9	17	8	4	14	16	12	17	6	13	7	3	7	6	1	1
7	16	2	7	3	19	11	6	7	16	13	16	17	6	12	5	3	12	10	19
6	18	5	4	8	15	12	8	10	10	5	13	3	18	12	10	2	3	3	3
6	5	16	16	16	3	10	7	11	10	17	2	18	8	12	17	17	8	2	11
11	7	20	5	15	17	8	17	7	17	12	17	5	15	17	14	6	1	18	11
3	1	4	12	12	5	13	14	15	17	1	19	20	4	7	12	8	11	16	18
10	1	5	8	12	13	14	18	1	6	11	1	5	19	5	13	17	19	3	9
15	15	15	19	10	13	7	12	5	6	1	16	7	10	19	15	16	18	14	7
6	6	1	15	3	13	14	19	3	19	1	20	8	9	6	12	17	6	11	7
3	5	9	11	14	4	2	6	9	8	6	2	16	13	4	1	8	6	3	20
2	9	20	19	12	13	17	1	1	3	13	7	6	7	11	10	20	19	18	18
7	14	1	2	20	1	20	18	14	14	15	9	18	11	14	15	18	6	8	13
6	5	3	19	4	11	4	4	7	12	3	18	3	13	15	1	16	6	10	7
10	6	19	3	6	19	13	6	4	1	1	15	10	1	8	9	14	1	20	1
16	7	8	6	11	12	10	16	10	16	11	19	16	19	13	14	11	6	17	1
10	20	4	5	5	18	12	16	20	11	1	6	14	14	3	20	4	6	13	5
20	19	1	14	15	16	10	14	6	7	12	5	4	10	16	9	9	19	9	14
12	15	12	13	9	15	17	1	4	17	18	1	17	9	8	18	14	15	12	10
7	12	4	15	19	5	12	19	20	12	17	2	11	11	15	18	3	14	20	18
9	13	5	10	13	8	2	15	2	3	7	5	1	1	13	8	15	15	13	6
16	4	18	15	17	3	4	5	13	7	5	20	13	14	3	6	3	12	5	4
3	17	18	17	18	10	18	6	13	11	19	8	10	9	1	4	6	11	9	10
19	8	6	9	2	20	4	11	4	11	17	18	14	11	12	15	5	20	12	2
10	16	6	18	17	15	10	7	6	10	11	11	11	20	13	16	7	1	2	20
17	5	19	9	9	2	8	11	19	5	5	13	15	11	5	13	5	17	11	10
13	18	15	19	15	10	14	15	6	7	17	9	20	5	12	9	8	7	8	20
20	13	5	6	3	16	12	4	14	12	9	6	2	17	11	11	6	14	2	16
13	3	9	5	8	19	8	12	7	17	6	18	18	16	14	17	12	12	9	18
10	8	8	15	10	3	19	9	13	16	6	2	10	17	12	18	18	8	4	8
3	11	16	6	5	1	11	17	10	7	5	8	15	17	18	11	11	7	10	17
9	18	15	17	2	12	15	4	8	4	4	6	10	12	2	6	17	11	5	13
10	11	14	7	19	4	16	19	18	5	14	17	1	13	7	16	11	17	7	10
18	13	3	10	5	8	13	20	4	6	10	17	11	1	13	3	18	16	20	8
1	1	19	8	12	15	1	1	5	1	5	11	17	13	14	14	11	7	1	3
5	3	11	19	17	6	1	8	10	2	7	7	14	18	20	8	7	5	3	11
18	12	1	3	14	6	17	6	5	5	13	19	17	9	20	18	4	15	15	7
17	16	12	7	3	3	20	20	13	8	18	19	1	15	1	20	12	4	15	4
1	1	2	4	18	2	15	15	1	11	6	5	19	3	20	16	18	12	6	12
10	20	8	15	12	10	12	8	8	6	9	4	10	2	5	10	1	6	13	13
15	8	5	17	13	5	10	7	9	5	11	7	12	8	12	20	1	15	17	1
2	15	11	14	14	1	10	20	12	18	4	18	2	14	2	9	2	1	4	5
20	16	19	19	18	19	4	20	7	1	9	8	7	10	4	12	2	18	4	2
15	7	8	6	5	14	3	2	19	8	2	8	15	8	9	18	8	1	12	10
11	1	17	20	1	6	13	5	20	15	11	12	12	6	8	14	6	5	15	14
4	17	4	3	16	2	11	7	11	12	6	15	20	10	14	14	6	4	13	2
11	14	12	9	6	3	3	7	14	16	19	5	12	3	20	13	8	19	5	19
8	13	10	13	14	18	11	4	2	11	1	8	20	20	1	4	9	8	14	1
19	1	4	20	6	1	8	7	14	2	12	11	15	4	4	16	14	17	3	20
7	17	7	11	15	13	13	20	14	6	6	16	6	17	15	15	6	12	19	15
15	18	13	6	20	8	3	7	12	18	7	18	5	3	1	10	19	4	16	2
10	18	2	2	8	14	1	19	2	1	20	7	2	4	20	5	1	18	10	12
20	7	10	2	18	20	9	13	15	18	12	20	5	11	14	1	12	19	7	9
3	4	1	13	3	8	14	17	10	17	8	8	17	2	10	8	2	19	17	20
12	5	8	11	9	20	4	5	6	12	7	2	10	1	6	11	10	12	5	10
4	15	9	15	6	17	18	9	2	8	14	15	13	11	8	13	5	20	11	16
6	13	12	1	1	15	16	19	4	12	5	10	16	9	19	3	11	19	13	8
18	17	5	13	14	18	11	1	6	9	13	3	11	19	11	20	1	10	9	16
8	14	1	12	12	19	12	2	5	7	3	1	20	11	9	2	10	4	11	11
7	1	8	7	2	6	6	12	6	7	12	10	2	10	10	16	8	4	7	2
2	4	3	19	6	3	13	4	17	18	1	1	5	10	13	12	7	8	12	8
18	19	8	10	5	20	5	9	20	12	17	7	12	13	18	4	8	9	12	19
8	16	20	5	19	17	8	6	10	9	17	5	17	1	9	9	6	2	11	5
7	7	13	3	4	19	1	11	10	15	11	16	17	19	1	9	20	10	2	13
5	4	6	10	7	10	11	6	2	2	14	3	7	7	12	19	14	9	7	10
4	18	8	2	4	17	8	14	13	6	1	2	13	7	19	15	10	8	9	9
20	12	4	18	17	18	18	15	17	20	15	20	13	10	14	2	17	13	15	5
10	7	13	1	1	5	11	11	6	11	13	9	7	6	3	18	15	15	8	1
16	12	10	18	4	15	18	5	1	17	6	8	15	2	9	18	15	20	12	12
3	14	8	16	5	10	11	3	7	19	18	12	20	16	14	9	11	15	15	3
19	11	12	1	11	16	1	18	4	20	18	4	16	6	14	8	16	4	16	5
12	19	17	10	10	14	10	9	6	19	12	1	1	19	1	6	11	7	20	11
3	11	13	4	19	6	3	12	16	20	20	9	14	12	17	20	1	13	3	8
20	15	12	1	14	10	15	14	12	14	10	15	17	7	1	6	8	18	14	3
4	14	16	20	2	3	1	7	7	8	12	5	4	8	15	12	13	3	17	15
11	12	14	20	11	19	17	4	13	20	17	10	13	4	11	2	19	16	18	9
1	5	8	13	12	15	9	15	6	14	15	7	18	9	6	16	20	14	8	1
7	1	3	7	10	1	11	20	13	9	2	8	13	14	13	16	15	1	2	2
15	6	20	20	18	20	16	15	6	20	17	6	18	10	11	16	9	15	12	17
17	5	10	19	16	14	8	17	10	20	8	20	9	2	10	2	11	20	20	9
15	8	10	12	14	16	12	10	12	1	11	13	18	5	15	19	5	4	14	17
2	8	13	13	11	2	16	2	9	7	3	1	18	2	2	7	11	15	13	1
2	7	7	4	9	8	5	3	17	14	3	16	10	15	10	13	10	5	16	9
1	2	17	3	19	20	6	12	10	5	15	1	4	11	9	9	9	1	16	17
14	17	20	13	11	17	18	19	3	5	5	18	3	12	3	12	2	20	18	14
1	9	5	16	15	4	7	18	6	15	17	11	1	5	16	19	10	16	8	1
7	18	3	1	15	10	9	12	12	5	7	13	17	6	7	13	6	19	13	12
14	13	17	10	13	11	11	11	5	10	9	4	7	15	17	18	2	10	15	13
16	3	16	12	10	13	18	9	4	7	9	9	5	7	8	3	2	10	20	8
9	10	15	18	13	20	12	15	6	17	17	3	18	16	9	8	2	5	17	16
3	10	10	6	6	18	4	17	19	11	3	6	17	19	17	16	17	16	9	6
2	13	15	4	20	7	18	14	15	17	6	19	12	16	12	19	11	10	3	7
13	7	7	5	15	2	3	10	7	16	16	2	13	10	17	11	17	11	1	16
3	20	3	8	17	6	20	18	11	1	13	18	9	2	14	14	16	1	5	13
19	4	5	13	16	1	6	1	12	17	18	11	18	8	5	13	17	20	11	16
5	13	11	19	20	1	3	4	7	8	6	19	5	1	6	2	10	18	2	7
17	1	20	14	15	20	4	12	9	13	8	16	10	2	11	7	11	9	19	8
7	18	1	9	9	20	15	7	7	5	9	6	14	3	6	12	20	16	4	9
3	18	1	20	18	20	4	17	2	19	2	2	4	8	12	20	8	17	20	7
15	19	8	3	6	4	19	15	13	4	15	16	14	1	20	10	2	20	11	16
17	20	3	10	1	18	19	11	14	2	10	16	11	2	8	4	14	18	16	8
17	13	8	8	17	11	17	12	19	2	12	5	18	7	13	2	5	14	13	4
8	2	8	10	2	19	18	19	10	14	11	2	19	7	9	3	17	10	1	17
8	7	7	1	19	17	20	14	6	19	3	2	14	13	16	10	19	1	3	17
7	7	10	19	19	17	13	17	1	6	17	1	7	2	3	9	6	9	17	8
2	7	12	15	20	11	9	4	11	3	1	13	3	8	9	17	8	5	9	12
12	16	6	19	12	10	14	2	2	13	4	12	3	20	6	9	17	13	9	13
7	9	4	1	14	8	2	1	3	17	7	8	16	14	10	1	11	20	20	1
9	12	11	9	4	19	11	9	11	13	19	3	17	17	7	6	8	3	18	18
7	20	11	13	13	10	9	1	6	15	6	19	17	19	19	18	9	9	12	17
20	8	10	1	10	11	10	18	15	11	5	11	19	5	10	3	20	6	14	10
16	17	12	12	11	15	20	3	2	9	1	2	13	10	16	17	20	12	8	4
17	13	6	1	17	13	20	13	14	7	2	4	6	17	2	14	13	11	4	11
7	10	10	13	18	12	7	14	11	1	12	17	16	2	10	19	7	19	20	5
1	10	15	20	3	5	19	12	12	12	9	3	16	13	17	19	6	2	4	6
16	9	16	1	4	18	9	13	7	1	6	12	16	4	5	12	16	14	11	20
9	4	4	4	7	16	13	19	7	4	3	16	18	15	12	18	13	6	3	5
18	1	12	16	8	8	6	3	16	19	18	16	7	11	4	1	2	7	5	9
13	13	2	9	2	17	20	11	10	18	19	10	18	20	8	20	12	20	11	19
20	17	1	4	19	5	13	20	14	19	17	13	2	6	2	6	19	6	12	19
4	17	1	12	19	16	15	15	5	1	8	16	7	19	10	9	9	13	5	10
18	17	13	1	10	16	12	12	10	3	14	16	15	9	16	7	8	12	16	6
16	1	1	12	1	14	12	1	6	5	4	9	15	16	3	7	16	11	10	20
14	19	20	12	17	19	19	2	20	9	16	7	19	15	13	3	4	4	14	18
7	7	2	2	13	6	19	8	16	17	7	3	7	11	6	8	7	18	16	8
1	10	3	17	20	19	4	14	15	16	1	12	12	16	19	9	13	8	5	15
19	8	8	4	20	18	17	7	5	17	16	11	5	19	9	6	16	9	3	20
2	16	12	7	20	17	7	19	17	16	1	18	5	20	18	14	3	20	18	14
9	11	19	3	7	16	14	4	17	4	19	13	18	16	1	12	13	10	13	5
9	8	7	9	20	16	8	5	9	7	16	11	12	1	5	5	15	7	4	16
7	3	14	14	1	16	20	11	7	7	12	5	3	1	15	13	8	19	5	7
12	16	3	15	7	9	2	1	1	5	9	20	1	6	17	12	2	2	16	9
16	12	12	17	3	6	11	8	12	18	7	5	6	17	10	9	4	2	18	11
10	12	3	6	5	16	15	10	12	13	3	13	14	3	14	18	19	15	1	10
9	3	14	14	8	9	11	19	6	7	18	7	11	15	14	2	19	19	16	15
5	9	11	20	1	1	18	9	13	3	11	1	2	12	2	13	10	17	13	10
18	12	11	5	5	7	4	7	13	5	3	5	15	9	17	10	18	15	12	20
4	9	14	5	6	20	18	15	15	20	14	4	13	10	18	10	2	18	3	15
20	17	4	8	7	4	6	1	14	5	19	17	10	13	12	20	5	19	15	6
2	19	11	16	5	19	4	10	15	7	11	3	5	8	18	2	7	5	13	11
5	9	3	12	17	9	12	15	5	4	4	18	10	8	16	8	15	3	15	11
18	17	16	1	4	4	9	6	15	9	5	19	20	6	4	3	9	10	8	8
19	4	18	5	14	2	19	11	20	1	20	4	3	13	11	12	13	10	19	13
4	3	18	18	8	11	1	19	7	18	9	17	9	10	11	5	7	3	19	14
16	7	8	5	12	18	11	4	1	14	5	3	1	12	18	3	8	5	9	18
2	11	17	12	18	4	7	16	15	7	7	9	12	20	1	9	19	1	14	10
4	14	4	12	8	12	8	10	6	3	3	17	5	13	15	17	16	7	17	12
9	2	2	1	6	4	10	6	17	17	2	4	13	13	9	12	11	16	14	14
6	4	18	15	8	17	3	10	15	16	16	4	9	7	14	3	3	13	6	2
1	18	2	16	19	18	11	12	3	14	2	2	19	3	4	8	16	1	14	13
16	4	2	2	4	17	18	9	13	13	14	5	1	19	1	17	16	5	5	5
16	6	2	14	4	9	3	15	10	4	16	11	8	8	4	7	9	9	4	15
13	18	17	19	8	16	18	6	15	9	4	17	3	8	5	14	19	1	7	17
10	20	19	10	11	16	7	8	2	11	16	10	20	9	10	9	11	2	10	16
12	11	10	6	14	17	12	5	4	2	14	7	5	10	18	17	2	8	14	12
17	4	6	13	18	10	3	20	20	1	19	17	10	15	14	15	20	4	13	12
16	11	5	9	9	13	4	18	11	12	20	3	15	3	3	4	20	1	17	6
17	7	13	19	5	12	3	12	9	15	2	13	4	16	14	8	19	6	9	13
20	3	14	5	14	14	17	8	4	13	14	5	15	13	1	4	8	10	8	3
17	17	4	7	8	5	19	9	18	16	10	14	17	6	11	7	8	6	3	15
10	10	10	12	20	2	19	16	15	12	12	3	6	1	16	12	16	18	8	17
14	8	5	10	2	10	11	14	4	16	3	19	15	2	3	10	8	10	2	11
5	13	11	14	10	13	15	11	19	3	15	16	15	6	12	14	13	9	17	11
8	10	18	2	4	15	13	3	6	12	12	10	18	8	7	7	5	8	8	15
2	17	8	14	13	4	11	15	9	20	9	2	16	19	3	20	4	7	12	2
4	15	19	20	3	13	14	8	8	16	17	7	17	20	17	13	8	8	6	12
6	8	1	16	10	1	7	6	12	16	16	1	9	2	10	18	14	6	16	6
16	7	18	20	19	9	2	13	8	8	5	1	20	11	20	2	17	20	10	17
15	10	4	3	8	20	4	7	17	6	4	7	11	9	19	20	2	9	13	5
11	17	8	15	14	9	2	11	7	7	20	2	19	15	6	16	20	6	15	8
10	3	6	15	17	5	6	6	13	10	20	8	15	1	6	20	14	11	4	3
3	1	13	17	19	14	17	19	5	4	15	20	4	4	6	1	5	2	10	16
5	13	13	12	1	5	14	4	18	18	13	14	14	20	5	20	1	1	7	11
5	7	11	17	13	13	19	14	18	10	11	15	10	6	1	1	7	7	17	19
19	10	19	11	14	3	2	4	18	5	3	6	13	14	9	2	16	17	20	14
7	7	6	15	11	9	8	3	8	4	6	5	17	9	1	15	16	2	8	5
11	9	18	1	2	18	15	19	19	5	11	3	8	12	6	5	17	17	19	18
4	17	12	3	15	11	8	3	10	5	15	8	4	6	8	17	17	15	6	9
15	6	19	12	6	16	16	13	10	16	18	9	4	11	14	18	2	11	13	16
14	14	17	8	12	7	5	14	20	17	16	13	8	11	10	10	8	6	12	15
2	11	15	2	16	16	1	3	20	2	13	10	17	15	6	4	20	12	15	6
7	10	1	19	13	2	15	16	7	13	14	6	10	10	8	15	10	9	9	2
6	9	8	6	13	1	8	6	5	3	3	9	6	15	7	15	20	3	2	19
4	18	11	6	12	12	5	16	1	7	4	18	18	15	19	4	6	2	4	12
19	12	17	6	18	19	17	9	20	5	11	13	17	13	2	10	10	13	5	14
19	4	5	7	12	17	6	1	11	4	18	8	11	10	10	17	7	9	1	13
2	19	17	16	4	10	4	9	8	18	19	6	5	1	12	7	3	13	16	2
10	9	16	17	9	20	5	19	6	7	3	7	6	9	14	20	12	17	8	7
1	16	14	5	19	15	18	17	11	14	1	11	19	9	6	13	2	17	6	9
17	20	10	4	7	19	3	13	18	4	15	20	11	19	3	13	16	8	13	7
12	18	12	12	5	18	11	20	9	17	15	3	7	17	9	2	19	11	20	17
11	9	3	8	16	7	2	15	14	7	10	1	19	2	20	4	8	14	2	11
3	9	20	10	17	18	5	17	2	13	14	8	17	16	2	15	12	12	8	1
14	4	9	6	18	16	16	15	16	19	9	13	4	13	2	10	1	12	4	5
16	12	7	11	3	9	5	6	4	5	8	3	17	10	12	5	15	7	19	9
8	4	20	2	5	10	15	18	2	3	7	17	11	12	12	1	10	13	1	19
17	1	20	12	11	4	11	18	2	10	15	16	14	9	9	2	10	6	7	15
14	20	4	7	19	10	13	3	18	10	15	6	17	19	9	17	18	2	11	1
14	18	5	16	1	12	11	15	11	17	9	17	4	10	13	19	11	1	20	13
1	14	20	9	20	13	12	18	13	16	17	3	4	16	8	17	11	16	7	2
15	6	12	15	15	17	6	20	9	7	2	17	9	18	9	5	2	20	11	12
19	20	2	10	16	4	13	14	19	2	5	20	18	3	15	7	1	3	7	16
14	19	9	5	17	18	12	12	13	3	4	19	12	3	16	17	19	8	3	14
11	11	3	6	14	1	15	4	2	6	18	2	16	17	7	11	14	17	20	12
12	3	4	13	13	16	6	4	13	19	14	14	17	14	16	20	8	2	2	14
15	4	7	10	14	2	17	9	5	12	5	2	13	12	9	20	5	15	6	14
7	7	2	17	5	4	6	16	9	4	3	12	5	14	1	4	15	4	5	20
8	7	12	13	2	17	3	16	19	13	9	1	13	8	18	14	20	17	20	16
6	6	17	4	7	19	3	7	15	12	9	11	19	14	10	20	16	15	16	18
6	16	5	11	8	10	1	2	10	20	1	20	18	12	2	4	15	12	16	15
11	1	3	14	18	2	9	10	9	5	8	14	3	6	19	6	3	16	14	9
20	4	14	19	3	5	14	14	10	14	14	14	11	14	17	2	11	8	2	11
10	3	16	9	9	18	11	12	16	2	7	2	20	2	6	6	17	4	20	8
19	3	10	16	8	10	9	11	10	18	12	9	17	12	19	16	4	8	14	9
3	15	13	6	3	9	10	5	18	12	9	5	17	16	20	12	4	18	11	19
14	15	16	2	9	14	3	20	20	1	3	7	7	11	13	18	11	11	15	19
4	11	10	16	10	20	7	3	16	17	20	18	4	10	6	1	16	13	13	2
12	12	16	1	18	5	6	9	19	1	17	1	1	3	5	12	19	2	12	17
8	17	8	5	3	18	8	9	7	4	15	19	16	7	7	1	11	7	14	18
3	20	2	1	1	16	13	16	18	14	13	6	19	6	16	6	7	14	10	8
13	1	18	11	6	5	1	6	18	16	4	10	18	17	16	16	10	4	8	11
18	5	14	15	4	3	7	10	18	11	9	3	10	17	13	5	7	16	17	16
8	17	18	15	18	1	15	17	17	13	16	19	13	9	19	7	11	5	18	13
2	8	6	8	9	18	11	4	19	1	14	5	15	6	8	15	5	15	2	13
2	16	8	17	2	10	20	17	4	20	15	3	19	11	9	13	10	19	2	9
15	5	19	20	6	2	16	4	5	16	11	4	3	14	9	18	13	13	6	9
2	7	10	11	15	14	18	20	16	8	4	16	11	10	14	17	6	12	16	12
2	13	16	2	3	18	13	18	3	17	20	14	14	15	20	16	20	11	3	8
7	2	5	7	20	5	16	8	18	13	20	4	13	13	20	16	3	18	13	11
3	19	2	15	3	9	7	8	12	6	10	2	8	5	2	1	14	11	20	16
6	9	6	2	6	15	19	10	16	3	5	18	15	11	13	20	10	3	11	3
5	11	10	19	10	20	20	6	6	20	13	8	6	15	13	7	20	10	3	17
7	16	10	20	2	13	14	10	20	8	17	2	2	9	20	15	19	2	17	17
10	1	8	17	18	10	14	14	7	4	20	13	6	6	7	12	9	3	19	17
10	2	15	11	17	6	20	11	8	18	2	13	3	14	1	19	2	10	8	17
4	8	14	1	14	2	10	12	13	19	4	10	17	19	9	13	2	19	3	13
5	8	5	20	19	8	7	9	10	5	3	8	7	15	11	1	17	20	9	13
10	16	10	16	15	11	8	20	20	1	2	16	10	8	16	16	13	1	16	19
12	4	14	8	13	20	9	15	8	2	16	2	13	8	12	19	9	14	16	20
15	14	12	8	12	11	3	3	7	20	13	3	5	14	20	10	11	20	19	2
6	5	9	20	10	1	18	16	17	2	16	15	5	1	12	2	13	20	1	8
18	14	7	3	5	8	15	14	19	9	6	11	15	7	18	17	20	20	2	3
15	6	7	5	14	14	16	12	14	6	6	3	20	20	19	20	16	10	8	3
4	5	15	16	7	18	17	14	15	11	17	8	4	8	1	8	14	11	1	11
14	6	5	16	19	17	13	5	1	15	9	9	19	10	2	4	9	8	16	12
14	6	19	18	5	17	9	4	15	14	5	19	3	12	19	7	11	3	17	3
9	18	15	1	7	6	17	10	10	14	7	10	18	20	1	3	6	20	2	4
13	2	8	5	11	9	13	8	5	3	6	19	6	15	14	15	10	7	3	17
6	18	5	5	9	11	20	7	3	7	4	2	7	9	3	17	12	12	15	9
19	16	20	16	20	12	10	3	4	10	13	4	11	17	13	8	6	13	13	19
2	12	5	9	6	17	10	17	18	19	18	10	5	20	3	19	15	7	12	13
20	17	10	3	14	17	6	2	12	5	6	20	1	15	3	14	16	6	17	19
12	16	7	18	8	13	17	14	6	20	1	11	7	16	3	4	17	19	16	6
20	16	9	14	18	2	10	4	1	16	15	10	16	11	7	16	9	6	15	5
18	11	1	5	19	17	16	16	1	20	3	15	3	4	18	8	17	18	6	18
5	1	15	1	18	4	11	11	1	16	11	4	1	4	13	18	18	4	1	9
3	9	20	13	8	7	12	18	19	10	7	12	14	9	10	2	10	6	19	2
1	15	20	13	1	10	11	4	16	1	1	2	9	17	9	4	19	14	20	8
9	2	9	17	2	20	10	2	15	15	8	15	5	8	17	15	6	2	15	12
5	12	6	13	8	8	13	8	13	7	12	11	8	4	14	15	19	18	18	12
12	8	15	3	4	7	9	1	8	18	14	20	13	8	14	12	3	11	5	10
1	10	12	3	13	2	8	7	16	17	12	3	10	15	19	5	4	2	12	12
5	19	6	9	9	12	16	10	12	8	17	7	14	7	20	18	5	17	16	9
15	7	5	20	16	20	18	8	20	16	16	13	17	9	17	16	8	12	6	7
12	12	18	9	7	14	18	10	17	20	16	11	20	4	3	3	1	1	10	5
2	1	20	12	17	20	20	13	16	15	12	3	9	2	9	2	4	10	9	17
3	15	17	9	3	9	12	8	7	18	1	16	5	7	15	17	12	2	15	16
16	9	13	8	17	16	20	1	9	8	10	8	7	10	10	10	14	14	15	8
3	9	5	9	15	11	6	8	4	19	3	8	11	10	17	16	15	14	8	13
20	14	1	4	13	7	3	13	15	17	18	8	2	7	2	20	11	7	19	20
8	13	10	2	13	16	19	4	1	3	5	1	5	12	15	20	9	9	12	9
13	4	1	18	9	12	11	17	7	4	4	20	20	3	3	6	3	19	10	1
16	14	14	5	2	13	2	14	17	6	5	12	5	20	6	16	17	17	16	11
12	18	19	19	20	16	4	17	9	1	15	14	15	5	15	2	18	8	17	6
19	8	2	11	3	3	19	20	19	9	20	3	15	2	10	4	5	4	3	16
15	17	9	19	8	20	1	8	12	2	9	19	9	2	14	7	19	7	9	18
9	18	2	7	10	10	16	15	18	3	7	14	20	2	9	13	19	3	20	7
8	17	15	20	20	12	9	8	14	14	3	8	15	5	1	15	10	18	17	10
16	5	8	8	7	9	7	1	16	4	20	10	9	18	13	16	15	11	6	7
10	9	7	9	15	16	9	17	10	11	12	1	4	8	12	10	18	17	18	16
1	2	19	17	14	13	1	12	12	1	8	3	11	8	6	13	8	16	16	1
17	19	16	19	11	18	20	8	13	1	2	14	20	12	20	15	10	5	20	10
3	7	8	16	20	5	12	16	16	6	11	3	5	1	18	15	11	5	12	1
8	18	9	5	12	8	6	1	14	2	14	8	5	19	9	11	10	2	2	9
13	2	17	4	17	9	17	19	15	8	10	14	13	14	20	19	4	15	4	4
20	10	18	2	1	3	20	8	4	8	16	5	15	20	16	17	19	13	12	1
18	11	8	17	7	19	9	13	8	18	11	12	16	18	18	3	11	5	14	10
12	7	12	7	7	11	11	15	20	19	11	19	3	14	7	14	3	19	10	2
13	12	20	14	5	20	15	10	7	14	8	20	17	16	10	17	4	10	1	14
5	18	4	4	7	6	5	12	7	18	13	1	9	6	3	8	2	12	7	19
12	3	10	4	7	12	9	8	19	17	1	6	6	5	4	13	9	16	9	10
8	18	6	20	3	5	4	10	3	7	15	16	15	1	11	7	6	16	8	8
6	8	5	9	5	9	14	2	9	7	14	3	8	15	10	10	13	10	9	2
14	14	5	7	5	3	2	8	6	5	14	14	20	15	4	18	11	4	19	3
4	16	15	10	13	14	1	13	1	7	4	1	6	19	14	16	12	17	6	8
12	16	16	4	20	10	13	3	18	13	2	12	1	16	5	12	12	16	4	16
7	13	2	4	15	18	20	8	17	11	10	2	19	4	17	3	3	20	19	20
7	4	17	1	16	11	6	3	1	4	5	9	13	10	9	18	14	4	16	17
17	6	12	17	8	3	14	19	6	20	6	14	14	20	20	17	3	2	12	1
17	17	1	4	12	5	4	16	20	12	18	8	7	13	5	19	2	9	5	14
20	10	17	12	17	7	1	15	1	4	1	17	3	15	12	12	3	20	14	12
13	5	14	11	6	15	3	14	13	18	9	16	16	15	5	15	14	15	12	9
6	8	8	16	13	18	8	17	17	11	16	17	5	12	10	4	3	3	4	15
5	3	2	15	17	16	8	2	5	14	18	16	13	7	18	13	9	15	19	16
4	18	14	14	20	3	9	15	20	13	8	5	20	15	13	7	19	6	19	19
8	20	1	4	1	14	16	19	12	15	17	8	20	3	15	8	6	18	17	17
4	6	15	8	7	11	16	16	10	16	18	7	1	20	5	4	1	15	18	15
16	6	3	17	19	18	20	10	8	14	10	5	17	11	2	8	4	18	20	11
6	17	13	4	16	6	16	4	16	4	7	1	5	5	18	13	11	1	2	17
16	8	7	8	17	4	20	19	12	10	20	6	16	8	7	19	16	3	6	5
15	17	10	6	13	20	12	8	5	7	6	3	7	6	6	7	4	20	9	15
13	20	6	14	18	17	17	5	2	5	14	4	15	16	4	19	13	2	10	1
10	10	16	20	16	16	10	18	10	11	20	13	6	13	8	4	19	1	6	18
17	1	10	2	13	6	8	4	7	10	5	7	5	4	10	3	7	7	11	7
9	12	17	4	1	7	5	18	17	2	16	9	14	13	14	15	11	11	6	16
20	15	19	20	9	8	11	10	10	8	2	1	17	8	8	1	1	6	19	16
12	1	20	4	5	12	10	12	5	12	5	5	12	11	9	14	4	18	6	10
12	18	10	9	16	14	2	10	10	20	15	12	18	3	14	13	9	11	11	16
17	11	10	12	14	18	15	8	10	14	16	9	4	4	16	2	10	9	19	10
7	18	9	20	4	1	7	9	5	13	20	15	18	12	1	15	18	14	8	7
9	19	4	6	13	4	1	18	11	11	13	15	16	18	19	18	4	4	7	8
15	2	19	7	12	16	9	16	12	20	7	1	8	4	4	11	10	2	6	3
6	9	15	20	4	15	20	3	20	13	11	19	3	18	3	6	13	3	14	12
18	5	6	12	8	18	1	14	11	10	7	2	14	13	10	8	20	10	15	19
17	6	14	8	4	17	15	10	18	18	7	13	7	9	9	17	4	10	16	12
3	16	8	20	11	11	3	12	7	8	12	18	17	12	5	20	10	12	17	17
6	16	6	12	8	15	5	3	3	1	11	15	7	1	3	4	11	5	2	17
4	19	19	6	10	9	7	20	4	14	15	3	18	18	20	3	20	19	9	6
5	17	9	7	1	9	12	1	8	15	11	4	12	17	16	14	16	16	10	1
4	8	12	4	13	16	4	3	14	10	12	2	11	3	18	5	1	2	11	11
8	13	10	1	3	8	19	10	10	16	10	17	16	4	15	9	11	4	4	4
5	18	14	5	17	9	15	13	6	6	1	4	9	20	12	20	4	1	11	4
14	6	6	2	1	9	10	7	2	14	8	12	13	20	16	16	13	14	13	7
7	9	12	18	17	14	17	13	13	4	15	10	7	4	16	18	15	3	4	2
4	4	4	6	3	16	18	1	9	11	15	6	9	20	1	1	17	1	1	6
13	17	5	3	10	3	9	17	13	2	19	13	20	19	7	6	1	2	8	2
4	6	17	11	6	12	14	3	3	8	8	3	10	15	1	5	19	13	2	7
4	3	8	4	12	8	3	9	10	1	16	14	1	5	3	20	11	15	5	4
17	13	9	18	10	19	2	17	10	20	4	11	5	6	20	20	18	1	15	8
7	16	11	8	7	8	8	14	6	17	3	20	11	3	9	11	4	3	15	13
13	19	2	14	16	11	17	18	4	15	15	9	20	1	9	15	5	15	3	17
14	4	2	14	20	8	10	4	7	14	7	15	5	7	15	15	11	15	17	13
14	7	2	13	7	4	17	19	20	4	18	11	8	15	1	5	11	1	15	1
11	20	20	7	17	14	12	3	9	16	6	5	15	9	4	12	15	2	3	1
3	16	2	17	5	4	14	12	9	7	3	14	2	5	5	6	15	7	9	4
5	4	12	5	8	4	16	14	7	6	11	20	13	16	1	10	17	20	19	12
5	12	3	17	13	13	19	1	16	4	15	14	10	6	3	8	4	13	18	17
10	15	9	8	17	4	11	9	5	8	13	3	14	18	20	1	5	8	3	6
7	6	19	5	18	5	15	3	9	14	6	18	12	18	6	12	20	1	8	17
17	13	11	8	2	6	7	1	1	7	19	2	4	5	17	15	18	8	15	7
3	15	17	3	12	7	6	4	4	7	14	7	20	5	17	7	12	13	12	2
1	1	8	14	15	15	10	6	7	6	9	15	18	3	11	1	14	19	10	10
12	2	20	5	14	8	20	18	16	8	6	2	6	16	13	3	14	17	7	2
6	16	14	5	10	9	15	18	8	20	5	6	1	1	5	9	8	14	11	7
3	11	19	4	10	9	19	3	4	1	15	5	5	14	14	18	16	9	19	13
8	14	7	18	16	4	11	9	4	4	9	15	1	8	13	5	5	19	15	6
3	16	10	7	12	19	7	14	4	4	6	8	16	16	8	18	3	13	2	9
7	6	18	3	19	17	9	14	7	8	9	5	8	12	14	11	19	13	9	1
10	5	19	1	14	20	13	20	15	6	16	1	11	8	20	9	7	19	14	20
4	14	12	13	2	8	8	19	11	17	15	5	9	20	7	2	9	12	13	20
4	10	17	11	11	4	18	11	7	4	10	3	5	7	6	4	12	2	2	3
10	18	5	15	5	15	11	11	15	11	6	13	13	6	8	12	11	17	20	9
11	4	12	17	16	9	15	10	16	13	14	1	15	10	18	6	11	3	9	11
1	19	20	14	7	19	16	1	6	9	10	19	7	9	1	16	14	8	19	16
19	7	12	18	3	3	4	4	11	4	12	20	7	9	5	1	1	3	19	16
20	6	18	15	18	20	14	12	2	18	19	10	13	20	11	12	5	1	12	15
14	7	15	6	16	13	16	12	20	19	4	17	8	2	15	9	3	7	2	7
11	17	17	14	1	4	11	11	1	10	4	10	10	16	20	12	17	12	14	11
17	4	3	3	14	6	4	16	17	4	15	16	17	14	6	3	15	20	18	7
7	14	19	19	13	13	17	3	19	20	15	10	4	8	9	5	10	5	5	20
17	7	2	5	11	20	9	8	7	4	2	18	4	8	11	19	5	15	4	1
14	20	3	12	3	4	1	6	18	8	14	18	13	5	8	9	14	19	7	6
19	8	1	3	12	4	17	20	16	1	17	6	3	14	20	5	10	13	14	7
12	16	16	18	17	16	16	15	16	13	9	19	15	17	12	15	3	12	20	20
12	16	7	3	19	5	13	8	17	3	19	14	15	18	18	19	5	13	6	11
16	1	6	13	13	12	12	15	2	18	8	20	15	4	1	15	14	10	11	10
13	15	10	4	18	17	17	17	6	16	7	16	7	17	7	2	17	15	16	4
17	11	19	6	18	14	16	19	11	19	8	5	9	5	16	1	20	2	5	8
5	5	10	11	6	2	19	16	14	7	9	13	9	1	2	20	9	14	15	12
4	13	7	4	16	14	6	10	11	20	11	17	3	11	7	9	15	11	2	15
13	1	4	12	8	8	16	20	6	2	12	14	11	2	14	1	13	4	19	14
13	13	9	15	2	15	9	2	6	13	14	14	11	12	10	2	9	3	18	4
20	13	16	14	9	5	3	5	14	6	6	2	7	6	15	7	11	15	2	19
11	12	4	15	15	9	7	12	18	6	6	5	8	19	16	19	15	18	16	16
11	6	13	14	6	4	20	14	16	4	5	3	2	15	12	8	4	19	10	6
12	6	15	11	16	5	13	17	3	18	2	17	11	8	13	5	5	16	11	13
19	18	12	20	10	7	20	3	9	18	17	15	4	5	4	14	11	15	2	20
9	11	16	8	16	1	4	4	4	19	20	2	3	5	5	8	12	2	12	19
5	2	5	4	5	11	6	7	10	1	6	1	9	1	20	15	9	6	11	20
11	1	3	16	17	9	12	12	3	1	17	12	1	10	20	9	15	17	4	1
3	3	10	10	10	20	9	8	2	11	2	3	13	15	5	2	14	15	15	14
13	12	5	12	18	8	5	10	12	5	20	19	12	16	1	2	7	14	20	1
17	2	20	13	12	15	10	20	10	14	16	9	20	17	12	15	19	7	6	2
3	3	1	11	8	2	6	19	18	3	9	20	9	17	2	2	10	6	8	20
1	8	17	8	13	8	17	4	8	14	6	2	1	18	18	15	8	19	19	12
12	8	1	8	9	14	5	7	7	7	18	16	7	8	12	20	2	1	14	17
15	20	7	9	15	15	6	8	6	15	1	10	2	9	10	9	9	19	15	1
8	7	2	20	18	13	2	1	14	6	12	4	7	13	11	12	13	12	5	17
17	8	4	20	18	17	1	2	4	15	18	2	16	19	11	15	4	4	14	3
5	13	13	13	11	7	6	3	10	17	4	6	5	16	19	16	5	5	20	13
15	12	18	7	20	8	4	2	10	20	8	18	3	8	18	9	9	1	3	14
12	16	15	6	13	8	2	15	20	5	1	19	17	17	4	19	3	19	9	15
2	17	11	10	7	6	18	17	16	10	14	3	2	16	1	11	6	9	15	3
5	12	10	9	18	20	19	18	8	10	17	8	12	12	9	9	9	13	6	19
5	9	13	2	18	10	2	7	7	10	9	15	16	20	5	16	4	13	3	19
6	2	13	3	12	17	6	15	5	13	4	9	13	3	9	19	13	17	19	1
19	16	5	13	13	20	1	4	7	5	14	6	3	1	7	9	4	7	5	14
13	20	14	5	1	14	3	5	14	13	7	15	12	19	19	19	8	12	6	8
20	2	9	18	18	1	13	1	8	20	7	15	12	10	8	19	6	17	4	17
4	11	7	18	19	18	14	5	18	12	16	10	17	18	7	15	2	15	4	17
5	16	20	6	14	17	6	4	20	1	7	1	13	1	11	17	18	10	9	12
8	10	4	8	5	2	13	17	12	19	20	17	3	5	17	4	10	3	7	18
8	14	10	7	9	1	10	4	9	1	9	6	20	6	13	12	5	14	3	5


1	1	1	1	1	2	1	2	2	1	2	1	2	1	1	1	1	1	2	1
4	3	2	1	4	3	3	1	2	5	5	2	1	3	5	3	5	5	1	4