500	6	20

1	1.3	1.55	1.75	2.1
4	6.76	9.61	12.25	17.64

80	13	88	5	71	20	23	3	14	31	99	48	55	88	31	17	32	33	81	47
2	42	68	1	29	33	41	63	12	83	17	69	41	78	4	78	53	82	70	24
24	83	74	25	17	43	40	4	74	31	44	61	48	8	19	82	98	32	28	27
50	20	26	8	1	65	42	18	30	11	78	40	75	78	62	17	76	25	18	94
62	61	43	25	8	32	4	64	83	60	51	64	3	50	46	67	74	85	41	24
24	65	99	52	16	94	79	79	9	26	62	5	9	94	37	3	40	80	27	45
9	29	3	86	76	58	10	96	27	38	39	29	1	32	86	51	96	50	57	62
93	81	35	16	15	50	71	10	11	69	43	40	58	81	89	92	69	87	59	9
9	76	49	71	93	44	61	89	10	3	60	62	12	68	49	83	22	41	21	68
16	3	8	60	46	88	79	48	73	82	83	42	61	57	59	1	31	23	90	13
6	6	76	99	78	40	23	83	27	46	57	38	89	48	34	70	97	35	19	97
86	21	57	53	87	88	27	12	21	83	48	31	36	71	23	48	22	54	23	44
54	90	11	50	4	77	56	50	13	10	12	6	42	97	20	56	88	9	5	1
51	53	59	6	5	12	91	38	35	61	21	62	16	71	70	48	90	98	73	45
27	79	32	4	48	31	83	50	74	14	16	1	61	3	40	49	84	47	69	91
69	2	40	66	54	73	22	97	8	61	91	14	52	63	32	72	47	34	93	75
76	97	91	64	75	40	99	20	53	7	70	88	6	97	61	73	39	49	79	53
86	22	1	9	22	32	4	88	32	87	2	58	33	37	55	90	17	45	74	6
40	9	58	89	86	25	32	71	50	93	42	21	86	5	51	22	58	50	44	69
93	11	69	69	25	63	30	74	77	31	15	60	66	26	8	4	12	56	86	79
97	84	1	31	7	41	4	3	89	63	76	76	24	31	11	33	14	91	1	26
59	55	64	17	93	70	23	94	58	49	68	49	41	75	8	62	97	16	13	18
54	37	2	50	75	44	23	61	7	74	23	1	81	17	22	33	31	9	52	9
40	53	71	66	69	93	63	76	65	36	24	88	56	26	1	73	14	47	22	91
68	24	46	9	70	44	73	10	52	14	22	25	34	72	52	3	86	88	92	85
2	9	52	81	4	21	54	20	18	94	18	81	99	56	86	30	6	97	6	29
34	91	8	84	36	18	81	67	72	89	40	73	33	85	5	58	12	18	65	3
72	93	23	66	4	6	86	36	12	4	40	7	8	83	34	64	32	80	32	34
42	43	40	12	24	14	65	91	33	12	22	95	56	86	94	21	51	7	14	56
53	31	73	83	25	26	74	79	19	86	57	3	42	15	53	28	74	63	18	41
5	5	59	46	37	81	9	85	93	12	57	23	88	77	50	87	80	35	19	18
23	17	32	69	67	46	27	86	54	15	63	40	66	6	82	35	82	95	54	2
17	81	94	82	41	17	1	40	45	72	63	81	56	75	90	59	74	77	92	56
31	27	35	56	30	69	19	96	51	73	37	80	59	96	91	32	53	16	6	4
53	48	29	65	16	16	90	63	61	98	98	5	71	72	19	36	68	93	79	75
78	83	37	89	34	16	61	53	8	71	78	10	81	39	12	70	10	90	92	60
64	84	10	48	80	49	5	99	13	93	13	81	86	96	37	86	40	51	88	41
19	81	57	83	13	43	43	58	16	82	55	42	68	87	5	29	97	98	50	81
37	14	62	47	98	48	72	26	39	12	63	46	37	96	90	53	94	95	57	43
17	1	74	56	25	10	30	76	7	56	15	38	85	18	34	64	34	59	59	69
44	51	46	6	77	25	56	67	67	44	84	36	95	99	17	3	30	5	52	17
11	87	85	6	69	45	7	75	3	26	74	42	38	93	2	5	43	57	65	30
77	78	95	37	29	48	36	1	90	15	64	38	26	65	68	42	54	64	73	64
21	88	43	41	12	75	43	68	3	75	87	57	71	86	55	65	19	38	41	35
71	70	6	59	76	68	19	80	74	92	70	83	86	48	3	25	59	84	91	41
52	61	5	4	79	44	99	87	94	71	42	16	62	18	15	77	35	19	26	27
45	69	14	22	30	42	93	12	64	31	8	19	84	54	81	58	31	1	14	53
64	80	62	20	87	98	53	40	55	92	9	59	97	53	60	32	70	98	76	55
36	60	73	6	34	58	33	47	97	3	70	47	72	54	72	22	79	96	79	40
67	13	6	93	94	95	92	95	92	66	91	71	7	54	75	33	19	8	89	35
53	81	14	75	72	9	35	50	57	68	48	40	75	97	88	5	94	58	15	57
5	71	27	19	14	58	90	98	1	91	35	95	92	9	58	89	76	12	8	78
97	25	73	82	30	23	19	54	10	12	24	20	42	16	67	52	61	74	14	57
11	66	2	19	67	38	62	93	5	27	62	47	79	92	75	64	64	83	4	37
35	4	82	45	5	73	80	87	70	75	28	45	75	41	98	41	71	87	69	26
21	28	38	77	4	30	43	38	93	83	1	4	36	19	96	27	82	50	23	2
94	44	81	99	12	9	37	42	89	45	19	74	1	95	68	74	4	19	55	30
71	85	13	32	47	93	54	32	15	63	58	5	20	58	11	76	10	85	80	67
56	48	73	79	13	61	15	13	49	15	90	28	23	9	73	62	26	86	12	24
58	45	62	68	76	38	43	22	60	3	58	38	99	36	65	78	29	86	42	78
18	47	14	89	57	53	71	44	24	11	73	70	56	58	27	86	34	20	12	96
10	27	17	87	69	69	73	62	39	72	80	28	96	1	40	84	76	86	90	3
23	8	52	63	24	83	99	82	63	14	16	62	90	85	11	34	9	24	90	31
39	44	30	17	8	25	46	47	70	35	83	78	52	63	61	76	74	45	55	45
31	89	9	4	78	86	56	35	62	53	7	8	68	25	49	53	94	27	51	74
18	32	70	9	21	40	83	40	74	51	90	48	57	97	41	62	18	33	87	39
49	15	7	95	93	55	61	23	1	14	82	37	82	99	48	30	13	39	29	70
55	68	4	29	29	67	34	42	3	93	27	87	31	97	48	82	96	15	25	17
63	36	94	4	97	92	44	66	11	39	22	4	78	18	22	20	6	81	57	88
2	2	35	4	13	79	39	30	12	94	34	52	68	17	27	6	29	77	19	10
44	68	12	68	69	7	99	55	51	24	93	73	94	77	60	51	12	8	9	49
86	23	20	4	47	57	20	84	49	36	22	63	61	51	32	9	3	80	90	67
19	14	42	34	53	37	58	4	94	6	3	62	65	42	45	83	65	19	43	49
4	70	19	57	41	54	90	60	94	37	73	30	2	76	1	32	49	49	33	40
94	17	58	16	41	39	30	99	88	41	8	32	30	37	49	90	12	6	94	60
15	94	23	5	13	76	62	38	22	60	33	71	7	99	96	90	28	6	66	42
17	69	64	33	16	61	58	35	93	89	39	43	18	30	74	88	8	66	91	49
41	28	27	24	72	74	45	42	21	74	26	91	95	61	75	21	72	76	71	9
67	90	49	4	83	82	57	84	93	41	18	88	55	43	63	86	28	39	60	99
74	63	47	58	52	52	67	34	67	99	6	85	96	36	18	27	54	81	78	27
13	19	46	22	72	17	44	92	31	48	77	87	54	44	11	49	73	14	8	2
32	40	38	42	17	40	85	40	8	40	52	69	5	67	74	21	31	72	96	44
67	47	5	18	43	14	17	60	41	15	64	34	64	54	53	58	72	76	40	42
30	38	85	1	56	45	92	30	70	39	59	13	70	88	94	11	55	16	73	27
85	31	18	14	63	25	47	12	22	30	6	32	77	54	15	40	23	25	94	65
49	2	55	63	39	58	46	90	50	65	45	25	49	67	8	87	94	98	99	60
85	45	48	28	92	85	23	24	86	58	51	93	10	59	7	10	4	18	61	79
32	15	10	69	75	52	55	59	88	90	1	65	40	18	46	13	90	6	92	37
11	74	56	98	92	19	26	1	63	30	85	68	50	75	74	60	25	75	3	48
66	36	4	69	17	94	15	53	12	51	71	89	16	95	90	77	39	93	8	88
95	26	13	39	77	56	49	1	98	72	71	1	76	48	79	17	39	99	56	12
24	70	58	3	66	97	69	67	66	20	5	73	55	10	36	37	44	89	30	63
15	80	73	53	84	66	38	65	3	23	92	30	72	12	78	15	28	90	28	13
84	16	1	31	39	97	56	33	34	9	50	54	79	55	11	32	87	76	83	48
25	20	44	51	67	32	83	27	54	17	49	37	38	47	71	19	27	83	45	39
9	46	96	87	96	28	80	25	16	32	3	32	38	99	47	25	61	51	93	70
15	61	64	53	82	54	80	21	95	38	73	76	28	55	53	5	8	85	95	9
14	71	20	92	96	86	30	10	85	65	91	70	46	33	47	74	42	13	1	81
96	20	12	27	57	74	49	33	4	80	76	43	79	83	99	32	93	2	11	60
93	86	76	78	73	45	6	67	90	40	86	47	11	5	35	59	99	90	40	12
89	58	14	46	57	69	48	56	57	7	87	73	44	39	78	17	58	9	67	83
99	91	28	26	51	96	14	98	31	20	44	57	75	32	17	15	39	70	43	34
32	20	14	47	79	39	55	89	47	86	3	73	38	89	92	11	96	48	77	13
60	71	19	42	36	8	79	73	73	97	27	24	25	39	38	65	55	43	32	92
5	53	69	48	22	42	34	63	69	45	30	6	95	10	33	89	4	21	64	40
94	18	32	62	13	7	68	64	56	40	92	69	67	90	17	78	97	92	63	98
61	15	56	80	11	53	31	44	72	84	61	98	70	94	98	96	32	99	87	81
51	33	88	52	78	1	50	32	97	14	93	66	16	18	23	68	9	53	26	52
99	55	42	13	1	69	22	95	17	50	77	48	69	20	31	44	15	79	72	64
92	94	89	58	89	60	49	86	1	20	38	2	67	85	88	86	44	23	79	72
36	31	15	38	35	49	28	64	72	6	99	6	94	76	26	49	16	2	87	65
21	71	90	6	81	37	51	66	14	3	15	24	47	9	92	19	46	25	71	47
73	55	10	34	93	35	4	28	35	52	82	84	67	10	43	57	80	44	70	34
76	10	94	70	6	37	88	13	85	1	41	44	62	99	86	14	81	80	8	22
58	78	29	97	68	62	47	93	98	69	66	25	91	12	2	81	41	88	97	82
83	56	95	98	44	74	98	69	76	89	95	36	91	50	53	88	85	32	50	77
16	91	7	5	2	76	89	18	29	89	61	25	25	18	3	31	37	9	32	49
43	33	87	38	12	58	73	16	27	59	24	78	19	38	92	49	66	58	63	47
24	16	49	70	78	1	21	21	91	94	19	31	98	72	56	51	17	77	94	13
41	31	89	12	75	56	24	74	7	97	77	74	23	30	98	16	94	49	52	72
2	12	96	19	34	10	32	40	10	52	3	3	14	48	40	65	37	68	43	19
59	70	6	92	10	47	68	33	79	57	63	12	65	9	27	76	61	90	6	72
89	37	64	8	84	19	22	56	40	51	37	33	26	1	5	84	70	94	30	61
77	70	91	5	95	31	45	89	92	17	43	26	34	44	90	66	31	33	61	64
5	92	9	32	29	21	75	85	66	41	30	74	39	56	72	40	18	91	65	19
88	46	78	30	60	73	93	61	58	38	31	99	1	65	3	49	85	24	61	62
37	12	78	56	45	30	21	29	54	47	97	90	51	81	17	49	88	82	3	97
9	51	44	6	63	21	44	2	9	63	28	61	14	58	39	13	34	81	19	95
9	3	85	84	52	5	92	26	49	75	4	73	25	96	59	70	45	6	13	90
41	13	38	28	95	84	17	87	56	99	7	13	30	97	63	5	46	79	16	51
23	49	16	25	81	75	25	76	85	96	71	45	37	7	10	9	32	45	25	58
27	12	3	71	67	7	62	52	9	51	15	44	79	16	93	82	18	89	80	82
62	73	87	50	2	45	27	95	81	56	45	29	77	62	27	98	80	28	28	22
42	35	27	92	90	44	86	32	70	65	91	22	24	53	31	17	3	60	2	69
25	80	72	11	27	68	15	60	25	90	17	13	43	87	33	15	39	35	13	75
93	93	14	99	24	77	82	83	25	80	28	18	87	70	75	70	33	55	59	5
64	10	82	11	37	76	82	26	10	81	19	83	22	90	17	34	99	22	64	54
18	78	71	68	14	71	65	63	41	50	29	38	3	18	70	17	29	82	31	48
10	14	12	73	42	31	6	95	42	35	70	54	81	39	43	84	83	10	83	36
71	12	59	27	88	45	38	52	77	36	62	85	86	51	67	62	56	66	15	12
35	24	49	37	8	28	85	88	46	42	11	7	31	99	65	80	56	38	54	95
22	6	20	19	60	66	67	31	87	71	72	50	84	58	62	98	31	22	6	26
10	20	8	16	97	50	37	77	42	79	60	43	8	84	72	31	10	88	6	70
62	50	22	71	75	61	39	16	87	26	73	23	48	20	5	82	86	62	79	42
33	22	65	81	67	26	73	93	26	28	71	91	70	34	37	16	40	60	38	57
19	32	88	52	4	54	14	66	52	40	96	32	92	45	33	57	26	9	16	59
24	81	81	72	47	56	82	98	63	59	7	27	96	63	66	50	95	60	96	4
59	73	75	69	8	4	35	63	13	2	27	51	19	82	34	17	13	60	78	95
57	6	60	2	52	51	52	88	57	54	65	37	89	84	18	66	33	38	71	31
61	90	46	78	18	80	73	87	5	27	86	31	22	13	96	42	24	91	46	78
91	31	78	23	3	47	17	61	88	17	91	20	70	88	81	4	99	21	39	92
95	63	52	68	45	37	94	74	10	30	54	37	77	89	78	64	78	1	78	14
18	86	12	88	27	57	84	52	42	69	70	71	86	4	95	43	3	1	73	59
57	56	48	18	48	32	55	72	59	33	33	99	59	1	78	69	6	44	18	51
65	17	3	57	32	78	76	86	59	44	14	27	10	89	64	80	17	23	53	96
41	93	84	62	33	79	62	52	69	80	39	96	20	37	85	15	27	54	87	38
33	37	80	19	7	80	20	46	7	18	12	65	51	59	1	23	70	33	83	25
59	21	65	12	52	88	36	98	68	10	68	22	31	37	65	55	72	15	65	58
4	53	85	97	84	56	78	77	22	88	68	64	12	51	69	76	36	83	87	63
71	78	88	60	44	43	84	41	33	12	26	45	17	29	5	72	96	24	31	80
51	2	26	65	84	19	30	20	32	22	77	87	19	81	40	89	53	51	74	23
61	12	39	4	51	4	91	89	50	76	50	54	99	49	44	96	35	12	26	88
65	70	68	15	58	84	12	72	5	86	24	30	32	80	58	74	11	20	92	92
23	16	72	83	26	91	12	91	3	97	3	42	34	44	65	39	13	79	20	82
32	82	7	87	54	26	21	99	87	7	5	30	1	3	67	44	76	12	33	11
32	40	83	44	12	61	34	13	6	23	97	78	61	6	10	90	79	40	41	95
99	83	71	66	51	65	5	46	26	83	26	84	92	79	56	71	20	54	15	4
74	22	69	99	23	22	66	86	70	46	55	33	50	33	81	60	63	48	49	41
17	86	96	87	70	25	32	30	48	71	46	20	4	42	9	96	6	13	90	69
18	91	34	44	60	70	63	82	64	89	27	74	58	93	18	71	59	9	93	40
57	9	77	28	82	96	10	14	64	6	26	82	92	34	98	23	56	36	85	79
68	99	28	55	48	53	39	36	48	62	88	19	21	79	5	21	32	45	50	45
82	15	58	78	80	31	2	25	98	63	14	88	92	59	81	79	54	45	69	62
62	14	55	64	88	69	39	22	86	79	87	94	49	50	98	43	56	63	89	47
17	58	42	43	61	94	48	4	95	26	67	18	76	75	37	29	41	96	57	48
57	48	42	26	87	4	34	80	23	35	96	70	39	73	13	94	14	16	69	92
71	32	59	21	5	10	78	70	30	47	5	5	9	50	78	31	22	70	42	13
13	48	82	92	36	45	56	78	12	81	63	92	14	31	25	94	58	80	87	52
64	4	67	92	45	70	76	70	61	32	25	10	55	89	38	27	88	66	43	99
50	65	5	11	26	57	64	75	38	34	92	84	27	45	83	28	65	74	71	20
33	45	57	34	54	42	62	60	12	49	33	43	22	68	76	81	81	23	5	95
74	22	13	32	26	9	96	17	29	96	69	42	76	3	92	55	62	52	52	75
33	50	16	73	54	78	24	78	92	74	38	66	42	69	5	15	73	29	64	2
46	1	54	60	44	97	9	88	1	2	32	99	1	99	60	37	85	98	47	75
88	85	31	55	79	56	13	14	34	8	75	51	46	23	62	76	21	56	74	98
38	28	88	81	38	54	82	84	42	36	26	15	36	69	34	82	34	7	67	78
63	83	46	95	43	4	55	92	34	45	18	86	11	36	96	95	62	8	86	88
13	65	62	98	48	14	31	72	37	30	71	25	81	12	36	40	1	97	61	10
90	55	64	85	62	92	40	70	11	20	71	84	63	93	74	89	46	49	83	47
28	32	82	38	44	2	4	82	35	49	62	91	81	52	48	12	43	61	21	59
5	96	72	89	50	92	47	98	57	71	34	59	80	59	88	26	53	30	63	24
43	13	47	36	17	31	77	4	97	64	58	89	58	22	32	13	54	22	6	45
87	10	15	15	49	13	32	83	23	88	61	47	92	15	88	71	96	29	70	34
31	29	19	61	11	11	61	36	81	33	2	94	63	72	78	27	67	90	12	53
4	3	17	18	32	92	77	88	11	16	66	86	5	13	65	53	66	42	76	21
39	84	44	44	52	77	70	94	18	37	9	67	12	92	47	40	44	59	52	49
34	88	92	8	74	20	81	29	3	49	20	12	45	46	59	56	61	78	38	23
25	91	26	95	48	32	66	27	58	62	93	48	93	99	91	64	80	16	37	31
60	13	20	53	29	82	21	82	75	89	66	97	40	83	36	8	4	24	58	59
26	73	88	70	53	33	66	99	3	46	62	30	48	3	22	84	66	32	13	64
90	18	12	53	47	3	69	77	42	28	52	42	79	61	15	50	42	65	35	64
82	37	3	55	88	10	44	86	97	68	64	88	68	10	59	36	17	44	65	12
89	78	68	6	7	46	33	40	23	57	13	16	31	81	32	94	95	32	14	8
80	79	69	7	31	76	75	19	16	36	32	87	32	84	65	63	62	45	64	92
97	98	14	65	98	82	23	51	90	56	49	68	3	52	20	94	97	2	40	84
49	54	83	64	35	98	11	37	57	2	86	87	55	53	56	38	34	61	47	52
47	51	36	53	10	12	81	92	93	67	88	21	96	50	26	77	27	48	9	35
56	69	11	52	41	55	63	78	95	44	38	49	32	46	78	72	3	68	72	55
56	4	75	11	28	68	51	61	22	28	13	23	4	65	73	15	53	14	55	56
20	95	11	81	29	52	50	89	32	11	24	55	58	39	48	14	83	21	59	88
30	57	9	4	37	15	82	35	11	21	60	66	6	20	20	53	81	78	37	88
28	66	48	26	28	30	47	37	86	61	41	68	81	94	40	20	59	30	75	29
49	92	13	93	18	13	39	52	62	40	24	78	25	27	75	39	3	58	95	75
44	31	77	14	59	6	36	51	76	78	48	50	41	99	12	47	56	99	71	3
52	94	20	47	95	60	73	48	10	15	25	38	59	2	44	29	41	23	27	4
68	69	4	50	24	20	62	65	32	24	16	91	22	80	72	32	51	80	83	73
59	60	89	85	48	27	20	67	63	14	22	34	38	51	15	11	47	88	36	68
19	3	45	91	89	91	61	20	20	71	27	9	27	23	91	72	99	24	55	21
6	17	85	17	17	9	77	71	59	47	2	71	12	99	43	40	99	32	47	35
38	4	30	46	15	43	5	61	57	86	95	75	30	24	67	91	6	25	15	16
76	78	55	99	43	3	75	12	83	7	78	67	2	24	6	78	31	20	29	25
9	45	50	72	41	41	46	13	85	60	45	71	15	68	70	13	60	12	20	1
19	21	27	40	57	72	88	83	59	86	70	49	44	87	25	63	94	15	7	92
1	67	36	83	58	99	9	23	57	4	81	91	64	9	46	13	79	16	88	68
72	23	10	64	21	36	24	11	75	91	91	77	95	82	94	58	23	73	45	50
4	97	4	65	75	70	84	81	62	92	69	1	45	76	20	71	69	72	93	37
66	35	76	76	39	5	66	80	64	5	84	81	4	24	6	72	1	2	66	17
36	80	19	54	92	14	98	11	29	93	18	17	63	40	10	94	18	35	31	13
15	56	66	81	94	6	66	37	45	67	90	43	33	65	87	47	18	84	32	98
83	39	4	53	17	7	4	64	1	96	94	24	14	95	64	10	20	79	95	42
45	82	93	22	87	1	62	78	16	6	87	35	73	88	30	14	95	12	33	82
20	98	71	23	96	34	41	26	99	25	67	18	20	46	55	41	79	71	9	6
48	47	48	57	38	65	20	54	34	59	17	4	55	16	85	27	8	10	34	6
14	74	68	42	7	96	9	95	12	37	35	26	68	64	83	84	24	7	88	52
71	30	51	22	61	74	49	71	19	40	67	2	37	88	17	25	10	76	7	48
52	85	29	91	12	53	64	86	57	39	92	3	1	61	44	59	85	64	57	90
96	32	70	66	32	52	61	67	87	11	94	3	7	8	51	16	47	14	45	86
84	98	84	97	59	38	17	16	28	13	66	15	4	75	49	16	50	42	1	70
54	60	74	91	22	55	72	67	33	59	61	30	73	18	84	87	54	78	86	66
75	84	98	5	37	33	48	98	62	99	45	86	4	28	69	46	15	41	41	93
67	73	34	35	36	63	53	59	32	46	83	92	68	99	83	15	52	16	88	85
94	57	59	71	65	12	55	46	94	98	91	89	34	7	15	83	78	33	57	6
22	91	82	17	67	25	54	82	93	59	14	70	16	16	8	65	52	86	83	79
89	33	90	88	29	57	85	25	25	33	99	60	71	42	93	92	58	63	34	84
91	41	61	14	77	98	60	70	94	58	43	27	77	39	23	76	61	62	6	73
8	88	47	84	22	98	13	52	38	91	86	77	87	19	74	22	27	28	34	54
36	51	73	48	46	16	68	20	6	75	54	39	46	13	22	82	46	71	6	1
50	20	24	74	52	66	16	36	6	38	38	87	88	4	92	33	66	56	54	99
53	61	52	53	8	5	95	52	6	72	89	51	96	62	84	4	11	80	47	87
36	26	32	80	38	2	23	83	34	79	13	84	95	41	6	43	70	75	45	19
20	80	15	95	25	59	64	5	3	71	16	77	11	11	93	79	68	78	96	84
16	89	57	34	36	45	51	45	61	34	95	47	87	1	1	2	62	67	28	6
22	97	62	56	83	28	83	5	2	90	79	95	5	51	29	3	18	87	67	36
94	52	68	8	21	81	2	4	97	56	81	17	98	83	96	82	34	43	74	32
32	74	42	48	56	66	37	14	24	19	92	39	51	28	28	95	79	85	3	95
29	2	69	72	73	63	97	9	66	39	3	12	11	56	27	49	2	61	37	33
95	37	57	17	29	92	77	89	35	48	70	70	10	72	60	50	85	96	23	85
16	77	34	3	17	54	58	96	22	64	22	74	48	84	88	39	77	39	75	13
96	71	19	78	37	14	70	24	78	40	7	75	16	68	86	22	90	4	3	40
75	19	52	72	49	44	48	78	54	59	44	84	99	57	15	51	80	29	67	29
82	14	83	12	47	46	62	65	26	51	25	66	96	8	53	68	19	90	68	82
67	27	89	54	21	51	83	23	41	68	77	5	78	83	20	66	45	3	97	95
87	46	36	94	62	36	32	95	2	87	51	80	4	79	54	84	31	76	39	85
70	94	50	81	66	32	70	21	21	70	22	14	17	93	48	87	42	6	90	10
53	68	41	75	60	39	11	72	84	2	82	91	2	75	45	40	8	39	81	54
27	82	77	41	38	53	59	68	18	74	32	20	64	80	67	99	49	98	13	22
49	37	67	39	16	99	91	44	30	80	19	84	16	23	80	24	90	86	60	14
80	6	93	75	4	7	57	17	76	78	20	68	30	9	64	77	54	93	67	71
48	43	80	46	11	76	7	95	16	46	7	79	63	75	16	23	46	55	99	61
52	75	50	67	3	48	51	99	82	1	13	36	98	75	1	70	78	92	16	76
65	35	21	57	16	27	45	22	76	76	66	43	7	14	38	89	19	55	75	95
59	9	18	4	44	84	37	1	67	20	27	44	16	49	91	72	23	22	87	14
16	68	75	46	25	66	88	85	89	16	22	83	40	50	19	64	13	37	41	69
40	62	14	71	69	46	7	17	43	40	89	27	64	14	3	34	15	56	56	50
79	8	8	57	93	42	77	27	30	87	51	46	76	90	30	11	52	81	36	35
15	28	5	12	43	76	45	20	71	94	89	81	10	98	78	3	61	10	99	21
32	6	9	53	98	47	99	5	68	81	8	75	5	35	90	75	47	41	99	7
26	4	23	84	8	97	63	54	59	11	64	14	7	76	27	32	71	95	50	33
90	60	36	98	62	10	88	75	77	56	36	59	73	60	71	53	81	11	33	29
15	95	37	92	95	67	1	60	18	27	64	61	69	62	32	89	24	59	75	42
11	92	42	65	12	56	99	64	43	14	18	37	60	62	83	1	86	84	97	75
84	32	20	25	7	55	8	54	88	58	70	71	91	48	12	60	63	61	19	29
65	32	53	64	47	73	25	65	27	82	33	30	79	91	22	84	11	13	99	58
2	4	59	51	23	96	67	15	1	51	42	10	35	18	60	67	53	26	41	57
91	87	75	1	11	9	64	63	46	98	18	62	35	91	7	76	72	11	79	85
19	51	42	10	82	73	6	81	14	70	61	36	30	32	31	78	23	55	58	60
38	9	63	6	10	21	84	38	64	96	86	9	10	61	89	26	7	65	88	53
55	75	84	92	76	67	16	30	80	42	45	62	16	68	51	70	13	17	34	29
14	4	17	19	61	82	22	47	7	66	20	47	86	28	69	89	22	32	13	29
56	98	71	51	74	77	66	43	12	7	70	65	77	81	26	81	9	25	1	14
36	30	98	45	62	16	37	16	36	99	67	33	52	89	84	74	33	4	80	41
9	14	19	85	98	50	9	31	32	71	53	57	30	65	14	40	97	38	76	66
10	1	59	18	21	98	39	62	39	16	11	66	71	20	26	9	30	9	37	38
1	80	73	28	50	91	76	43	56	75	18	52	68	94	29	50	77	53	70	13
13	86	57	45	74	77	2	4	36	42	7	67	3	86	36	21	8	38	74	24
39	30	96	90	15	72	30	40	83	20	70	57	55	8	32	82	89	24	64	73
25	95	55	23	44	61	31	87	80	69	77	91	92	98	5	23	7	72	14	49
56	20	6	28	21	36	53	84	87	17	25	35	78	49	71	45	24	30	72	26
91	54	8	98	51	37	90	81	28	59	55	69	84	88	34	63	83	53	84	60
88	37	78	19	2	39	83	2	10	45	85	51	30	77	38	62	7	50	31	70
70	23	37	66	67	30	51	25	18	8	61	99	72	44	72	53	34	17	16	61
36	60	65	70	54	20	63	28	64	11	41	6	37	28	13	91	99	19	34	38
16	53	36	11	89	51	40	80	56	59	48	7	52	67	99	41	66	67	90	30
89	45	86	60	9	74	52	14	13	64	10	62	59	64	60	82	55	11	50	43
72	57	43	84	9	24	84	58	25	37	99	36	98	31	4	34	35	12	25	34
38	12	24	86	99	81	88	56	92	75	69	69	69	29	21	61	49	35	63	21
54	71	83	16	33	29	80	77	43	77	4	67	69	17	61	7	41	53	46	64
99	17	81	52	62	1	29	77	80	61	57	15	53	10	97	4	88	90	39	61
34	10	7	61	56	92	48	59	94	91	96	27	9	54	3	14	3	49	14	99
28	52	45	58	41	91	24	96	81	74	84	40	83	57	36	89	38	23	7	97
77	96	10	24	53	75	5	54	61	15	70	24	2	79	64	12	48	63	97	9
49	55	49	11	98	46	91	5	33	14	74	49	10	69	11	55	32	65	21	20
54	32	95	28	12	20	1	69	62	30	12	30	56	33	8	42	59	75	95	3
99	5	96	29	20	84	29	2	1	38	92	93	28	56	61	22	12	59	22	69
12	6	98	48	51	59	37	7	95	39	80	21	24	11	16	62	84	44	90	42
16	68	4	67	86	97	82	53	76	62	67	25	98	30	40	72	16	68	98	29
65	81	64	32	81	53	26	23	10	84	99	30	29	49	46	40	25	52	51	81
49	13	43	97	96	36	56	91	86	51	56	2	9	17	42	1	85	40	71	51
30	79	23	57	72	19	31	82	7	3	68	19	28	71	91	81	16	68	52	76
97	79	80	60	73	51	35	95	63	68	29	25	85	72	77	39	54	38	72	44
1	5	24	28	6	12	97	4	17	87	80	89	30	58	66	47	21	83	84	50
48	84	57	34	46	52	89	4	94	47	23	12	81	92	87	2	57	78	57	54
89	9	79	54	1	34	4	5	75	83	78	7	89	96	47	71	63	97	61	33
89	71	12	38	71	70	76	47	22	59	82	51	6	3	42	93	47	89	64	15
72	12	82	51	24	87	97	21	36	51	43	73	16	30	66	32	28	44	75	45
40	91	68	74	67	40	51	20	3	67	34	78	77	38	70	95	65	24	70	31
96	41	61	22	37	96	20	8	59	91	56	14	28	89	69	85	86	27	95	34
87	22	76	24	18	60	47	72	6	42	23	52	97	26	29	65	66	46	45	95
93	34	25	98	11	42	36	53	50	41	89	12	62	50	84	29	34	13	99	85
92	50	16	22	41	58	15	78	89	62	29	58	71	62	68	68	55	32	25	40
79	11	92	92	35	19	82	76	39	17	39	61	20	6	90	6	56	23	82	1
12	71	71	15	7	58	36	33	5	8	14	30	62	39	85	35	81	28	87	77
68	79	94	8	68	20	75	36	36	22	44	32	35	23	18	97	18	96	18	26
84	33	53	61	40	34	91	48	86	28	10	48	33	50	65	65	5	7	21	22
50	55	56	71	12	55	30	94	86	40	84	88	90	14	52	19	38	84	90	59
2	22	4	29	11	59	3	55	29	99	97	28	61	93	92	47	63	28	65	84
74	47	73	77	13	11	39	16	39	80	55	37	60	18	70	4	13	6	21	67
57	45	32	47	91	71	67	47	35	18	43	27	62	53	9	51	21	80	18	62
80	68	14	16	45	48	73	90	47	27	58	30	66	19	97	46	47	41	58	94
54	18	46	50	60	44	30	99	67	60	20	73	7	29	67	40	82	82	95	16
31	37	55	2	42	34	2	5	28	60	10	61	31	62	16	41	35	68	39	48
57	38	33	92	18	79	86	41	95	44	89	69	12	85	4	85	95	65	44	49
86	14	33	52	17	89	88	78	22	73	91	31	77	49	36	58	9	82	84	75
7	94	57	33	15	4	2	35	56	98	18	73	69	48	10	80	62	80	66	38
59	53	43	43	42	86	11	70	40	32	93	81	50	63	74	26	99	18	24	43
64	19	71	14	5	20	28	35	25	64	34	57	58	42	30	57	46	73	23	86
21	64	83	49	85	43	89	5	74	65	8	46	85	15	73	93	45	1	24	26
38	7	40	49	93	1	59	43	69	29	57	91	46	17	51	14	69	17	29	97
1	78	17	34	58	57	20	14	21	79	25	46	4	31	20	48	86	25	17	38
24	27	47	76	45	29	79	7	67	24	79	92	70	49	22	91	24	34	56	61
51	43	25	32	80	65	86	7	77	32	36	10	31	9	7	49	82	62	3	37
8	2	99	68	43	3	26	16	24	28	59	37	10	30	72	78	94	88	33	47
29	85	95	88	37	51	86	17	91	32	57	77	60	43	85	22	22	21	35	36
62	43	12	48	40	95	65	59	32	74	28	84	62	37	27	86	87	12	85	63
45	34	16	66	23	40	92	4	17	97	91	2	4	95	16	63	92	24	71	65
21	61	60	39	16	65	39	24	37	43	97	60	33	57	35	95	5	42	32	51
35	13	1	68	22	77	71	5	38	61	80	19	60	26	10	88	72	81	22	44
61	12	73	36	87	1	4	60	57	99	79	1	12	7	18	37	79	44	20	24
65	40	46	41	63	47	23	21	83	77	77	94	78	15	63	45	99	13	90	95
16	64	99	32	37	21	74	67	61	75	27	20	36	15	33	81	25	29	24	56
56	87	43	19	42	21	8	33	91	23	60	35	59	92	36	43	16	95	47	94
16	64	56	82	34	44	90	40	31	13	65	60	42	79	90	20	76	42	75	22
84	69	72	53	1	79	83	31	95	32	13	94	1	95	20	42	21	16	50	83
13	32	98	99	17	53	99	21	67	94	84	55	39	84	64	71	93	54	62	35
4	95	70	86	29	32	91	42	20	35	58	21	60	76	36	55	91	63	42	26
74	47	40	57	92	17	87	79	90	85	23	66	62	39	7	96	68	81	77	9
79	75	63	28	38	80	44	28	49	8	46	65	87	71	98	78	30	4	73	33
42	2	41	33	65	27	52	84	42	89	22	92	91	88	24	4	70	12	91	32
16	15	34	77	40	35	53	46	69	92	30	7	50	62	21	84	63	65	28	24
35	40	99	2	20	69	76	1	16	72	43	84	72	74	94	64	24	47	27	69
39	2	76	86	99	1	96	6	69	53	28	52	97	42	78	21	66	1	26	34
12	20	22	4	25	6	35	39	96	53	40	34	53	81	88	63	95	92	58	25
83	27	10	23	21	35	64	98	30	99	76	3	80	95	77	28	64	22	71	43
79	73	59	29	2	80	23	20	42	92	62	22	28	53	7	64	57	39	4	68
27	27	90	2	78	75	56	32	93	95	98	8	65	89	51	53	48	73	36	47
31	15	95	94	2	66	79	26	89	48	99	53	5	53	52	53	44	92	47	51
9	28	94	78	29	72	21	36	20	53	41	4	94	31	44	79	38	49	4	21
52	8	79	13	99	56	2	34	67	11	75	5	70	70	73	26	24	30	82	26
10	51	27	97	21	51	19	98	34	21	64	96	82	43	67	75	53	75	74	56
10	63	33	19	13	64	53	71	96	39	60	67	56	71	45	36	82	2	7	15
2	94	11	80	12	29	48	13	99	19	82	28	7	46	45	8	55	38	73	35
27	16	94	99	45	41	22	65	28	7	14	95	85	88	98	4	67	45	80	7
1	71	98	82	99	76	99	50	42	25	26	83	12	27	63	31	30	6	52	22
99	69	57	8	61	99	16	27	22	15	12	72	35	8	41	76	49	64	16	94
38	56	62	61	98	18	86	25	40	93	22	24	58	29	44	52	99	7	21	64
10	97	18	49	97	6	75	6	87	15	91	8	96	89	56	9	85	46	24	62
1	87	82	63	56	32	72	8	62	97	45	70	97	32	75	89	36	25	11	28
34	54	92	58	27	74	11	68	25	46	31	8	87	67	66	19	44	85	99	86
44	40	10	62	64	33	4	90	89	9	41	25	91	22	30	40	65	44	18	30
94	13	78	50	16	70	68	33	50	11	40	70	34	63	63	25	35	52	96	99
48	34	75	86	39	28	98	71	15	57	6	43	70	10	2	62	81	98	12	49
45	54	6	39	48	10	62	75	47	22	76	61	96	11	46	19	34	14	21	41
65	65	20	23	87	1	82	52	62	3	74	75	33	26	68	47	64	70	32	69
26	68	36	24	17	20	43	1	18	60	24	5	11	76	24	25	22	81	47	29
3	6	44	46	38	23	80	4	60	97	66	66	66	14	10	20	68	44	52	78
55	47	77	18	14	22	22	79	30	26	79	98	10	73	26	22	56	11	47	84
88	34	84	8	85	59	91	28	42	94	93	31	37	1	57	44	29	6	98	37
6	20	72	64	47	26	61	35	32	58	56	66	55	83	83	53	61	81	59	91
66	9	86	37	3	73	19	4	40	39	7	26	61	31	46	4	60	26	84	24
67	73	14	54	88	34	9	73	63	32	14	33	32	17	52	3	80	40	93	60
50	94	30	85	88	15	97	56	24	11	12	5	50	56	91	93	41	67	83	21
5	37	72	38	82	41	61	71	69	71	79	92	79	90	72	42	33	96	29	93
11	24	18	15	44	6	89	5	23	46	13	61	91	21	36	31	2	8	90	81
63	20	72	81	19	92	25	54	13	5	39	83	15	35	28	33	42	73	64	19
51	73	54	76	12	24	28	38	59	90	87	35	40	66	54	3	11	51	20	96
24	76	83	37	19	79	29	47	55	2	78	67	72	19	43	89	72	33	37	80
28	86	50	78	69	88	54	70	12	45	50	98	77	42	47	87	28	75	11	58
79	97	84	31	79	42	54	59	59	31	11	14	31	68	78	41	99	69	94	39
15	64	96	86	58	93	23	39	53	32	28	82	27	47	57	94	48	7	99	22
11	11	63	24	42	98	56	61	15	87	77	59	44	70	41	71	81	68	89	43
80	79	83	60	38	25	20	24	75	9	6	93	33	92	69	33	7	37	90	22
61	78	98	8	89	75	10	79	62	57	47	79	63	12	87	3	67	26	67	47
87	92	45	38	18	45	84	16	94	74	18	33	55	20	80	9	15	42	91	84
26	90	72	61	70	37	24	57	32	27	6	39	18	35	77	89	39	32	80	69
98	24	56	51	98	61	17	83	90	36	2	35	32	88	41	31	66	26	51	30
58	28	86	66	19	6	32	81	92	47	2	29	37	65	31	23	58	78	28	98
36	77	18	14	18	54	7	48	58	7	36	99	47	76	81	68	52	24	79	46
28	25	42	3	2	27	81	40	82	80	13	58	46	30	13	23	13	16	80	43
41	54	53	88	22	45	63	58	56	42	27	2	52	89	54	38	18	58	87	99
48	3	6	33	17	35	92	13	35	78	23	65	20	39	52	71	65	27	6	18
67	8	16	20	58	18	68	36	40	49	39	74	51	28	71	86	57	51	90	95
7	68	64	14	77	62	66	61	33	78	21	96	46	91	50	74	13	22	95	49
65	56	62	99	85	84	88	90	13	50	9	96	95	90	51	58	33	42	8	20
36	48	66	8	50	5	1	78	74	28	20	17	21	72	66	54	64	75	27	49
92	33	2	97	97	95	10	60	49	91	27	60	18	23	35	68	34	15	11	32
51	58	18	89	7	36	29	73	86	69	3	13	15	12	77	55	24	22	32	64
32	20	71	20	76	52	48	81	20	40	40	35	85	9	19	94	57	88	37	62
76	26	41	19	6	16	58	35	31	81	46	67	97	41	29	21	47	64	57	63
48	58	97	22	93	26	96	42	84	35	87	44	74	76	7	40	8	23	42	6
97	65	11	28	28	4	76	35	61	19	83	87	90	68	80	39	38	35	58	83
68	5	65	64	58	97	23	1	6	72	78	20	92	33	57	29	2	72	6	14
63	66	1	39	38	1	82	33	28	4	10	84	32	15	23	79	35	75	30	12
82	24	97	18	83	97	18	36	8	28	16	76	10	7	36	69	36	29	46	43
30	83	75	42	79	73	98	36	54	13	64	96	44	57	10	86	68	45	72	66
25	55	50	69	47	20	79	34	87	41	51	79	18	13	40	4	6	16	89	79
53	92	10	35	2	90	89	88	73	1	55	49	14	73	44	8	19	20	2	64
70	5	5	72	96	17	51	29	31	25	25	73	75	12	60	11	96	70	77	79
35	47	54	94	73	48	79	15	13	16	82	20	89	43	32	35	63	55	21	38
64	57	66	43	36	3	12	60	89	28	71	55	48	50	27	78	31	58	67	66
30	42	52	81	74	23	65	13	59	97	18	5	32	20	98	97	13	97	73	45
50	88	23	69	9	77	88	24	49	78	18	20	56	74	71	68	90	59	46	96
30	93	50	70	76	47	13	56	73	75	3	27	89	59	77	95	57	26	1	57
70	40	33	86	23	34	69	90	59	37	18	2	47	66	6	14	10	37	34	34
45	13	99	19	18	40	51	62	48	56	64	5	80	20	89	56	55	61	41	73
55	5	24	63	12	23	83	25	68	51	17	97	16	12	55	95	97	31	82	61
88	89	61	13	91	67	9	33	19	14	1	4	46	96	56	16	84	66	83	55
32	34	54	20	42	17	53	93	34	93	7	55	71	5	73	61	51	47	23	92
23	73	74	36	7	36	73	83	18	74	77	96	57	15	92	1	47	78	46	96
68	82	10	62	3	26	41	2	21	82	87	27	60	3	42	63	32	31	92	21
45	2	92	71	37	22	13	47	57	5	20	14	95	74	72	89	75	34	88	4
5	53	55	50	54	38	93	2	26	43	38	16	71	37	43	83	32	19	92	20
67	49	7	13	23	26	29	32	67	38	28	22	35	86	72	8	68	57	54	49
57	46	32	21	58	59	65	61	25	33	74	73	73	15	76	39	53	90	12	3
5	10	33	5	27	35	61	13	82	66	24	5	97	99	43	75	68	80	64	52
87	10	63	35	89	71	16	5	5	40	8	34	65	62	65	69	87	98	94	47
68	62	87	25	38	75	56	68	98	28	6	86	46	45	3	75	6	53	43	53
53	76	18	61	98	47	19	8	34	41	2	26	77	1	79	34	11	47	38	41
64	56	70	9	20	51	5	19	39	19	67	78	80	23	65	8	29	40	98	75
39	18	22	47	3	79	86	1	88	37	91	30	11	90	49	50	6	16	82	26
21	36	64	93	14	28	59	28	20	54	13	31	66	14	2	75	38	40	27	77
89	35	70	99	51	95	46	44	78	25	54	58	1	12	85	69	7	80	38	35
27	95	74	91	14	90	41	36	23	36	97	65	43	23	10	84	28	54	59	5
46	56	69	86	86	16	96	38	6	55	34	57	92	85	73	34	90	89	20	73
61	39	70	11	95	76	1	93	71	2	13	48	69	5	55	78	84	33	7	8
28	8	6	13	99	69	21	19	75	63	15	18	45	80	36	39	34	44	55	96
85	13	62	69	65	80	9	81	68	86	26	53	92	66	31	58	16	9	89	75
36	4	64	36	46	94	37	28	62	79	55	6	13	64	93	69	88	76	5	99
35	69	45	84	13	88	59	1	75	37	22	76	90	33	81	92	21	21	1	83
39	90	72	52	4	97	6	11	62	53	96	62	31	62	67	12	6	16	40	53
39	34	92	44	64	71	38	38	83	54	51	51	17	94	6	1	73	76	76	36
50	69	71	4	13	91	2	97	31	2	46	40	29	28	94	2	47	52	97	33
22	22	98	26	84	12	86	1	91	36	52	23	61	26	48	24	93	3	30	43
86	52	77	45	5	95	42	12	93	86	81	49	31	55	69	28	5	67	29	9
3	75	61	25	39	21	68	87	72	76	28	73	41	73	4	79	74	83	72	88
7	38	12	36	92	53	2	25	52	37	27	90	97	74	50	47	70	85	46	2
1	55	41	61	69	81	93	86	98	93	68	8	14	91	96	40	66	12	23	82
61	6	25	88	6	40	11	48	98	25	53	46	9	88	12	76	76	2	41	54
69	63	48	88	58	20	59	63	9	85	15	44	9	64	4	73	49	38	90	68
45	65	77	27	9	91	38	58	15	22	42	22	29	73	48	3	24	19	91	82
11	54	51	17	42	24	15	91	14	57	7	31	65	21	83	74	55	33	9	36
22	92	61	90	20	12	72	99	32	41	49	13	4	87	93	63	66	50	43	47
99	52	88	11	98	13	68	81	68	45	82	95	85	85	48	98	31	9	57	78
62	81	56	54	43	50	26	85	56	26	85	2	80	29	11	3	46	97	15	29
15	68	58	87	51	21	52	77	3	90	98	1	33	31	93	97	24	21	94	85
75	12	49	6	80	69	42	72	28	20	11	39	71	30	92	27	1	94	44	98
63	29	77	45	5	46	67	24	95	72	72	87	8	41	38	50	64	13	27	60
91	88	98	66	95	13	57	24	11	23	1	74	45	49	50	60	13	90	66	17
3	78	96	45	37	63	26	64	96	91	63	4	45	39	33	56	37	58	93	27
19	33	29	95	78	5	63	67	24	95	33	42	92	30	17	74	31	57	67	93
8	26	24	66	5	42	91	97	34	72	19	50	86	84	87	81	39	74	34	38
35	47	84	76	42	44	13	8	68	72	9	42	57	49	70	29	26	26	78	43
98	85	17	8	42	74	21	11	99	27	43	69	86	4	60	44	49	9	94	32
50	18	32	44	63	58	80	39	57	10	51	64	92	21	1	3	22	36	14	3
53	52	9	63	15	88	23	32	61	98	30	34	84	3	79	6	60	37	50	94
78	52	16	24	99	10	42	33	76	31	79	81	37	98	67	26	48	17	19	56
49	57	71	56	60	84	62	41	2	51	36	9	35	53	87	22	96	71	15	4
83	45	41	52	63	74	29	83	34	57	57	23	87	74	37	2	9	64	16	58
4	66	91	15	72	54	82	22	70	74	21	82	64	31	84	41	55	33	49	47
44	60	36	60	43	45	18	75	17	58	41	12	90	60	30	2	37	94	11	10
28	80	1	95	14	26	55	11	69	43	17	71	44	75	92	24	43	58	13	99

19	15	11	4	20	6	7	12	14	18	3	5	18	3	17	18	7	5	11	17
19	13	8	2	7	20	16	12	2	10	4	5	3	6	1	6	9	15	10	8
4	13	7	17	18	16	12	16	5	6	19	16	15	17	17	15	14	11	12	8
17	6	17	13	5	18	2	13	17	19	5	3	9	18	6	6	15	7	7	2
16	3	9	8	10	17	11	6	18	15	13	16	13	2	19	8	8	5	20	5
18	12	8	8	18	16	12	1	11	19	8	1	4	16	11	14	7	4	4	6
11	20	14	3	14	12	12	10	1	1	18	12	18	15	16	10	3	4	2	16
17	5	13	6	2	9	10	10	19	8	18	5	1	10	12	17	7	12	4	11
14	19	2	2	20	15	14	19	9	11	18	8	10	18	4	18	15	2	8	13
16	11	10	8	13	13	10	1	12	15	3	16	11	7	7	10	11	20	11	6
4	1	19	14	13	8	5	7	5	20	15	2	14	3	14	17	5	9	2	3
20	15	19	5	4	7	1	4	12	15	19	18	20	19	3	14	5	6	15	13
15	13	9	6	4	2	16	10	20	1	2	5	3	3	3	12	7	17	6	2
7	6	11	11	10	2	10	14	1	16	1	6	17	13	13	16	16	9	1	20
1	4	7	11	6	4	11	12	7	10	11	5	18	9	14	13	14	7	11	20
15	3	14	15	1	15	4	12	10	12	8	8	14	13	10	9	3	11	19	4
2	16	17	20	5	2	16	20	2	16	12	10	19	11	1	3	8	13	12	4
12	7	2	3	1	16	20	11	20	11	4	15	18	15	9	9	4	5	18	17
1	9	13	20	20	8	16	9	10	1	3	7	12	7	13	11	9	15	17	19
9	12	1	20	12	7	10	8	16	17	14	15	5	16	17	15	10	20	10	10
17	11	6	14	1	10	2	18	20	4	6	6	6	7	3	2	1	3	7	16
20	2	10	16	1	11	20	11	1	9	14	10	13	5	17	8	17	10	8	11
16	12	20	5	2	19	14	16	9	20	16	5	1	8	3	5	9	10	12	9
18	7	7	7	12	8	2	6	13	2	13	19	3	9	9	6	14	4	4	3
8	1	19	11	6	7	9	17	7	6	20	15	7	19	10	2	15	11	12	17
7	18	19	2	5	20	10	5	9	19	2	9	3	8	7	18	19	14	9	15
2	2	11	1	7	16	1	17	15	2	4	5	13	13	2	2	1	9	11	20
3	5	13	12	20	13	2	3	1	5	10	5	11	3	9	9	3	10	16	4
10	2	3	11	2	20	4	8	12	17	4	11	14	20	16	1	5	15	13	14
16	6	17	14	12	16	8	8	8	5	18	5	20	10	5	9	12	11	1	16
15	3	15	13	20	9	6	12	13	13	8	10	9	12	12	9	19	16	3	4
7	1	19	13	8	1	12	8	20	8	10	10	20	1	15	14	17	4	2	2
7	14	9	8	9	1	10	10	8	16	14	15	10	5	12	2	4	16	7	1
16	19	12	13	5	14	17	6	14	3	12	18	19	18	5	15	14	5	4	2
5	10	7	17	20	8	15	9	6	4	8	8	18	9	11	4	15	8	12	6
3	1	13	1	5	19	2	5	17	8	14	4	2	11	10	15	17	12	3	13
4	16	5	1	5	9	13	1	18	6	19	20	5	9	7	19	17	19	19	3
10	5	19	2	3	11	9	11	17	9	9	9	10	12	13	1	15	7	5	2
18	18	6	3	14	17	20	9	3	9	16	2	17	18	4	16	16	6	9	2
2	10	20	10	4	9	14	17	2	10	16	10	19	1	13	11	12	7	19	5
10	16	13	2	7	2	1	6	8	8	7	10	16	5	11	10	3	15	2	7
17	15	9	16	2	14	13	16	19	17	18	6	8	5	14	6	18	13	5	11
15	19	13	11	12	4	12	9	5	6	12	18	2	15	12	10	8	14	20	7
2	10	7	2	12	6	15	1	14	17	16	6	11	19	4	12	11	19	17	9
7	18	17	5	19	6	16	3	10	5	6	7	15	17	6	4	14	13	14	19
14	16	18	6	6	5	10	1	16	9	2	18	4	14	5	1	10	10	2	6
13	4	14	5	15	13	8	20	4	14	14	17	15	19	17	20	1	1	9	13
8	6	3	8	3	19	12	6	2	20	13	17	12	14	5	16	18	2	5	8
16	9	12	20	16	17	20	10	18	10	13	9	20	6	5	8	12	9	16	6
2	3	4	19	2	7	15	18	19	9	9	8	4	1	16	16	4	9	8	18
17	14	5	14	13	19	11	11	20	2	15	8	16	18	10	17	5	3	4	7
13	16	3	17	8	20	18	4	7	11	3	14	15	14	12	20	8	3	9	17
3	14	7	14	18	10	7	2	14	14	10	3	16	14	8	15	5	4	19	6
18	15	10	5	1	5	20	14	11	2	1	9	6	1	15	1	8	7	3	5
10	18	6	16	9	2	14	1	16	7	14	9	3	7	1	18	16	12	3	7
13	1	10	1	8	11	9	5	17	4	11	15	18	4	19	4	20	10	11	17
12	15	11	5	19	18	9	12	14	2	19	4	15	5	19	4	1	6	1	11
6	9	1	15	20	17	10	12	3	18	17	6	20	18	2	14	19	15	6	11
7	19	10	8	15	6	16	8	11	18	15	20	11	9	16	2	15	19	8	3
10	14	16	13	12	9	12	2	2	14	14	15	15	13	14	18	16	14	8	20
16	3	17	1	5	19	8	8	9	18	3	4	2	4	7	12	6	19	12	13
8	9	8	1	5	5	12	13	12	1	1	8	16	1	16	12	15	11	2	3
3	4	5	2	12	13	2	19	19	13	7	14	6	19	2	16	6	15	19	10
7	10	14	19	20	19	2	2	2	19	6	2	13	9	4	15	13	17	12	14
19	15	4	10	19	18	1	16	8	18	18	1	4	2	14	2	17	20	17	11
10	1	2	5	6	5	2	13	19	9	17	2	11	11	20	16	16	1	13	20
3	7	1	10	8	18	16	14	1	7	16	18	3	20	14	3	18	15	11	2
6	13	8	8	19	13	5	13	10	9	5	8	3	8	17	12	12	17	10	4
14	11	19	1	4	4	6	15	7	1	14	20	9	19	3	1	19	17	7	19
17	1	1	19	5	15	3	10	9	2	13	11	8	14	13	14	6	3	18	4
9	14	10	20	9	5	13	17	8	6	13	4	13	19	20	8	9	9	7	13
5	1	4	14	6	18	14	10	7	11	3	9	8	3	10	11	14	20	17	14
18	3	2	8	11	15	5	18	9	20	7	7	17	17	18	12	16	19	8	16
18	16	16	13	20	14	7	3	7	8	6	4	1	12	20	1	9	11	10	5
4	3	8	2	7	11	11	20	4	12	3	13	16	18	20	8	9	13	11	8
10	2	9	14	8	6	15	10	6	17	7	18	2	17	4	5	5	18	15	5
9	18	2	12	9	16	15	20	2	16	19	7	9	1	1	18	13	2	11	7
4	12	7	5	8	17	7	7	2	19	8	17	14	16	17	10	8	20	11	19
7	2	2	4	6	6	2	14	14	4	14	7	1	13	4	13	5	6	12	7
20	3	7	3	1	9	19	13	16	14	18	20	6	1	19	5	15	2	15	15
19	7	10	12	13	12	13	8	11	17	5	18	9	20	12	18	1	4	3	14
3	3	12	5	9	5	14	6	11	4	7	4	17	4	14	6	13	5	10	13
15	14	7	1	15	2	13	2	1	8	10	4	3	18	13	5	13	15	20	18
15	13	3	6	14	15	14	14	3	7	6	2	3	17	14	13	7	15	19	10
18	14	13	19	1	7	5	13	19	12	14	15	19	7	10	9	8	5	15	4
13	10	2	2	20	4	14	9	5	7	17	12	6	16	1	13	12	14	4	13
3	8	9	20	7	4	10	10	12	12	19	9	16	11	4	2	9	12	6	9
6	8	5	11	2	13	16	20	2	3	13	5	2	1	5	8	3	13	7	13
5	17	5	10	10	19	4	15	17	20	13	8	15	12	5	9	17	17	14	2
4	6	5	9	15	4	12	3	7	11	5	9	14	9	14	5	6	9	19	4
9	18	20	18	3	5	16	7	16	3	16	6	3	5	10	8	19	3	12	13
20	10	7	12	20	2	17	12	20	12	17	9	15	20	3	1	13	15	17	18
16	20	6	2	10	12	14	7	3	11	3	14	8	2	14	13	11	3	10	1
6	8	8	12	15	18	20	9	2	9	3	2	10	10	14	20	7	13	13	12
11	12	13	10	15	7	4	10	20	7	4	13	8	1	5	7	14	20	5	3
14	14	16	12	3	2	17	13	12	7	6	18	12	17	17	4	18	14	4	1
5	11	6	13	10	16	19	12	10	16	10	11	7	12	17	17	6	6	2	8
13	14	15	11	13	20	11	8	7	1	11	6	19	19	11	10	1	11	18	9
11	10	15	20	17	15	14	19	16	12	9	5	7	8	10	15	8	8	11	6
10	15	19	5	20	11	18	4	6	15	4	20	1	19	18	9	16	19	6	9
4	5	19	11	10	11	20	14	14	4	6	13	17	9	18	6	20	5	6	13
12	13	16	4	1	5	15	1	2	9	8	2	9	8	5	4	16	3	14	20
11	1	3	4	1	6	1	12	17	6	5	3	12	16	1	14	11	19	2	12
20	16	18	4	12	20	1	14	17	11	16	11	17	3	12	8	11	4	9	7
4	7	10	12	19	4	3	9	18	14	4	18	11	13	8	10	8	9	13	18
2	16	14	9	3	12	9	16	10	20	9	3	2	10	10	9	6	4	14	15
4	2	16	20	12	6	12	9	18	7	1	7	3	12	14	14	1	18	10	6
13	15	7	2	10	2	14	18	5	2	1	15	14	17	16	2	9	7	7	1
3	17	20	5	17	8	4	10	8	15	11	1	8	10	9	6	19	14	18	14
14	13	7	6	2	20	7	2	20	19	1	15	20	14	18	6	5	9	2	17
17	16	1	16	1	11	17	16	9	13	6	19	17	17	7	15	8	18	16	15
12	20	8	5	12	3	7	9	5	7	10	12	9	11	12	7	14	19	11	11
14	3	11	19	12	18	1	2	10	16	3	12	1	8	1	15	2	9	17	10
8	12	20	19	17	14	13	8	5	7	1	8	19	7	7	9	17	6	20	5
4	13	8	19	10	3	1	11	7	15	10	8	16	3	9	18	14	3	15	2
2	2	15	3	13	1	15	12	10	5	7	16	3	4	4	8	3	19	17	20
5	9	3	19	5	1	11	3	10	9	12	15	8	15	16	7	6	2	8	13
15	9	14	6	13	14	20	5	9	3	20	15	9	3	2	14	14	15	8	13
10	10	14	7	15	9	10	13	6	13	15	10	15	9	16	5	20	8	10	11
10	7	11	9	4	2	12	16	16	9	11	8	2	19	17	11	10	20	5	7
18	15	1	16	5	12	8	13	14	18	5	3	13	19	18	8	9	18	13	12
1	1	3	10	7	16	4	3	18	16	1	2	16	17	3	9	9	18	6	3
10	11	20	4	11	18	15	15	10	20	17	2	2	4	9	1	3	16	13	9
7	5	12	15	7	18	3	2	7	19	15	15	1	1	5	6	6	11	6	3
4	11	12	18	15	20	2	9	1	2	15	20	15	11	2	16	19	13	14	11
1	5	12	3	1	20	7	7	7	19	3	14	2	10	6	7	14	2	1	18
8	19	17	15	15	15	19	4	19	1	20	16	16	6	17	12	12	13	7	9
12	12	14	8	17	7	1	2	4	12	5	9	2	14	11	6	19	8	10	18
7	19	11	15	3	4	4	13	20	20	7	6	9	10	17	19	10	3	6	14
3	10	2	11	9	13	5	17	2	3	14	20	9	15	2	3	20	8	1	7
11	7	4	19	6	3	17	17	15	20	11	19	18	4	5	14	18	17	10	2
8	17	20	16	1	9	13	5	10	15	10	13	5	6	14	17	13	6	8	6
16	5	3	14	7	2	8	4	4	7	14	10	18	17	11	1	4	14	20	5
5	16	9	17	11	7	17	19	2	15	7	8	11	5	18	16	9	11	10	16
15	4	5	19	1	11	5	16	7	4	4	13	14	7	14	5	5	3	6	5
18	4	18	4	5	4	19	5	12	2	2	18	10	8	20	6	2	14	19	2
2	15	15	1	7	11	2	1	5	8	10	14	3	5	14	9	12	11	3	4
1	10	13	1	20	6	13	18	10	4	6	15	1	5	17	9	5	16	4	16
8	2	4	7	3	11	9	20	6	16	8	17	14	2	6	1	15	8	7	7
11	18	17	2	10	9	14	19	11	3	13	4	8	7	19	16	4	17	13	16
6	4	14	20	12	18	11	5	4	7	16	15	19	5	18	17	4	10	1	12
5	12	17	12	5	15	18	14	20	5	11	12	18	20	5	9	18	20	8	18
16	1	20	11	19	5	19	3	20	17	19	5	19	13	16	7	5	13	2	1
17	11	10	15	1	1	1	9	20	3	12	14	12	16	2	20	11	16	3	4
18	13	7	12	18	2	5	18	12	8	5	19	10	9	15	5	4	9	9	15
9	20	11	9	7	4	8	7	14	9	9	12	16	13	11	10	14	5	18	9
16	9	8	17	3	10	18	3	15	16	14	9	14	6	2	12	7	9	6	7
9	15	8	10	2	12	11	4	20	20	11	4	19	5	7	4	3	20	15	8
15	11	12	17	16	5	2	18	14	16	8	20	8	10	7	14	11	15	5	2
1	1	15	11	19	5	9	8	12	2	2	11	11	5	3	10	14	19	5	10
6	14	13	10	5	18	18	4	19	5	1	11	13	10	5	4	14	9	6	15
13	1	3	5	5	16	14	3	18	9	15	12	11	15	7	15	14	9	12	7
12	15	1	20	12	4	13	3	16	20	1	10	2	7	11	6	10	4	5	16
20	9	16	20	15	4	14	4	6	10	3	15	16	2	17	8	9	1	19	7
1	15	12	17	13	16	8	16	16	14	13	9	7	13	5	14	5	9	11	14
7	13	10	8	9	19	4	4	8	5	18	4	10	5	6	9	3	3	2	12
7	14	5	17	11	1	16	12	13	19	19	7	17	2	16	8	15	3	4	8
4	8	7	18	4	9	13	2	17	5	4	19	5	5	14	10	11	16	5	12
1	3	11	6	10	15	4	5	10	1	6	12	12	15	20	18	12	12	8	11
2	19	14	13	11	6	6	16	9	11	12	20	5	16	3	10	2	9	16	12
20	10	5	19	4	11	9	8	17	19	17	6	18	14	8	18	13	13	2	10
7	12	15	2	2	6	16	13	19	19	13	9	10	7	13	20	2	11	9	15
13	5	8	7	5	14	20	8	16	2	4	13	12	19	1	9	8	14	5	12
20	1	12	16	1	10	11	14	7	5	1	10	5	3	8	3	4	5	1	8
17	18	9	11	9	11	3	9	12	17	3	14	20	6	18	14	17	10	4	15
6	17	20	18	4	4	15	2	16	6	4	19	4	14	6	2	12	4	11	2
6	18	8	1	18	9	7	7	10	1	14	6	14	11	3	7	1	4	19	14
5	3	4	3	6	19	15	18	5	15	5	20	9	18	13	20	16	6	18	2
10	11	4	16	18	3	5	6	5	17	16	3	11	20	5	3	2	5	1	20
5	2	15	14	14	1	19	19	2	13	15	9	7	14	1	15	16	1	1	14
7	16	5	11	6	10	1	8	11	13	10	6	3	8	11	19	11	2	2	15
10	12	1	7	8	11	13	2	3	6	18	11	11	11	2	9	3	15	19	17
6	18	8	11	1	4	4	8	2	4	17	15	17	4	4	15	2	10	15	15
10	20	19	19	20	14	11	6	19	1	2	3	13	18	6	10	20	16	18	16
17	7	11	6	19	2	16	9	13	1	1	2	18	2	7	10	14	1	9	11
4	5	16	17	8	13	11	4	20	2	4	20	5	19	3	20	19	15	11	16
18	8	14	15	1	2	10	12	14	12	2	8	5	20	16	5	15	8	7	4
13	1	12	16	7	9	5	5	2	12	5	20	14	6	19	6	12	15	4	2
12	18	12	18	9	3	19	8	5	12	3	11	11	20	11	5	4	14	17	18
19	4	8	7	13	17	5	7	17	16	11	12	18	10	18	8	3	5	8	6
11	14	6	20	17	11	14	15	17	1	10	2	8	8	9	11	4	4	18	14
9	2	11	8	16	9	20	4	8	16	7	1	6	3	6	16	6	18	10	9
9	2	1	3	19	11	5	9	18	14	4	11	12	9	10	13	18	20	6	14
13	14	2	12	9	18	9	6	15	7	3	7	20	10	15	8	5	9	10	11
2	1	12	18	8	12	2	7	8	8	16	14	7	13	18	15	6	20	4	1
10	2	4	5	4	11	16	3	6	7	10	10	9	12	10	3	16	18	16	7
5	12	10	17	20	13	2	2	14	18	9	2	1	11	18	18	17	11	4	18
8	15	17	12	7	2	7	14	13	8	5	10	12	10	9	11	13	18	16	5
3	15	17	2	8	7	16	20	19	8	17	16	3	7	10	12	19	17	19	5
10	18	9	2	5	13	14	18	13	14	7	13	5	4	10	20	19	10	7	20
4	15	16	15	13	20	16	5	16	8	9	16	1	7	10	11	7	6	19	6
10	7	11	8	4	2	11	19	10	13	12	7	6	12	3	17	1	17	5	4
12	11	14	5	3	1	15	3	13	14	8	17	17	19	17	19	2	5	17	13
19	17	3	14	14	19	16	3	15	12	10	2	13	1	12	3	4	15	5	15
17	16	9	3	1	14	4	19	13	11	19	4	12	19	5	7	15	10	15	5
15	9	7	9	17	18	10	9	8	18	1	18	13	1	7	13	4	4	2	12
7	8	20	19	6	3	17	13	13	16	5	19	9	6	20	7	1	3	9	18
18	15	5	5	8	13	15	2	13	13	13	20	14	3	3	7	10	4	5	19
9	19	5	12	20	5	18	10	9	14	7	18	4	12	3	17	20	17	3	7
2	7	5	10	2	15	7	3	10	1	11	7	7	4	18	17	17	6	2	18
1	1	11	5	6	18	18	19	1	8	16	16	16	4	15	10	5	14	14	9
8	19	14	7	9	11	5	6	1	12	16	12	5	12	13	6	2	13	14	17
13	17	2	4	9	19	14	18	6	4	10	6	17	2	9	10	17	13	7	8
1	18	1	11	5	14	16	6	8	18	11	6	18	8	14	16	7	17	19	8
1	9	11	16	19	2	11	12	17	4	3	2	8	10	10	16	16	13	15	17
19	10	19	15	11	11	2	10	19	17	11	18	1	7	10	17	15	1	14	15
9	13	5	20	7	18	9	20	1	14	9	10	15	8	13	12	14	16	15	7
13	7	3	14	4	18	12	8	2	20	1	9	9	18	16	3	11	1	9	3
12	7	13	16	17	18	6	7	10	3	19	9	7	18	17	11	15	14	9	14
15	15	9	8	8	18	13	7	10	14	11	8	11	17	3	11	15	18	3	19
10	15	3	7	3	12	11	4	11	19	19	2	12	14	2	16	19	3	2	12
11	18	6	19	2	6	6	9	4	3	12	18	8	2	20	13	5	15	19	17
12	14	14	4	16	3	14	18	19	13	20	5	17	12	2	13	15	18	8	2
13	17	17	11	1	8	16	19	13	17	12	11	6	14	1	9	3	11	1	1
14	4	3	2	8	7	7	15	10	7	8	10	13	7	8	18	14	13	20	4
17	16	12	14	20	20	20	9	16	18	3	14	7	1	15	10	14	16	2	2
19	6	14	7	14	13	3	20	16	13	4	16	18	11	8	19	10	5	16	8
9	17	12	10	3	18	16	8	4	18	18	4	11	11	14	3	12	10	4	18
9	4	6	20	10	10	8	8	3	9	11	19	8	14	5	6	12	20	7	5
15	13	1	17	4	2	8	1	8	3	16	14	14	5	5	3	15	5	14	19
11	6	20	12	13	13	15	20	5	8	11	14	13	6	12	20	14	13	9	8
3	8	7	7	5	6	12	18	4	9	12	17	6	2	1	6	9	18	15	6
12	16	18	11	6	19	3	5	1	2	10	15	9	13	20	14	11	10	13	9
16	19	19	13	11	19	17	19	20	15	1	8	8	2	12	7	1	10	10	1
15	2	16	17	18	17	2	7	20	4	1	20	10	6	3	14	8	2	14	16
15	15	14	14	10	10	6	5	16	3	10	20	4	4	16	6	6	17	12	19
18	10	13	5	7	3	12	10	11	13	2	1	2	17	3	9	7	20	19	16
7	18	14	11	20	14	10	19	12	11	17	1	14	14	1	17	7	20	11	4
13	16	17	10	1	13	1	20	16	10	18	11	18	19	1	18	5	13	18	9
12	20	11	12	3	11	11	11	20	18	6	19	7	13	14	13	7	10	11	15
14	10	9	16	13	15	14	13	10	17	15	17	1	20	13	20	3	5	5	18
3	5	16	18	9	19	19	4	18	12	6	2	10	17	10	10	1	2	14	13
11	10	17	9	6	17	16	18	10	9	1	5	15	19	19	14	20	10	16	8
8	4	3	2	5	15	2	11	2	7	18	16	8	19	19	13	20	11	8	6
19	8	2	6	7	9	17	8	9	14	13	20	17	18	2	14	4	8	1	19
2	18	11	16	8	9	17	18	14	20	15	11	14	10	14	7	2	3	2	17
7	13	17	5	17	19	2	13	11	19	16	14	11	16	14	20	13	15	15	5
1	6	1	4	19	20	4	17	2	18	10	17	11	15	11	18	4	10	13	15
7	4	7	20	5	12	19	7	15	6	5	5	13	19	9	11	14	18	6	9
1	7	6	19	12	1	7	15	12	19	11	1	13	10	1	4	6	8	14	1
10	5	3	1	1	1	5	13	12	3	12	19	6	10	17	13	2	14	12	7
12	14	10	6	15	11	10	16	14	10	5	9	9	9	17	5	9	9	13	17
1	15	16	17	10	8	11	15	3	14	4	17	5	19	14	3	4	2	2	4
18	20	3	6	17	20	20	14	5	16	9	13	7	3	17	6	14	2	3	17
10	11	7	2	20	9	9	15	5	19	2	7	19	5	12	1	17	18	16	19
18	4	8	19	5	2	18	17	7	9	2	14	9	5	16	11	18	10	9	10
12	13	16	19	3	7	10	4	2	2	1	14	10	1	8	14	9	2	18	9
3	14	11	1	12	3	7	19	10	15	19	2	19	13	11	3	17	11	2	14
13	4	15	7	2	9	9	17	7	3	2	18	16	3	10	6	9	15	14	9
8	17	4	12	2	9	7	16	20	18	12	6	5	6	16	6	1	16	15	10
20	3	16	20	16	1	10	7	3	14	3	6	14	8	20	10	17	15	6	2
19	1	1	20	14	19	6	5	11	14	1	10	8	5	16	8	8	18	17	18
6	13	4	11	5	16	2	11	19	11	17	2	13	5	3	4	14	1	15	18
12	3	18	2	4	16	14	7	6	20	17	4	3	2	14	20	15	6	8	19
20	9	3	13	16	12	16	3	2	9	9	12	11	8	2	15	20	14	1	19
17	10	15	15	4	15	13	15	14	15	11	9	3	19	17	7	17	2	19	18
15	17	6	1	19	1	18	2	11	20	3	18	2	12	3	9	14	4	15	10
13	8	12	17	6	18	18	19	9	16	17	8	10	7	3	9	13	4	4	18
16	18	13	12	7	6	3	1	17	14	14	2	19	13	20	14	6	5	2	16
17	7	13	4	17	3	10	17	19	13	8	1	4	6	17	3	8	1	19	5
8	18	18	12	18	10	13	4	3	7	17	17	4	15	17	9	8	20	4	10
16	14	3	13	8	5	14	14	19	6	15	10	1	18	18	5	9	17	18	6
16	14	16	20	7	7	14	2	15	15	1	3	16	12	17	20	5	8	16	5
16	14	15	20	1	4	14	14	5	11	2	3	18	8	8	2	4	13	17	19
14	12	5	4	10	10	7	12	2	11	11	19	20	15	14	16	9	5	1	12
9	13	14	7	6	6	5	6	15	8	18	15	4	19	8	5	5	3	10	16
17	8	2	17	18	11	1	4	6	14	1	8	20	3	6	5	3	14	16	19
15	6	4	20	10	11	18	5	15	17	6	6	3	7	18	13	19	7	19	8
4	4	17	13	7	9	15	15	2	6	20	9	18	11	7	1	16	14	4	17
14	16	14	6	3	15	2	13	3	15	1	11	18	15	4	3	16	10	18	9
3	20	19	1	6	13	15	7	6	14	15	3	18	5	13	16	19	1	5	17
18	3	16	12	17	19	15	3	18	1	17	14	7	19	18	14	18	3	4	5
18	18	10	18	19	2	16	3	19	9	8	1	2	16	20	5	13	14	10	6
17	7	8	9	18	18	3	11	8	6	15	1	5	6	6	14	8	12	17	14
18	1	12	8	7	14	6	5	6	7	17	18	13	6	16	12	5	7	7	1
16	20	6	2	18	8	19	7	6	3	18	3	10	4	2	17	10	16	17	7
10	8	5	19	13	15	12	17	13	20	7	18	2	20	13	17	4	14	6	16
14	15	4	4	20	10	19	11	18	18	6	18	17	19	6	12	16	18	6	6
5	5	17	3	9	9	19	15	17	6	11	1	13	12	9	2	5	20	3	11
15	11	20	4	19	16	8	13	10	10	11	9	3	5	2	7	6	6	1	12
20	9	4	7	20	20	10	3	5	20	17	10	13	11	13	12	4	16	6	17
8	9	9	14	19	7	1	4	19	1	2	14	8	11	13	16	8	11	2	11
15	10	15	8	12	20	9	15	7	18	20	2	10	3	7	8	11	19	3	5
4	18	1	10	1	15	4	18	8	14	9	15	17	5	17	7	13	12	19	4
17	2	14	11	15	3	5	19	2	2	18	7	5	7	7	6	15	10	14	7
8	9	20	10	4	8	20	10	14	3	19	19	11	10	4	17	20	9	9	10
20	20	2	19	14	10	18	18	17	6	14	7	3	10	19	17	1	9	14	15
11	13	9	4	2	20	13	5	12	19	11	7	4	9	7	6	11	4	11	18
11	17	14	15	4	10	2	16	15	10	5	2	20	4	18	18	4	7	19	12
12	4	15	15	16	6	5	12	2	8	10	9	4	13	13	14	16	4	5	3
7	18	20	10	19	12	18	16	3	8	17	2	7	5	16	16	19	18	12	3
7	4	6	20	2	3	12	9	17	18	3	8	14	11	4	5	18	6	12	6
4	15	18	16	2	13	17	20	4	15	10	13	15	15	4	16	2	4	15	9
19	19	10	2	9	13	6	15	17	20	9	10	20	13	5	1	4	11	5	16
18	2	15	1	4	5	15	18	17	14	6	17	14	10	16	9	17	14	7	4
9	5	20	3	6	6	17	2	11	12	1	12	11	2	6	1	3	20	14	5
10	6	6	15	15	15	17	14	11	16	5	12	5	15	7	10	19	20	8	11
2	6	1	20	15	20	9	16	9	7	1	10	3	7	17	4	3	12	7	20
8	12	4	16	18	2	18	7	19	8	19	19	5	6	16	18	1	16	13	2
9	19	14	9	18	8	9	5	17	20	4	19	6	16	7	7	18	11	18	2
15	6	19	12	4	10	20	10	19	8	4	1	12	7	6	1	10	6	16	15
11	8	14	19	5	1	18	16	13	18	10	11	15	20	6	14	15	1	7	3
16	20	11	17	12	16	3	19	16	7	2	14	3	20	1	17	4	16	12	3
1	10	3	9	6	4	11	4	13	13	11	19	18	15	12	19	13	8	17	7
6	20	18	11	3	17	3	6	6	8	11	6	15	10	7	8	2	13	10	1
17	8	15	4	18	17	15	1	17	17	17	2	13	17	9	5	15	18	13	1
17	6	3	10	3	19	7	20	15	20	15	2	18	20	17	16	19	19	8	5
15	17	16	14	12	12	19	5	5	7	14	19	16	10	16	2	16	8	15	7
16	6	19	9	2	16	19	16	6	5	2	9	12	3	10	14	13	5	11	20
12	11	9	6	16	11	6	18	16	7	7	14	6	8	7	20	16	5	17	13
2	5	8	16	15	12	6	1	8	1	5	2	6	3	7	6	6	11	10	18
11	11	9	4	6	13	16	2	6	1	15	6	20	20	1	19	8	15	16	5
19	17	16	11	4	20	17	9	14	19	9	3	20	16	15	12	4	20	7	8
1	2	7	19	6	6	14	5	20	3	11	12	10	18	15	1	15	8	3	13
10	16	10	13	11	14	20	18	15	13	6	19	7	16	19	16	17	2	7	17
4	9	6	19	18	8	20	3	9	12	10	2	1	18	19	4	12	17	20	18
6	10	15	2	13	9	13	9	20	15	5	14	19	5	11	11	10	18	3	1
12	13	4	7	16	17	7	12	4	13	10	9	7	3	2	15	13	12	1	15
13	3	20	10	1	10	19	2	4	5	10	4	4	8	11	2	7	4	8	6
20	7	12	4	3	1	14	8	2	11	12	9	1	7	7	12	18	12	11	11
13	9	16	1	19	4	20	6	10	9	13	5	10	19	19	14	19	12	8	5
11	2	19	18	5	20	3	11	5	13	17	8	4	20	8	20	1	5	5	18
9	12	20	10	8	16	13	17	18	13	19	10	16	7	3	13	8	5	8	19
17	20	3	14	3	11	4	1	3	12	11	11	14	15	1	18	14	17	4	19
2	13	8	11	16	5	12	4	14	3	6	1	11	11	6	17	7	16	4	1
19	17	13	19	10	10	5	20	11	6	5	2	12	8	2	7	1	19	5	4
7	2	2	1	19	7	13	3	3	18	3	11	18	7	10	9	16	14	5	10
10	20	13	2	12	11	1	7	11	14	10	20	18	8	4	13	4	15	17	9
13	15	18	16	18	19	9	8	14	10	17	5	17	5	1	1	5	8	11	14
6	17	3	19	19	19	15	16	16	10	18	15	7	20	16	2	19	14	4	14
8	8	4	4	18	16	15	7	8	10	2	8	5	8	18	13	6	2	17	13
3	7	20	11	1	1	5	11	2	11	3	18	10	11	13	1	4	11	18	15
19	9	4	4	7	16	15	5	7	8	19	14	18	18	5	2	13	3	5	18
16	6	1	17	9	6	11	17	18	16	3	4	14	4	14	10	12	3	18	20
4	11	18	5	6	3	11	11	10	3	11	8	16	15	4	19	8	4	18	14
5	12	3	6	18	19	2	17	1	5	18	18	10	14	8	11	19	6	20	11
1	15	16	12	11	5	19	20	6	8	14	6	15	8	19	15	7	10	16	1
9	18	3	5	7	15	10	11	19	8	8	14	10	11	3	11	20	6	16	2
12	6	19	20	5	20	18	19	10	2	6	5	14	8	18	2	6	16	16	9
18	9	6	14	20	13	2	7	12	2	9	4	6	6	15	16	3	18	1	11
14	13	13	16	1	9	3	16	7	2	10	5	13	13	14	9	16	20	8	6
10	5	14	11	2	15	19	8	4	14	4	4	5	4	12	9	15	1	8	2
10	15	14	7	12	14	3	14	6	18	1	13	16	4	18	5	20	7	15	16
18	7	11	1	14	14	3	19	17	11	12	10	16	17	14	1	6	5	18	3
11	14	17	6	11	6	5	10	3	20	6	10	17	6	7	7	16	5	17	19
11	5	16	8	13	11	1	11	6	10	14	10	6	20	2	15	6	1	17	3
14	18	20	20	16	14	2	10	18	7	18	16	7	15	16	18	8	17	8	11
8	20	3	6	7	11	4	20	14	17	1	3	17	12	5	15	14	1	18	19
18	15	20	15	4	5	9	10	14	9	14	19	8	11	19	18	5	17	13	18
15	18	3	1	8	11	8	12	3	14	11	3	18	11	20	18	19	8	5	7
7	15	9	1	9	18	7	1	2	6	18	8	9	15	6	17	11	5	3	19
17	6	7	13	1	1	1	2	4	9	10	16	13	9	7	4	6	18	3	7
13	20	8	18	7	4	18	16	8	11	16	9	3	16	19	1	5	6	8	19
16	17	11	3	5	4	18	17	2	6	7	4	13	4	10	17	19	9	5	13
16	9	4	16	1	1	6	12	10	6	15	16	15	12	2	15	18	13	8	1
1	1	18	17	20	15	11	4	17	15	20	16	8	5	2	15	20	8	11	11
6	20	3	6	4	12	15	4	13	8	5	1	10	13	15	11	2	7	3	16
13	2	13	3	13	4	12	13	6	9	9	8	5	8	12	15	3	19	4	13
20	9	11	1	12	17	8	5	5	19	19	9	20	6	2	8	19	6	13	17
7	18	8	14	6	1	3	15	2	12	4	10	8	1	18	7	1	12	11	14
11	11	14	3	3	6	19	19	12	14	10	1	16	6	10	9	2	16	9	16
6	19	19	1	19	5	12	20	3	18	8	13	13	3	9	11	17	9	14	12
20	10	2	1	18	12	6	12	6	11	7	11	3	6	13	11	9	8	14	3
4	3	5	14	10	1	20	3	18	16	9	20	1	14	8	20	11	15	2	16
10	4	2	16	12	7	18	2	11	6	5	12	1	2	8	10	17	5	4	19
6	5	8	9	4	19	1	2	19	6	20	4	19	4	14	5	2	15	3	14
14	20	10	1	15	15	2	10	13	15	5	5	7	18	11	18	18	9	19	18
7	7	12	9	6	7	5	19	11	18	4	14	1	8	8	18	2	9	20	20
15	14	11	18	17	20	7	17	2	7	16	5	2	17	8	19	18	9	7	9
2	19	2	17	18	11	9	14	20	12	18	15	14	17	9	17	8	14	14	15
17	18	1	4	6	12	11	9	9	8	20	3	4	3	7	18	1	5	9	13
12	14	13	12	5	13	11	16	15	15	15	2	17	5	9	14	8	12	12	20
5	17	14	14	8	4	5	6	18	12	9	19	8	7	14	13	11	12	2	17
8	18	6	18	5	10	7	6	8	2	9	7	7	20	2	18	9	19	1	17
12	14	12	3	11	9	11	1	16	11	1	15	19	16	12	14	20	17	18	12
15	15	15	8	16	14	14	1	2	10	20	7	12	16	6	15	14	10	11	19
1	10	4	3	4	14	11	6	18	18	1	6	12	8	20	17	17	12	17	3
17	20	15	16	7	10	4	1	16	16	3	11	9	15	16	11	15	20	1	19
18	7	7	3	10	5	2	15	5	9	1	16	19	3	1	8	15	14	11	14
3	10	14	9	17	2	16	6	17	11	2	7	4	6	19	11	2	19	11	12
7	2	13	10	3	15	10	3	9	7	17	19	10	11	12	15	5	10	14	6
14	11	2	8	17	9	6	5	15	4	10	1	5	19	15	4	13	4	11	4
8	16	2	6	4	5	11	7	18	17	17	7	4	9	20	13	12	3	7	4
5	11	1	20	16	6	18	5	20	1	13	7	4	3	4	20	14	7	4	20
7	9	9	15	17	1	11	5	20	4	13	5	17	6	20	9	7	2	10	3
7	14	13	1	18	19	1	20	15	20	1	15	19	18	16	12	9	17	12	10
13	6	4	5	19	2	8	13	9	12	14	12	5	6	17	18	20	16	11	16
16	16	1	19	9	17	9	5	1	10	13	11	13	10	8	7	7	13	17	16
20	13	7	8	17	18	19	1	10	13	6	9	11	8	14	11	14	14	9	12
1	1	11	10	2	6	6	17	2	6	9	13	6	5	6	17	18	4	15	20
20	19	8	16	3	10	3	15	15	20	19	6	7	15	4	7	18	6	6	16
12	14	16	15	2	1	15	6	3	4	2	13	4	1	15	20	16	4	7	13
6	5	17	7	4	1	15	20	12	4	4	20	18	10	19	8	4	4	9	3
12	7	5	3	17	20	7	7	14	2	15	14	12	14	1	15	4	16	16	11
5	16	9	8	15	5	5	19	19	14	9	5	19	12	16	18	9	13	3	8
13	18	17	8	11	13	15	17	7	11	11	20	18	17	20	19	5	17	16	16
11	7	17	20	11	12	15	18	18	10	16	13	14	10	3	20	14	2	11	19
10	19	8	12	13	10	1	11	15	17	12	6	7	15	12	8	4	14	4	9
2	17	18	8	1	16	4	4	8	17	17	5	12	18	13	16	19	4	19	9
1	16	15	2	3	10	1	5	2	15	12	6	18	13	1	20	11	1	9	8
17	19	17	18	11	4	4	4	10	17	1	2	6	2	4	20	19	8	17	17
16	17	17	11	16	20	20	2	5	3	12	5	17	1	4	6	1	19	5	14
4	9	15	4	12	3	10	3	20	20	10	2	18	20	14	3	14	8	13	14
19	9	11	10	10	12	11	4	17	7	20	6	12	7	10	19	12	4	18	12
16	12	11	17	1	9	3	18	12	13	5	15	12	15	15	5	16	7	6	20
13	16	9	13	14	13	12	20	3	18	8	4	8	14	17	19	11	3	3	9
2	3	6	6	2	12	15	19	9	13	3	1	14	14	10	14	2	7	4	12
16	18	16	9	14	15	12	17	5	18	17	16	12	17	12	19	17	8	19	5
7	15	14	1	9	12	4	15	15	15	10	13	16	5	16	16	15	5	20	15
10	2	9	2	10	10	15	10	12	2	12	4	2	20	1	12	17	7	6	8
5	14	1	8	15	11	6	17	20	19	11	20	17	7	2	9	15	15	18	16
2	13	2	6	1	2	12	12	2	5	13	6	4	18	5	6	9	17	10	6
18	2	18	20	18	7	9	8	12	2	14	2	4	13	8	15	1	14	17	12
5	7	14	16	8	14	5	10	10	20	18	16	9	7	17	11	9	13	11	14
4	13	5	6	15	13	18	19	2	5	5	18	13	4	13	9	3	3	1	19
1	10	5	20	17	3	19	9	18	1	9	3	2	18	17	7	3	7	8	16
11	1	14	12	2	8	17	17	4	11	14	19	2	5	2	3	19	1	7	12
7	1	8	18	1	1	20	2	15	14	3	3	18	2	2	8	9	19	13	7
16	9	5	5	10	15	12	19	7	9	6	7	2	9	4	1	6	13	9	9
1	5	20	16	3	15	19	4	10	18	13	16	6	2	17	8	13	20	14	13
7	9	7	8	5	15	3	6	5	18	3	20	20	3	1	8	4	2	1	17
12	9	7	16	9	20	4	16	8	17	7	9	7	10	3	11	5	9	6	1
14	20	18	2	10	5	7	9	19	16	17	12	13	10	20	2	20	19	20	15
5	11	8	13	3	9	17	13	5	16	1	3	18	14	17	20	13	10	3	14
13	8	14	13	15	12	10	5	4	8	2	17	20	13	16	1	10	7	11	8
10	2	7	17	2	9	19	8	13	4	7	6	20	9	12	17	8	6	10	15
10	9	15	18	8	16	2	17	11	1	4	13	4	4	14	20	9	15	15	2
14	20	4	17	17	5	19	20	13	5	17	19	8	15	5	16	5	19	12	12
6	18	14	9	4	6	2	18	11	14	6	19	2	3	4	1	18	4	18	17
20	13	5	6	10	9	3	11	1	14	19	7	2	10	11	5	4	12	1	17
3	10	15	16	20	12	16	18	3	8	20	2	1	18	9	4	13	10	20	4
18	4	5	5	8	13	20	11	11	18	18	7	16	10	2	14	10	16	7	20
3	1	10	12	7	6	2	9	15	14	11	19	7	3	3	8	15	1	14	17
6	7	5	16	18	19	7	6	6	13	8	1	11	5	10	6	20	5	2	4
7	7	12	10	18	14	7	14	13	5	1	9	8	7	16	8	17	14	1	10
2	7	6	15	7	16	14	4	3	2	4	6	7	15	1	12	19	8	10	1
4	13	7	5	2	15	18	16	8	19	3	12	19	12	16	8	6	6	6	19
16	15	11	18	5	5	20	7	19	4	11	20	15	18	1	3	11	20	18	6
20	4	18	17	18	15	20	18	19	17	13	8	6	6	10	12	5	13	17	14
1	7	1	11	19	4	17	16	18	17	8	8	15	9	11	12	4	9	3	11
5	15	1	2	17	5	11	8	16	18	18	3	11	2	6	17	8	12	9	14
8	13	13	20	17	13	7	12	4	5	14	20	14	7	1	8	13	5	19	5
2	6	11	19	4	6	16	8	17	8	2	18	6	2	20	1	3	10	10	9
20	16	15	14	1	15	1	6	17	19	13	3	15	9	16	3	11	14	13	11
4	14	2	6	12	14	20	17	9	3	11	15	17	8	6	8	14	5	17	19
16	6	11	4	5	11	18	6	16	2	18	12	18	14	16	8	8	19	17	18
16	8	14	9	16	20	7	2	1	13	17	12	2	2	12	20	15	3	1	10
2	20	14	4	4	13	17	2	8	9	20	15	18	5	20	2	1	7	5	2
18	10	18	13	18	12	9	5	18	15	11	20	11	10	12	5	15	5	7	4
19	6	2	2	19	8	12	20	15	9	7	9	15	13	14	3	15	12	16	15
5	9	15	11	19	15	17	14	13	1	12	17	1	18	11	3	13	2	16	5
13	20	15	14	18	14	10	16	20	8	12	20	14	17	1	7	13	9	17	18
11	11	9	7	12	17	13	8	11	13	8	4	13	8	11	15	4	6	6	15
11	6	17	8	16	2	8	7	13	2	14	9	2	19	1	17	5	15	9	19
18	18	8	10	5	14	7	10	12	2	9	18	15	10	15	1	6	20	17	2
11	18	1	4	5	17	3	5	19	13	15	12	9	13	18	10	14	4	18	7
20	4	4	3	18	7	20	1	5	6	15	7	9	11	3	12	6	1	17	14
15	12	13	2	7	1	1	18	3	6	15	20	17	12	20	1	11	3	4	8
12	1	18	15	6	10	7	3	2	2	14	18	14	2	3	7	12	20	8	7
7	9	7	20	13	10	8	10	16	15	20	10	15	20	3	16	9	17	12	12
5	12	7	4	7	14	2	9	16	15	15	11	14	6	2	7	20	2	8	4
7	12	4	6	1	16	2	19	10	16	19	19	2	13	20	2	20	1	14	9
15	3	10	17	17	4	19	3	5	18	9	19	3	10	7	15	20	14	13	10
4	5	15	5	10	6	6	14	10	4	2	13	13	6	16	2	1	6	14	3
3	3	10	6	8	5	3	4	1	1	10	12	4	3	10	12	17	15	5	15
8	13	7	17	9	17	16	5	18	12	6	3	7	3	3	8	10	15	12	3
13	6	16	1	9	20	10	10	7	4	5	4	18	20	6	8	16	13	4	10
18	9	11	7	12	1	11	3	13	19	9	19	12	18	17	11	4	9	18	13
6	5	14	10	15	16	3	19	4	16	2	6	10	13	4	14	11	3	17	2
3	9	15	5	12	16	12	13	11	16	8	14	12	15	15	8	9	14	4	15
13	12	6	16	17	2	12	15	20	14	10	3	14	6	18	9	13	3	20	8
13	17	5	20	11	19	10	20	3	9	4	14	10	10	7	6	8	11	14	3
8	7	1	15	5	19	17	6	11	11	10	5	9	2	7	7	9	9	1	12
4	19	8	12	8	14	18	7	8	12	4	5	15	2	10	1	7	18	18	14
17	7	14	11	11	11	13	15	3	7	8	16	9	19	19	15	19	6	7	20
20	13	12	8	9	11	3	6	10	18	17	17	19	15	5	18	12	7	14	17
12	20	8	6	16	18	8	17	1	16	4	16	5	9	8	14	16	2	1	5
19	13	2	15	3	19	6	7	7	7	14	7	6	7	5	9	10	11	13	5
16	7	18	3	2	13	7	8	12	15	5	14	20	7	18	3	20	1	13	19
5	4	17	11	13	8	18	11	13	11	5	15	9	18	2	19	4	11	10	11
8	2	4	1	17	20	14	13	4	2	14	8	4	1	13	20	16	1	16	16
16	10	12	6	6	16	8	10	7	9	3	5	17	16	13	4	15	3	8	3
20	7	5	2	6	14	10	14	13	12	15	19	1	13	16	12	13	9	18	8
4	1	5	1	14	8	16	13	9	5	15	19	10	9	6	5	1	13	4	18
12	16	10	2	11	5	9	14	10	20	16	8	19	6	12	6	13	16	3	13
4	19	14	3	16	2	8	5	3	9	5	11	13	5	16	4	19	6	20	16
19	14	3	15	2	9	7	2	16	12	20	6	13	1	20	8	8	15	6	11
20	14	20	4	9	19	18	7	17	19	5	2	3	11	9	13	19	4	2	4
3	5	12	15	15	10	14	19	11	1	4	18	7	12	1	19	11	20	4	7
7	15	1	12	7	17	17	9	3	1	1	8	2	14	17	8	18	2	18	6
7	1	2	18	13	15	4	1	5	8	4	8	1	18	7	9	7	3	15	17
7	10	19	10	20	16	16	13	4	5	1	7	9	12	2	6	4	11	7	12
17	9	11	14	17	10	7	17	19	14	11	8	8	4	1	14	13	9	19	19
5	17	2	15	14	7	3	12	1	15	2	2	17	12	11	1	19	3	15	20
20	9	13	12	7	4	4	14	3	3	7	11	9	11	8	20	10	9	3	8
16	13	14	10	1	20	7	20	5	18	5	16	11	2	2	20	10	13	18	10
14	10	3	9	8	3	13	7	3	15	8	2	4	6	14	17	2	2	7	19
19	9	10	15	10	4	10	16	13	7	11	11	16	14	16	5	16	1	11	17
17	3	2	7	8	12	19	14	15	2	18	18	19	17	5	5	18	9	18	11
8	18	12	1	16	10	18	12	16	6	2	3	9	4	5	14	20	15	19	11


1	1	2	1	2	1	2	2	2	1	1	1	1	2	1	2	1	2	1	1
1	1	1	4	4	1	5	5	2	2	2	1	4	3	2	2	5	2	5	3