500	5	20

1	1.3	1.55	1.75	2.1
4	6.76	9.61	12.25	17.64

82	5	64	67	17	21	95	44	52	90	20	58	12	59	81	98	99	63	20	37
11	51	92	1	76	74	99	55	22	54	26	43	35	23	46	85	73	58	88	79
33	54	56	40	85	96	40	9	81	99	89	33	23	33	34	83	1	49	86	37
4	59	96	84	5	56	33	94	45	4	73	77	36	61	49	23	23	64	80	98
61	18	63	60	83	2	54	90	11	68	95	81	24	65	47	32	87	55	95	75
65	19	26	36	66	72	46	12	68	54	13	29	7	95	95	65	98	75	26	72
13	20	19	40	9	11	89	28	42	24	77	47	22	50	60	6	18	47	91	40
2	22	91	3	46	20	30	79	65	40	93	55	14	9	47	13	29	45	18	82
5	58	76	40	5	16	90	17	97	6	38	19	34	74	95	78	3	49	38	80
85	89	43	24	88	69	68	25	63	45	25	88	58	59	88	81	49	36	35	80
79	26	23	72	71	59	79	32	55	80	67	9	79	59	58	11	69	47	31	8
55	9	29	7	28	37	59	76	68	85	79	97	64	36	61	13	28	46	1	88
12	69	45	30	22	84	86	70	52	92	75	44	51	36	53	83	44	26	67	68
87	15	56	5	20	13	1	74	85	43	2	74	61	6	99	52	53	69	29	47
37	14	97	71	44	57	97	42	35	82	96	3	8	29	69	22	10	55	92	35
31	22	89	63	28	37	70	62	82	99	6	76	45	41	21	36	80	1	32	69
75	62	91	93	15	21	29	31	96	89	44	36	63	10	19	69	25	16	48	3
45	47	43	22	33	84	24	34	19	55	16	48	81	25	79	5	6	72	46	40
76	84	11	22	99	19	94	70	43	58	9	20	97	95	41	37	57	77	86	54
36	22	67	90	84	32	8	8	6	55	26	19	71	68	30	50	4	43	78	74
68	23	78	52	80	67	25	48	10	8	28	96	66	22	60	93	67	50	22	69
3	24	96	55	62	41	11	64	11	18	22	26	67	43	11	81	25	37	15	45
53	62	85	46	99	72	49	66	25	62	75	77	11	87	45	33	32	25	57	56
81	2	44	13	38	30	98	90	92	97	49	52	61	26	1	98	17	53	7	64
66	52	51	95	12	55	3	4	80	30	75	41	15	2	3	95	87	29	63	97
83	26	46	40	58	13	28	67	23	80	30	47	50	71	25	77	55	96	69	46
12	56	50	78	64	56	26	36	29	46	64	64	83	93	1	73	65	6	68	48
11	5	75	10	4	58	86	28	48	75	54	81	32	43	9	20	95	40	12	56
3	91	23	8	26	15	7	95	31	57	78	31	3	91	92	99	45	26	42	57
35	8	29	30	28	17	70	26	21	51	32	3	73	4	24	68	43	64	71	60
14	94	14	57	75	31	21	53	76	67	92	33	75	28	80	44	7	7	6	62
62	7	90	46	49	24	92	50	70	49	85	59	54	33	80	50	37	91	99	56
45	13	16	28	26	61	45	71	88	73	42	97	63	97	98	5	50	24	8	34
21	72	63	14	30	45	72	6	65	99	69	5	31	9	23	60	84	5	22	25
66	6	51	50	71	23	8	47	9	36	78	77	74	66	63	43	32	30	39	30
32	89	87	99	30	36	6	94	29	54	40	83	49	43	78	87	98	66	62	48
48	16	41	76	36	69	6	46	78	20	88	71	95	98	21	11	93	7	26	17
71	61	6	83	5	11	24	16	6	5	21	4	38	64	2	34	63	54	92	5
79	92	87	68	81	44	11	23	82	57	6	28	61	79	87	3	55	60	27	31
37	36	83	28	87	5	72	38	67	55	15	29	16	33	81	97	38	42	96	69
47	48	43	22	86	71	54	62	70	16	75	32	52	34	14	74	84	98	28	60
30	91	32	14	21	36	34	39	10	2	85	30	28	85	30	1	38	58	53	87
30	9	17	9	39	42	86	71	75	98	65	77	12	84	89	26	24	69	34	4
37	44	35	1	57	14	11	62	18	76	94	40	55	38	7	7	65	6	93	73
66	13	98	92	77	97	70	84	95	26	72	67	23	51	16	38	11	93	59	58
34	35	65	57	87	93	96	98	33	64	26	26	29	33	35	63	41	93	34	21
11	95	97	96	72	91	99	5	45	57	33	94	80	5	72	17	81	9	46	39
38	27	82	78	19	48	73	20	81	97	77	13	51	98	68	4	36	33	7	85
45	89	63	25	18	7	65	63	15	21	65	36	22	17	35	86	14	14	1	62
38	98	4	90	90	88	88	69	55	93	64	35	35	86	50	4	29	94	75	32
57	7	11	38	79	58	93	91	11	55	22	82	74	1	52	55	36	5	66	6
89	25	96	49	7	26	88	46	34	93	98	77	2	84	38	27	22	91	32	84
74	95	22	7	8	19	35	57	12	11	71	73	69	85	72	61	34	16	33	76
35	63	98	34	55	38	76	21	60	54	96	55	26	39	41	78	18	69	69	62
79	66	45	73	1	99	23	73	17	10	65	74	35	38	50	41	74	20	31	55
97	73	56	41	7	37	74	36	2	64	82	88	49	43	86	2	13	50	90	11
39	24	66	96	36	10	72	89	33	97	6	51	73	22	30	58	7	66	69	30
69	86	54	56	15	62	48	96	94	93	47	31	40	14	84	9	75	97	83	50
65	27	78	48	8	12	65	87	74	20	73	82	13	96	83	80	4	50	25	16
98	58	99	32	6	87	51	61	17	41	62	62	40	15	89	7	96	60	17	15
67	29	24	96	16	48	40	15	47	43	56	58	82	24	43	62	98	33	81	47
12	48	48	51	37	15	54	69	75	46	70	14	87	12	67	72	28	34	67	68
64	83	17	10	90	82	79	52	81	36	90	70	89	16	27	24	84	73	68	51
19	46	80	52	71	71	21	22	81	5	95	30	51	16	94	88	19	33	30	54
29	83	38	87	14	64	15	36	78	59	23	98	35	74	70	51	43	12	25	91
41	71	80	15	2	4	52	35	80	95	77	37	94	58	5	56	76	70	41	51
70	49	56	12	52	16	16	82	70	55	1	93	81	92	11	44	23	26	52	90
13	53	2	55	22	49	3	5	39	52	1	52	64	13	12	68	37	78	30	9
21	2	66	62	13	98	98	9	35	55	2	64	49	86	31	10	45	64	36	98
91	29	23	34	60	4	55	34	39	55	18	31	65	17	57	72	20	56	41	36
69	6	76	15	96	90	88	38	54	35	88	8	57	95	45	71	96	24	35	46
96	35	31	23	39	53	96	43	16	17	51	49	56	76	69	91	23	81	98	87
4	97	55	26	93	94	51	62	44	49	4	48	65	13	26	62	31	44	60	93
68	52	78	55	92	79	21	30	76	45	98	93	16	88	81	45	51	25	6	89
6	52	40	57	53	15	58	99	5	53	29	62	31	30	3	77	87	83	19	39
98	19	33	56	85	65	76	64	62	56	67	94	11	70	31	52	32	76	93	62
69	26	26	67	46	58	90	96	46	99	25	49	97	79	22	71	43	50	30	95
89	60	76	22	35	71	54	95	53	78	74	30	79	67	84	60	38	46	51	61
20	16	10	84	52	53	3	70	64	14	11	70	40	52	97	64	85	52	82	62
37	44	14	92	18	57	92	77	11	29	45	9	70	50	69	47	76	52	10	68
17	49	7	24	31	42	72	88	98	56	24	29	45	52	92	63	13	61	91	26
95	11	74	71	36	44	68	67	57	20	51	1	61	66	55	91	11	90	53	91
56	46	25	17	56	18	63	1	21	88	41	58	90	13	14	47	1	86	11	67
18	88	61	57	29	98	67	49	69	6	39	11	32	41	95	43	93	84	21	37
78	20	51	74	2	54	76	38	21	34	35	55	82	15	87	73	57	40	16	81
63	21	61	33	67	51	76	58	18	82	34	52	5	92	62	90	34	52	44	35
59	39	78	88	53	92	33	97	3	69	79	17	29	98	30	54	35	30	96	74
79	88	77	60	17	78	7	58	79	7	4	37	68	90	53	32	46	37	85	56
91	39	9	86	75	28	22	15	45	84	98	83	87	89	94	5	73	54	54	26
4	15	91	71	2	90	65	55	48	15	89	36	38	52	28	82	99	70	7	30
95	73	9	48	52	89	5	90	12	22	24	31	95	35	89	45	68	66	97	98
1	61	2	59	39	8	16	94	82	70	25	21	35	99	7	73	38	51	30	3
14	47	23	73	40	43	97	9	58	7	73	49	6	82	83	19	4	1	99	18
7	26	94	37	61	3	94	52	30	63	81	60	11	37	84	45	48	50	86	79
31	77	17	5	91	34	29	21	56	99	16	62	11	61	22	8	31	19	48	31
77	27	51	69	37	40	60	70	83	41	70	55	93	17	57	10	91	68	15	30
30	75	59	37	60	81	9	80	20	22	64	38	15	29	59	66	61	37	93	81
48	14	17	23	22	32	6	49	67	8	27	51	98	57	78	90	75	66	60	89
21	74	95	62	64	17	86	81	83	7	84	82	4	37	94	12	4	71	98	52
82	41	28	88	11	36	82	63	72	28	53	80	73	91	16	75	73	79	21	59
16	20	68	89	17	6	72	35	78	97	86	33	10	52	2	93	90	89	98	30
71	96	71	54	66	54	30	5	23	35	15	16	90	70	97	13	88	13	74	66
26	22	36	85	83	73	95	68	51	45	65	4	27	32	94	71	60	85	17	45
32	85	1	68	25	3	54	9	59	9	51	47	7	25	36	6	38	38	31	11
67	71	98	54	2	89	41	61	84	24	55	30	8	40	76	64	83	51	61	32
39	57	19	24	41	44	9	91	30	94	21	47	86	13	12	66	24	89	78	51
46	23	20	73	99	34	72	40	6	52	20	98	40	25	60	16	64	42	38	43
98	70	36	78	60	73	79	15	79	63	32	50	92	42	73	58	20	37	86	93
55	99	98	80	8	72	35	32	40	31	98	20	63	4	86	63	82	45	43	27
95	25	68	40	47	56	53	33	33	58	85	49	53	30	76	74	71	63	70	98
94	40	24	88	60	17	83	97	73	43	48	7	60	97	16	1	89	81	28	47
34	15	95	19	39	93	1	56	39	41	49	77	71	27	33	76	18	64	49	80
53	90	14	65	87	43	50	70	69	64	2	37	19	97	16	40	81	17	84	91
83	44	9	49	70	75	8	18	85	65	20	49	73	2	72	95	17	31	46	58
18	72	14	48	97	32	73	28	61	83	13	92	7	2	62	86	21	36	22	89
81	45	13	89	24	34	55	90	50	98	98	15	63	79	89	35	33	52	29	45
7	76	74	85	62	52	48	22	92	44	95	98	87	74	44	50	28	52	79	58
27	55	9	98	19	23	7	91	36	12	80	4	37	58	26	5	43	36	55	21
51	52	86	75	84	48	63	1	49	26	84	97	59	43	1	68	34	52	46	86
24	33	84	9	20	18	14	89	21	65	22	38	93	70	42	94	25	47	48	1
35	3	67	36	1	17	97	84	8	23	25	89	93	17	9	53	70	99	53	2
63	41	6	88	93	25	51	90	35	60	71	42	7	98	65	30	44	89	79	14
38	75	82	32	15	76	11	32	66	24	55	11	11	44	19	36	59	15	14	41
38	53	40	50	44	8	79	19	2	28	86	20	75	55	98	41	96	10	59	98
84	74	3	81	24	34	9	48	35	80	85	57	24	68	80	6	44	73	99	18
53	36	15	22	97	37	33	55	71	6	18	53	78	89	60	76	92	63	9	38
90	81	19	97	78	92	7	16	84	5	8	41	91	26	17	50	19	10	78	6
27	34	99	67	19	76	12	90	42	59	71	42	58	57	19	7	33	58	53	61
50	63	67	91	12	16	90	90	66	80	89	92	19	47	68	9	79	41	48	9
15	37	98	31	32	2	69	94	69	39	73	73	23	80	70	70	18	69	22	49
33	45	70	83	72	68	53	44	40	77	92	70	82	18	17	90	87	19	65	63
69	91	55	38	2	15	36	35	76	98	5	46	20	23	15	22	97	44	55	28
6	32	46	62	5	23	55	84	32	36	70	23	74	1	35	77	43	12	24	5
97	75	6	58	79	2	24	66	13	18	1	75	73	59	44	69	84	92	33	51
45	34	5	26	11	93	28	10	98	67	98	32	74	8	67	85	24	65	83	53
57	62	96	33	51	88	48	96	38	1	21	83	80	12	23	56	69	54	71	83
54	91	17	41	92	8	15	71	77	36	37	37	61	16	88	46	97	20	15	64
32	63	83	10	82	98	60	76	8	28	36	59	88	78	99	58	78	21	18	96
18	99	75	46	24	73	97	87	10	42	56	38	36	8	8	73	31	13	86	47
56	74	85	73	17	3	35	14	21	14	20	85	66	36	8	6	35	13	81	34
63	84	38	28	74	4	80	98	3	6	79	77	84	81	11	8	99	85	81	34
4	48	57	29	51	48	16	19	39	75	95	77	75	12	53	93	15	8	87	9
18	39	97	86	20	27	54	73	53	94	96	50	15	77	16	74	35	71	85	35
85	63	4	91	77	84	70	26	3	4	93	56	12	37	5	88	65	26	26	75
90	59	67	38	42	40	28	69	43	49	36	78	84	96	64	70	25	21	39	24
78	42	38	40	46	53	96	35	68	56	66	67	80	85	44	85	21	7	7	76
57	25	58	70	93	85	43	11	44	7	6	86	56	12	21	96	95	96	1	88
44	19	19	30	96	88	79	87	11	3	45	93	54	38	32	25	69	82	71	42
71	30	39	37	70	95	43	41	37	1	85	7	27	10	95	82	7	30	63	56
7	39	3	12	37	96	63	10	90	89	78	98	8	29	28	55	74	74	16	1
79	98	71	83	99	18	13	98	94	40	56	4	47	5	71	67	40	37	74	74
29	3	99	50	87	8	47	11	61	67	20	38	42	95	79	66	44	56	33	16
52	12	94	41	11	95	75	54	64	18	16	63	54	17	16	4	19	87	15	93
68	85	36	26	32	85	68	52	76	12	33	82	67	79	74	66	14	50	95	28
78	91	8	82	50	47	7	29	40	48	51	78	71	67	66	78	98	28	74	72
63	59	28	12	23	46	39	3	45	9	20	26	52	11	53	54	2	39	68	18
67	35	6	51	87	84	68	87	22	19	14	53	23	52	11	25	59	12	88	95
54	28	4	89	53	22	81	54	95	25	48	72	85	45	53	66	1	68	20	80
71	86	40	87	98	48	37	27	70	3	53	2	85	52	98	9	78	44	74	81
99	73	38	65	22	7	11	32	59	5	11	38	53	82	23	57	11	36	11	69
93	52	3	10	25	91	45	20	38	79	93	89	7	58	46	77	85	19	81	1
77	16	67	37	78	41	97	21	94	72	52	71	8	42	51	54	32	63	54	33
2	86	22	30	61	99	18	11	60	34	27	40	30	39	80	91	93	36	70	45
95	33	86	28	6	49	44	36	98	34	9	73	38	20	91	91	66	93	47	56
22	66	51	83	28	37	75	50	1	6	37	90	14	25	15	58	52	69	13	86
66	5	60	79	49	77	88	24	90	43	42	74	8	12	98	23	2	92	54	91
13	31	41	5	99	46	47	95	5	80	64	36	81	25	56	18	89	27	53	71
76	33	44	50	85	41	90	70	49	30	22	3	53	3	17	24	99	95	21	1
77	94	77	41	15	28	59	64	77	28	43	1	3	65	37	61	30	52	5	6
41	13	33	59	44	81	51	35	40	34	10	57	49	15	79	2	68	19	55	83
1	17	45	86	48	90	51	84	38	58	97	43	3	97	41	53	88	84	90	28
64	49	60	30	48	45	23	59	23	56	49	91	38	49	79	9	46	55	6	6
38	51	68	50	79	62	80	84	2	40	66	89	91	96	80	30	43	10	85	4
62	91	26	77	15	48	7	58	3	19	92	99	93	48	18	34	66	42	59	80
51	64	38	73	13	11	99	74	93	57	19	76	76	87	84	74	97	59	56	85
32	76	67	61	34	12	41	80	66	46	25	99	58	90	1	12	79	34	87	5
26	77	34	49	59	55	93	92	40	94	51	4	55	54	31	17	9	23	22	89
83	53	81	16	80	1	73	53	56	48	68	88	89	74	75	27	87	55	27	35
8	27	55	65	14	38	23	26	42	43	81	80	4	28	80	85	33	65	28	59
14	20	53	57	89	84	55	58	18	30	33	48	79	93	66	64	59	17	73	48
42	5	20	87	82	74	78	63	30	96	48	64	45	9	49	61	31	81	37	54
36	84	80	60	54	47	86	89	77	61	72	89	36	36	13	25	75	75	95	51
4	11	64	41	12	59	21	25	49	43	61	9	14	42	52	81	55	50	3	14
89	54	71	78	49	97	52	50	12	84	15	35	78	14	50	60	32	80	61	21
74	85	98	19	72	42	2	60	10	37	1	40	8	99	18	76	58	82	53	86
55	41	13	80	96	91	63	17	34	49	51	32	28	96	49	38	88	50	38	46
3	33	1	3	57	4	70	2	91	52	61	32	43	49	21	40	17	18	77	17
10	68	51	9	7	60	58	23	4	34	46	17	22	23	4	16	28	94	55	18
48	18	68	4	69	61	21	74	77	44	67	29	98	52	79	37	60	21	58	55
49	11	53	34	32	88	22	77	1	33	46	94	60	83	73	38	2	87	37	68
33	61	54	30	93	4	78	87	90	91	13	30	30	57	16	31	35	63	41	77
89	95	59	67	6	23	36	20	46	11	62	27	94	25	41	5	95	85	46	58
99	28	6	54	31	2	99	64	91	3	52	90	14	38	66	79	33	49	3	86
85	37	13	69	38	13	96	41	76	21	98	54	3	18	96	38	54	86	31	27
81	45	10	71	64	83	52	44	95	93	89	57	23	1	2	72	47	55	71	76
50	99	52	48	33	50	73	54	44	24	82	73	43	53	31	21	53	43	44	25
29	40	29	76	17	26	20	45	69	17	21	68	50	85	67	58	94	90	9	76
25	32	23	86	65	45	43	70	42	24	48	93	80	20	79	73	93	28	54	26
46	12	87	95	30	80	44	60	46	27	39	34	42	74	93	41	85	11	39	34
32	16	95	65	52	87	82	23	76	37	83	98	73	60	84	43	23	86	65	73
51	50	61	72	39	40	83	44	72	16	16	25	83	19	49	42	16	72	74	47
9	80	95	62	91	97	48	79	30	16	95	34	85	4	71	14	45	53	58	76
49	77	55	20	35	61	9	60	31	62	21	91	33	7	42	21	71	67	11	43
61	7	71	17	68	66	97	86	85	91	27	55	16	96	39	67	26	80	63	14
80	48	10	34	87	23	46	39	95	73	31	94	83	6	38	72	95	45	46	33
34	36	38	39	89	75	62	61	92	64	30	4	44	89	32	5	8	44	11	47
98	95	56	23	58	44	22	80	12	36	95	92	5	92	31	18	21	58	42	16
79	66	69	70	91	30	25	55	79	48	12	19	66	8	17	39	52	93	54	85
85	54	56	66	23	71	24	84	32	45	60	82	39	48	86	26	43	90	67	44
80	51	90	34	59	28	26	55	40	9	68	59	81	44	66	70	89	66	80	5
22	79	15	95	77	34	15	48	13	28	51	23	81	46	5	94	81	80	54	86
99	30	66	92	31	90	55	51	57	90	99	98	3	2	67	94	31	51	31	74
8	8	15	5	44	89	93	16	92	76	11	78	24	39	95	27	11	50	32	75
19	76	20	79	26	71	86	26	39	80	42	49	56	86	65	99	41	74	48	57
53	43	26	29	68	39	6	54	37	50	72	39	89	40	84	76	62	60	78	55
41	61	58	62	82	6	35	39	33	76	73	40	91	89	79	49	45	46	78	38
82	67	46	1	27	87	70	59	62	69	61	26	32	35	64	81	48	64	35	22
22	49	48	91	60	50	88	20	22	90	79	75	6	34	23	16	38	72	92	30
75	49	96	90	92	36	64	12	35	88	48	24	23	58	82	9	50	37	61	76
49	27	16	91	46	7	44	72	64	77	40	71	89	7	23	25	27	43	16	19
83	87	6	74	55	90	11	64	22	18	94	19	17	33	20	35	66	43	39	66
45	76	13	13	36	15	8	7	51	95	71	92	19	34	13	83	6	66	37	30
1	75	20	50	62	63	73	15	52	84	57	55	11	20	20	5	59	98	86	97
70	72	50	30	82	92	97	78	44	40	45	70	10	86	86	41	89	17	25	38
34	21	21	79	11	92	11	94	1	5	74	88	14	33	11	75	31	4	92	46
4	85	63	70	44	44	23	70	46	50	2	34	91	91	55	15	46	78	51	49
7	29	41	82	32	36	6	74	88	25	67	14	69	63	69	1	30	93	71	16
56	73	2	31	80	95	80	35	72	92	66	60	33	89	60	46	50	68	42	55
85	22	74	89	63	93	61	98	34	67	40	72	61	6	14	21	47	59	97	69
60	8	73	24	35	32	32	3	50	94	14	6	64	12	61	47	38	42	59	80
75	32	46	5	65	21	34	24	13	35	5	68	68	25	41	97	73	17	74	64
73	89	26	58	79	9	68	13	6	61	29	28	81	12	79	81	74	78	45	80
35	90	30	42	37	23	99	38	15	16	71	35	28	84	27	37	90	90	82	28
81	3	72	78	99	57	19	21	55	27	69	78	31	54	84	76	76	6	96	40
53	8	22	63	99	12	36	23	29	18	2	49	64	26	43	81	40	90	41	75
46	95	89	83	54	15	36	57	40	28	46	22	58	3	26	58	53	72	67	41
64	60	97	66	27	14	34	42	33	7	4	35	97	88	12	43	2	44	60	50
28	16	9	1	80	87	76	43	31	7	75	39	21	49	51	26	12	81	48	53
75	94	93	21	95	67	60	99	12	78	39	72	70	87	45	94	25	83	46	30
67	55	8	82	89	36	36	71	58	82	81	52	44	8	14	4	94	61	84	40
42	69	78	41	27	40	91	92	76	84	17	21	67	19	28	99	51	20	64	23
70	98	61	66	28	13	89	50	68	46	51	40	32	41	79	93	3	11	21	64
73	8	16	17	70	67	77	33	43	45	94	72	46	89	54	58	45	12	45	37
62	96	64	22	20	15	60	48	96	13	21	44	38	52	77	17	3	1	35	58
62	70	43	61	76	19	36	60	75	83	33	61	49	64	17	86	37	94	79	5
61	30	25	27	40	39	22	6	40	88	33	27	29	25	59	99	65	17	69	44
55	83	95	77	72	75	48	34	19	42	10	31	8	42	60	64	77	89	76	31
97	85	29	29	30	72	97	68	24	34	66	64	15	82	19	72	17	83	78	60
59	76	82	6	3	27	39	89	52	99	89	99	35	3	89	38	53	6	48	18
37	17	58	36	95	68	91	43	88	54	15	25	43	95	65	75	70	29	55	98
31	3	74	28	37	86	13	16	53	83	96	64	66	94	43	83	31	63	81	27
54	9	89	85	40	70	4	75	6	81	86	33	96	18	25	4	81	7	86	28
89	93	88	22	9	42	47	65	54	80	11	33	28	66	27	5	27	36	40	36
42	96	37	42	7	57	68	13	54	27	80	45	59	7	57	94	44	33	65	62
72	48	45	15	68	47	86	45	66	71	24	96	16	80	1	44	75	10	12	80
61	93	5	3	61	49	1	57	61	67	33	45	89	11	1	52	96	17	19	85
45	2	9	52	99	6	16	65	29	15	55	52	48	6	54	40	13	52	41	43
32	49	40	41	27	4	97	26	95	72	71	30	73	83	75	85	27	21	97	53
71	1	4	24	72	67	75	46	48	72	88	36	3	26	86	4	67	10	39	99
86	18	3	28	50	15	27	40	43	43	90	76	89	23	25	65	8	83	73	30
77	69	9	22	62	13	19	5	55	23	59	90	98	90	53	89	31	48	14	95
20	17	47	52	26	83	18	7	91	14	13	63	16	14	74	52	10	78	65	97
46	54	65	53	8	84	91	73	56	38	2	81	69	85	98	59	85	41	74	45
11	83	59	25	47	90	66	94	40	23	76	76	69	31	72	69	4	38	44	31
73	91	68	46	22	69	47	67	94	37	71	94	88	98	27	50	60	57	49	7
22	1	7	64	81	80	31	24	16	71	73	2	14	82	94	70	28	7	92	25
80	72	18	30	34	4	14	72	40	28	51	92	53	37	39	17	22	95	79	66
84	55	90	34	17	95	25	49	40	65	45	15	97	7	31	7	97	94	39	99
8	19	76	35	2	44	28	64	37	70	15	64	97	68	17	42	22	7	52	94
48	40	19	66	24	48	61	71	66	83	66	74	98	33	73	44	63	20	23	99
25	26	17	38	73	34	58	9	94	57	18	85	80	77	75	41	94	83	66	11
45	14	65	95	59	45	75	1	9	81	65	29	19	57	83	57	66	96	7	65
38	93	82	46	67	76	42	17	79	93	2	36	83	59	61	49	92	12	61	84
72	29	64	10	66	21	96	78	1	66	17	49	37	33	21	84	19	81	81	74
71	82	77	45	31	64	7	25	44	84	48	6	55	6	23	41	71	89	12	42
3	86	39	26	10	81	53	52	98	5	66	50	17	73	29	62	54	34	59	59
33	1	28	61	6	85	51	51	86	64	91	69	54	26	45	69	18	69	33	77
7	97	70	26	56	4	77	87	75	71	73	82	82	42	96	44	65	91	46	38
67	67	94	22	9	34	58	96	54	66	23	73	34	24	48	97	84	53	78	28
60	27	15	22	12	43	90	83	9	25	80	68	67	97	39	80	26	10	22	86
62	52	58	78	64	92	48	41	43	26	74	87	75	5	2	6	75	77	40	8
69	60	42	1	63	38	91	17	9	29	69	2	46	80	32	99	3	18	27	61
17	96	11	68	60	45	39	5	97	44	45	22	38	46	73	19	87	20	79	66
92	82	68	56	25	97	77	27	98	26	72	27	16	42	93	30	51	63	31	83
79	68	75	15	72	11	87	27	13	9	65	32	7	11	69	64	12	53	43	78
71	98	20	62	94	33	25	68	67	81	9	92	72	14	23	35	86	21	57	2
81	57	29	12	7	60	12	16	16	85	99	46	44	96	77	75	35	38	77	79
54	91	72	47	79	71	9	69	63	68	12	38	86	17	66	46	75	99	88	38
16	16	14	97	19	88	18	5	92	92	61	5	98	85	40	98	89	61	99	65
83	66	2	14	74	95	64	12	64	76	86	9	30	9	14	8	27	45	38	53
80	37	36	84	69	48	33	1	17	45	19	74	74	36	30	44	15	23	96	19
10	11	24	68	13	31	7	90	84	41	19	52	20	81	29	82	3	27	47	6
22	95	97	58	24	97	96	68	97	91	9	78	68	37	73	83	54	53	56	18
47	89	54	5	33	74	20	78	10	55	86	31	36	34	56	35	87	25	69	90
70	31	93	55	88	5	38	63	80	51	21	49	71	54	58	87	4	60	71	15
67	1	31	15	2	16	65	10	91	34	86	78	60	33	47	80	74	25	45	61
15	48	28	16	80	58	89	8	88	75	29	55	72	26	30	67	14	87	81	59
85	2	24	80	67	84	74	70	41	85	48	5	51	47	50	51	69	74	73	3
2	13	46	17	29	45	28	76	25	37	37	2	53	27	81	65	82	75	51	21
28	51	42	35	11	71	87	26	83	40	30	85	95	87	2	34	43	43	79	94
20	48	35	81	38	13	25	45	13	97	54	31	16	87	79	27	28	38	71	20
92	6	54	90	19	8	67	84	32	39	77	80	72	21	53	96	84	31	16	74
5	12	22	76	47	68	69	64	8	98	20	87	28	61	71	88	78	35	60	57
15	24	87	57	78	76	76	99	9	43	78	90	49	14	8	85	27	23	94	53
42	76	81	37	61	45	39	23	54	63	97	53	5	35	75	45	31	13	56	8
56	62	83	68	26	19	10	19	51	99	34	43	59	23	22	9	70	44	44	78
34	66	7	9	10	39	60	4	20	1	64	23	22	75	73	58	47	38	20	10
27	81	6	72	67	63	91	74	10	37	47	35	35	23	62	21	6	59	31	24
99	85	61	98	13	1	63	14	9	35	48	56	89	69	46	19	1	69	96	90
57	42	45	91	89	33	81	60	32	35	60	80	83	54	96	62	74	55	89	85
4	68	52	24	80	77	62	15	68	95	93	72	44	14	56	78	24	52	93	51
44	88	89	44	11	68	24	2	10	39	43	33	13	25	13	49	47	37	37	82
84	83	71	26	52	23	8	5	17	19	24	79	20	20	80	3	13	90	33	94
2	59	81	51	35	92	31	5	10	36	19	1	35	36	99	22	85	96	14	89
1	87	2	93	46	16	5	14	73	92	89	73	44	35	40	92	43	32	68	16
92	67	99	56	70	35	48	85	60	86	98	57	55	69	42	67	10	69	57	3
37	22	88	16	35	42	3	87	60	22	81	73	63	41	17	35	25	44	24	14
75	3	59	29	52	59	84	74	15	33	6	96	68	78	7	33	82	16	34	11
17	41	8	69	86	24	76	5	45	69	21	26	36	43	70	37	85	16	73	79
77	8	57	96	38	91	28	69	89	41	48	27	89	39	82	18	84	69	58	49
22	17	26	46	67	95	69	35	61	81	73	43	8	94	45	35	3	96	41	12
48	76	64	67	98	40	94	9	37	49	73	36	38	6	96	52	95	44	83	58
22	3	71	28	54	90	77	65	77	51	74	71	29	86	12	81	20	14	2	93
44	42	14	9	98	54	71	97	85	2	35	49	90	20	42	83	13	17	53	69
91	35	9	81	54	61	15	25	98	13	99	86	33	76	82	88	60	63	43	41
12	14	96	65	5	8	94	27	67	93	40	53	7	97	52	77	24	18	56	6
34	81	94	21	62	96	88	66	84	77	44	48	69	65	45	20	51	4	24	3
1	39	21	67	75	32	44	81	5	3	70	22	40	30	71	82	36	55	2	25
19	18	13	8	77	89	25	18	36	93	86	59	13	39	92	61	18	54	49	63
25	44	21	80	95	90	99	22	63	62	63	83	43	49	11	76	65	73	3	41
92	74	15	29	91	22	95	31	38	87	20	19	73	53	72	65	20	38	90	33
40	71	49	5	63	21	74	60	23	36	28	20	72	62	10	33	2	67	19	26
16	14	79	77	56	72	13	83	98	18	42	34	89	26	64	70	94	87	38	25
46	34	63	78	88	45	26	41	30	47	76	13	40	85	13	80	40	18	35	46
66	54	70	33	11	30	46	65	10	16	16	19	37	69	18	20	77	48	27	67
30	85	91	60	68	2	6	66	54	98	69	53	61	80	49	22	96	61	9	67
81	4	24	89	64	83	63	67	12	44	73	51	88	40	9	63	73	49	87	43
44	46	29	43	53	30	71	32	97	37	65	3	31	82	41	16	50	24	14	15
24	13	52	23	86	89	55	48	98	28	12	97	55	66	67	27	36	9	78	43
94	93	82	40	15	13	74	9	31	12	29	76	29	19	5	6	43	79	60	44
80	6	38	33	34	50	5	86	52	38	64	24	76	57	22	71	63	2	57	23
11	41	97	58	71	91	36	58	77	31	66	58	8	62	75	10	47	90	23	46
85	40	46	82	79	1	67	41	45	86	40	83	31	4	8	95	12	18	71	40
5	92	96	26	77	15	99	78	55	16	58	39	31	2	85	79	40	67	1	80
39	31	93	74	8	95	36	44	45	8	3	37	34	15	81	12	94	52	7	35
84	3	57	15	1	14	88	30	90	39	89	78	31	27	59	10	54	12	25	1
93	29	70	94	58	71	44	39	10	85	59	11	16	36	67	21	17	88	94	32
27	32	60	53	84	10	36	77	39	70	52	30	73	14	63	17	95	46	91	12
93	63	75	87	82	33	39	23	68	24	40	86	8	78	3	89	53	83	36	62
68	76	93	42	32	71	88	68	85	26	21	33	22	78	59	86	68	13	2	16
1	18	63	37	12	8	61	26	32	59	46	40	68	58	5	22	2	92	13	69
82	57	16	16	62	28	15	15	85	82	31	15	7	73	26	28	95	95	69	14
48	20	26	28	38	84	50	78	73	20	34	61	70	7	87	79	83	2	24	16
11	41	63	41	86	82	52	44	48	34	1	90	23	46	97	26	70	70	49	91
91	87	9	80	65	28	63	42	63	25	55	34	93	30	34	10	83	38	25	63
57	11	18	73	98	39	54	52	69	6	32	17	75	19	79	45	94	11	34	67
80	41	51	76	52	92	34	4	56	98	67	80	97	39	13	86	48	37	52	85
32	37	76	94	6	45	66	64	22	7	84	60	29	43	28	97	91	57	59	67
26	60	57	95	73	10	64	12	86	71	73	68	5	6	52	58	83	74	81	18
77	96	29	17	27	50	40	12	26	72	85	69	98	51	19	91	43	62	78	76
76	98	22	83	50	22	40	71	82	69	34	99	2	36	95	52	34	97	5	83
41	85	49	85	26	82	85	52	88	67	89	8	38	74	78	61	27	57	72	45
32	8	20	95	88	77	20	89	19	69	78	11	1	17	32	15	29	36	85	49
67	8	34	5	62	3	45	35	69	5	36	80	3	89	27	56	2	77	62	45
86	31	34	18	48	61	91	64	20	39	46	86	11	92	39	10	52	58	19	98
98	41	97	88	95	63	80	67	30	44	75	27	94	56	25	92	79	38	73	55
78	41	51	11	38	46	50	85	85	66	18	56	17	64	13	58	64	96	99	82
13	22	27	20	49	87	67	29	45	27	33	55	86	7	42	3	37	56	26	32
29	91	62	23	51	47	37	8	97	98	62	2	65	98	47	55	95	69	59	79
21	51	5	38	77	53	36	71	89	59	61	91	81	74	87	80	79	97	6	93
58	89	40	47	66	7	99	87	29	58	5	96	47	26	28	29	35	1	87	31
5	2	54	71	68	1	41	73	37	26	63	34	65	64	82	98	40	68	97	93
68	42	50	4	25	46	91	59	2	38	20	89	48	33	38	45	76	22	85	55
93	39	41	3	90	15	37	41	52	34	24	67	35	24	89	86	29	1	6	68
72	34	41	24	85	26	97	94	44	93	73	66	64	51	23	83	60	23	27	63
17	12	9	92	2	29	53	25	16	12	20	29	49	67	17	99	69	95	23	50
98	26	52	72	90	15	16	69	74	76	33	33	88	86	28	10	40	40	21	81
12	84	80	21	6	45	21	8	84	21	97	67	33	71	38	73	44	98	16	99
48	69	84	8	44	3	4	38	78	33	84	87	47	92	81	23	30	88	43	82
65	73	63	11	74	35	57	99	62	82	57	7	95	62	88	5	39	51	96	85
30	1	68	28	31	85	15	24	64	44	32	83	3	57	74	11	14	86	4	26
47	29	19	37	82	62	98	91	80	32	72	65	17	93	90	36	46	8	22	4
99	54	31	96	75	42	2	30	17	56	79	68	8	29	33	38	68	94	39	34
41	69	59	19	78	96	10	51	17	64	13	25	65	58	81	97	24	40	87	29
90	46	27	5	52	32	42	67	66	45	27	24	62	39	2	77	47	31	69	46
75	50	58	55	83	90	98	46	45	23	70	4	63	62	85	51	62	82	24	63
85	66	52	7	82	19	97	37	93	55	58	16	2	14	52	99	91	37	55	48
46	83	98	65	8	93	78	42	36	23	35	81	66	35	29	17	97	46	60	87
85	61	75	42	97	1	89	53	59	86	74	44	65	30	49	91	4	2	44	82
18	1	30	19	69	34	61	80	78	44	27	95	23	41	95	38	82	91	18	63
97	14	32	77	68	97	42	60	29	86	50	12	71	19	14	36	20	85	32	99
48	81	28	11	60	1	1	13	66	9	28	99	2	39	2	64	61	68	30	52
5	6	12	7	33	29	43	83	16	34	78	49	69	99	75	48	52	97	7	26
86	11	82	63	15	63	8	45	82	21	76	66	90	46	68	40	20	27	90	49
15	79	77	67	13	74	17	46	37	81	29	80	18	46	5	5	50	49	63	39
35	52	58	51	98	96	95	96	56	56	63	10	41	25	14	9	39	27	86	24
5	78	65	37	98	69	31	5	10	66	69	85	66	32	16	32	70	70	4	8
69	29	54	53	70	13	1	38	70	11	55	32	37	71	50	76	16	27	23	93
55	81	42	88	36	76	14	30	24	56	63	98	51	16	82	79	40	65	86	35
47	83	64	89	37	8	1	44	15	71	86	42	42	61	82	52	86	55	83	81
35	50	14	46	52	39	31	68	91	47	85	51	72	43	14	72	60	88	12	88
87	28	53	83	17	61	3	91	99	14	3	15	1	25	70	61	16	60	95	65
28	91	87	34	7	93	22	57	30	3	72	57	61	53	54	20	94	4	37	79
12	82	74	93	64	45	11	17	46	17	94	68	4	3	28	26	23	5	78	99
3	68	63	76	86	24	25	2	78	34	21	98	93	40	17	73	87	24	97	23
81	27	12	93	12	37	53	39	96	92	46	41	20	77	64	23	50	11	53	4
70	38	23	39	37	93	6	64	72	98	33	40	67	7	84	96	27	30	82	81
2	10	42	92	58	4	73	80	63	72	82	45	69	65	36	6	31	27	86	4
44	47	86	84	12	97	29	81	70	36	8	66	43	27	62	7	87	81	80	23
71	36	91	86	4	48	22	38	88	15	39	59	44	37	8	86	36	80	97	17
6	32	28	75	23	12	69	99	18	54	19	48	17	18	2	59	14	62	27	72
97	31	58	65	35	53	96	24	70	82	59	62	76	45	29	5	58	78	46	65
24	12	10	51	80	40	83	66	2	86	51	58	94	46	16	49	14	92	77	46
68	89	76	52	72	86	25	60	68	39	85	94	54	92	15	91	21	20	89	5
44	6	13	61	23	73	42	33	45	86	10	53	92	50	78	63	66	99	26	45
21	70	94	90	43	57	3	50	30	56	85	19	24	27	27	40	71	84	71	38
30	5	68	87	35	40	32	19	5	98	21	63	84	55	50	7	83	83	94	29
47	39	46	73	8	79	29	23	67	62	19	67	30	54	23	37	19	87	65	13
52	27	29	61	68	79	48	90	36	38	52	26	62	72	42	30	10	80	6	20
9	19	6	22	64	3	44	33	65	37	93	46	65	3	27	43	80	26	80	71
13	71	31	13	62	37	10	87	93	47	82	96	38	24	16	39	54	22	58	11
57	61	19	66	50	96	25	66	85	59	10	92	71	98	13	65	30	91	61	72
69	77	43	52	18	31	21	24	7	51	34	51	15	42	42	34	68	30	18	88
60	16	83	60	24	18	82	75	52	84	25	54	45	22	67	42	23	72	52	92
45	14	54	14	51	11	6	51	40	63	30	31	83	18	43	5	74	26	53	6
47	81	5	62	94	22	93	16	71	63	49	1	6	71	20	66	52	65	26	67
31	97	32	81	86	55	55	5	51	65	4	37	48	91	19	7	6	4	9	29
28	65	84	30	48	2	67	78	38	62	48	14	76	59	40	82	10	6	82	23
26	88	76	51	52	31	64	36	13	6	84	79	99	73	86	35	37	4	15	31
5	59	58	82	98	53	32	27	70	4	73	45	21	50	49	47	80	64	94	72
11	51	22	92	89	83	13	94	15	68	60	67	64	54	46	66	85	51	9	54
55	45	96	61	81	71	46	46	63	71	3	56	3	65	72	71	99	22	88	21
53	93	91	25	96	82	80	23	59	31	58	6	7	9	46	18	18	37	57	90
88	25	22	65	74	48	35	58	6	44	99	9	59	26	90	79	69	59	15	21
70	57	97	59	53	48	71	29	4	3	57	43	15	84	87	5	70	94	84	63
14	95	48	32	19	14	34	8	59	85	94	28	69	15	23	99	38	92	10	40
62	68	76	9	19	19	54	56	67	45	96	86	44	46	64	52	87	88	29	64
62	37	43	32	57	44	84	19	18	14	60	75	10	9	59	57	12	19	24	7
48	22	90	38	93	14	82	27	1	54	4	35	91	40	87	37	83	44	50	82
8	5	28	45	67	80	65	80	19	99	85	82	15	20	45	7	5	87	90	79
1	91	27	41	97	23	83	19	36	60	42	34	35	83	41	25	20	35	43	24
79	10	63	68	92	47	99	98	42	52	83	44	61	27	36	56	1	62	87	46
95	94	86	99	2	48	6	63	32	24	26	72	15	52	81	82	27	27	50	85
50	92	76	83	55	84	37	94	99	55	6	98	25	38	51	82	28	9	8	80
17	83	73	41	31	96	7	17	75	41	14	91	7	91	82	46	37	4	45	47
67	38	34	10	33	66	49	9	98	72	28	99	61	16	77	55	45	79	50	14
36	72	68	62	58	79	63	55	17	62	1	96	48	62	84	40	69	4	94	46
43	33	19	54	91	65	34	55	24	1	44	26	88	1	99	63	70	96	85	77
33	26	91	36	70	22	74	66	47	97	42	36	56	40	40	80	45	66	3	41
21	99	66	71	75	86	22	95	83	82	31	25	85	21	98	1	38	58	54	52
62	18	97	19	44	65	77	13	94	71	64	81	47	94	29	72	2	11	62	13
58	60	65	26	76	72	43	76	15	48	5	53	14	31	1	32	74	81	23	44
39	76	56	84	37	55	16	80	82	93	65	31	17	26	30	70	5	32	46	19
84	87	17	44	37	79	92	1	82	64	16	39	46	89	34	35	48	34	71	8
76	7	41	80	50	92	56	39	26	95	58	56	67	48	25	15	18	6	71	21
37	98	56	28	25	1	30	64	36	31	33	15	51	55	43	76	78	62	15	29
53	90	15	92	96	43	91	53	9	97	45	67	98	18	38	9	73	63	90	8
22	51	69	86	91	7	5	27	91	63	69	83	70	42	6	97	70	84	40	77
7	21	17	90	55	28	92	32	15	4	85	10	62	32	73	67	33	8	60	97
89	58	87	4	6	4	3	55	86	67	73	94	13	3	2	14	10	74	79	88
66	32	35	81	45	68	59	51	56	63	5	16	65	90	73	50	75	13	45	19
2	22	88	8	3	52	76	13	40	30	62	40	52	72	72	42	56	88	12	69
23	1	29	38	5	42	17	56	86	34	63	38	85	46	69	58	9	63	59	88
20	50	34	40	93	73	79	61	85	86	97	8	37	66	52	42	65	96	43	13
14	96	9	1	4	25	58	26	89	16	17	51	45	7	56	75	73	64	36	91
31	26	18	22	99	40	71	81	74	31	65	12	68	28	74	37	16	39	26	77
12	42	16	14	27	52	65	6	25	21	81	87	70	51	40	99	27	41	11	52
29	30	10	24	48	50	48	5	45	8	25	79	34	18	58	22	63	74	71	67
40	27	65	5	94	12	57	16	90	84	67	91	30	44	79	69	51	70	57	27
63	34	1	59	85	24	2	68	82	34	5	83	45	79	81	57	71	24	77	64
66	10	33	33	16	61	66	80	65	14	94	37	52	22	39	93	36	51	62	40
81	96	44	68	39	63	41	81	42	40	66	12	6	28	97	6	23	52	47	93
24	71	88	60	49	20	30	94	53	81	92	89	14	68	68	6	88	36	95	70
52	2	31	80	94	56	81	87	6	7	23	60	83	18	43	80	59	87	61	25
69	12	53	10	99	25	67	72	97	22	38	6	67	57	97	10	79	69	82	54
66	69	90	73	91	56	67	14	58	77	13	1	3	54	59	95	48	14	94	28
89	42	11	68	9	17	22	15	76	55	81	84	87	55	79	90	56	11	4	43
71	3	84	64	46	45	57	97	49	78	63	11	58	47	37	25	24	54	15	80
88	20	36	70	1	15	60	34	85	70	23	70	59	63	69	13	52	43	3	19
39	78	53	4	13	46	21	86	14	3	27	2	33	10	18	37	36	80	76	23
69	9	35	15	43	12	52	18	56	12	52	34	23	12	66	91	77	92	69	32
6	97	60	72	22	66	94	53	31	33	33	65	52	72	14	32	46	58	70	78
96	48	53	37	52	2	6	61	95	95	89	59	90	25	74	29	34	78	66	77
24	14	62	95	21	53	2	69	77	6	79	84	96	24	28	78	98	17	32	34
86	1	3	37	11	92	40	17	66	53	14	28	92	50	70	28	68	29	44	99
75	99	5	95	22	42	47	99	45	27	41	40	58	52	28	12	59	45	83	59
88	89	40	44	31	78	69	56	13	72	96	91	2	82	34	65	92	54	96	66
45	99	41	96	74	5	87	37	40	44	24	71	48	53	9	16	96	64	91	20
59	2	58	97	14	46	20	54	14	97	19	96	5	50	90	11	12	94	63	67
12	84	12	5	94	93	83	50	62	35	91	72	51	35	85	46	71	16	1	39
93	25	24	45	26	43	42	86	70	60	79	56	14	69	25	82	28	73	90	39
63	61	17	79	89	86	69	32	33	23	73	64	52	59	22	39	29	40	79	12
88	68	65	53	40	60	50	52	68	58	57	64	30	98	75	54	35	60	28	74
86	81	91	34	46	66	66	38	1	94	74	15	19	37	68	56	93	47	49	53
86	28	54	5	31	4	97	14	17	43	33	84	31	61	70	44	22	72	84	40
92	31	18	88	93	70	7	29	52	90	83	94	25	95	93	76	4	24	14	70
62	37	4	24	51	12	41	71	9	16	29	35	76	7	13	9	11	39	31	1
45	44	76	84	16	7	85	35	89	1	85	61	89	82	32	51	75	58	37	79
85	6	63	51	33	72	58	86	66	24	14	59	89	25	70	44	69	66	37	16
74	15	7	64	74	75	93	67	9	66	92	4	89	1	93	23	1	82	59	19

1	20	9	6	1	8	12	4	10	6	20	10	8	13	9	9	10	19	8	9
15	9	8	20	13	12	18	14	16	6	3	8	12	19	20	18	18	17	2	8
18	18	16	15	12	7	6	9	20	10	9	19	2	10	10	10	4	2	5	13
17	12	14	6	4	14	1	6	9	15	17	14	8	2	12	10	19	20	11	11
13	3	3	10	6	17	16	12	10	8	11	16	10	3	18	16	9	20	19	1
2	15	8	4	1	15	3	7	3	16	9	7	8	13	17	8	11	11	17	12
9	2	17	5	9	6	20	12	19	18	15	13	11	14	1	13	9	18	15	11
12	8	7	17	1	7	7	10	3	20	9	5	12	18	18	1	7	7	14	3
17	4	20	17	1	9	5	8	18	9	16	7	2	9	1	18	5	1	3	6
19	15	4	13	15	16	1	1	17	7	16	13	15	5	19	16	15	15	3	12
12	1	2	2	3	20	20	6	5	17	3	7	13	14	10	4	5	13	5	9
18	2	19	11	1	17	11	15	4	17	10	9	7	9	8	16	15	13	5	5
20	18	6	19	19	15	11	13	9	2	4	5	2	11	11	3	5	13	11	16
20	8	19	16	6	4	10	16	6	6	5	20	13	4	4	18	15	1	8	2
16	3	2	5	3	19	16	9	16	8	7	1	14	6	19	9	7	11	9	6
15	6	9	1	12	8	7	20	16	2	4	4	5	4	6	9	18	2	2	12
15	3	13	13	6	15	1	12	6	19	13	6	2	3	6	17	16	2	18	7
9	7	9	18	12	14	8	11	4	7	13	16	8	7	3	8	19	19	11	6
3	15	8	10	13	17	15	4	4	8	3	6	8	19	18	17	8	6	10	10
20	18	15	11	7	6	17	16	3	2	5	9	13	14	2	12	15	20	15	20
12	10	16	7	7	12	11	8	11	13	16	10	10	3	12	20	20	10	2	12
13	7	12	11	16	7	12	14	2	17	8	3	7	9	9	4	8	16	17	1
1	10	9	9	17	14	10	20	12	11	9	11	9	14	15	4	16	18	18	11
15	16	13	1	7	12	10	7	15	10	7	6	15	4	13	16	12	1	1	9
15	12	19	11	8	3	14	1	9	2	15	13	19	15	18	13	19	11	7	3
18	10	15	20	5	19	14	17	20	5	14	17	19	4	20	3	20	10	8	11
1	18	5	2	20	6	11	5	14	15	18	14	4	10	18	3	11	5	1	6
12	2	12	14	10	19	19	7	14	20	11	4	6	11	3	6	16	15	15	13
11	15	1	10	1	5	5	10	6	4	2	4	16	10	9	8	18	13	19	3
6	16	16	5	9	1	8	6	9	20	10	7	11	3	6	17	6	5	2	13
10	12	10	8	16	2	17	1	17	13	3	1	4	8	3	14	3	10	10	19
16	3	17	5	5	7	3	13	9	2	5	2	12	3	10	13	14	9	14	15
19	9	13	14	11	5	19	15	17	12	2	5	8	7	15	7	9	1	15	4
7	7	4	19	14	2	13	10	12	4	5	18	4	5	18	6	2	4	17	20
10	5	1	18	19	20	12	4	11	3	8	17	18	2	19	17	4	5	4	18
2	12	7	10	5	3	12	5	2	6	5	13	16	3	1	16	2	20	2	19
14	1	20	20	4	19	7	11	15	9	15	7	17	2	3	1	17	7	1	12
1	8	20	20	6	15	4	17	8	4	3	17	8	17	7	5	4	1	18	8
12	7	11	20	11	17	19	4	12	11	11	6	20	12	18	17	15	17	1	9
4	11	4	10	20	3	16	14	10	9	19	8	7	17	15	8	2	4	7	15
13	1	5	6	17	7	9	6	15	14	19	18	19	2	7	1	10	19	3	9
1	8	12	12	13	18	3	15	15	9	9	12	1	5	5	9	20	2	15	5
18	12	3	1	19	15	10	2	3	14	11	17	12	12	18	8	11	5	6	10
7	13	7	5	20	12	7	10	11	2	7	2	5	1	14	12	2	14	9	12
6	19	15	4	17	6	13	9	19	1	14	16	16	11	10	11	14	18	9	15
20	3	3	1	5	3	18	5	15	9	7	4	4	8	1	4	1	3	18	3
6	11	13	13	11	18	18	5	2	1	6	1	14	8	1	13	12	5	10	16
18	19	14	17	2	12	17	12	11	8	14	17	12	14	2	10	5	10	17	14
14	19	18	11	6	6	4	6	9	16	10	10	13	18	8	16	8	5	9	11
3	10	17	11	4	6	17	8	9	2	4	16	16	7	20	11	10	17	7	5
20	11	14	12	20	10	16	18	6	7	5	14	1	11	6	3	15	16	1	10
3	4	16	2	6	17	3	16	5	16	12	14	19	3	19	13	5	3	16	19
14	14	17	9	6	1	19	15	17	2	20	16	11	9	20	6	1	18	1	2
10	9	13	3	12	1	8	19	10	13	17	12	15	1	13	13	10	1	2	17
10	10	19	7	11	3	13	1	10	15	20	8	7	17	15	11	5	12	1	12
9	20	12	13	13	3	8	7	8	4	1	17	5	20	1	5	13	8	3	14
8	14	19	20	16	9	14	2	10	7	1	5	7	3	11	16	12	9	5	9
19	2	16	15	20	18	2	3	5	20	8	14	10	7	6	1	19	5	16	18
6	2	11	14	1	15	7	15	5	17	16	7	16	5	19	15	6	9	16	10
12	18	15	2	3	15	4	14	1	9	17	14	13	7	11	14	20	12	17	16
10	12	17	11	1	20	17	4	9	15	13	20	1	11	2	17	7	19	18	2
7	18	20	16	9	20	1	2	11	3	20	12	14	20	11	9	9	11	16	11
7	9	6	6	17	7	18	19	20	12	4	15	13	14	15	15	18	16	16	14
4	15	18	13	12	2	1	20	17	10	1	15	18	20	20	3	3	15	8	12
10	5	16	1	20	1	13	14	6	13	12	13	13	5	10	7	7	8	18	12
2	12	7	13	2	9	6	5	15	7	14	18	18	16	14	7	10	9	20	12
3	15	6	2	9	3	13	13	6	10	7	17	2	11	9	18	3	5	18	14
18	5	3	9	17	16	15	11	13	8	17	19	14	14	10	9	20	1	15	11
10	17	7	13	1	20	9	20	17	10	8	6	16	7	5	1	2	18	20	15
16	14	17	2	15	2	14	6	12	4	10	18	12	6	7	4	17	10	3	16
8	14	9	4	12	13	14	12	10	19	8	20	14	10	2	14	4	10	3	19
5	6	8	4	12	5	8	18	18	17	8	4	1	8	7	18	20	3	9	7
16	13	13	14	2	5	17	18	6	15	2	11	18	8	7	9	5	9	15	2
8	16	4	15	5	12	19	1	15	4	8	2	9	5	15	6	15	2	9	14
15	10	9	1	18	6	13	13	20	14	18	19	9	1	11	18	8	11	9	4
8	9	10	4	12	19	1	9	3	8	4	3	4	19	11	17	16	9	20	6
1	19	19	2	11	20	18	1	20	17	1	2	13	4	10	13	5	20	5	10
14	6	3	8	11	11	15	2	7	15	14	3	7	9	8	14	16	12	7	14
3	17	2	10	17	7	18	5	8	14	19	5	5	8	16	20	13	8	14	10
19	19	6	10	7	14	12	14	14	7	16	7	18	2	13	13	20	13	17	14
6	15	7	16	17	17	5	13	20	10	20	5	8	18	5	1	11	20	1	16
1	2	16	20	19	6	14	15	17	11	12	3	3	13	2	19	1	14	3	6
5	7	8	20	20	15	6	18	9	7	10	9	15	12	1	2	16	13	16	8
10	1	1	5	14	11	2	15	14	20	19	9	8	18	18	11	12	17	12	10
7	17	1	15	17	6	18	20	4	6	9	10	12	6	14	2	17	13	19	17
10	14	13	8	8	1	2	1	12	16	4	2	3	1	5	16	19	1	18	18
17	11	10	3	5	17	2	11	18	14	5	4	4	15	13	16	14	8	3	7
1	4	17	13	1	18	20	13	13	5	8	14	2	6	8	18	1	17	3	1
10	20	13	14	15	10	19	17	15	20	20	13	18	16	11	10	4	18	7	17
4	14	2	14	9	2	3	9	5	11	20	15	13	13	16	5	20	5	10	3
10	1	6	5	16	19	18	12	7	14	14	9	9	20	18	13	2	5	9	4
12	19	1	15	3	12	6	4	3	9	10	17	6	5	15	12	15	11	12	8
13	7	8	1	4	6	11	12	4	1	14	1	6	20	11	13	1	19	20	10
14	17	11	4	5	3	17	16	15	12	9	19	10	13	5	4	8	6	10	3
5	14	7	9	14	5	10	14	8	17	20	7	13	13	18	10	18	2	8	7
5	1	12	13	4	15	11	5	16	14	15	20	5	2	13	15	12	16	1	14
16	16	7	16	1	17	17	8	12	4	20	19	19	6	13	6	12	7	19	15
7	13	4	17	4	18	11	6	20	5	14	3	14	17	9	15	5	5	2	11
12	5	7	4	20	13	1	12	15	2	8	10	18	4	13	13	4	3	8	10
19	11	1	9	14	3	7	4	11	19	1	15	16	10	15	6	10	13	1	2
13	14	7	17	2	6	12	14	2	15	19	19	20	16	6	15	8	6	8	7
7	18	19	20	16	1	20	13	4	11	14	2	3	12	1	13	3	10	18	2
5	8	9	3	20	3	1	20	10	15	12	15	6	1	7	16	18	10	15	5
7	6	9	9	19	3	7	12	12	9	10	18	8	9	16	1	9	9	16	5
13	20	8	7	14	20	14	2	5	15	8	9	6	5	19	2	14	6	13	9
8	20	18	3	8	17	7	9	10	9	11	5	17	18	12	9	19	16	3	5
3	13	10	15	15	13	8	17	12	8	4	15	20	14	19	12	1	1	9	3
10	7	4	11	5	7	14	1	7	14	15	9	6	1	4	1	5	8	11	8
3	6	2	8	1	6	12	15	17	20	15	14	20	12	14	7	17	1	18	19
7	9	7	9	13	9	2	17	6	11	7	11	15	10	6	14	18	10	19	2
19	15	3	8	14	17	2	10	19	13	11	1	4	9	8	6	2	17	5	10
9	16	7	16	5	10	10	5	2	4	20	13	10	3	9	4	3	18	5	2
9	18	18	2	14	13	3	4	9	20	1	3	8	5	5	1	18	8	13	2
20	18	18	1	9	15	2	14	6	13	5	13	6	7	16	6	15	3	12	16
1	14	20	10	11	19	12	13	17	5	12	14	15	18	8	9	14	19	1	1
6	17	4	12	2	8	11	6	12	3	7	19	19	1	2	20	4	20	6	5
11	4	8	17	1	9	8	11	1	7	7	5	14	7	15	14	13	14	14	4
12	11	4	12	2	20	4	17	1	8	19	10	15	16	10	11	7	15	6	13
9	4	11	16	20	15	10	17	12	7	9	11	6	12	1	12	9	14	1	19
17	8	6	1	4	16	8	4	17	7	10	10	15	5	18	5	4	12	8	12
13	1	7	10	15	8	11	16	19	5	9	7	3	13	19	20	10	8	1	2
10	12	7	13	13	14	18	18	5	5	9	12	9	15	5	12	10	2	14	17
13	9	9	12	11	20	17	10	7	7	11	18	11	17	12	12	1	17	11	17
15	19	8	4	4	2	15	3	4	20	7	19	12	16	18	17	10	9	11	3
19	4	7	12	17	16	16	12	17	10	15	6	11	18	18	6	13	16	15	6
12	9	15	12	6	11	1	17	20	18	18	5	13	10	15	12	16	12	3	2
2	18	18	10	3	3	16	5	1	15	14	12	8	16	5	11	14	4	9	4
20	4	10	15	5	9	8	19	15	13	1	9	15	7	4	9	6	9	9	5
6	19	20	11	16	17	20	14	3	5	10	7	14	1	15	1	1	5	2	16
5	4	17	16	16	15	18	7	20	14	9	15	9	2	18	5	16	14	20	9
9	20	16	3	9	6	15	3	7	14	11	4	9	12	19	14	14	4	5	4
18	11	6	11	10	11	12	20	3	4	8	18	19	7	2	19	1	19	5	13
17	5	4	18	20	11	5	5	17	1	2	9	6	15	1	5	10	15	19	18
13	11	6	11	19	4	16	12	13	1	6	13	10	11	7	20	1	19	16	6
9	7	14	4	17	2	19	3	20	15	14	1	7	1	17	14	4	9	8	19
18	8	5	13	20	5	13	4	19	19	5	7	10	19	14	1	5	7	2	3
6	6	15	17	6	1	3	14	20	10	15	19	1	14	4	17	20	19	20	19
2	19	10	4	10	11	20	1	5	11	8	17	8	16	4	15	9	13	18	15
11	12	7	12	5	20	17	14	17	4	13	7	12	17	16	18	1	2	11	5
8	11	19	17	18	4	18	15	11	9	20	16	1	17	4	9	17	17	13	18
11	12	2	9	9	12	12	16	5	13	18	13	14	12	4	10	19	16	17	5
1	20	15	10	9	9	20	15	7	20	2	11	13	18	7	13	7	1	2	9
10	7	2	17	19	1	5	11	16	14	13	13	8	3	2	3	11	1	11	6
1	11	3	4	4	13	5	3	6	9	19	7	7	13	14	8	10	16	20	10
3	16	3	20	13	5	8	20	13	10	9	10	11	9	3	6	14	1	8	18
16	17	17	18	16	19	17	7	19	11	12	15	2	5	13	12	9	19	8	2
18	14	8	18	9	3	19	19	3	7	18	5	15	19	3	2	6	17	5	8
2	3	4	2	19	6	11	19	18	18	20	6	14	1	13	10	19	6	15	6
6	5	18	2	4	10	3	1	9	3	20	5	9	5	9	12	8	12	2	8
17	20	4	14	1	9	3	4	5	1	5	13	6	6	10	13	20	15	2	19
18	1	20	1	3	4	18	17	15	15	14	5	16	8	2	19	17	10	20	18
12	17	14	3	1	16	15	17	17	1	16	18	4	4	9	17	2	1	16	11
6	16	13	18	6	16	8	15	10	9	8	14	2	2	15	14	3	2	5	4
2	20	9	3	15	13	13	1	12	9	4	15	8	4	7	13	17	6	2	18
14	3	20	4	7	4	11	15	18	14	5	2	7	15	18	18	14	8	9	6
1	19	20	2	6	14	11	20	7	10	2	8	6	8	20	6	13	20	10	6
3	6	2	5	2	8	6	2	18	9	4	4	18	18	20	10	19	14	7	14
5	3	10	4	15	5	20	3	2	13	4	15	1	7	1	20	14	12	1	15
2	15	3	2	11	18	5	12	2	4	11	6	9	20	7	12	19	9	2	3
9	13	18	3	16	18	15	20	3	9	13	4	18	14	20	7	12	16	14	19
2	2	15	3	6	2	19	2	8	8	6	11	16	10	15	5	20	7	9	2
2	4	2	15	17	10	8	12	15	8	3	8	4	3	3	13	14	5	10	8
1	2	4	19	5	13	19	8	16	17	13	4	16	20	8	5	17	4	12	10
9	14	3	1	19	8	16	12	12	20	12	10	13	3	20	9	11	17	19	8
16	20	6	7	5	15	16	17	15	10	17	13	7	20	9	1	4	8	9	14
17	8	20	20	9	3	13	2	12	4	8	11	1	3	7	15	9	1	16	16
17	10	14	17	1	12	15	18	11	2	6	15	9	2	17	4	11	9	6	17
8	10	11	15	10	15	14	5	8	3	3	13	1	1	17	6	19	2	12	20
14	12	18	1	16	6	11	7	15	2	10	12	20	1	3	3	16	5	1	5
12	4	1	12	10	10	20	9	8	9	8	18	8	18	10	11	11	17	2	9
20	10	19	17	18	6	12	16	16	17	17	13	6	11	6	5	9	16	3	10
14	15	10	5	8	6	5	6	6	9	14	7	7	3	9	19	1	20	13	1
2	4	20	8	5	17	4	7	16	19	16	19	19	1	2	16	4	1	1	3
12	20	8	5	7	2	12	5	10	18	12	3	6	8	9	19	20	5	3	15
11	5	16	4	10	8	9	8	19	9	10	13	15	9	15	9	6	15	7	20
10	16	2	13	1	14	5	15	9	13	6	4	3	20	15	4	11	6	2	5
12	16	15	17	18	3	9	15	8	19	14	14	14	6	16	9	5	7	6	6
4	1	8	11	8	8	5	5	11	13	6	9	17	2	1	8	18	10	4	2
13	10	4	20	12	10	4	8	20	20	15	19	12	2	3	15	1	20	8	19
17	2	8	19	5	8	7	1	18	16	19	19	16	8	3	13	19	17	8	4
4	7	14	6	2	2	14	13	12	5	18	2	5	12	9	11	15	16	1	16
11	8	6	2	20	12	7	10	13	1	7	4	12	18	19	7	12	12	8	14
8	13	14	4	14	20	2	19	13	19	2	7	10	18	10	7	19	14	11	18
16	20	3	8	18	14	2	16	4	8	12	10	7	4	17	3	8	7	7	19
3	10	12	2	2	9	2	13	17	4	15	1	7	6	10	4	19	10	5	13
9	16	9	8	10	1	8	11	9	3	7	8	1	16	5	16	5	19	1	20
13	6	6	2	20	8	12	8	13	2	16	5	18	8	12	1	2	10	20	12
13	7	4	1	10	4	19	14	1	14	17	15	6	7	17	13	5	10	15	19
14	12	16	18	4	4	16	18	14	4	16	14	17	5	11	6	17	13	15	9
16	6	8	10	2	3	17	9	7	1	3	19	18	5	7	12	20	5	13	4
17	14	16	8	6	10	12	20	9	20	11	1	5	1	10	6	4	2	16	18
16	1	4	7	5	6	8	4	12	9	3	12	12	8	8	16	19	6	19	10
15	18	6	9	8	19	20	18	20	20	13	20	4	11	12	6	17	10	18	10
16	9	15	6	10	13	3	5	8	5	10	10	13	13	2	11	15	7	2	5
16	4	9	12	7	16	4	3	18	18	14	6	14	19	16	4	2	3	14	9
4	12	10	2	4	19	17	9	9	17	8	8	4	19	8	14	4	19	5	18
12	8	11	8	2	4	19	18	13	10	16	13	18	20	8	6	17	3	13	1
18	3	20	8	3	15	19	4	18	5	9	15	4	4	1	14	1	15	14	17
13	19	1	10	19	20	5	3	6	10	7	15	20	12	6	8	18	4	12	14
1	8	7	6	7	11	4	3	15	14	4	17	4	1	4	13	2	7	7	1
4	17	18	18	12	17	14	6	3	15	9	13	11	8	6	9	17	9	10	12
1	11	13	1	9	7	10	19	19	19	11	3	14	9	4	1	11	5	17	2
17	2	19	16	10	6	17	1	9	12	1	9	1	10	16	8	6	8	16	5
11	14	4	11	10	9	15	7	15	13	15	11	16	1	14	5	10	16	16	20
20	2	1	13	9	5	14	2	2	6	5	18	11	15	7	6	16	17	15	9
15	4	18	7	5	9	15	8	2	6	2	12	14	7	7	9	10	9	7	19
18	5	2	8	17	17	2	10	13	15	13	16	3	17	5	13	7	19	10	3
19	18	7	20	11	16	20	12	5	6	19	9	1	13	7	12	11	1	15	1
15	4	12	1	8	6	17	2	6	8	8	1	18	19	20	6	14	7	5	16
14	13	3	12	5	7	14	10	6	12	10	10	7	3	7	6	9	13	11	20
13	14	10	15	2	1	6	17	15	15	6	3	17	8	16	16	4	16	13	2
11	12	6	12	12	18	9	5	11	18	6	19	15	10	17	13	7	12	5	20
8	12	6	9	5	18	19	9	12	13	3	14	4	1	15	6	14	6	3	11
5	20	18	8	3	7	20	4	3	4	14	11	3	9	9	9	7	3	15	13
18	18	8	9	10	9	7	1	1	12	16	18	1	14	14	5	3	15	11	13
15	4	20	5	6	18	14	12	13	3	1	10	7	20	7	14	7	19	17	11
11	16	20	9	16	17	5	7	9	7	2	5	6	18	12	20	4	6	9	13
2	14	11	6	17	9	8	8	13	3	2	6	9	6	9	20	3	3	16	11
1	10	9	17	14	3	20	17	19	20	14	17	18	17	7	1	5	13	13	6
19	10	10	12	2	8	2	14	12	10	3	14	19	12	14	13	20	14	11	11
4	3	19	18	20	18	11	19	11	9	9	1	2	17	11	8	15	6	4	19
1	5	12	11	10	6	11	13	11	16	15	5	1	18	2	3	16	19	1	19
13	6	5	15	5	3	3	19	9	13	5	12	8	13	11	5	20	9	14	16
10	5	13	13	18	2	2	10	11	13	14	19	2	15	6	8	20	15	1	20
7	16	12	2	4	16	19	5	16	11	19	14	10	20	3	13	19	6	12	1
12	14	7	9	17	13	5	18	10	15	2	7	8	9	17	19	20	6	5	15
19	16	17	2	17	17	20	2	16	2	8	18	16	5	1	6	4	9	9	17
8	18	5	7	17	15	11	7	18	8	5	19	5	19	3	16	6	19	5	16
5	12	15	19	9	8	11	11	3	19	5	9	16	14	15	19	17	1	13	9
1	9	18	16	18	12	13	13	8	17	5	14	10	14	19	4	16	19	9	11
4	9	2	8	4	16	7	11	12	9	14	14	20	8	10	1	16	3	5	2
9	3	15	1	11	9	20	3	1	5	4	5	10	11	19	10	10	20	17	11
20	3	3	1	1	14	16	9	1	12	17	5	10	14	10	20	9	13	20	13
19	9	9	5	13	20	5	9	2	8	1	12	10	13	17	6	15	9	16	13
7	4	1	20	7	3	11	10	6	16	14	1	3	14	10	8	8	1	14	2
4	5	17	9	10	11	8	15	19	3	14	17	12	14	11	1	16	5	5	17
1	4	17	4	20	19	4	1	18	9	10	6	15	20	10	4	17	3	12	5
6	10	9	10	12	6	7	6	14	10	20	2	15	15	17	5	11	20	17	20
8	5	10	20	19	19	4	13	9	8	20	1	11	17	8	13	13	16	19	17
3	12	1	11	19	16	15	5	14	3	10	13	13	4	5	7	4	15	1	15
12	20	14	17	17	4	9	9	11	3	6	4	3	16	20	20	16	5	8	5
11	4	11	11	8	19	20	18	10	7	13	18	18	12	20	10	7	3	3	6
7	2	7	7	4	15	10	16	20	3	9	5	10	15	4	4	18	9	14	1
19	1	1	4	2	8	11	2	11	11	9	5	19	9	19	1	19	3	7	11
5	6	3	5	6	16	1	5	10	12	2	10	8	9	15	20	6	5	3	11
11	3	4	11	19	13	3	8	5	19	8	15	10	14	17	6	15	3	12	16
14	8	11	2	1	7	16	8	12	12	3	9	16	11	18	3	8	9	2	3
13	5	18	19	15	15	17	9	6	20	14	2	18	10	19	15	2	4	14	16
1	12	13	7	14	20	11	7	9	13	5	15	5	6	3	20	8	10	17	8
13	2	17	11	5	10	17	5	11	15	2	11	7	19	12	13	14	17	8	18
9	17	15	17	6	14	3	13	11	9	18	16	16	7	2	7	7	2	17	3
1	9	13	13	8	11	3	15	14	16	20	16	13	17	14	20	18	15	11	16
3	14	9	20	5	1	13	15	17	4	11	17	9	11	19	9	20	12	5	11
19	16	15	2	16	4	16	16	2	20	1	12	17	12	16	15	18	5	15	2
5	10	15	6	10	3	11	4	1	18	7	20	6	4	5	4	7	17	18	11
13	6	14	20	12	1	2	6	8	16	5	12	1	2	9	18	16	20	15	11
11	19	12	14	8	4	12	8	11	20	7	8	2	5	18	20	13	13	18	7
1	7	18	7	4	17	6	10	1	3	5	8	3	4	17	14	7	12	10	13
4	15	17	6	7	5	15	18	15	19	14	20	6	12	5	19	10	4	6	16
1	6	13	6	6	7	10	8	16	10	19	6	8	11	10	20	5	20	16	15
2	20	4	16	3	20	15	8	18	13	5	7	14	15	6	14	13	19	18	19
12	12	10	9	4	11	13	14	18	18	3	20	7	10	5	16	2	15	7	7
13	18	4	8	7	7	5	8	1	9	19	9	6	14	12	6	3	20	19	16
11	4	10	3	18	7	5	1	16	16	8	19	9	14	2	10	16	4	12	12
11	12	10	8	9	20	6	19	1	7	7	9	12	3	4	20	13	13	5	12
4	17	14	11	7	13	10	4	8	6	1	7	3	1	8	3	12	16	20	20
13	8	17	5	5	7	18	12	2	1	3	13	17	20	11	5	8	13	1	8
1	11	18	6	11	16	15	1	17	17	5	7	17	11	1	3	16	9	1	11
14	9	20	3	17	10	17	15	13	1	6	4	10	6	5	2	1	11	4	6
7	20	2	19	13	13	10	8	10	13	20	14	13	3	5	4	19	16	18	20
14	7	2	16	12	11	19	1	13	2	19	2	2	12	4	7	3	8	9	11
9	18	11	14	20	6	6	20	12	11	16	7	13	17	2	2	6	19	5	16
17	4	17	6	18	3	18	20	14	17	8	12	1	15	16	11	4	5	12	15
12	5	12	14	3	19	6	14	19	6	14	20	11	15	3	8	15	2	8	11
14	9	12	20	5	15	7	9	14	18	9	14	10	8	14	6	2	10	13	6
17	18	8	16	19	15	11	6	1	20	9	16	3	6	20	4	1	5	7	14
20	5	5	19	9	7	3	18	15	19	10	17	16	6	19	6	1	10	2	14
2	4	6	10	4	12	2	14	1	9	3	13	15	9	19	2	6	1	11	15
11	10	16	1	14	11	1	15	5	19	2	11	11	11	8	5	6	11	11	8
2	5	9	9	4	4	10	4	7	2	12	14	1	17	3	3	18	9	20	12
17	7	1	9	13	8	8	15	20	16	14	13	2	1	15	9	16	19	6	20
18	14	2	13	4	11	13	15	17	1	18	19	18	1	3	20	4	1	20	15
11	8	14	4	19	15	13	20	15	16	12	14	14	19	17	19	9	2	16	4
5	8	4	17	1	19	6	16	16	11	1	7	5	2	11	11	8	11	5	16
15	14	13	18	1	15	9	17	4	12	10	15	4	9	3	8	8	9	19	13
13	2	5	2	19	12	13	20	2	2	14	13	20	1	19	8	14	11	14	18
11	9	3	12	4	6	3	17	2	2	2	18	10	15	18	14	10	1	3	4
2	18	4	14	6	17	20	16	15	13	2	20	7	6	6	10	12	14	4	9
11	5	18	19	4	9	7	16	5	15	20	20	9	16	19	7	9	19	17	20
6	2	18	14	5	2	8	1	7	19	6	14	20	4	20	16	11	20	20	12
12	15	8	4	15	12	2	17	5	3	19	7	13	20	14	9	10	14	13	20
11	9	5	10	2	20	6	20	12	10	19	7	20	3	15	2	17	8	9	7
1	9	9	15	19	5	2	15	16	8	7	16	7	8	8	7	20	1	2	13
7	13	3	1	12	20	19	9	8	19	2	15	16	9	7	15	9	3	1	18
19	14	2	4	8	13	16	14	18	4	17	16	20	18	3	9	3	2	20	6
15	5	17	7	14	16	8	13	2	12	12	10	16	18	14	9	16	13	19	7
14	14	16	14	10	18	11	18	16	3	18	10	16	19	19	18	19	13	18	8
15	7	13	13	1	17	6	14	14	5	5	8	10	2	10	1	19	11	19	3
12	1	18	6	6	2	7	9	17	19	13	4	3	12	8	9	7	8	18	17
14	19	12	18	6	1	13	11	8	16	5	11	20	12	17	20	17	15	8	17
19	16	2	19	20	16	1	10	18	17	2	1	1	17	14	13	15	8	16	4
6	12	15	6	11	1	15	10	9	15	11	8	13	19	9	13	11	11	13	8
3	10	12	20	7	17	6	6	15	18	17	13	14	9	14	9	18	15	4	14
1	2	3	1	17	6	9	15	3	1	4	14	7	13	6	4	4	3	7	17
10	11	12	8	14	1	7	10	14	7	9	16	10	1	9	11	9	1	15	17
3	12	1	1	14	1	10	13	15	20	14	13	14	2	19	16	19	11	3	10
4	15	19	19	19	8	19	9	18	9	14	12	18	10	11	11	20	17	6	3
19	1	2	19	4	10	16	2	20	2	4	15	13	20	6	17	1	18	20	6
20	3	1	8	16	10	4	18	10	3	13	10	7	4	9	7	14	16	1	8
13	8	17	1	17	2	14	12	4	2	1	3	1	18	2	3	12	12	14	20
7	17	1	5	3	1	16	4	6	4	10	7	12	11	11	8	16	20	17	4
11	15	12	6	1	10	13	18	9	2	7	16	10	2	19	10	16	5	8	14
8	20	16	19	14	15	19	12	13	4	7	5	8	10	14	3	3	5	11	20
4	10	7	6	5	9	1	7	17	13	4	6	18	2	8	10	16	16	3	15
20	2	5	14	7	17	15	4	20	19	13	14	13	19	16	19	4	12	7	8
3	14	1	19	17	11	15	17	19	2	7	14	18	3	19	15	10	12	20	2
1	9	6	7	7	10	5	3	4	8	11	3	18	12	17	17	5	19	8	1
7	6	11	14	20	15	5	5	17	5	13	13	7	19	13	8	2	13	16	8
2	9	12	12	3	7	19	10	8	13	16	12	2	14	6	6	19	8	6	10
12	8	11	3	1	1	10	11	6	9	6	17	20	16	20	11	6	10	20	15
16	9	7	8	5	11	13	2	13	2	18	15	2	5	11	20	4	13	19	17
15	6	11	7	11	5	8	4	5	10	7	3	18	18	11	9	15	5	3	20
12	2	8	15	13	3	15	11	15	17	16	11	1	15	4	1	11	7	17	13
3	8	9	15	7	13	1	16	12	7	13	10	10	2	6	12	5	6	2	4
20	2	6	6	18	9	10	15	18	15	10	18	9	13	15	3	14	7	19	4
4	17	17	1	6	5	9	12	13	2	19	2	5	17	14	9	6	13	13	7
15	1	17	11	9	6	4	18	9	1	1	15	5	13	20	14	2	9	20	4
8	8	1	4	14	6	1	18	20	18	4	10	8	9	17	10	6	18	9	5
4	8	7	20	9	6	9	8	13	15	5	11	17	10	20	16	6	2	7	19
20	14	13	14	19	18	16	9	7	2	14	2	9	1	12	18	13	19	2	6
14	9	6	7	18	6	13	12	4	4	2	8	15	18	1	3	7	9	19	1
9	8	8	13	1	1	18	5	7	14	14	18	12	13	5	18	16	19	14	3
8	16	7	12	9	10	8	3	3	7	20	12	15	17	16	17	4	19	9	4
9	5	6	17	20	11	10	20	19	11	12	5	17	4	14	12	1	1	11	19
20	3	5	19	15	9	15	20	7	17	9	20	12	8	4	4	2	20	6	20
15	19	7	5	7	16	14	20	15	10	13	11	2	1	4	14	14	4	3	14
16	5	1	16	16	11	2	11	2	16	5	14	13	12	7	11	1	15	9	11
1	20	2	20	17	5	2	18	3	3	1	1	2	17	10	12	12	14	9	14
11	11	8	13	20	9	8	4	12	4	17	2	13	4	6	10	1	11	10	10
4	20	6	13	17	11	5	11	14	18	17	14	3	2	20	3	9	4	14	20
13	6	12	6	9	9	7	16	10	3	12	19	14	9	16	5	8	16	1	19
10	9	7	4	20	8	8	15	7	1	2	17	6	5	8	16	2	19	6	19
12	2	19	4	20	1	10	12	17	10	16	1	13	4	2	13	4	10	8	10
3	16	9	18	20	15	13	17	18	14	5	4	9	7	19	4	12	2	2	19
18	15	19	5	7	18	16	16	19	14	8	7	3	15	14	15	9	19	17	4
12	8	15	11	15	17	12	6	6	11	16	16	4	2	10	17	13	4	4	1
4	12	8	10	17	6	1	3	6	19	10	16	3	15	8	11	17	8	11	13
13	17	2	12	16	18	16	4	2	13	3	18	14	12	5	11	20	20	8	14
5	10	6	10	14	6	13	4	3	11	5	11	15	18	6	11	15	13	20	10
5	19	9	19	19	5	3	7	12	9	13	1	20	16	11	3	10	6	6	12
11	18	17	1	4	1	15	17	10	12	1	1	19	7	13	6	17	20	3	14
18	2	6	17	19	8	1	16	9	20	18	9	6	5	20	5	19	15	6	7
2	8	2	10	19	8	15	9	4	2	6	1	2	6	18	15	20	17	3	17
16	1	6	18	7	13	14	20	19	1	8	3	20	8	16	16	18	20	6	5
20	8	5	17	19	3	6	16	3	15	5	16	19	16	6	2	2	8	17	18
2	16	19	1	2	14	16	18	4	15	7	10	6	18	12	9	7	11	12	14
17	16	2	13	11	15	8	3	2	14	14	19	8	7	16	13	11	14	12	1
6	17	5	14	8	9	5	4	8	6	8	3	3	5	12	8	1	4	6	12
20	14	7	17	15	19	12	3	6	2	10	4	2	7	2	9	18	19	20	3
18	2	17	4	5	18	16	10	1	11	1	15	13	3	9	6	20	10	19	2
3	7	3	12	18	4	15	7	9	5	4	6	7	16	8	13	10	6	6	19
15	15	19	13	8	14	10	4	14	17	19	13	10	4	20	5	7	2	4	15
17	6	2	3	10	4	14	2	4	17	14	14	16	18	17	2	19	4	13	2
15	1	4	17	17	9	19	17	18	2	16	5	13	7	3	7	3	19	3	5
19	13	9	10	4	16	14	17	15	18	2	6	10	16	7	9	19	2	2	14
2	11	6	2	5	10	19	10	13	9	6	18	10	19	16	12	5	17	16	17
16	6	12	16	6	15	15	12	11	17	20	5	6	16	5	13	18	15	14	14
3	6	16	7	16	11	10	17	3	7	5	3	3	12	2	20	9	12	17	4
13	18	8	14	13	20	5	2	6	17	19	17	15	13	4	3	12	6	17	8
8	5	19	17	7	4	1	3	20	5	6	15	18	20	8	2	10	9	13	3
19	2	16	5	7	2	15	18	9	14	11	11	6	13	13	2	17	12	16	12
4	14	15	7	5	17	15	16	2	16	18	8	15	7	18	3	1	15	16	16
17	12	7	18	5	7	17	9	5	16	2	5	15	8	12	6	13	14	4	4
5	6	16	15	7	4	11	5	7	5	4	17	12	16	3	6	20	6	19	13
15	15	8	5	13	3	10	20	1	17	17	17	7	5	5	8	9	4	10	17
17	20	9	5	18	8	16	16	13	5	19	5	16	2	11	19	3	5	8	5
20	2	2	3	11	10	12	9	10	8	4	6	8	11	19	11	7	6	18	2
2	15	19	18	2	16	16	15	3	1	8	9	11	12	17	13	13	11	7	7
8	14	16	11	16	8	4	4	6	18	10	12	10	14	9	1	20	16	11	17
19	15	20	9	17	3	9	10	8	13	15	14	7	8	6	4	7	13	7	5
18	14	14	12	4	13	13	2	17	2	20	20	7	20	2	3	1	20	9	18
17	15	3	14	20	7	6	17	5	17	19	14	16	17	3	20	13	5	18	18
12	6	20	4	14	18	14	18	16	11	16	4	15	6	17	11	6	19	19	4
18	20	1	8	19	8	15	14	18	2	6	10	15	9	7	14	9	19	1	3
1	18	16	1	5	19	3	10	10	13	9	4	7	19	8	11	19	20	12	10
10	19	6	18	3	7	13	19	6	20	10	2	20	6	4	11	11	16	5	3
18	3	11	20	14	1	6	11	18	2	14	20	3	5	1	20	4	11	4	11
3	10	1	9	6	3	15	13	1	2	3	9	5	20	7	14	7	8	8	9
14	17	13	1	13	10	16	18	3	2	14	19	7	3	8	16	19	9	2	19
19	20	2	16	1	5	20	5	11	4	4	5	2	6	16	5	2	20	11	12
20	9	8	19	3	17	11	3	4	10	3	6	15	5	7	6	5	4	4	13
6	5	13	15	7	15	14	10	11	13	9	13	20	2	7	8	5	3	3	9
12	6	20	11	14	3	1	7	11	17	9	7	9	18	4	13	10	11	15	8
11	1	15	13	8	4	20	4	13	4	11	6	6	15	15	12	4	2	11	13
16	7	8	7	14	4	13	18	18	13	10	8	9	18	11	15	12	9	16	2
9	17	18	11	8	11	14	19	5	5	2	6	3	8	6	6	19	7	9	15
11	17	1	6	3	14	14	5	20	3	11	12	6	8	11	13	13	9	13	2
13	10	9	18	7	5	12	15	15	18	14	1	2	7	3	16	17	20	9	1
10	15	17	15	8	17	9	13	15	1	14	14	9	7	11	18	20	13	5	7
6	2	14	17	12	16	9	11	17	6	18	15	8	20	2	15	6	8	20	17
9	13	12	4	10	7	14	13	20	10	13	2	8	20	16	7	1	19	1	12
14	1	18	4	7	19	8	11	20	11	19	10	19	10	5	17	7	6	18	9
13	11	12	5	2	11	15	1	16	12	9	19	17	19	16	18	2	17	10	10
8	17	15	15	10	2	7	15	16	3	3	6	15	14	12	6	2	3	18	16
3	8	11	2	16	12	14	11	19	8	6	7	3	16	19	4	13	3	2	18
5	1	15	2	8	12	4	11	7	17	20	18	14	19	13	6	5	10	17	7
17	5	17	12	7	19	14	19	7	8	2	15	3	20	17	3	2	13	3	8
18	20	10	16	13	20	14	13	14	20	6	7	2	5	19	18	4	10	15	12
18	1	11	18	15	7	2	18	15	12	16	17	1	18	5	3	9	4	14	11
15	4	8	13	14	14	11	20	19	9	18	4	10	17	3	20	6	16	13	10
3	3	1	15	13	12	5	8	8	10	16	15	18	1	7	12	19	5	19	1
18	9	14	4	4	17	1	13	9	1	13	10	1	19	5	17	6	5	18	9
13	7	8	13	12	20	7	17	20	12	14	19	15	2	6	3	8	17	4	6
2	20	2	17	7	8	12	7	15	18	4	20	7	5	1	8	7	10	16	17
4	16	5	8	15	7	11	17	7	18	5	7	18	19	6	11	20	1	20	20
13	19	2	4	5	16	11	10	13	9	12	18	5	7	10	6	3	6	19	20
7	17	3	3	1	7	13	9	5	8	2	8	3	7	10	8	7	9	19	8
4	6	10	6	18	3	10	7	7	3	12	8	16	19	11	6	5	14	16	18
16	5	12	12	10	18	3	16	14	3	15	19	16	2	3	15	18	6	7	3
18	10	20	1	5	5	8	16	3	11	18	4	13	13	18	12	14	2	1	9
16	3	9	19	19	14	12	7	9	2	5	17	5	1	10	13	8	15	13	16
20	20	4	6	8	7	16	1	16	12	13	15	4	11	12	1	8	7	11	1
2	9	13	7	2	4	4	4	13	19	16	16	15	8	15	16	3	6	6	14
17	19	7	7	15	20	7	4	14	8	20	7	16	10	14	13	20	1	11	14
11	3	18	17	12	7	19	9	7	19	6	17	2	18	12	9	3	20	7	14
3	9	7	11	2	16	3	17	20	1	7	6	19	15	16	5	19	3	12	8
12	13	17	18	11	17	17	8	2	8	2	15	16	10	6	10	15	9	4	5
18	3	4	18	2	3	17	9	20	7	10	17	14	9	2	7	17	2	5	10
2	12	18	10	14	3	6	8	18	9	8	20	2	3	5	4	6	2	15	1
12	2	15	17	18	12	5	19	11	2	10	13	20	9	3	7	6	10	12	13
16	17	5	15	17	18	3	14	13	9	8	15	19	4	1	15	15	7	16	8
1	19	7	2	19	11	20	9	14	11	7	7	8	2	1	16	10	6	15	13
7	15	1	16	14	4	9	14	16	12	6	8	15	4	4	8	17	3	5	6
14	13	12	11	13	18	14	9	16	10	8	10	20	12	8	2	6	20	18	10
15	7	9	14	14	17	17	15	17	8	20	20	1	5	5	20	14	18	4	5
5	18	20	7	13	9	4	10	12	18	4	20	1	5	13	6	14	20	1	19
11	1	13	9	20	11	1	16	11	13	6	4	20	3	18	13	7	18	14	15
18	7	19	9	16	3	18	15	16	8	5	6	6	14	1	12	2	9	17	10
20	7	18	3	17	12	16	13	16	4	16	20	7	1	10	11	4	14	6	20
3	20	2	2	14	1	9	9	3	3	3	17	1	2	20	8	7	16	2	9
3	9	16	7	1	1	20	6	19	20	1	1	15	12	16	7	3	13	14	11
13	17	5	8	10	7	19	2	4	12	4	16	16	20	17	13	18	9	7	4
19	17	10	9	18	18	2	7	3	14	7	14	3	5	6	13	14	10	18	15
15	16	2	5	4	16	18	12	11	1	3	14	18	12	9	7	9	5	5	12
3	16	7	19	8	4	14	3	6	18	1	16	19	2	1	19	12	9	19	1
15	4	18	16	14	5	19	19	16	4	3	18	11	19	20	7	12	20	4	19
8	18	17	15	19	2	3	15	14	8	1	15	9	4	15	20	11	13	15	6
1	16	18	4	19	5	8	10	11	17	9	16	19	1	18	10	15	16	17	20
12	13	10	18	16	3	19	13	18	8	20	3	19	10	11	11	5	8	3	17
20	9	14	18	10	15	19	12	14	10	20	13	9	14	1	12	13	11	9	4
7	6	12	1	6	17	1	5	4	8	9	8	4	3	10	15	11	14	18	9
1	6	19	6	7	3	19	15	3	16	5	4	10	15	14	18	9	14	9	6
13	9	4	19	19	2	7	4	20	11	5	7	11	17	7	18	13	9	6	18
11	4	3	8	4	1	19	10	14	19	9	8	16	10	14	4	1	18	6	4
7	14	2	19	19	20	1	4	16	10	12	16	17	8	14	6	1	4	13	1
4	8	12	8	15	3	15	9	11	6	11	2	16	17	19	18	14	8	4	2
10	17	2	17	18	15	9	4	1	14	20	15	1	12	11	10	17	13	3	19
11	6	10	10	10	18	11	19	8	5	5	6	9	7	17	6	8	12	3	7
3	1	12	14	1	4	12	1	9	12	15	4	14	18	3	2	19	18	1	18
6	9	7	11	3	20	13	10	20	2	6	9	1	15	2	9	1	9	1	1
18	15	15	6	3	5	19	16	6	16	4	7	14	5	6	12	18	18	5	18
19	12	9	11	4	1	15	13	2	3	7	20	6	14	11	3	6	15	11	10
7	1	13	5	19	6	3	7	5	2	2	4	1	10	20	9	4	5	14	2
4	6	5	18	3	15	2	4	1	20	19	13	3	6	11	2	4	16	9	14
7	1	5	9	10	15	6	11	13	7	6	9	15	2	7	20	12	10	16	17
13	16	14	6	13	9	15	5	20	1	13	16	9	7	11	3	3	19	10	20
6	1	16	16	14	16	17	7	10	5	5	10	11	7	20	13	2	20	12	12
4	8	7	15	1	8	18	10	20	17	12	6	7	9	3	18	12	18	11	20
17	17	14	17	16	10	4	13	11	17	8	2	10	4	12	12	19	10	5	19
4	15	18	5	11	8	18	5	4	3	2	19	4	5	11	8	14	13	7	14
10	12	19	4	13	1	5	6	9	17	12	20	12	17	20	18	8	17	2	1
18	10	6	4	7	18	3	19	17	9	8	12	6	18	12	2	14	18	14	20
18	1	14	7	14	3	15	12	1	17	1	3	4	9	7	3	4	8	11	3
5	9	19	15	11	6	4	15	16	11	7	11	3	5	5	4	15	13	8	12
3	6	13	20	5	8	7	6	8	11	2	1	9	12	12	13	12	8	7	16
8	17	11	18	19	20	14	3	9	12	15	18	8	7	16	13	6	9	5	11
14	10	3	4	7	8	19	16	14	14	2	12	4	5	16	13	8	12	16	15
6	12	20	10	5	14	15	13	13	7	15	5	13	4	7	8	20	14	17	19
19	15	16	8	3	11	14	1	19	2	5	4	19	1	2	7	8	19	6	18
11	7	17	20	19	6	3	6	1	19	1	2	14	16	10	4	7	19	15	11
11	18	3	1	9	5	12	6	10	11	8	12	14	19	2	18	16	4	11	16
8	7	4	18	20	11	16	11	11	13	20	1	7	18	20	4	8	1	19	18
11	18	12	6	2	19	9	4	15	20	8	8	17	5	8	3	9	2	16	17
6	17	12	15	16	6	13	12	20	17	19	6	9	17	1	18	10	16	9	7
13	18	6	12	10	13	14	7	10	1	16	10	11	9	17	3	9	5	4	7
13	8	19	8	14	12	19	19	3	5	19	16	1	11	11	20	15	9	6	8
18	15	6	17	10	3	11	1	6	16	6	12	6	11	14	3	2	6	14	13
17	1	10	1	5	11	7	9	13	3	18	11	14	17	12	11	1	19	4	5
5	12	17	15	10	20	4	16	13	2	15	2	20	17	9	9	17	14	11	10
14	1	1	5	12	8	1	10	10	18	1	12	6	14	3	20	7	7	1	20
16	11	19	12	8	2	10	10	16	20	1	6	1	8	14	20	11	3	13	11
18	14	18	1	8	12	3	5	14	10	6	9	1	7	7	10	6	2	19	16
14	9	12	19	17	1	16	19	1	14	19	2	18	4	20	10	20	15	7	19
4	6	14	8	12	3	5	7	10	13	2	7	15	14	10	17	7	8	17	2
11	1	11	14	3	11	1	10	6	9	9	20	3	15	3	18	16	14	1	13
15	18	10	8	10	12	9	13	4	3	7	11	5	8	1	17	2	13	20	6
7	12	2	15	11	19	14	9	13	1	12	11	12	3	11	12	16	13	12	10
12	1	2	5	4	15	15	18	20	6	10	6	7	6	1	9	3	3	18	11
19	20	13	4	8	7	9	10	18	14	20	4	14	3	2	4	15	19	13	7
8	7	13	14	6	15	2	4	6	17	20	2	6	8	17	20	10	4	19	1


2	2	2	1	2	1	2	2	2	1	1	2	2	1	2	2	1	1	1	1
3	2	5	4	3	5	1	2	3	2	2	3	3	3	1	4	1	3	1	4