500	4	20

1	1.3	1.55	1.75	2.1
4	6.76	9.61	12.25	17.64

29	32	29	19	65	95	5	17	63	82	8	68	45	3	47	97	36	86	88	49
87	60	97	7	3	29	36	51	60	55	21	81	71	60	72	93	74	40	49	26
30	94	83	21	60	99	37	69	76	66	78	56	36	36	68	50	85	2	39	89
84	67	22	2	65	84	36	3	39	26	17	17	11	94	47	80	12	6	56	42
82	94	25	21	66	37	74	23	15	53	34	17	23	12	99	99	85	9	58	25
76	51	25	8	91	45	28	98	18	10	11	42	95	3	30	60	42	48	51	83
31	12	66	85	50	54	36	96	12	99	92	93	48	8	18	7	20	83	20	23
97	91	27	72	41	43	19	2	86	75	45	3	56	65	94	90	90	6	41	97
93	8	98	16	37	39	40	47	17	58	67	82	29	73	60	67	94	85	41	56
34	16	23	65	9	54	84	27	9	83	10	3	56	44	21	37	30	63	56	73
43	40	46	6	12	45	10	78	55	48	26	57	91	44	63	98	1	68	33	86
5	92	17	21	8	19	30	91	76	60	19	93	45	62	2	1	65	6	6	75
92	48	83	69	27	92	68	95	4	95	11	95	17	38	45	47	79	79	65	78
74	77	37	12	31	39	7	16	80	89	86	62	86	72	73	20	87	52	73	21
49	85	7	37	38	90	63	93	98	41	19	29	76	77	37	98	97	35	54	32
38	42	45	82	23	2	94	81	60	81	64	88	24	17	22	3	10	24	18	68
2	71	37	98	43	44	91	48	78	90	7	54	17	59	9	72	70	92	96	97
61	12	16	53	93	49	4	19	9	96	89	10	59	10	32	89	78	52	1	14
17	75	60	49	87	73	84	67	14	43	75	38	44	24	44	32	68	33	25	44
71	6	45	9	65	3	84	95	26	94	72	45	39	47	23	61	8	13	91	38
1	20	93	72	71	5	43	74	6	37	11	64	24	28	42	43	29	88	14	20
39	43	52	19	88	38	88	39	20	48	25	55	73	13	54	13	46	60	92	63
33	61	49	53	68	18	47	97	54	99	54	60	71	78	46	69	19	65	1	70
54	52	11	72	27	35	45	72	81	27	75	60	13	46	49	89	4	54	64	64
18	80	35	27	56	18	5	83	25	94	23	62	18	3	9	87	39	89	57	97
71	97	76	45	79	8	38	37	5	78	35	33	13	39	48	40	75	69	17	16
77	75	83	98	64	45	1	93	57	23	43	98	27	63	21	21	27	33	35	80
4	64	97	61	60	15	57	66	18	72	17	3	39	94	40	5	68	45	7	24
83	27	20	58	38	15	31	40	65	33	68	73	66	63	98	16	28	82	81	28
95	1	56	41	30	87	67	92	52	42	3	90	26	65	62	90	29	37	86	44
80	6	8	97	81	95	34	60	26	17	18	33	82	79	90	80	78	22	40	92
15	32	67	89	71	14	1	49	13	66	7	26	6	39	16	51	59	92	23	96
17	89	42	42	5	1	26	34	5	9	65	98	66	86	41	32	30	1	27	15
79	15	37	7	80	70	15	19	33	65	81	10	31	83	17	7	14	14	74	67
10	2	27	94	99	77	2	28	45	83	26	58	84	73	43	2	56	75	55	63
23	45	8	57	13	70	12	26	16	45	93	87	56	57	9	74	9	77	15	2
32	85	95	10	82	41	72	89	15	25	35	23	95	97	77	1	23	23	51	40
13	12	67	43	74	88	54	54	42	73	13	89	25	47	49	46	90	13	75	57
73	46	71	10	92	90	86	49	7	31	3	7	12	35	56	99	72	93	67	57
97	82	33	39	27	39	7	75	61	88	77	22	66	55	6	29	36	32	90	45
91	91	15	14	93	84	58	54	63	7	58	92	47	93	66	43	39	98	61	67
21	87	32	86	29	35	48	23	44	66	14	63	61	57	30	60	14	49	57	85
29	76	23	51	58	18	79	97	99	60	20	9	44	80	46	43	1	14	18	49
83	92	74	29	68	58	48	3	83	87	4	58	70	84	21	65	21	50	62	13
10	94	94	60	78	79	12	37	94	33	89	8	83	74	88	2	11	38	78	98
92	14	66	25	3	42	7	7	95	80	65	86	46	49	15	74	18	1	37	84
90	26	51	90	53	14	78	2	58	11	11	11	3	18	52	41	88	60	6	97
54	72	88	70	81	66	95	13	13	88	53	61	13	81	13	86	68	21	41	78
8	77	62	76	55	68	5	41	4	50	72	28	58	30	42	97	10	74	20	1
84	5	12	46	16	55	54	4	97	24	37	63	32	60	73	92	40	35	33	51
48	4	34	55	85	71	67	6	91	70	1	1	71	47	25	44	50	57	62	82
93	67	24	1	30	21	47	5	38	23	31	70	86	59	80	75	15	43	54	52
67	88	94	70	88	7	62	42	93	91	53	38	22	58	71	74	84	89	50	3
49	30	69	11	38	32	52	21	65	67	38	80	46	23	89	73	13	76	74	31
84	28	80	81	7	17	41	49	10	87	60	97	86	48	86	71	5	29	57	8
11	57	38	53	20	28	90	81	42	61	62	97	60	69	70	4	53	59	45	39
22	44	11	21	32	79	33	22	74	33	25	15	55	23	63	40	1	93	34	15
31	57	86	88	47	92	54	30	55	78	81	70	96	34	79	43	37	98	46	16
31	58	58	17	24	29	21	4	90	76	50	23	67	17	58	86	91	50	27	63
11	14	9	59	24	92	5	81	9	35	68	29	27	86	85	85	17	85	87	16
3	17	58	97	16	38	46	25	33	20	24	50	79	97	96	88	43	57	28	69
16	71	76	32	5	61	16	30	2	59	13	81	31	30	4	11	11	62	42	58
42	49	11	57	50	77	36	40	22	59	7	45	83	26	2	10	68	51	43	21
30	40	59	36	85	74	64	59	69	37	90	27	84	72	76	92	89	92	26	15
93	83	11	26	33	69	89	53	70	59	22	68	45	25	32	12	84	70	51	8
34	80	38	29	51	62	87	91	63	48	17	58	45	91	61	22	79	49	94	31
56	7	66	99	83	25	42	3	74	76	34	60	1	30	95	96	42	21	12	70
68	11	96	44	83	3	45	9	99	98	12	2	58	50	78	62	7	54	95	77
89	5	90	98	69	41	87	60	30	2	47	81	76	92	4	44	1	45	71	63
72	60	94	68	39	5	20	54	29	46	48	28	75	2	55	94	96	56	27	85
1	4	6	64	71	17	6	38	24	82	48	13	20	28	98	59	21	28	21	50
82	38	83	72	24	26	69	85	15	25	10	72	54	69	70	43	69	2	5	66
90	24	85	63	86	43	24	80	61	66	95	97	58	5	24	49	47	52	82	21
93	39	30	3	41	1	76	83	64	91	84	50	20	37	86	74	5	38	28	50
75	9	85	46	39	37	99	28	76	96	54	62	4	40	45	95	14	31	55	52
31	4	50	3	26	6	82	38	35	65	71	66	9	40	72	64	18	70	85	96
56	1	76	24	17	73	17	70	1	71	72	54	73	82	46	70	70	1	65	81
84	47	7	55	16	54	22	64	54	34	48	98	57	66	23	50	69	27	31	72
76	46	63	92	65	88	44	15	71	54	94	32	4	87	52	35	14	93	26	84
24	69	41	54	21	62	27	39	55	27	81	49	45	78	76	58	16	68	34	28
85	73	93	75	95	65	88	35	49	57	12	27	78	82	92	18	8	40	97	28
19	40	74	1	66	28	23	2	82	75	48	39	27	67	56	41	87	65	88	90
69	19	13	94	27	39	92	97	79	50	87	12	53	8	85	81	62	78	44	4
4	23	75	12	77	86	94	93	96	31	32	17	14	44	9	5	34	90	92	45
72	77	56	8	73	49	91	82	17	33	53	13	9	92	44	30	71	10	59	84
38	84	25	37	66	70	30	21	39	46	83	47	62	27	90	44	71	55	50	29
75	58	42	13	90	65	94	86	50	71	11	61	81	50	70	45	8	24	63	44
72	40	36	76	36	39	25	20	41	41	61	84	8	4	53	5	98	32	88	29
91	99	99	57	70	52	18	12	99	7	44	46	80	12	42	13	73	20	79	58
5	16	97	1	75	62	45	17	39	16	17	4	54	62	51	75	82	66	38	56
56	72	15	37	36	5	4	74	37	65	65	38	93	89	18	6	81	95	8	39
9	10	26	92	39	39	54	59	82	18	8	44	67	2	44	15	11	90	9	2
71	17	94	38	85	35	21	28	71	46	45	59	28	88	16	31	15	91	91	56
40	36	80	8	44	49	56	86	21	56	26	43	52	23	9	72	12	32	77	50
75	60	13	87	35	69	80	11	55	89	56	61	58	74	3	74	78	50	6	84
16	17	81	70	67	79	20	85	6	29	37	78	44	31	84	22	20	97	73	22
36	91	3	28	47	63	3	77	89	8	16	8	32	40	63	36	77	96	29	36
53	80	2	92	34	5	56	43	51	36	41	13	32	91	47	57	98	61	59	54
11	90	86	5	17	77	86	15	43	14	62	82	62	19	66	60	56	59	58	15
39	5	92	22	99	4	10	83	84	53	90	96	90	87	44	99	72	32	82	61
46	78	14	32	41	33	75	20	35	30	65	69	80	70	66	90	54	92	85	18
82	41	26	14	15	17	63	45	14	71	11	22	97	35	99	59	7	58	45	31
28	74	17	26	68	82	18	51	92	54	88	66	16	40	54	35	88	84	29	37
11	16	47	79	9	42	58	85	79	28	33	40	73	2	20	78	76	49	1	71
85	49	80	14	46	76	76	89	1	33	28	58	34	38	30	92	83	62	16	98
96	64	24	10	67	78	69	35	17	50	12	61	4	36	87	19	56	43	96	72
79	42	68	94	73	23	18	30	87	45	50	78	98	72	52	11	55	90	65	49
76	49	10	77	91	73	66	47	69	71	21	90	69	63	32	50	69	36	38	49
82	5	70	2	64	89	52	79	9	74	59	82	98	95	73	28	21	32	67	92
18	55	90	44	45	12	41	45	29	97	36	23	6	12	92	27	4	12	56	17
99	43	35	48	9	78	16	10	23	57	8	29	28	93	61	47	57	47	28	91
27	5	50	4	25	27	50	65	67	80	92	46	58	6	71	75	88	4	11	89
45	9	22	88	76	22	22	10	85	31	33	91	59	60	23	35	17	89	91	30
35	77	28	80	25	31	85	93	82	73	21	25	18	87	87	45	33	16	17	17
67	87	94	85	72	39	35	21	57	5	2	66	19	54	96	69	19	16	11	10
78	23	68	35	94	19	55	41	19	59	72	1	33	51	8	14	95	69	18	35
35	72	25	36	26	61	78	48	28	29	66	1	84	98	54	55	78	85	12	14
22	36	77	8	28	86	86	47	13	6	77	90	61	78	70	18	3	35	5	70
55	16	22	68	98	47	99	24	78	13	80	34	1	21	74	19	87	84	12	47
62	60	49	71	14	20	48	74	74	44	66	15	64	39	90	32	31	20	3	94
28	27	3	90	21	12	11	33	76	96	99	88	52	29	37	10	21	4	50	28
20	97	83	45	3	10	92	54	88	27	71	31	38	13	92	46	48	81	60	30
25	37	10	8	17	27	99	57	74	66	18	6	7	28	18	82	86	63	95	15
15	94	78	73	40	21	1	38	74	13	95	60	35	18	21	69	86	55	96	39
21	10	91	75	93	28	98	68	55	9	20	90	66	49	22	81	61	70	48	89
69	41	26	14	87	23	83	39	97	2	20	67	31	51	57	50	66	18	34	10
25	73	84	18	70	99	56	41	63	37	25	67	51	58	98	48	42	60	58	18
8	73	40	33	53	58	71	47	67	36	80	48	69	3	70	16	11	76	68	1
39	87	52	25	10	16	75	48	38	18	81	89	46	55	90	40	21	82	89	47
58	89	58	10	33	85	80	4	94	63	62	54	46	39	9	44	48	2	59	43
42	10	4	85	94	17	83	24	38	24	61	42	61	49	32	90	77	7	93	39
23	90	15	61	76	15	25	97	28	68	12	46	77	21	20	70	60	86	89	3
50	83	77	79	92	15	40	50	45	7	66	82	56	89	33	43	52	29	6	64
6	24	47	85	78	1	48	60	43	70	1	43	77	67	35	28	77	52	14	11
46	2	15	85	80	41	12	32	22	48	52	20	39	61	24	3	47	21	78	55
98	85	19	53	92	99	81	10	20	61	67	3	89	56	50	3	20	39	1	12
82	47	57	88	93	82	22	74	2	13	79	20	87	68	10	45	83	63	63	19
79	83	22	63	32	74	4	26	15	3	35	79	55	4	67	36	99	79	29	99
71	78	98	28	23	77	92	13	32	71	34	67	46	80	61	46	19	87	49	90
42	68	59	78	58	34	75	81	36	63	4	14	12	16	76	52	20	38	28	35
96	89	53	24	75	89	81	7	98	67	83	44	37	92	72	9	84	41	32	88
45	34	98	89	5	31	60	67	8	16	33	41	79	50	26	29	26	83	55	34
52	20	6	1	59	48	46	42	11	83	67	8	48	49	53	30	65	74	78	96
56	38	68	38	46	25	79	92	54	72	6	6	12	37	81	46	61	25	43	81
65	86	16	84	98	15	22	80	57	98	63	63	38	29	17	19	32	36	37	66
86	93	33	77	34	68	19	95	55	75	85	7	71	75	80	91	1	3	13	67
47	1	67	93	79	34	23	80	61	74	82	52	5	75	93	29	19	74	6	11
47	45	53	14	78	36	48	85	42	63	76	17	34	21	10	89	17	35	62	23
12	14	16	50	25	87	95	93	6	92	31	79	31	83	33	24	69	62	98	81
53	8	55	9	71	32	38	85	7	49	63	14	90	2	11	86	7	10	95	98
85	47	43	53	63	57	6	75	70	47	61	9	33	20	62	31	92	70	22	35
54	98	4	95	21	82	50	12	20	71	44	27	25	12	72	49	7	78	21	20
82	93	27	37	32	9	84	62	25	2	76	26	50	43	13	96	34	82	36	68
94	93	22	93	15	57	35	37	52	92	27	6	29	97	93	49	95	88	64	28
34	83	7	60	70	16	98	65	75	12	87	99	14	89	4	32	35	52	97	9
93	33	54	35	56	7	21	94	72	97	81	98	86	31	96	13	4	99	80	35
43	17	14	91	13	68	91	40	37	46	97	27	67	63	37	40	35	65	83	51
99	39	48	13	69	72	20	76	48	67	88	91	10	98	9	7	94	14	81	36
8	55	21	93	69	22	39	42	94	36	78	79	29	88	84	77	61	46	83	83
86	60	94	28	61	91	87	55	86	72	68	96	87	91	2	61	24	16	22	6
56	37	5	22	85	77	75	83	63	82	32	15	56	94	50	63	75	6	72	73
79	81	98	99	66	82	18	37	66	91	72	49	67	12	75	30	19	94	84	5
89	39	43	82	83	83	54	95	41	84	16	52	41	55	76	60	50	50	5	27
71	61	49	3	26	68	14	95	3	18	47	87	70	60	33	92	55	70	45	64
24	40	65	94	71	28	77	84	34	96	26	43	4	60	43	63	12	43	47	53
61	32	96	11	62	90	98	65	88	54	4	85	53	96	96	31	77	26	68	46
79	20	9	26	79	24	96	50	98	10	29	20	82	16	85	37	87	96	97	65
11	95	37	12	43	99	30	97	32	44	7	64	99	86	66	92	22	78	41	59
28	5	34	72	79	69	14	66	13	30	17	78	34	69	71	99	63	81	56	60
60	2	52	40	65	51	86	61	93	90	40	49	94	13	70	88	49	70	54	50
1	30	40	96	87	30	27	73	79	48	35	97	62	87	88	62	72	95	71	80
59	42	31	98	62	39	82	98	52	22	85	60	2	18	25	30	96	81	83	81
41	3	48	18	46	14	48	37	72	66	71	28	96	98	16	21	59	5	75	35
57	7	3	38	37	99	59	72	33	35	20	77	60	8	84	7	44	69	8	36
90	81	90	68	46	26	87	51	12	40	18	85	2	47	95	27	93	50	45	26
91	36	2	67	5	8	71	52	9	43	21	70	9	65	55	62	89	8	11	98
5	58	38	22	4	68	73	22	50	35	89	8	44	71	59	18	29	82	78	56
91	59	59	67	43	75	59	41	92	49	4	62	31	78	79	11	44	46	38	43
86	25	50	60	73	92	25	77	77	94	70	51	70	22	59	53	41	86	92	39
6	67	23	45	58	13	5	39	86	46	65	35	8	99	34	71	22	94	35	55
19	96	75	66	14	39	50	87	39	46	99	28	56	56	37	42	37	57	72	63
50	68	15	30	70	22	66	5	95	35	48	49	52	33	1	90	95	40	3	67
1	90	83	19	17	79	2	34	37	40	62	6	28	21	10	24	86	41	14	88
73	31	41	82	38	41	47	63	4	24	34	36	10	63	34	43	33	46	40	31
58	48	88	59	81	5	45	22	59	55	20	85	75	35	86	31	82	34	92	34
95	9	15	63	67	74	12	15	45	91	61	31	80	32	73	17	58	26	80	22
78	10	1	31	50	13	54	26	53	20	95	45	74	97	45	3	94	75	61	89
72	48	88	59	23	59	80	66	79	97	35	58	88	35	77	56	57	36	9	63
54	73	87	20	82	46	6	46	80	42	92	35	67	97	75	40	11	38	20	88
29	70	78	87	71	64	99	18	82	40	95	67	24	86	76	10	59	39	22	58
6	38	23	37	49	32	93	32	25	81	47	70	58	75	16	88	85	45	85	86
73	84	1	33	6	28	96	97	42	60	59	59	28	44	7	64	8	23	35	41
38	27	8	55	82	60	17	59	15	50	37	96	46	15	90	68	42	41	4	22
25	81	3	21	10	94	6	73	60	41	85	96	72	33	88	71	64	37	18	54
52	73	40	81	8	47	67	8	69	51	38	61	84	55	14	9	34	59	91	6
34	99	28	34	32	47	4	58	88	18	5	4	66	65	5	40	18	18	61	77
7	58	21	86	22	57	95	27	45	3	2	97	97	87	47	50	11	74	24	2
44	35	96	88	83	52	85	86	74	9	1	6	28	86	32	78	43	14	97	54
18	16	49	83	54	42	23	18	83	39	71	65	32	25	69	18	17	54	84	65
75	18	70	90	4	37	75	11	51	9	11	73	94	92	41	97	72	82	75	1
15	94	85	85	71	88	11	13	75	26	73	10	35	91	65	77	21	44	13	23
50	11	88	8	58	92	73	2	19	41	36	28	79	18	30	36	83	80	86	21
36	19	40	2	22	66	30	14	56	51	14	98	65	63	31	11	40	88	55	27
76	53	60	10	19	4	89	21	59	52	38	59	47	49	74	51	81	17	86	67
81	79	91	73	32	1	20	31	53	44	15	42	47	98	26	50	20	56	96	18
30	2	71	27	80	53	77	59	29	81	39	4	65	80	47	21	67	41	8	91
93	80	28	33	74	28	84	8	80	43	42	7	49	68	66	95	45	14	56	26
23	6	5	18	82	26	59	8	25	21	55	35	89	71	25	64	16	4	93	4
33	53	26	86	12	88	61	20	92	67	49	3	46	22	25	41	89	21	91	31
67	33	46	16	9	66	30	88	61	56	21	57	76	84	10	30	14	12	96	19
47	81	67	32	83	35	59	22	11	33	2	47	22	93	21	90	94	35	6	55
69	12	46	3	51	40	81	38	25	18	96	54	75	9	4	60	80	26	82	29
42	69	83	66	84	37	21	52	67	63	73	94	71	65	15	32	76	98	81	83
34	55	14	81	44	46	85	91	50	83	60	99	9	33	12	92	40	16	87	42
74	79	77	12	38	95	95	68	35	80	69	8	64	45	87	14	33	80	86	97
66	90	47	12	87	65	76	87	44	96	85	48	71	63	94	28	70	5	60	81
99	46	85	57	57	53	10	91	35	28	71	47	23	36	18	35	31	79	7	70
38	4	85	88	45	22	27	63	78	20	85	17	50	63	77	36	9	67	15	24
76	53	98	60	1	83	3	4	67	41	52	85	19	91	85	5	30	67	7	13
83	92	16	1	72	38	49	46	55	58	13	64	81	37	7	74	34	83	54	35
77	34	67	24	67	78	98	10	41	24	94	97	48	77	62	42	93	82	40	42
31	34	3	30	96	16	30	43	59	64	42	74	11	85	68	72	42	93	9	59
77	91	56	11	40	39	31	77	67	68	4	18	54	33	25	34	49	35	36	14
76	24	73	49	40	11	30	16	32	20	90	9	13	46	53	20	27	25	46	74
95	57	19	81	36	95	85	5	78	65	71	4	59	93	14	47	20	30	13	35
28	38	90	24	38	24	1	98	98	95	84	85	98	53	42	96	25	16	85	44
58	75	35	7	44	6	84	35	24	62	52	14	86	39	33	86	5	27	11	97
47	27	50	43	27	62	92	98	92	17	36	6	6	84	22	62	75	83	75	65
47	91	88	84	20	57	29	94	8	70	73	18	51	24	33	17	67	86	84	11
60	13	46	25	48	80	34	51	64	93	56	67	38	15	23	37	85	65	5	48
52	76	66	3	30	88	10	55	85	76	20	91	11	21	79	63	17	75	46	41
72	21	54	98	22	35	9	85	70	53	32	62	32	15	72	48	51	50	13	77
80	55	93	94	94	50	26	28	77	16	75	67	67	97	58	19	64	22	1	60
8	82	55	36	41	60	22	23	76	18	43	7	8	59	34	25	62	38	77	63
91	28	97	6	29	49	61	81	76	23	48	20	28	53	73	11	74	92	78	36
22	26	78	20	96	59	20	82	54	45	2	4	3	63	17	39	1	7	91	52
45	7	83	7	37	30	46	21	27	20	90	72	32	18	48	72	37	95	57	52
64	27	75	92	68	81	83	15	67	63	76	25	76	7	65	23	13	55	80	94
16	46	87	94	49	13	23	37	57	49	44	75	87	8	88	53	57	69	1	93
70	71	41	48	5	44	51	3	17	76	91	82	23	45	66	5	32	49	21	15
7	29	54	30	5	68	86	91	97	48	39	66	49	76	42	84	15	97	60	20
12	52	66	18	1	47	90	67	18	90	15	9	61	16	34	25	96	78	3	67
30	97	97	22	22	95	45	59	8	85	21	56	89	3	90	82	78	73	83	65
66	15	18	97	50	36	72	94	48	32	57	37	88	6	77	29	86	75	94	13
46	83	44	14	11	44	75	85	53	45	2	95	85	93	40	3	19	80	76	64
2	86	25	76	72	18	11	63	31	31	19	73	95	26	22	76	89	65	76	48
85	56	23	3	90	2	28	77	98	37	87	61	19	85	18	66	16	71	83	47
61	37	58	86	4	34	29	77	83	31	49	11	63	99	82	72	32	86	89	55
26	75	49	72	38	35	84	47	69	8	93	56	51	95	15	17	68	27	93	54
35	86	68	37	36	44	81	47	72	36	41	51	66	18	39	17	9	99	89	36
67	77	5	70	44	79	23	73	1	31	12	44	88	17	1	54	76	30	58	62
57	86	73	98	41	5	49	95	13	22	13	95	25	23	80	23	77	32	59	35
49	74	54	7	4	92	86	90	38	11	37	59	88	72	32	49	24	74	63	69
90	50	46	27	52	72	8	75	52	56	83	26	26	37	25	29	30	3	15	29
61	65	94	83	66	15	35	76	91	8	63	20	8	46	13	18	27	79	27	89
42	26	46	85	80	76	14	78	73	71	22	79	49	36	50	79	38	86	63	9
29	75	39	77	68	59	50	15	13	61	95	85	65	87	7	17	3	1	57	53
93	95	1	14	51	44	75	43	85	14	99	11	82	4	55	71	61	15	52	99
77	99	65	84	75	51	9	36	79	75	41	78	59	87	80	61	5	80	96	65
27	53	4	2	73	89	32	15	44	32	60	70	33	53	36	16	14	77	53	7
40	78	74	6	91	94	16	78	62	87	71	21	57	37	81	84	37	70	87	39
18	25	91	34	81	98	17	94	79	76	37	82	54	50	37	85	76	35	22	86
10	54	15	42	46	14	61	91	43	1	88	82	77	65	97	77	23	27	12	61
12	7	18	86	25	99	36	87	54	12	52	88	86	14	73	30	8	17	31	51
95	62	68	66	39	64	19	83	36	72	19	8	1	80	28	60	94	31	9	55
75	17	25	78	30	72	45	91	72	39	59	36	66	89	95	92	30	24	94	9
94	11	63	46	23	41	33	35	82	93	76	92	49	11	3	46	46	95	23	12
94	21	77	12	87	82	79	62	62	17	95	81	54	57	81	36	55	38	3	20
31	31	31	11	58	16	95	81	95	74	89	55	38	74	50	48	26	67	11	70
64	73	55	60	60	24	56	3	58	76	98	35	74	8	77	74	37	17	91	32
24	46	11	55	25	51	42	23	51	35	27	73	74	24	49	98	95	72	17	41
70	6	36	34	90	25	64	47	52	38	71	19	17	10	93	88	11	22	59	20
60	69	78	69	79	4	34	49	12	23	78	9	49	1	95	55	34	78	55	42
10	65	4	65	67	37	49	71	14	56	86	38	68	53	88	63	63	19	36	2
31	4	87	14	10	33	36	40	13	74	84	70	25	80	76	63	63	64	58	3
98	6	86	75	95	67	89	23	52	78	5	12	57	24	48	53	22	55	91	99
32	76	53	19	53	87	86	60	2	67	84	85	5	38	50	42	66	85	63	1
51	89	53	96	2	71	50	62	47	79	86	32	55	23	83	39	36	77	3	19
81	78	4	22	82	70	94	14	15	96	31	58	20	55	7	46	7	34	42	37
5	33	17	38	69	67	71	90	96	42	86	37	81	69	20	40	94	10	47	52
12	57	39	2	86	30	87	9	46	84	75	93	26	78	46	62	73	61	1	58
16	17	24	26	6	80	45	19	81	9	29	52	6	17	34	37	69	99	97	79
3	66	67	54	2	43	63	31	57	33	19	76	41	19	21	10	78	29	76	97
31	49	45	73	78	73	93	97	96	10	65	73	44	61	16	7	28	91	24	59
36	48	71	65	10	16	75	63	5	59	66	98	87	32	42	5	10	31	90	66
90	90	75	88	60	88	32	89	79	47	49	50	86	84	11	84	14	41	26	39
91	44	37	33	34	6	27	21	86	48	2	42	73	5	58	25	99	47	48	88
55	46	42	19	99	4	58	96	23	54	79	86	5	33	34	63	49	7	18	88
51	58	92	10	11	54	94	56	27	73	69	59	74	75	62	56	98	21	34	10
55	16	37	5	3	77	56	59	68	25	13	8	76	90	66	46	74	99	86	53
5	56	89	19	90	73	72	98	40	16	3	42	27	19	69	64	20	56	48	65
27	78	37	10	92	1	80	97	70	72	49	30	22	43	14	11	78	86	97	20
83	13	3	35	1	41	29	56	25	96	24	37	26	89	39	94	8	69	21	45
43	39	86	28	26	77	77	59	52	90	31	45	83	79	12	70	84	75	56	8
64	72	63	35	90	91	25	99	15	52	72	67	40	74	6	34	62	77	55	47
69	96	73	35	56	38	63	86	37	29	74	66	39	23	72	3	50	54	42	50
1	57	4	34	64	8	40	7	62	92	50	76	61	18	4	61	24	61	28	75
40	87	47	48	48	53	84	90	40	85	55	26	65	26	77	11	15	55	28	12
8	50	62	98	80	27	33	44	59	84	13	34	37	44	53	27	80	40	66	30
31	18	34	10	50	29	62	90	77	16	47	26	49	86	92	18	61	60	39	29
63	59	53	92	63	53	76	88	43	62	36	52	59	65	89	65	36	30	60	78
28	79	28	6	22	10	35	68	30	89	1	3	76	34	74	18	4	26	48	84
49	84	29	14	77	91	81	18	40	39	69	33	25	63	79	52	56	99	87	61
7	60	85	86	76	65	30	62	98	61	10	34	18	69	74	79	22	32	28	7
95	39	40	34	2	39	30	24	54	31	21	15	87	76	97	1	49	27	18	27
27	26	95	39	39	21	12	34	40	1	49	69	23	26	45	81	37	41	84	1
70	40	76	79	35	77	30	66	40	20	15	81	65	83	5	70	13	34	54	64
33	46	8	88	52	84	3	56	62	17	31	97	72	17	73	63	85	29	29	68
33	94	92	23	65	53	22	76	55	83	56	22	46	66	78	97	60	33	6	15
21	17	64	3	19	24	67	1	39	50	30	72	31	87	43	3	62	61	60	69
29	83	73	82	63	21	31	68	61	16	41	34	79	36	66	81	52	67	22	53
11	88	1	61	54	99	92	80	63	80	49	49	59	84	82	25	68	81	19	38
40	37	12	95	58	31	91	66	57	48	41	26	57	89	73	21	44	17	71	22
56	33	56	50	85	51	84	41	61	71	19	3	30	49	99	46	67	32	67	81
90	10	72	94	17	13	18	18	47	4	53	32	11	53	20	7	14	4	91	86
95	24	12	74	17	64	67	16	68	78	27	52	94	54	47	44	80	89	15	18
44	8	99	21	16	71	3	52	29	46	65	60	61	65	26	99	20	56	56	79
94	53	89	3	21	64	45	82	8	7	86	64	5	69	63	4	20	39	34	88
81	73	74	44	76	67	80	10	42	85	98	67	12	46	17	58	59	41	30	94
29	75	2	65	44	35	53	57	8	30	67	73	81	2	62	93	84	39	12	18
73	78	85	25	4	1	41	50	31	35	19	80	84	54	61	13	84	87	6	22
41	88	11	74	28	66	17	46	39	14	4	12	20	63	24	29	88	91	33	46
80	83	65	41	15	17	81	61	73	77	91	80	61	21	90	72	35	70	96	25
24	81	79	32	19	62	41	22	38	88	61	70	26	2	53	46	79	65	90	69
70	49	59	4	78	25	33	27	57	63	58	30	7	92	86	18	18	80	80	64
68	89	38	33	63	80	6	51	91	74	72	78	74	33	88	51	84	36	25	26
37	12	30	15	78	4	70	37	18	14	61	53	92	31	63	8	47	47	39	40
71	11	62	70	62	35	71	39	34	31	72	81	71	80	7	98	81	43	77	18
61	60	93	51	5	69	6	33	19	10	54	72	84	65	59	97	96	95	20	13
53	55	35	75	71	49	93	47	83	28	54	88	95	41	92	87	12	66	83	63
76	80	71	17	3	72	53	9	51	45	29	97	22	43	74	64	18	90	5	18
25	25	42	56	25	29	31	17	22	92	13	76	48	17	7	4	43	13	95	18
96	86	82	15	68	66	16	20	83	62	49	22	35	54	68	81	59	32	16	29
98	51	16	77	96	28	29	69	71	93	3	58	49	13	27	20	94	47	3	65
38	25	49	79	63	57	23	15	30	56	85	52	36	69	19	89	89	60	25	91
15	54	48	82	8	13	89	44	55	11	40	12	5	81	1	27	91	2	28	96
59	73	67	68	23	19	69	27	67	58	89	20	88	80	27	86	98	62	9	50
90	47	12	73	49	19	59	24	4	46	53	54	74	87	35	72	42	78	85	27
95	12	99	78	91	78	67	49	82	68	74	3	22	34	85	93	72	79	85	91
85	34	74	40	84	42	79	17	15	64	10	12	97	58	54	86	40	83	95	85
74	77	50	7	2	37	59	24	41	78	41	90	29	81	67	66	44	66	21	43
8	53	50	71	97	56	84	63	1	56	46	29	41	8	72	52	5	79	59	84
79	42	65	52	63	99	52	73	55	8	28	43	93	9	84	20	77	5	26	84
43	26	17	16	21	84	58	3	82	11	20	14	47	16	19	3	25	64	87	33
4	46	94	37	72	22	7	13	28	91	23	96	11	50	99	28	18	84	86	1
50	42	25	29	90	1	59	33	86	45	68	59	25	2	79	65	17	39	3	55
76	96	14	52	29	70	14	10	9	24	70	7	40	25	3	29	90	99	73	75
83	57	8	51	73	86	28	59	59	51	8	91	20	63	37	56	98	60	79	31
72	35	70	20	50	62	65	90	6	49	25	83	7	28	12	98	22	96	44	31
94	77	26	17	80	33	82	8	28	33	6	40	64	71	21	71	97	10	12	92
4	9	29	45	90	91	63	22	30	42	48	92	91	12	72	20	74	45	50	31
18	80	65	94	33	37	79	26	20	10	59	53	89	36	40	48	80	22	37	22
84	86	72	76	81	86	97	95	26	69	33	19	91	34	76	69	72	11	52	66
43	72	48	33	80	69	84	16	81	6	34	80	4	72	44	61	31	83	40	1
26	28	1	67	74	5	23	19	40	31	82	64	46	91	14	11	29	39	2	47
44	32	38	68	77	43	34	57	60	71	6	86	82	76	3	80	79	26	18	72
74	90	85	81	70	51	85	58	10	62	29	33	95	68	30	62	50	28	35	51
97	29	5	95	52	38	65	88	90	15	98	49	79	22	19	60	33	74	29	34
52	47	69	80	23	65	31	13	84	5	59	49	63	86	43	18	7	98	10	21
70	97	55	82	87	43	6	63	20	70	74	54	27	98	9	1	56	37	80	84
22	97	5	7	2	12	23	36	24	33	5	54	31	77	14	72	9	93	86	12
14	51	75	2	22	41	41	46	28	48	44	74	34	28	48	79	7	52	17	7
26	87	5	46	9	83	81	76	37	91	74	79	74	1	71	82	96	47	44	48
86	77	88	1	41	73	86	10	24	87	64	96	63	77	89	35	69	62	11	28
67	85	24	7	96	64	71	32	1	31	32	91	99	92	16	32	31	9	33	69
23	54	98	39	96	1	32	96	49	21	9	35	80	4	40	29	24	26	77	16
5	64	52	3	94	53	15	54	65	46	88	68	34	23	24	68	58	5	62	4
20	14	50	13	32	75	41	10	23	67	22	72	29	66	72	98	61	38	92	20
5	25	96	67	56	89	9	55	94	65	47	39	59	89	7	97	14	70	74	16
4	62	78	19	86	98	96	29	64	10	40	22	43	6	12	70	93	33	10	78
22	71	40	17	75	56	10	96	14	10	95	46	96	57	6	6	23	67	50	85
41	30	79	38	48	76	67	68	86	45	77	36	5	98	41	25	94	59	36	84
51	93	36	50	22	31	38	76	83	81	24	98	77	88	4	77	38	70	56	55
18	69	18	31	54	21	76	16	12	32	4	74	92	95	17	38	81	96	91	26
29	14	63	58	96	66	39	87	22	53	16	82	16	74	21	25	10	70	76	42
16	7	93	16	48	10	6	72	31	31	95	33	29	91	8	61	56	39	75	67
15	7	31	96	99	5	83	24	97	39	61	37	53	62	93	54	49	82	51	13
14	30	20	80	64	57	97	37	46	84	5	64	59	10	6	96	15	27	71	16
17	90	28	29	71	97	11	49	6	4	29	95	60	79	23	79	89	67	91	26
73	82	11	72	14	42	54	64	70	42	30	36	84	29	89	35	25	49	66	43
83	79	96	73	59	72	79	93	83	30	18	99	41	38	4	7	55	63	94	52
86	50	82	33	45	15	8	44	20	83	79	91	54	60	22	91	35	54	57	23
73	27	64	67	34	24	82	15	58	71	91	24	34	54	28	56	72	67	10	63
98	72	92	12	97	64	59	33	17	33	96	76	33	96	84	44	33	45	76	88
55	66	3	89	39	14	86	12	63	86	37	8	20	94	70	65	33	65	99	11
3	29	83	13	62	88	95	96	80	76	69	86	40	64	26	13	57	81	53	55
59	67	58	11	89	75	52	9	76	18	86	9	43	37	74	71	13	61	7	41
22	27	50	48	8	71	9	40	99	93	11	17	89	86	88	23	17	67	45	47
64	92	88	76	7	99	16	85	39	32	74	60	10	83	72	83	61	22	76	89
7	46	64	90	34	12	8	66	97	46	60	3	57	1	8	29	82	37	67	6
41	12	67	33	24	2	14	69	9	31	1	47	60	34	16	24	78	91	16	85
21	11	62	31	77	95	23	88	9	3	7	43	70	51	41	38	53	50	90	13
58	54	24	40	31	26	77	93	72	44	68	98	13	21	54	89	19	77	86	1
49	93	83	31	51	8	21	13	39	12	36	77	31	15	3	10	44	71	56	17
80	46	4	93	88	24	47	89	63	39	65	61	54	94	48	70	27	96	88	90
6	39	70	66	23	53	33	23	52	16	43	45	90	58	14	6	71	98	76	75
37	30	50	66	1	94	40	9	73	46	97	16	14	66	18	19	56	31	86	17
68	37	75	79	56	94	67	58	22	28	98	62	65	77	78	79	30	31	57	72
86	24	75	20	11	73	92	57	22	65	97	45	70	37	60	97	50	66	35	62
59	92	52	8	3	70	61	24	83	97	59	27	91	12	33	98	45	80	53	28
87	63	52	55	41	92	55	58	93	44	66	69	38	97	6	68	61	61	67	3
6	71	59	57	42	76	77	52	62	85	76	35	63	65	73	74	35	58	16	78
68	37	19	29	30	83	82	20	57	95	74	71	75	58	31	39	59	16	48	21
49	60	58	61	56	31	75	93	77	39	6	72	77	68	25	36	46	97	50	27
48	9	69	45	25	64	12	59	14	82	34	34	96	88	72	20	15	38	10	42
78	30	41	39	67	74	55	75	84	65	61	56	16	13	73	19	46	62	22	73
72	39	11	29	15	42	41	86	71	25	40	33	12	33	78	28	48	91	90	88
10	61	96	64	7	7	28	2	44	71	96	3	81	87	5	29	99	34	4	96
13	14	34	52	72	8	92	85	11	30	22	15	14	64	48	92	8	58	77	10
36	66	58	42	24	51	64	73	23	31	26	90	42	28	97	89	58	40	72	36
11	47	3	57	51	35	88	52	96	21	51	27	33	94	37	57	46	29	15	33
99	52	97	10	5	87	55	77	23	9	21	30	61	99	63	15	6	51	55	28
51	18	26	10	30	37	44	2	4	31	88	17	47	49	14	54	13	11	69	37
43	1	8	76	81	50	68	25	73	61	20	10	60	82	11	73	73	37	95	60
39	27	8	47	59	28	36	19	36	7	9	74	57	89	20	23	88	75	59	8
31	7	62	80	95	97	70	51	85	13	1	45	66	69	31	60	79	2	73	35
50	24	2	95	65	34	46	41	51	68	33	8	76	6	43	25	72	65	54	9
80	13	58	50	26	57	6	3	97	37	37	78	10	54	48	43	25	47	85	34
23	57	82	63	62	11	61	90	76	73	51	8	54	33	99	47	14	1	59	22
34	6	98	42	4	56	35	68	26	53	38	65	86	21	7	44	17	65	17	26
46	40	14	39	47	24	92	6	75	81	47	83	70	86	28	2	94	98	56	36
98	15	74	59	52	4	36	64	13	74	71	13	44	3	3	29	37	63	42	26
62	11	91	42	83	34	62	71	78	6	34	41	99	46	52	95	26	38	11	73
14	14	93	11	5	58	20	11	69	6	15	74	11	37	77	13	76	80	94	60
13	26	57	62	89	96	75	35	45	27	3	29	55	78	44	8	57	1	26	30
15	57	62	64	8	17	10	60	52	17	28	98	28	83	74	38	98	65	56	60
35	94	20	90	54	8	72	9	21	88	46	73	25	32	54	69	8	45	56	9
1	19	22	89	92	6	85	10	36	25	71	27	44	97	8	18	78	74	81	61
45	88	18	69	80	47	24	83	52	78	1	8	77	73	33	50	87	18	45	64
49	53	98	17	40	37	62	16	63	91	40	86	4	14	21	72	75	13	5	24
74	88	85	51	15	48	7	64	89	61	99	62	48	97	18	89	11	94	36	85
56	58	23	65	97	79	35	43	8	3	92	50	65	31	97	12	28	43	33	69
71	83	97	65	68	26	44	80	20	65	58	87	88	49	90	15	42	51	83	25
98	26	67	78	33	6	80	48	59	52	61	66	63	30	64	23	41	48	44	6
13	97	10	6	2	17	27	54	99	6	95	81	77	67	64	48	6	44	56	87
57	59	8	54	19	54	91	60	57	44	29	44	82	49	3	88	25	46	14	83
72	35	8	19	6	38	64	69	41	82	37	40	13	69	7	17	78	96	62	36
72	68	32	79	79	93	71	46	9	73	50	52	92	39	14	7	1	55	10	17
99	27	35	18	89	6	32	21	96	11	5	53	65	74	24	82	62	5	33	2
68	67	48	75	40	90	16	1	42	77	41	82	90	21	74	35	6	71	81	6
9	57	14	68	74	76	15	19	25	54	16	7	1	25	23	1	56	16	92	86
64	63	67	99	1	78	87	61	33	94	18	10	26	35	73	53	29	98	31	78
90	52	56	58	56	67	67	95	7	11	75	66	77	99	29	55	47	66	65	89
35	95	70	68	39	39	88	30	22	7	3	38	16	99	61	89	68	22	58	26
33	83	42	89	21	43	48	71	8	45	15	31	82	17	73	17	42	45	21	89
98	69	10	56	26	31	5	70	10	75	48	47	65	82	14	16	32	94	73	39
14	14	91	26	49	35	6	80	21	25	53	12	73	85	65	10	33	69	39	71
88	77	50	6	28	87	31	13	89	8	97	7	85	22	33	75	92	12	34	48
29	71	36	88	25	22	20	25	80	21	27	53	24	51	60	59	79	76	65	94
10	88	72	14	57	44	10	51	50	55	3	49	33	22	5	61	37	39	67	61
78	45	62	15	59	9	17	58	15	10	54	83	1	51	9	76	34	63	31	28
83	8	67	69	73	42	34	16	42	72	2	34	23	16	94	34	82	27	76	43
34	62	77	74	30	77	55	35	37	87	76	48	20	18	44	58	12	76	56	89
51	25	7	48	40	61	11	26	33	66	77	56	3	94	19	8	2	40	3	31
4	99	15	53	86	57	1	15	98	87	36	8	90	40	52	38	35	39	60	72
53	32	76	91	85	9	15	80	96	46	53	48	92	83	44	19	3	49	68	28
73	3	97	62	21	71	51	93	89	91	19	65	45	21	11	69	24	92	80	30
66	60	10	46	37	47	1	15	75	94	66	25	93	13	33	72	24	98	5	89
31	81	67	8	9	4	64	3	38	56	70	63	53	11	63	63	80	88	15	50
59	90	1	2	89	99	95	70	6	42	95	13	6	44	1	28	81	13	17	41
69	52	32	17	71	33	94	24	76	47	69	23	88	62	44	47	38	29	74	38
48	2	28	60	36	17	23	16	74	94	4	77	8	59	13	23	62	9	66	77
72	16	83	22	76	60	61	53	82	2	14	18	16	17	18	65	48	18	20	63
3	60	68	41	6	41	87	84	99	83	84	59	28	63	41	61	61	55	36	23
75	11	76	36	83	92	10	25	99	98	4	43	38	49	37	44	65	68	44	33
69	17	16	20	69	14	36	85	13	88	11	99	70	94	29	15	66	1	27	55
20	63	7	53	49	35	24	14	52	99	10	28	62	36	15	48	2	11	54	23
93	71	21	57	40	5	99	75	41	92	22	2	30	58	67	85	33	29	22	50
18	1	11	7	87	41	24	51	17	88	19	73	1	82	79	1	68	3	46	12
8	84	34	70	39	25	19	73	43	23	22	39	90	41	84	32	38	72	2	26
63	8	54	39	61	37	85	17	16	29	67	93	85	30	69	18	2	34	19	39
88	66	89	66	47	51	60	58	54	66	97	58	31	76	59	60	5	26	36	37
12	52	47	87	68	86	8	65	94	25	7	97	14	54	87	72	13	56	87	43
54	56	25	57	11	3	97	14	23	19	52	71	59	74	58	22	52	29	57	39
81	83	60	1	72	3	79	46	61	99	56	14	99	48	64	3	53	15	18	8
24	44	48	48	47	44	89	17	85	72	97	44	24	30	83	50	28	31	81	71
96	59	79	20	68	9	62	20	65	16	28	28	4	51	93	75	65	93	57	46
64	45	93	93	73	34	29	59	30	75	6	22	45	54	53	48	26	41	23	39
91	52	30	11	95	47	49	12	66	6	44	11	63	47	5	97	72	98	91	35
27	11	97	93	60	79	42	45	24	28	89	40	17	27	45	85	11	53	26	23
48	46	95	43	59	39	97	83	12	79	92	83	74	98	33	85	94	42	5	99
34	99	1	72	24	35	91	27	84	83	86	10	86	69	92	80	52	15	91	77
50	40	63	12	18	51	54	95	72	22	45	32	17	83	26	84	48	24	58	93
41	51	81	14	36	55	80	97	82	16	19	57	63	85	78	36	37	10	6	61
60	52	25	15	71	1	34	89	26	22	73	34	67	32	84	62	4	17	70	43
39	18	53	97	59	23	64	46	14	13	75	1	83	25	92	76	68	71	86	44
51	83	87	2	68	11	9	48	33	55	46	84	96	28	4	89	14	61	26	15
3	6	76	62	59	48	10	49	41	76	79	87	49	73	4	10	66	86	70	98
21	91	87	39	80	58	59	98	78	47	96	30	91	97	75	68	95	22	21	10
26	75	55	47	7	87	50	82	15	67	6	51	12	75	14	10	43	99	88	53
58	99	33	41	85	33	35	62	70	4	99	60	47	14	89	81	57	86	45	77
57	81	26	98	20	27	8	56	52	34	10	95	83	62	43	92	77	63	23	23
66	69	55	65	71	64	18	82	70	90	29	24	25	42	76	60	18	28	88	99
8	56	36	99	39	62	54	99	32	21	26	79	76	15	73	27	80	7	32	56
54	75	74	67	76	32	85	56	74	65	57	78	94	87	9	28	70	10	68	51
7	57	60	22	10	32	65	25	26	22	3	46	77	24	56	62	48	58	71	14
91	60	45	91	4	48	56	45	11	64	78	8	91	14	70	81	14	17	89	60
34	96	12	95	58	68	44	17	82	55	10	5	3	50	92	66	31	10	94	93
41	83	58	95	63	65	49	53	50	55	13	94	42	51	41	79	91	33	27	91
68	82	34	40	14	75	27	4	37	59	25	49	17	14	14	49	72	23	71	19

15	2	12	4	1	1	19	13	7	4	13	19	1	5	20	19	6	15	18	4
12	3	2	7	18	2	15	11	6	7	19	12	10	9	10	18	20	15	17	10
13	17	8	10	10	13	11	16	3	15	15	2	6	18	18	5	5	8	17	5
9	1	12	4	3	1	13	20	11	15	11	1	14	19	2	17	3	19	5	11
18	4	13	12	14	5	12	3	13	18	11	8	2	5	12	5	11	6	11	6
13	14	18	12	1	14	2	16	11	7	16	20	19	12	4	1	9	12	11	9
10	6	15	4	6	16	3	10	2	4	13	8	2	6	17	11	14	13	9	14
12	17	12	9	4	20	19	20	8	9	4	15	8	8	9	17	2	19	3	7
4	19	14	2	4	10	15	9	20	13	2	7	3	14	12	11	2	3	13	6
7	12	18	18	16	16	9	11	18	14	19	7	14	16	19	12	10	11	14	17
13	2	17	3	8	4	17	2	20	8	12	4	8	3	4	1	20	16	8	2
9	17	3	17	4	18	1	16	2	10	9	15	11	10	6	1	18	3	11	6
10	12	13	10	1	18	10	4	10	16	8	12	4	13	16	3	10	8	17	6
7	17	19	18	9	8	20	20	15	15	10	6	4	12	9	16	8	18	9	14
19	18	19	10	12	9	10	1	16	1	15	15	11	7	3	14	4	12	16	17
7	3	2	15	11	8	5	14	19	8	7	2	6	13	17	8	4	14	15	3
6	14	7	15	18	11	16	13	1	15	6	13	19	9	17	14	9	20	2	9
13	7	8	5	18	18	13	9	12	18	15	7	20	6	3	6	3	5	3	6
14	16	18	15	9	5	10	16	15	7	12	17	8	2	11	9	8	18	12	9
8	19	16	3	1	3	5	2	12	16	7	1	6	3	5	16	4	4	19	2
4	13	12	2	6	5	20	9	12	5	5	2	16	19	7	17	3	2	11	1
14	19	5	14	17	9	20	18	13	7	5	7	6	2	9	1	2	14	13	12
15	11	18	1	5	2	7	12	18	13	14	12	4	5	15	4	9	6	11	6
1	18	6	18	2	6	1	18	14	1	3	7	10	15	5	4	11	17	9	11
12	12	9	16	15	13	7	4	19	1	20	19	14	19	19	10	8	6	19	8
12	6	10	16	18	13	5	4	5	9	15	2	16	9	6	20	3	15	2	11
8	17	5	3	13	13	6	9	17	14	13	16	2	7	7	20	2	7	2	8
13	8	14	11	6	4	15	7	10	14	18	10	9	5	8	2	8	13	1	12
9	16	11	8	17	20	7	2	16	18	4	18	2	2	4	1	20	9	11	14
8	11	1	20	3	2	7	6	19	16	8	13	14	7	9	1	2	3	15	2
5	3	17	11	19	10	18	20	4	5	17	7	17	17	11	18	5	9	18	3
11	9	5	14	15	16	5	3	12	12	16	16	16	14	7	18	18	16	6	3
20	9	11	20	15	20	16	12	8	1	12	2	15	6	10	4	4	9	9	9
14	2	17	8	6	1	8	12	16	7	17	17	19	1	18	7	6	6	5	10
20	15	17	10	16	3	15	17	18	1	11	11	4	6	2	17	9	2	15	8
7	5	3	1	9	1	12	7	17	8	11	11	4	19	12	12	7	2	16	19
13	12	7	5	1	17	12	8	9	7	18	18	15	3	11	6	19	20	9	16
16	9	19	18	4	5	11	2	16	16	16	20	1	15	9	20	3	17	16	10
16	14	3	5	12	9	2	2	13	20	4	1	10	2	9	16	13	4	19	12
7	18	9	12	18	14	10	1	4	14	11	9	2	15	20	20	12	11	8	17
5	5	4	15	1	2	12	2	7	14	5	11	16	12	18	8	18	19	3	10
4	10	1	18	3	14	5	8	12	3	11	1	20	15	3	15	8	16	11	18
7	3	9	20	12	17	14	19	17	7	2	18	20	3	6	18	13	4	15	6
6	10	19	1	1	12	16	17	5	16	2	4	6	10	17	2	14	19	7	2
19	5	9	1	7	9	19	20	17	12	19	8	12	12	18	18	11	8	14	13
19	19	18	16	19	7	20	5	14	14	2	19	3	7	7	2	17	11	4	8
9	20	14	9	7	6	12	9	18	10	8	11	14	8	16	12	6	10	3	8
11	11	2	2	15	13	9	2	18	11	5	18	16	7	1	5	2	19	15	17
19	8	9	5	3	17	9	20	4	2	1	18	14	18	6	5	2	13	12	17
4	18	4	18	9	3	6	19	4	1	13	7	13	16	10	17	16	17	11	9
16	13	11	4	20	8	13	5	19	1	11	8	12	10	13	9	10	13	1	1
15	18	20	6	7	20	18	4	17	9	17	13	9	19	16	13	17	10	12	11
17	7	13	13	17	11	4	9	17	5	16	15	17	17	20	19	13	19	4	10
18	16	3	19	7	12	17	3	4	18	8	6	18	10	14	20	10	12	13	16
8	9	20	19	7	2	17	11	18	6	4	3	4	2	4	11	16	19	20	12
5	5	12	12	17	18	15	14	2	5	19	1	3	1	4	18	1	20	6	20
10	1	11	14	10	4	2	17	18	10	13	2	9	8	12	20	7	16	12	3
1	17	3	4	20	10	3	2	1	1	8	14	9	15	6	3	18	6	13	15
5	17	20	4	19	6	10	20	18	6	3	3	17	8	18	10	4	16	11	10
3	1	11	20	8	17	4	9	2	3	5	12	11	17	15	3	14	13	1	13
5	16	20	10	9	2	2	7	5	1	4	20	11	5	11	1	7	20	11	17
11	4	17	5	8	16	14	13	18	16	17	17	15	18	2	3	7	18	9	9
16	11	8	12	15	1	20	5	7	14	11	19	18	11	3	5	12	12	5	1
5	10	15	19	2	6	18	4	19	15	16	4	17	1	16	4	16	20	11	5
15	5	6	12	19	10	9	12	10	13	17	10	3	11	18	11	14	15	17	7
18	16	4	13	14	3	6	19	7	6	7	16	17	15	9	15	10	9	18	4
12	1	14	10	10	16	8	11	10	20	10	18	13	11	17	18	2	6	15	7
13	8	20	3	8	15	10	6	14	4	10	16	12	2	15	18	19	19	16	6
12	19	14	14	9	17	8	8	15	19	20	10	17	5	3	20	11	2	14	18
3	1	15	1	10	4	18	17	1	16	1	19	13	17	2	12	5	13	2	9
13	2	7	8	12	20	10	12	19	19	2	12	6	11	1	13	19	1	3	5
18	1	3	20	16	11	1	18	20	14	14	1	20	5	9	5	10	3	5	10
7	6	7	9	14	13	10	11	19	2	11	17	20	14	18	4	13	12	12	1
9	1	18	4	9	3	15	3	7	15	3	10	11	11	9	2	8	3	6	16
8	18	14	15	7	8	16	17	19	7	10	16	5	11	1	7	14	14	10	19
9	10	18	17	18	10	6	16	18	3	2	1	6	9	1	10	19	18	11	13
1	14	11	6	16	5	18	4	19	19	20	9	20	15	11	18	7	1	4	18
11	14	9	13	8	7	8	17	9	3	7	14	19	20	15	8	14	1	16	5
15	15	19	17	3	5	20	20	2	17	7	19	16	19	2	18	18	11	7	2
5	11	5	20	5	10	14	17	5	17	14	7	3	6	4	18	2	13	11	10
5	4	7	7	14	13	5	8	15	19	15	7	18	18	8	9	1	9	12	17
11	9	13	12	14	14	16	11	15	4	5	15	12	20	20	16	8	12	19	6
4	6	20	1	3	2	8	5	14	10	13	5	12	3	2	8	17	8	16	5
20	16	7	2	15	19	8	17	9	4	13	2	6	2	16	17	17	9	9	18
5	13	2	10	11	18	6	5	7	13	3	5	18	7	10	7	9	14	9	10
5	17	19	17	7	4	16	1	6	19	18	9	1	1	16	13	4	6	15	3
9	2	18	16	19	14	4	8	7	13	5	14	16	3	20	19	12	4	19	17
15	7	18	3	12	14	9	20	16	11	17	14	4	12	11	19	20	9	6	12
14	5	15	5	9	1	10	12	3	19	5	5	17	11	2	7	20	15	10	20
4	10	12	6	4	17	13	19	5	14	15	4	20	12	5	16	6	3	8	2
2	7	6	3	12	17	13	9	2	5	11	11	9	13	1	4	12	12	17	17
18	18	2	6	5	12	5	2	19	2	17	8	16	8	9	7	14	13	12	3
12	1	7	10	20	8	5	12	6	17	4	2	7	18	3	14	19	11	12	8
14	1	20	16	9	15	17	16	12	6	5	12	5	6	9	17	18	17	12	20
18	19	19	7	11	3	6	16	7	7	1	15	13	6	4	14	5	19	14	9
8	10	13	19	19	14	17	16	5	19	6	16	2	5	15	13	8	4	8	8
4	4	2	12	13	13	6	8	16	11	7	13	17	13	19	20	4	6	11	19
1	9	11	20	17	18	16	3	14	4	12	9	5	10	12	20	1	19	12	9
18	3	12	1	14	17	7	3	16	3	5	4	14	2	14	11	11	2	17	17
16	15	12	14	12	4	18	8	12	9	15	7	8	1	16	4	16	18	7	18
10	5	17	2	6	7	17	9	19	15	3	7	8	2	5	2	17	2	17	10
6	14	12	3	18	10	10	9	11	14	18	7	3	2	18	14	2	14	3	9
4	10	12	6	13	11	19	6	1	9	10	13	7	19	16	6	10	17	13	8
18	14	4	2	7	19	7	17	1	5	1	19	20	18	3	19	7	10	7	19
10	19	20	7	3	13	2	17	6	20	12	5	17	9	17	8	8	14	3	4
11	3	18	2	14	12	20	2	2	3	18	12	7	18	7	2	15	6	4	13
17	20	19	11	16	8	11	10	18	13	18	18	5	17	18	7	9	12	8	7
11	2	3	11	13	16	4	2	8	8	19	11	9	16	1	3	8	17	10	12
11	20	5	19	20	5	6	7	14	6	11	20	10	18	3	9	4	15	15	12
19	2	7	13	12	8	4	17	18	11	12	8	17	6	13	15	9	18	18	12
16	17	18	19	12	15	18	8	20	11	6	14	10	19	5	16	6	16	16	4
17	5	7	9	15	18	16	10	10	15	12	7	4	8	5	5	3	6	1	1
8	10	8	14	18	9	10	2	9	16	16	17	17	5	12	14	11	3	1	7
12	8	17	8	5	6	9	17	11	14	7	18	10	7	1	1	2	6	20	13
4	9	2	9	18	14	20	3	16	6	4	9	16	9	5	17	5	5	3	10
4	14	11	18	14	9	7	17	17	19	15	8	11	6	3	5	18	15	5	19
10	6	13	14	10	12	17	10	6	10	8	15	12	3	6	11	4	2	9	8
5	4	5	20	6	6	4	17	14	12	20	2	17	7	5	13	13	3	9	1
3	13	17	13	9	10	18	13	2	16	10	4	2	11	5	6	10	15	10	17
2	2	12	2	5	9	7	11	18	17	19	14	11	5	12	9	1	17	17	19
1	10	15	3	13	6	19	7	5	3	18	7	3	1	5	15	19	11	11	9
5	3	16	1	9	3	5	8	19	18	8	17	8	2	11	11	12	10	8	2
11	14	12	12	10	6	18	3	16	15	2	2	9	3	12	4	1	3	19	5
18	1	12	13	17	5	6	15	19	18	7	20	4	19	2	5	20	19	5	12
11	8	4	6	9	8	16	17	17	15	19	15	10	5	11	10	12	11	17	3
4	3	3	1	12	10	9	16	17	6	20	1	15	20	2	6	9	5	19	7
4	10	11	6	3	6	2	17	4	6	15	18	2	19	12	8	19	1	2	7
8	1	17	20	3	2	6	17	10	8	15	12	11	18	20	11	20	16	9	15
16	7	3	19	10	2	1	10	19	7	3	13	12	6	4	12	1	5	12	16
6	3	4	18	4	2	5	18	19	15	5	20	15	20	10	10	16	12	16	10
12	9	7	3	14	5	14	16	12	20	13	2	3	11	13	14	20	9	10	2
11	7	7	17	16	2	9	4	8	5	8	20	10	11	12	3	17	15	7	11
13	6	11	5	20	4	20	3	11	12	11	17	6	17	7	19	11	13	2	6
8	14	14	8	9	15	4	16	14	1	18	10	8	17	17	13	13	17	12	4
10	17	10	17	12	20	1	19	6	16	6	7	11	20	15	4	13	1	13	20
13	3	1	10	1	12	20	15	4	17	11	19	13	17	11	10	15	9	7	17
5	1	17	10	7	5	20	16	16	4	6	11	4	3	11	10	2	6	5	6
3	12	11	12	19	9	10	16	5	18	18	6	17	20	8	2	9	12	19	9
2	18	6	20	17	8	7	8	2	16	14	10	15	3	20	11	16	1	6	5
7	4	17	15	20	16	13	14	19	20	14	20	5	9	14	19	2	16	12	12
2	12	1	3	2	3	12	19	11	16	19	15	5	18	6	4	12	16	6	16
18	13	17	11	10	14	15	7	13	17	12	18	7	1	14	12	12	5	10	15
7	9	18	15	2	11	15	11	17	1	6	1	3	8	5	4	5	9	13	7
9	2	14	11	12	8	5	9	11	9	8	18	9	10	13	6	1	1	2	7
17	11	11	11	11	13	6	13	11	3	9	8	9	12	3	2	9	20	3	7
16	2	8	5	17	11	9	14	17	8	8	1	19	15	15	13	12	17	1	12
14	8	16	15	15	1	14	1	5	20	5	19	6	5	11	13	5	13	18	1
6	4	4	13	1	20	12	8	6	3	1	19	14	13	12	16	15	18	11	6
6	14	15	13	5	9	1	15	14	17	14	4	11	5	6	9	3	4	4	1
9	10	9	5	15	2	16	3	15	11	7	6	10	19	11	10	14	20	9	3
3	6	2	8	2	17	1	16	11	15	7	3	17	10	3	9	7	14	14	10
7	14	8	9	18	14	13	11	11	16	14	16	12	11	19	1	11	8	8	15
3	19	17	8	5	9	15	4	1	19	14	15	4	7	13	2	11	14	18	6
2	6	17	20	14	8	16	13	7	3	9	4	13	6	19	2	18	10	17	8
12	17	9	2	1	2	18	7	14	17	5	1	15	10	20	16	14	1	13	9
7	11	14	14	2	17	6	2	13	18	9	20	1	1	9	14	9	20	2	5
12	15	4	10	20	3	5	3	4	7	15	9	19	12	10	13	13	2	16	18
5	5	11	8	2	20	12	2	18	20	12	11	4	8	5	17	11	16	17	19
14	20	1	7	16	7	2	17	3	8	6	12	11	6	10	12	7	20	3	4
6	15	11	9	16	17	18	10	8	20	14	16	6	6	16	8	12	4	3	6
18	8	20	7	3	18	11	5	12	4	19	9	12	18	17	8	15	5	8	16
15	10	6	20	17	14	5	16	3	20	19	4	7	19	19	2	6	1	1	7
19	20	7	15	20	14	16	19	3	3	18	4	17	19	12	6	16	12	6	2
18	5	1	5	11	3	5	1	13	8	1	10	10	15	13	14	2	16	2	9
9	18	9	8	12	9	3	2	8	10	5	6	2	12	20	4	2	12	13	16
10	3	5	8	20	15	4	19	13	7	13	13	8	11	9	18	12	20	11	11
13	13	17	7	9	5	18	14	5	1	10	1	19	5	9	2	1	6	17	9
5	8	2	19	17	10	10	11	5	5	18	3	13	2	16	8	16	10	16	12
1	5	20	2	4	19	18	10	2	1	7	7	10	15	4	5	6	2	13	14
19	10	8	19	14	16	9	7	7	18	10	9	14	7	17	8	13	16	15	18
1	4	13	15	12	13	2	19	11	16	6	9	1	20	6	3	17	11	15	7
6	4	8	13	5	4	7	3	11	12	18	9	3	12	17	18	17	9	10	10
13	3	8	9	19	5	16	9	13	14	19	9	9	3	11	12	14	7	10	1
14	9	4	19	20	11	7	19	17	12	9	3	12	16	5	9	17	6	17	6
14	19	7	18	20	9	20	5	17	15	18	9	13	16	1	9	7	10	8	3
18	9	1	12	19	10	2	11	19	17	15	1	8	8	13	17	16	9	3	20
16	19	2	16	16	13	14	17	19	17	7	12	19	5	5	10	16	2	12	17
5	9	16	12	13	14	12	13	4	3	14	18	13	2	9	14	3	10	14	19
13	9	19	20	13	7	6	6	9	16	1	8	11	10	4	16	6	2	20	1
14	20	8	3	9	20	11	20	17	20	12	11	15	7	9	5	13	10	2	8
6	18	18	18	2	3	1	5	4	14	18	16	5	14	18	16	19	10	3	17
19	6	5	18	12	19	11	3	10	4	4	15	9	10	4	6	2	9	8	14
10	11	4	6	12	12	9	4	9	8	10	9	2	16	8	7	13	1	19	16
19	4	9	6	13	9	1	7	2	3	10	16	8	18	16	12	19	12	12	17
13	10	2	18	18	2	3	9	1	17	14	8	20	5	5	2	16	14	16	9
20	9	17	4	4	8	13	15	13	5	18	6	7	11	19	20	6	10	10	8
18	11	11	14	15	15	8	19	3	14	3	14	20	1	17	4	9	13	4	3
8	19	9	2	12	6	16	10	11	15	11	13	20	5	11	14	18	8	19	8
13	6	13	17	12	6	6	20	8	1	17	2	18	3	1	3	7	20	4	13
1	20	17	9	14	15	10	17	13	2	19	6	9	1	19	4	18	9	5	20
11	3	18	18	8	9	14	8	13	12	4	11	3	6	16	9	15	20	5	1
13	11	1	9	15	10	10	5	3	18	3	9	4	18	19	2	14	18	2	9
16	13	14	19	15	2	19	20	20	3	7	3	17	4	15	4	8	16	8	5
18	19	6	11	4	18	4	16	19	1	20	18	1	19	20	8	14	19	16	7
7	1	3	17	15	10	14	2	14	17	10	9	12	17	4	9	19	15	13	5
15	7	10	15	9	12	8	12	8	4	4	18	17	20	18	16	1	18	17	11
10	18	11	18	9	14	8	16	8	19	7	1	4	9	18	12	6	19	7	14
18	2	3	14	11	16	5	2	18	2	5	20	20	15	2	6	1	18	19	16
15	4	12	12	18	18	19	17	8	13	18	19	13	14	14	4	2	13	14	15
6	10	10	20	11	1	8	17	6	16	6	20	2	3	20	19	4	8	11	9
6	17	4	7	15	17	10	15	10	8	16	15	20	11	6	2	18	6	8	15
5	7	5	9	17	19	20	4	15	2	17	3	14	15	7	11	8	12	13	17
6	19	12	16	4	10	4	3	7	16	10	9	10	12	12	4	18	3	18	11
5	8	12	5	14	10	13	15	14	20	9	8	8	9	11	11	4	9	7	3
1	16	12	9	12	6	7	10	13	19	6	4	19	10	8	12	11	15	20	9
19	14	5	4	5	7	2	13	20	15	15	1	3	15	17	20	9	11	13	9
3	8	4	14	8	18	12	18	9	15	10	9	16	4	8	12	10	3	2	10
11	14	11	17	19	12	11	8	10	19	1	15	8	4	5	11	7	19	11	19
5	7	14	19	20	9	18	20	9	16	15	14	18	3	4	2	13	8	6	17
17	4	12	16	17	17	6	20	13	9	12	18	19	6	18	20	20	17	20	6
15	6	15	5	10	18	3	5	3	4	19	3	4	15	20	20	2	10	11	10
18	3	12	14	1	10	1	16	6	4	3	15	8	9	20	6	8	9	13	10
16	18	20	7	19	3	7	9	5	20	20	2	4	20	6	3	5	13	3	13
15	14	14	18	3	6	19	11	3	15	3	11	4	2	3	6	12	14	6	7
20	11	18	7	5	17	5	12	1	18	11	13	18	14	11	16	19	2	20	13
19	4	2	18	12	20	7	14	17	12	10	10	14	18	5	12	3	2	3	12
3	20	16	4	4	20	4	12	11	9	12	9	7	17	13	17	12	17	12	12
18	1	15	19	14	20	13	4	18	11	19	16	1	12	9	9	17	20	5	19
10	10	20	11	2	12	20	6	2	6	3	20	2	17	13	8	8	13	12	19
12	13	18	15	11	5	12	15	16	2	13	12	13	11	11	20	8	18	5	19
6	15	11	11	8	2	4	18	15	16	10	4	3	5	5	17	15	9	17	5
6	10	7	16	20	15	2	4	16	16	3	4	3	12	3	3	14	4	15	16
8	20	12	15	1	20	11	7	15	3	20	4	2	18	13	13	6	15	19	1
16	8	19	20	9	18	7	7	8	20	16	9	6	6	2	17	4	13	17	6
19	12	4	19	11	6	7	12	17	1	18	8	1	10	10	1	14	9	12	9
3	20	17	5	17	8	13	10	6	19	9	3	5	12	12	4	20	5	13	11
8	15	9	7	9	6	2	13	6	18	2	10	2	15	4	16	6	7	13	5
15	17	3	6	13	5	4	7	10	5	19	13	16	15	13	20	6	2	1	3
1	18	20	12	10	4	14	10	15	5	3	20	20	20	8	18	17	10	12	15
16	10	2	18	13	16	18	10	1	7	11	1	13	5	16	12	17	15	7	19
1	10	9	2	11	12	19	13	18	7	6	16	8	9	6	18	4	1	9	14
5	20	20	8	1	3	3	4	20	15	20	20	3	17	12	17	19	8	12	1
1	6	11	11	11	17	10	20	15	10	14	15	8	8	8	10	1	16	4	20
19	4	16	3	15	15	7	11	2	20	12	3	17	14	8	4	6	12	13	13
1	5	15	3	20	7	10	5	2	5	7	6	8	11	3	15	10	5	11	12
9	8	19	6	13	17	10	15	12	5	18	8	18	3	10	2	11	15	20	14
8	7	11	3	5	12	6	1	2	18	5	17	4	18	7	17	19	12	20	18
8	13	1	15	10	18	3	2	1	13	2	11	19	1	4	12	2	11	9	4
20	9	8	11	5	4	14	2	2	1	18	17	16	15	10	13	13	1	8	5
18	4	17	7	14	3	15	16	12	1	6	16	8	7	7	18	16	12	1	1
17	12	8	13	20	10	12	9	13	18	11	14	8	1	19	5	9	19	17	15
12	12	12	10	8	4	11	11	8	7	18	12	17	3	2	20	16	11	2	3
5	18	8	2	14	16	17	9	12	2	11	16	5	11	11	19	9	13	18	8
11	9	2	6	20	11	12	9	17	4	6	17	20	9	2	7	4	12	19	13
5	10	12	15	1	12	11	12	20	13	8	20	16	8	18	18	19	8	4	13
8	9	1	10	13	18	16	8	16	4	15	2	5	8	13	1	12	18	3	18
6	19	9	8	1	13	10	3	3	4	6	10	4	1	7	1	14	10	19	10
11	6	18	4	20	20	7	9	15	5	10	3	17	6	12	20	7	13	20	15
12	1	13	9	16	18	8	7	20	9	6	5	19	14	9	5	13	11	1	5
14	12	17	20	18	14	16	15	12	18	14	20	18	17	16	8	1	4	5	11
12	17	5	17	18	7	19	11	10	2	9	2	8	10	7	7	3	3	2	6
2	14	17	1	15	18	20	17	4	8	4	2	5	2	6	2	4	17	13	18
17	15	17	10	17	13	8	5	1	17	9	3	14	20	1	19	16	7	6	6
3	17	16	13	3	15	3	4	14	2	16	10	15	15	12	1	13	19	9	1
18	8	20	7	5	10	14	3	17	16	17	12	3	14	12	14	14	19	12	9
19	17	12	15	14	10	8	10	2	1	12	17	16	10	5	6	16	19	13	19
2	20	10	14	15	6	8	6	1	10	8	19	8	12	11	6	18	17	17	2
1	13	18	1	14	14	15	20	2	18	3	17	4	15	8	20	9	6	17	7
13	14	19	13	7	3	13	16	11	15	13	17	2	19	9	17	1	18	19	8
3	15	16	6	11	3	7	11	15	6	1	10	7	15	5	12	16	13	18	2
6	19	8	9	14	6	16	7	10	1	14	6	11	10	6	20	19	1	14	11
10	9	4	10	14	6	1	18	8	16	1	19	9	1	16	12	20	17	4	12
9	17	10	1	8	15	15	2	11	20	10	17	3	17	15	14	15	19	2	11
19	15	20	17	17	1	12	8	7	12	15	1	18	16	20	7	5	17	11	8
15	1	12	19	18	14	4	8	14	3	17	10	17	17	12	5	8	4	4	12
1	7	13	2	17	1	7	19	3	1	12	15	19	7	18	3	6	17	10	3
14	7	14	11	7	3	4	15	12	7	14	8	16	1	8	8	9	17	11	20
5	16	19	2	8	16	13	15	11	18	18	17	3	6	19	6	16	6	4	13
11	18	14	12	18	4	15	19	14	19	4	11	18	2	17	19	14	17	11	9
20	13	18	6	6	10	16	12	7	18	18	11	1	20	9	6	10	13	9	16
19	10	9	12	15	12	11	17	7	4	9	11	2	9	7	17	1	7	9	11
16	8	2	12	6	19	10	10	16	18	20	9	5	19	20	16	20	17	17	9
20	20	9	12	15	18	18	10	13	6	13	4	15	6	20	12	12	20	2	4
11	19	7	5	19	3	9	7	18	6	14	1	4	9	10	10	7	7	7	12
9	3	11	1	4	14	14	8	4	7	15	11	9	5	18	15	5	11	9	10
16	3	2	1	10	17	6	12	14	8	6	12	19	17	16	20	8	8	13	6
10	14	3	12	17	9	9	9	17	3	3	7	8	14	8	12	19	5	11	12
18	8	2	7	20	2	20	3	19	17	13	10	3	12	6	16	7	7	2	14
5	5	12	18	1	17	14	16	3	20	8	3	18	20	19	19	3	16	10	8
11	17	3	20	20	9	1	12	9	9	11	7	16	15	8	20	19	10	20	18
18	17	3	9	9	10	16	4	4	1	13	10	20	2	8	7	8	16	5	7
3	12	5	13	9	3	10	16	18	16	18	17	2	9	8	18	13	17	7	14
12	5	6	2	15	18	3	5	1	15	9	12	1	8	14	9	12	11	11	9
10	17	8	9	11	10	18	6	3	15	3	7	6	6	12	14	10	18	9	11
6	7	12	16	2	11	4	4	15	1	16	1	4	4	9	5	7	13	12	12
6	8	15	13	14	6	17	13	8	4	20	9	17	17	18	16	9	2	15	14
19	8	5	9	9	10	16	5	16	4	15	19	12	15	13	9	4	19	11	15
13	9	20	10	1	2	17	14	4	10	7	1	16	6	15	13	2	20	7	3
4	11	2	20	20	10	16	2	6	9	15	1	12	18	6	3	13	19	3	15
6	2	19	6	1	11	12	18	10	12	7	19	19	9	12	19	10	15	8	9
13	15	15	6	4	7	8	18	18	15	11	20	3	11	18	13	5	11	5	13
15	14	8	18	7	9	9	2	3	3	17	13	13	20	11	7	1	10	12	16
8	6	16	2	13	11	2	7	14	8	10	17	7	15	13	11	11	16	8	7
3	1	19	2	3	10	12	19	17	10	15	10	14	19	10	16	4	10	4	2
7	17	2	5	2	5	4	4	17	12	11	6	10	7	20	9	7	3	14	20
8	16	5	2	9	5	12	15	20	14	17	5	20	4	11	19	14	15	11	15
3	16	10	6	4	3	5	11	20	3	1	16	10	19	3	15	1	7	14	19
11	14	13	8	1	10	17	18	19	17	7	19	15	15	19	15	19	18	16	2
18	7	5	6	19	2	2	19	5	15	3	20	16	20	4	6	6	15	4	20
8	12	3	12	13	4	20	15	3	8	17	15	19	12	7	16	12	11	20	14
15	11	8	9	14	19	8	5	9	18	15	13	16	20	2	5	4	2	13	5
20	3	20	18	9	14	9	11	9	17	14	3	7	20	11	13	12	13	16	15
15	18	12	10	3	11	4	2	2	3	11	4	12	1	3	20	9	9	11	16
7	13	5	16	14	4	18	13	8	5	3	11	3	15	18	2	3	10	17	2
20	17	4	6	9	17	19	8	14	14	12	8	1	20	2	11	13	3	6	11
14	14	11	9	18	20	1	12	15	16	1	4	18	15	8	18	1	6	9	10
12	8	11	13	17	13	4	14	3	10	1	5	1	12	7	14	7	3	6	20
8	20	9	14	20	12	11	3	8	5	13	13	17	8	6	13	1	18	7	15
17	9	20	6	19	8	3	8	11	13	5	8	5	7	15	18	4	16	10	16
9	8	6	2	18	17	6	20	5	11	15	13	9	17	4	12	18	10	14	9
7	13	10	20	5	19	4	6	16	6	10	15	20	5	7	4	13	9	12	11
8	2	3	4	14	9	8	8	9	1	17	3	17	13	17	4	19	11	4	2
15	1	3	5	8	18	11	2	4	8	18	2	4	12	20	11	19	20	4	16
3	19	15	1	3	6	20	2	13	11	3	15	16	9	13	1	5	8	13	19
5	18	18	16	20	17	8	10	1	17	12	10	16	5	17	8	8	19	8	11
13	16	4	12	20	10	8	6	16	15	7	17	2	3	19	12	17	3	10	12
7	3	19	13	2	13	9	1	5	12	18	2	20	10	9	9	11	3	19	14
17	5	19	8	17	17	11	3	9	15	17	17	6	16	7	9	3	19	16	13
3	13	2	12	19	5	5	17	4	11	11	7	11	15	14	18	6	2	7	1
1	14	1	5	1	11	19	4	20	9	4	6	14	19	18	10	4	13	3	7
7	15	6	19	18	18	9	5	2	9	1	2	2	12	7	19	4	8	12	12
19	9	18	2	7	3	13	6	15	15	18	3	12	4	19	7	16	3	4	4
18	5	17	2	17	18	17	15	20	15	14	7	18	13	17	7	3	11	15	7
5	3	15	20	1	7	6	20	17	10	16	5	15	1	8	2	13	8	20	6
20	20	9	2	14	15	16	20	11	2	7	19	1	6	4	16	2	2	13	14
9	17	7	6	18	2	14	6	18	10	4	20	9	9	19	5	8	20	8	18
17	5	14	15	16	15	14	3	20	4	20	1	5	15	11	19	3	17	1	2
16	11	2	7	4	11	7	16	19	3	2	16	16	10	10	6	2	20	10	12
12	18	9	3	8	18	15	15	13	14	18	5	3	4	4	11	2	11	19	20
13	16	15	18	6	1	3	14	4	2	18	3	1	13	1	16	5	12	2	3
1	11	18	1	15	13	7	14	12	9	5	9	6	4	1	7	15	1	20	16
2	6	1	14	6	18	13	20	15	6	6	14	15	9	19	13	16	17	11	17
7	10	13	8	3	12	18	10	14	2	3	10	9	4	4	18	17	17	8	18
4	9	6	7	5	6	2	2	19	17	19	14	7	5	1	3	7	13	10	9
13	19	9	19	3	8	8	19	4	14	7	18	1	10	1	5	14	16	8	1
15	16	18	10	10	5	16	10	12	14	13	19	18	5	13	4	18	12	5	4
12	18	16	17	4	18	15	16	18	15	4	17	15	8	17	4	8	17	5	9
3	16	14	17	19	9	17	20	14	18	13	8	1	1	17	2	12	13	1	14
20	5	18	6	9	16	10	17	20	14	1	10	18	7	1	18	2	8	1	1
12	19	19	16	2	18	12	7	18	2	14	1	3	6	12	4	2	20	7	17
13	17	11	7	16	2	10	10	17	15	4	9	19	7	15	8	11	11	19	18
20	9	8	17	5	4	2	9	14	1	14	11	17	1	1	19	13	15	14	2
10	14	17	1	5	8	19	20	11	10	8	20	7	1	19	17	12	19	19	9
11	12	6	9	13	14	11	11	17	15	12	8	12	8	5	12	8	4	6	7
14	5	3	8	8	2	1	7	12	11	4	7	10	13	9	19	1	11	17	20
13	10	17	19	2	16	5	5	11	20	3	17	18	12	2	9	18	2	11	6
19	1	17	7	11	9	5	1	4	1	19	15	1	8	3	18	20	7	8	4
4	16	18	18	4	18	8	8	12	18	20	13	4	12	5	20	16	2	6	13
17	18	15	11	2	13	18	7	11	9	11	6	3	9	20	9	15	4	11	6
1	18	2	13	20	3	20	7	13	9	17	18	7	4	14	3	16	1	6	19
11	2	16	4	14	19	2	14	7	3	6	11	2	11	12	12	12	16	9	4
12	7	18	20	3	1	5	12	2	2	6	18	13	6	18	7	2	1	12	1
16	1	13	17	11	7	11	9	10	8	3	13	20	15	19	19	10	12	11	12
18	2	7	6	7	4	15	3	9	10	20	20	20	19	3	2	17	10	19	11
19	16	7	15	2	7	13	10	9	16	2	11	4	20	8	9	7	1	1	19
20	6	11	18	3	17	20	12	7	5	10	16	17	8	11	3	10	20	6	11
1	6	4	13	13	13	15	13	7	10	16	19	20	10	10	20	15	5	19	3
2	4	9	14	12	3	11	2	18	13	18	5	6	12	18	14	2	14	5	17
10	6	4	11	19	15	13	18	1	16	5	7	4	1	6	3	17	13	18	11
17	7	11	18	6	12	16	2	4	13	16	6	4	12	3	4	2	6	14	10
14	18	3	18	17	9	6	17	9	3	10	1	5	17	4	20	6	20	8	9
5	7	10	5	10	11	18	14	9	9	11	14	12	3	2	14	4	17	8	20
19	6	16	16	7	15	11	18	9	17	19	2	17	14	17	8	14	11	8	12
11	4	4	2	17	8	11	16	9	5	5	5	2	8	6	10	6	20	12	19
2	16	9	14	14	11	9	18	17	11	4	19	10	2	5	17	9	18	12	16
8	17	16	8	16	17	14	10	12	6	13	3	7	16	20	5	16	20	8	4
9	5	15	8	14	20	5	2	2	16	13	19	7	15	20	16	3	12	6	10
12	16	20	3	2	18	18	17	15	3	17	12	9	17	1	10	4	10	6	13
4	5	16	1	13	8	20	2	11	11	17	13	20	2	20	4	9	7	8	12
11	12	12	20	4	17	1	20	10	20	1	14	12	9	11	15	19	11	3	13
15	18	13	12	11	4	16	18	18	2	1	3	10	14	18	4	1	4	5	7
10	15	14	2	8	11	19	6	16	17	1	14	12	18	2	12	6	5	18	7
18	12	19	16	19	10	16	5	16	20	3	15	2	19	8	14	18	18	15	11
16	16	5	17	2	14	14	14	14	10	17	7	19	14	5	16	11	20	11	14
1	15	13	14	8	11	4	4	12	7	5	2	5	16	2	11	7	20	12	7
15	10	17	15	11	14	20	8	14	16	5	6	19	4	10	15	15	1	14	9
10	5	1	4	17	1	17	16	5	13	14	16	11	4	6	6	6	16	4	15
20	12	1	10	19	16	16	20	16	14	11	14	20	6	1	6	17	1	9	17
7	1	7	8	5	20	1	11	17	18	8	2	14	5	7	13	13	8	18	16
15	4	2	3	5	8	13	14	11	10	1	18	10	10	6	6	13	4	5	6
10	3	19	7	11	8	6	8	20	20	16	3	17	13	13	14	16	18	5	7
16	4	7	6	19	3	14	12	19	9	4	14	1	2	2	1	15	6	16	19
3	15	19	15	13	3	2	10	15	14	17	2	16	3	11	20	2	7	19	2
1	19	9	3	7	18	1	10	12	13	16	1	3	18	19	17	19	2	18	19
11	12	5	3	11	18	5	3	14	6	10	9	17	5	18	19	10	4	14	9
15	3	15	15	8	9	8	17	12	14	1	1	17	7	3	19	7	12	9	11
20	2	18	7	3	1	2	7	9	15	20	3	1	9	10	3	14	19	5	16
7	18	9	3	18	4	6	3	5	9	5	7	8	20	5	2	14	7	14	6
13	6	13	19	10	4	9	15	18	4	17	9	13	17	7	20	18	1	15	1
19	20	2	18	13	8	1	14	16	11	4	9	14	6	19	4	14	15	7	11
20	9	1	9	19	20	20	1	20	5	17	4	2	1	17	14	18	17	1	6
1	17	4	13	3	13	10	17	13	4	17	15	9	13	15	7	6	10	13	20
5	17	5	17	2	13	3	18	17	12	12	11	19	15	7	13	4	19	20	12
1	3	6	11	11	9	2	13	3	6	7	16	18	10	5	1	11	14	12	13
4	12	3	4	1	12	8	20	14	4	4	12	14	9	14	8	4	4	17	6
4	18	4	16	12	16	14	18	1	15	2	14	9	10	1	3	8	6	19	12
7	4	1	20	5	14	13	3	14	17	20	9	19	14	18	6	6	1	3	6
14	14	3	14	1	13	7	8	11	8	16	16	9	6	15	17	13	6	7	16
13	12	1	10	4	15	15	13	4	19	18	6	3	1	4	9	16	4	16	2
4	4	5	16	13	11	8	3	14	3	17	12	10	20	3	9	13	10	9	19
10	3	9	1	6	3	7	19	9	19	7	12	8	17	14	6	18	6	7	3
17	12	13	4	7	8	17	3	3	10	9	19	14	13	8	7	9	15	13	6
14	2	14	15	9	19	18	5	4	6	6	9	19	2	16	16	1	5	2	4
14	11	16	10	9	14	3	8	5	6	17	1	8	16	16	8	1	18	17	16
17	10	2	9	7	11	7	8	11	15	8	6	12	9	12	14	2	9	19	1
1	11	4	8	9	20	18	4	2	7	7	16	7	14	19	19	7	7	13	19
11	19	4	19	4	8	8	3	16	19	4	20	7	1	9	8	5	14	14	18
14	6	6	15	15	14	9	18	6	13	19	20	14	16	5	2	7	9	3	8
18	3	19	7	16	7	3	18	6	14	7	8	8	15	9	16	15	7	4	18
13	14	9	7	13	4	11	1	10	18	14	5	16	7	9	10	10	5	18	15
8	14	8	17	19	14	11	19	15	4	12	10	19	10	18	4	9	5	17	20
19	2	16	10	15	18	11	20	9	18	4	1	8	16	18	18	9	2	1	10
14	19	9	8	15	19	3	3	15	1	12	18	16	7	3	10	19	15	6	9
20	18	7	3	12	20	8	13	8	10	5	2	18	12	9	17	10	10	5	17
16	20	13	18	15	6	9	17	8	6	1	18	5	3	10	20	14	17	4	9
3	13	6	9	3	8	9	11	8	9	2	17	1	11	2	20	1	13	5	11
3	13	16	7	7	18	10	16	16	17	11	2	12	10	3	11	18	7	1	8
2	14	14	1	15	4	4	6	19	10	12	2	12	13	6	13	8	20	11	17
15	13	15	2	12	17	20	16	3	20	1	7	1	12	11	13	13	16	2	6
17	11	5	16	13	8	17	14	4	20	4	6	2	18	11	7	15	2	5	13
1	2	11	5	18	10	8	6	17	13	20	18	8	18	12	11	14	19	12	15
8	1	14	12	15	13	20	12	2	6	2	9	7	9	12	19	12	6	16	15
5	19	4	3	7	11	3	10	13	20	10	18	4	5	1	5	18	13	20	3
14	20	2	3	6	18	1	2	18	17	15	16	6	12	15	2	18	1	20	15
11	20	20	15	13	8	1	4	8	11	10	7	17	18	19	10	6	9	7	7
5	16	9	19	20	15	3	8	9	1	11	16	12	17	19	16	11	1	11	5
12	14	12	11	6	8	11	1	8	6	10	12	1	3	17	1	13	4	14	8
10	15	7	14	8	8	16	12	3	7	5	17	14	2	12	10	15	2	11	14
13	17	14	16	17	2	18	6	13	15	9	1	16	6	7	2	1	9	10	15
11	4	6	6	1	8	7	16	5	3	17	6	10	14	20	15	9	3	16	10
18	18	12	18	6	15	9	3	1	12	7	19	11	15	20	11	12	4	19	9
11	9	10	15	5	17	6	14	19	7	1	8	9	5	5	1	19	2	4	5
18	17	16	8	16	13	10	6	9	12	7	7	9	20	17	12	20	4	3	20
2	12	3	8	20	8	4	16	10	19	1	8	9	9	10	3	15	8	10	4
18	2	13	13	7	11	20	13	17	14	2	9	1	9	3	20	5	12	1	14
6	15	7	12	19	20	4	2	19	15	3	19	7	5	2	20	9	8	20	20
19	6	5	11	15	6	12	18	2	18	18	14	1	10	3	18	8	7	16	6
16	20	1	19	4	11	17	3	13	19	13	18	18	10	12	2	19	13	11	16
16	13	16	15	8	12	13	9	15	15	5	10	18	8	17	2	18	15	1	14
5	11	14	4	20	11	4	19	6	16	7	1	13	7	1	1	6	20	1	3
20	2	13	13	1	13	2	14	18	20	19	5	20	8	13	18	10	18	8	1
20	13	19	17	10	12	10	7	11	17	8	1	16	12	19	9	14	16	6	17
10	9	10	9	11	5	10	18	3	20	4	14	15	2	18	13	3	20	14	14
6	6	11	5	2	19	13	20	17	17	9	6	17	1	3	17	1	18	7	16
18	6	4	16	15	15	4	6	14	4	11	16	7	14	15	16	14	20	1	3
1	10	8	2	9	20	11	16	10	2	9	12	20	11	17	10	8	13	6	9
13	20	20	3	1	10	19	8	10	19	12	10	17	19	18	4	6	8	16	9
7	20	16	18	12	9	18	6	19	3	18	4	13	20	7	1	14	6	19	20
4	4	7	15	14	20	8	18	11	6	7	7	4	18	19	5	16	12	10	4
19	14	10	10	7	11	20	3	9	18	18	10	15	18	16	12	20	3	13	12
13	1	7	15	18	10	19	6	20	5	3	20	9	17	7	19	11	18	20	10
4	1	6	9	9	8	19	1	15	18	8	19	15	15	2	16	10	6	3	4
10	8	9	20	5	7	16	17	19	11	3	13	11	18	1	9	12	13	10	14
8	6	17	4	10	8	10	10	17	12	3	7	8	12	6	16	17	19	14	11
6	1	10	17	4	14	2	18	12	12	11	10	17	17	10	7	12	12	5	11
4	3	18	18	20	8	5	10	18	2	20	2	18	13	3	7	13	11	16	2
2	1	7	16	9	8	13	7	5	12	8	2	9	7	9	12	3	3	10	20
6	20	9	11	8	20	16	9	4	1	4	14	1	15	6	2	9	10	1	16
8	13	16	5	15	8	8	19	9	10	13	4	15	20	9	11	4	1	11	15
8	16	8	5	17	9	17	8	6	13	2	12	10	8	17	10	12	16	1	16
7	12	4	14	19	2	18	5	20	19	10	13	8	20	9	16	10	9	8	1
19	2	18	19	1	1	13	17	11	20	1	19	20	13	12	5	10	19	10	10
5	12	1	7	19	16	5	20	13	1	1	5	12	8	2	20	12	17	19	17
20	9	18	11	8	18	2	18	10	16	13	10	18	6	13	7	5	8	6	2
1	16	6	8	9	1	17	14	3	10	10	19	14	3	2	7	9	6	13	15
6	16	10	9	5	7	20	19	14	20	20	13	5	2	11	11	12	14	17	3
10	19	16	13	20	3	5	15	4	19	2	20	4	7	20	6	6	8	2	5
11	2	13	9	2	6	16	8	11	12	9	17	1	15	17	14	20	1	6	5
11	5	1	9	5	15	13	1	1	1	16	6	8	2	2	11	11	6	14	6
18	1	7	18	15	20	12	5	10	4	8	11	6	12	5	20	9	6	1	19
12	11	1	10	18	9	1	2	1	2	14	8	19	1	6	1	10	3	15	8
13	4	6	4	16	14	20	5	2	15	11	10	16	11	14	16	15	2	11	11
9	16	20	16	12	5	13	3	9	15	10	1	18	16	19	5	1	7	9	13
8	4	2	15	11	9	6	13	10	5	8	3	9	11	5	14	12	19	4	12
15	7	18	20	3	13	19	3	2	9	6	16	17	20	9	4	20	17	17	4
13	4	15	8	18	5	18	6	19	12	17	11	12	5	3	7	19	13	3	5
15	16	8	17	17	5	6	2	11	3	15	1	12	10	2	1	3	7	12	16
3	9	18	20	12	14	13	7	7	12	10	15	1	14	11	13	11	5	5	13
5	16	2	16	1	16	18	6	3	10	7	11	4	4	20	15	15	17	19	16
1	13	7	4	16	10	3	9	2	9	17	10	16	8	6	10	15	16	13	1
16	15	5	8	6	7	11	2	11	19	11	9	14	9	15	15	1	9	5	9
11	16	3	20	19	4	9	15	16	10	8	15	9	16	14	14	4	6	17	8
8	19	19	1	8	20	1	20	8	8	16	6	13	5	17	10	6	14	6	15
2	13	17	12	10	12	20	19	17	16	7	11	4	15	20	19	2	4	17	3
15	5	15	9	8	1	4	7	2	1	3	18	12	3	16	5	1	10	20	19
12	12	13	19	7	17	12	14	10	16	12	10	6	17	16	3	18	9	10	4
19	2	17	13	10	5	2	9	10	19	10	5	13	9	19	18	19	2	19	18
3	2	12	14	15	13	1	10	2	6	8	8	16	16	18	10	13	10	13	8
16	9	12	4	20	10	17	6	1	15	8	16	19	1	5	17	12	14	14	11
7	2	10	9	4	11	17	2	7	15	20	11	16	14	12	19	5	2	8	19
15	11	14	2	9	15	5	11	5	19	20	3	10	18	11	10	4	14	20	7
8	16	1	2	14	10	2	5	9	2	13	1	6	8	4	19	16	6	9	9
15	18	20	15	2	18	2	16	5	1	13	1	4	11	16	8	19	8	2	2
18	15	12	15	15	9	19	2	17	5	17	6	8	3	12	15	7	1	6	17
12	11	6	15	11	9	18	18	18	15	12	5	6	4	14	20	16	1	2	19
9	7	16	5	13	9	11	1	20	19	12	7	15	7	20	2	4	16	2	13
8	10	19	5	1	18	10	17	15	18	5	6	19	15	14	7	5	13	20	8
19	12	9	7	8	2	10	12	14	20	17	7	18	18	10	1	1	5	10	4
9	20	9	12	18	1	12	19	3	4	17	11	16	3	5	4	12	11	1	3
14	11	12	2	4	5	20	14	19	8	10	19	14	16	2	2	12	2	8	16


2	1	1	1	2	1	2	2	1	1	2	2	2	2	1	2	1	1	2	1
2	3	5	2	1	2	1	3	5	5	3	2	2	5	2	2	1	2	5	2