500	3	20

1	1.3	1.55	1.75	2.1
4	6.76	9.61	12.25	17.64

29	59	60	9	71	68	43	29	73	36	99	87	39	53	41	82	31	48	95	24
52	68	73	69	83	60	17	61	15	17	6	59	24	80	65	6	35	43	66	45
54	91	24	56	21	72	56	31	79	37	23	35	96	58	92	20	26	94	63	21
38	23	13	41	80	11	97	11	91	87	93	42	48	67	46	54	16	99	54	75
25	58	71	75	43	14	87	34	75	16	89	71	1	25	90	15	13	97	5	36
53	73	11	99	3	33	62	4	11	60	30	60	34	46	99	27	20	95	96	12
87	25	37	70	39	87	90	16	84	68	42	30	92	71	97	85	99	85	41	13
38	92	37	12	96	92	1	8	88	97	16	48	19	97	15	17	94	11	18	8
57	14	98	50	11	50	2	26	19	53	61	76	95	50	68	81	65	54	18	60
77	90	29	69	38	53	57	93	18	27	59	31	31	62	28	44	52	5	24	51
19	47	97	99	82	10	83	53	75	70	54	42	20	48	68	87	55	45	79	85
29	69	38	66	49	58	52	94	15	12	69	42	49	97	1	54	85	89	49	53
4	41	27	34	64	95	7	81	29	68	65	42	71	90	79	67	40	21	56	34
59	75	69	69	18	82	27	46	60	74	92	42	44	66	15	56	44	60	39	88
16	89	70	38	92	48	70	90	50	83	10	39	97	26	74	96	45	53	74	46
97	87	83	45	86	31	3	55	84	6	41	49	30	98	89	66	7	75	31	71
18	39	24	40	53	96	24	12	70	51	13	64	86	33	24	73	64	54	15	21
8	27	18	56	26	29	83	17	27	5	56	93	98	12	37	99	2	57	14	31
75	89	63	71	55	71	13	11	76	21	76	41	38	98	85	28	47	8	76	21
28	54	19	11	67	87	72	57	25	85	83	59	67	84	8	30	72	23	8	71
10	9	27	64	84	45	31	67	62	59	28	74	64	92	84	14	20	86	53	52
27	97	42	47	46	51	71	37	92	79	41	24	41	9	22	78	30	43	74	61
78	21	94	41	99	69	50	48	96	82	77	89	61	94	34	27	40	47	93	66
6	53	66	34	77	18	20	49	1	74	49	66	51	98	15	31	24	52	86	45
18	74	80	75	14	61	46	15	57	18	87	50	93	52	94	27	86	8	67	40
41	13	4	69	73	92	81	67	92	65	82	72	68	4	73	46	62	88	57	53
32	44	89	92	60	14	43	33	64	6	7	32	92	27	40	2	51	55	64	26
55	87	88	61	85	66	28	53	48	43	91	44	63	54	88	98	17	57	84	38
22	66	62	83	58	71	12	45	1	67	22	12	86	40	61	50	7	10	38	19
34	77	81	67	83	58	78	80	93	96	35	70	33	65	45	72	34	21	9	72
46	26	58	11	98	27	94	57	67	49	3	60	11	71	85	21	39	83	80	23
40	17	27	43	85	49	41	19	8	60	61	19	71	24	81	37	77	74	36	60
61	23	88	3	95	84	92	9	18	71	31	67	37	46	14	46	93	59	65	86
35	3	24	70	37	95	80	64	64	1	28	73	49	54	58	49	55	44	30	68
12	45	74	29	44	70	19	50	9	35	21	98	68	59	2	85	4	97	80	95
72	84	59	69	61	13	22	58	70	14	7	79	87	13	8	2	9	22	52	79
37	8	33	8	85	10	40	35	37	13	30	89	23	41	34	84	71	77	78	9
71	30	97	77	6	27	6	32	77	50	99	95	24	29	34	59	9	27	50	2
70	83	27	79	93	48	58	20	67	51	94	67	14	62	75	6	93	25	21	65
43	92	82	86	32	41	60	65	61	4	83	14	24	48	88	12	84	75	51	82
16	79	93	87	42	30	7	55	50	24	79	6	11	65	77	19	68	32	94	48
65	36	7	44	49	4	9	66	38	7	92	38	13	91	58	42	55	24	6	79
19	86	3	55	9	24	72	59	36	34	74	27	57	47	59	34	80	68	67	2
94	82	82	43	8	60	34	43	6	92	14	2	14	96	80	65	43	4	31	58
71	61	7	17	48	50	29	4	60	72	95	75	76	21	14	41	75	44	45	75
30	12	92	21	38	28	34	70	42	57	93	41	43	1	10	20	92	59	87	93
2	7	8	26	23	52	65	46	75	95	38	10	41	66	15	83	96	61	4	3
16	80	3	93	83	11	67	86	7	10	19	62	40	86	7	97	56	68	7	6
33	39	69	36	72	41	77	89	61	3	25	84	1	82	39	88	41	64	5	34
4	70	62	60	33	83	78	81	63	10	54	19	24	32	73	95	22	46	34	8
43	45	87	94	74	13	72	69	21	93	27	35	76	48	10	87	25	27	27	73
75	49	24	2	2	96	4	79	73	20	15	39	74	80	99	59	42	51	43	72
75	69	83	25	79	65	51	33	50	31	6	88	88	37	26	96	24	1	23	52
91	63	23	59	30	51	18	63	51	61	3	36	58	52	43	4	58	17	18	14
82	62	8	25	13	49	31	84	78	29	37	39	4	39	9	25	44	44	2	80
35	29	90	9	33	26	72	32	56	19	27	56	51	18	75	89	16	69	47	48
21	60	38	29	28	44	37	60	41	7	71	77	77	99	91	1	34	72	51	36
18	77	1	95	77	87	34	63	85	35	87	40	2	18	21	84	19	11	53	53
82	14	68	89	72	43	14	84	63	87	28	5	98	33	65	60	96	55	70	37
89	68	23	87	4	97	81	37	71	81	44	32	77	79	66	82	54	48	54	92
14	92	28	53	74	57	80	20	86	35	59	16	45	40	59	45	67	84	23	26
99	40	62	80	77	96	28	74	61	19	25	10	62	1	32	81	24	75	99	83
29	53	10	31	88	31	31	92	45	89	41	73	62	8	26	25	58	5	40	43
77	64	80	94	69	21	87	62	33	36	83	72	45	19	22	10	29	50	55	28
74	28	74	34	58	75	88	72	6	43	23	56	63	90	42	10	6	85	6	5
37	78	33	50	6	54	44	24	66	73	59	15	22	26	25	42	82	66	38	65
19	20	64	38	85	1	94	33	52	57	50	42	18	66	50	66	2	46	62	3
74	28	31	89	71	1	81	78	32	25	29	63	40	83	47	74	27	85	34	88
99	15	62	40	22	14	4	94	89	54	83	78	26	13	95	6	32	11	4	88
59	43	54	69	4	23	95	62	99	77	96	63	89	79	93	16	36	11	44	74
68	41	92	31	79	14	85	98	86	20	96	13	70	19	41	4	30	55	60	35
58	6	12	2	90	14	92	94	15	38	42	51	75	24	91	82	84	97	24	54
96	94	56	26	50	19	41	8	34	61	74	19	12	12	77	53	95	16	43	12
80	41	50	30	86	96	88	96	3	80	5	92	54	49	44	47	6	42	1	16
61	30	93	81	43	67	71	21	6	2	7	39	92	35	47	57	14	53	51	97
19	93	79	19	92	63	40	12	95	69	33	53	19	2	34	40	57	16	53	12
35	63	46	25	49	17	82	76	5	31	1	24	94	30	33	23	26	3	85	23
31	64	58	87	44	73	99	29	35	14	28	44	61	55	47	30	53	14	46	50
41	18	90	9	14	70	98	24	47	96	4	61	54	38	19	59	20	69	67	27
47	59	92	24	34	95	82	86	97	96	77	95	9	86	60	24	89	33	11	73
48	94	67	88	69	15	2	66	96	49	91	27	79	92	67	86	8	83	68	40
17	16	61	84	26	66	51	81	72	29	36	69	89	94	59	41	97	57	38	50
55	78	35	85	37	40	68	37	31	3	51	58	40	44	60	16	91	56	52	36
1	20	27	83	34	38	84	9	13	68	34	96	58	86	76	39	58	85	1	75
36	66	53	52	17	55	21	28	18	90	20	3	91	57	79	60	79	13	20	48
53	34	41	50	51	26	92	6	84	38	8	66	55	48	55	42	89	47	28	71
95	36	27	23	49	94	32	47	86	25	14	27	57	33	46	26	98	11	28	41
17	64	8	60	88	10	27	87	3	15	93	48	62	48	61	16	39	65	71	88
4	75	94	80	76	31	63	83	37	84	50	82	25	72	33	81	8	89	98	72
3	84	10	51	67	86	85	28	69	78	70	89	32	2	36	49	35	64	90	10
42	25	42	80	82	16	98	43	12	41	38	8	72	24	59	1	31	56	31	39
14	68	93	16	46	46	12	34	12	37	42	57	54	90	17	58	95	28	61	72
42	76	69	36	37	90	43	29	6	58	99	60	4	12	37	2	42	76	56	67
71	7	98	43	83	86	63	13	2	19	27	62	74	79	31	30	69	17	7	25
42	47	62	55	22	41	11	21	39	65	52	42	3	11	81	72	13	94	3	62
8	21	58	30	97	47	65	5	84	92	26	95	34	72	85	18	50	34	30	54
70	54	67	56	36	68	97	39	99	90	6	59	23	32	35	35	65	47	57	66
78	5	12	61	14	75	32	33	47	98	10	44	44	1	56	78	91	93	34	17
19	5	16	18	90	85	49	81	23	16	99	41	6	68	90	73	93	74	82	58
97	3	73	33	17	72	87	5	50	22	84	73	60	29	50	46	1	21	12	52
15	25	53	63	93	8	86	99	51	8	92	66	76	94	54	36	97	72	7	5
89	16	56	66	17	33	86	45	62	51	1	60	49	83	1	6	3	83	78	88
48	12	59	7	10	2	83	75	97	72	94	41	96	83	64	89	31	50	88	88
15	61	40	84	81	2	46	36	85	1	51	43	14	5	64	39	6	25	34	17
25	44	42	13	98	57	95	84	36	71	67	37	67	70	95	86	17	72	23	44
83	57	7	57	75	14	86	65	29	35	87	47	21	1	16	65	3	15	37	58
55	66	7	91	18	99	49	4	33	44	76	78	3	81	72	54	84	88	32	4
28	44	12	76	39	12	93	17	76	92	36	59	18	7	14	78	21	39	29	93
45	78	75	55	9	66	17	85	95	62	72	2	30	31	94	88	33	31	16	55
25	13	42	24	17	93	7	27	76	4	37	87	62	98	10	43	5	26	97	1
1	87	53	92	12	19	74	76	51	22	41	72	84	79	17	49	49	82	78	27
91	13	75	79	96	51	52	71	67	27	34	53	47	56	95	3	14	50	24	33
88	65	12	65	25	20	42	64	16	94	20	81	64	52	10	41	73	91	38	78
11	79	41	94	72	64	83	38	82	38	52	95	26	5	95	58	70	99	93	56
20	73	98	62	89	55	58	73	77	98	44	58	56	20	42	25	74	81	47	70
25	51	40	89	69	96	25	7	90	78	97	93	67	16	44	38	99	19	66	9
59	70	93	92	29	62	11	61	17	27	45	70	55	79	45	35	2	77	46	55
10	89	80	43	21	88	10	3	79	87	62	21	96	77	91	20	59	40	41	70
94	90	96	51	58	61	92	49	20	86	20	15	25	43	69	68	50	52	95	45
83	79	15	52	35	31	11	42	43	53	50	98	41	30	63	15	26	7	8	99
28	4	18	80	21	41	9	37	43	23	16	11	83	24	53	97	8	99	28	11
77	34	76	13	94	61	45	62	76	82	22	42	12	27	49	38	20	38	5	29
58	65	95	37	19	54	73	6	89	97	33	61	71	97	8	28	59	52	16	93
96	84	30	98	65	45	4	71	42	10	98	61	40	64	51	10	15	98	85	23
68	71	40	37	20	98	41	47	52	96	84	85	82	74	53	78	60	58	67	91
37	48	98	25	98	28	74	14	83	65	6	57	57	51	70	11	20	46	10	86
48	42	23	78	23	57	76	59	96	60	86	43	7	25	45	66	16	71	28	36
44	68	52	54	44	23	76	36	62	72	19	3	87	36	3	63	2	43	59	9
99	66	14	81	52	41	33	50	62	18	36	81	85	41	84	4	74	72	87	15
29	77	18	4	40	14	51	14	57	53	62	74	79	57	74	18	33	99	3	24
56	5	16	72	10	40	89	32	7	73	63	57	62	42	65	41	79	39	84	93
33	67	73	10	65	44	49	57	44	84	36	8	98	28	80	43	56	67	50	38
94	68	1	92	91	71	85	48	60	40	16	7	58	74	56	79	54	69	24	59
82	35	37	61	28	49	28	66	14	33	95	99	46	35	54	53	61	45	22	47
82	43	37	91	58	65	94	29	6	58	4	96	67	91	12	81	42	49	46	87
82	19	35	91	58	59	71	69	40	47	75	13	98	99	10	37	55	44	14	19
55	91	25	11	6	42	83	13	43	68	28	17	52	42	42	96	64	79	20	43
24	7	74	94	8	30	45	97	26	13	6	37	33	36	77	94	68	96	32	23
57	27	9	77	80	63	68	46	29	26	61	92	52	33	89	16	30	78	23	48
25	27	70	46	42	17	35	22	34	47	8	36	57	59	60	67	97	68	71	16
29	17	10	84	35	14	98	64	9	52	85	55	25	83	80	40	30	84	70	93
2	83	83	25	96	10	81	84	34	12	38	32	63	53	12	75	81	10	76	34
11	47	48	61	34	50	38	4	61	56	57	53	77	95	13	86	31	66	31	80
85	58	38	18	46	99	19	94	3	29	84	75	51	6	36	22	34	37	63	41
4	19	86	29	87	50	72	61	27	97	30	46	78	80	87	85	25	55	50	52
77	58	44	92	57	45	63	62	74	42	88	15	74	40	57	82	81	65	12	4
62	50	32	55	14	90	34	56	24	17	91	28	29	10	52	12	34	11	17	58
66	27	45	79	28	21	59	80	84	31	29	79	77	98	22	30	93	68	26	4
66	84	83	50	65	78	1	61	31	82	38	66	48	81	36	26	54	42	14	70
55	54	7	87	95	72	48	56	83	10	80	56	77	4	84	59	75	9	35	79
7	63	56	35	54	58	16	56	8	51	27	64	27	43	98	86	35	29	38	1
58	51	48	37	2	97	5	77	25	78	91	42	4	93	45	85	4	19	63	3
54	52	81	18	95	55	20	1	60	41	68	35	60	52	32	5	2	23	67	8
21	61	50	41	20	60	75	16	13	21	70	79	42	10	47	28	19	86	69	44
60	36	86	78	54	25	43	52	3	97	1	71	85	60	67	64	49	73	47	28
31	77	24	72	2	12	21	61	89	71	56	4	63	69	81	42	66	53	80	72
63	50	24	91	59	47	82	64	68	65	51	24	33	49	55	28	84	90	64	27
23	48	28	36	15	26	3	70	76	91	34	10	65	18	64	38	98	52	83	79
33	11	37	25	76	1	68	49	18	16	69	8	18	14	64	53	68	8	63	54
28	29	58	70	29	97	78	33	98	50	24	41	39	26	41	55	91	25	13	44
91	49	96	28	7	37	54	84	44	71	82	33	48	84	95	89	78	25	80	58
12	13	28	81	99	27	12	43	23	48	57	7	90	37	58	98	88	13	17	43
36	94	44	29	7	61	42	56	69	3	10	11	57	19	38	92	91	84	11	80
23	59	34	15	81	64	40	72	22	77	81	17	98	56	44	74	70	13	42	52
5	93	45	72	76	50	82	74	4	11	65	32	52	76	35	67	79	26	10	44
61	85	21	90	89	54	45	45	64	74	47	90	9	97	46	48	95	48	23	70
31	14	72	3	52	63	62	5	70	64	9	87	88	82	84	90	6	62	23	5
13	79	11	37	57	50	47	35	3	69	61	26	95	53	11	55	52	18	7	27
36	36	43	70	17	52	41	69	4	40	5	99	84	95	16	30	34	65	29	2
59	77	29	28	8	29	33	61	16	33	61	56	70	56	83	23	89	22	62	44
98	84	79	5	95	45	89	27	95	1	35	52	31	10	50	78	4	55	73	93
40	66	89	86	49	75	29	79	97	10	30	84	3	67	77	80	85	53	37	11
58	80	20	35	89	74	10	25	49	71	4	94	50	61	12	10	94	88	41	78
32	26	47	42	51	69	18	57	78	50	48	80	78	11	58	51	69	69	41	96
8	17	98	82	14	1	23	86	67	85	79	20	67	56	37	61	75	21	27	85
4	95	64	72	19	9	65	5	53	8	24	86	83	63	35	26	90	60	49	23
57	58	7	25	85	87	71	75	21	96	91	52	22	63	50	48	5	6	27	1
20	5	20	70	57	48	66	54	32	87	69	34	97	34	25	34	95	79	90	29
21	12	76	32	46	97	41	46	78	27	52	55	6	14	98	47	53	85	65	13
67	98	3	90	21	9	5	51	6	54	85	20	90	67	76	90	60	58	10	65
73	19	58	54	41	30	99	36	50	44	43	99	90	26	61	61	23	80	9	80
81	24	64	69	33	47	76	17	15	17	71	17	21	13	57	12	59	98	95	8
56	63	16	69	34	3	68	89	87	71	64	65	76	50	84	61	11	33	96	48
12	78	59	72	63	11	63	76	66	6	18	91	24	99	53	16	53	89	45	96
16	7	23	19	21	29	93	27	64	14	50	4	72	18	93	72	12	60	44	52
41	97	65	67	85	34	39	69	24	96	38	97	14	40	58	46	72	62	73	60
4	81	6	43	41	26	76	52	61	15	36	17	39	34	48	74	32	22	65	61
2	43	15	58	55	17	5	46	16	42	86	71	39	88	80	38	93	87	11	82
96	10	66	81	27	84	51	92	54	2	78	45	83	6	96	52	52	36	68	56
13	26	88	22	6	42	30	80	37	8	11	39	79	69	93	14	38	52	55	24
57	50	81	51	78	60	1	92	73	13	78	9	98	74	38	97	95	50	76	90
28	24	80	34	82	44	75	76	4	97	66	79	22	93	56	37	11	11	57	84
48	26	96	27	73	2	41	59	54	64	53	71	8	26	60	96	84	12	21	12
29	71	44	15	91	97	44	25	12	92	72	43	76	32	25	76	13	90	14	70
20	18	59	43	66	56	12	97	25	15	59	11	16	30	94	24	72	33	96	15
7	86	46	11	86	35	31	52	48	88	79	22	73	39	60	26	20	59	58	71
63	63	25	82	98	18	14	41	75	10	17	40	78	85	63	22	55	2	55	94
30	89	63	45	2	1	12	58	80	5	62	19	41	99	63	88	52	22	75	40
49	78	33	36	97	35	80	45	96	90	4	95	10	48	59	35	36	96	4	98
38	74	37	37	14	6	84	11	78	84	90	48	58	8	21	26	17	60	89	81
76	52	64	7	52	99	39	15	95	83	68	69	19	99	37	91	62	73	63	15
3	42	77	89	85	45	43	93	53	96	77	34	28	78	53	12	35	8	96	81
24	37	48	79	96	80	49	13	46	97	67	61	38	98	79	69	89	15	88	25
67	36	96	77	24	66	53	3	52	4	34	91	6	73	15	87	75	96	50	69
89	56	2	19	97	88	63	11	89	87	29	84	57	50	23	45	17	18	17	32
31	9	82	36	70	98	29	98	83	91	91	59	91	39	40	59	81	3	38	69
59	72	28	26	82	31	77	27	47	41	93	59	3	87	81	36	49	40	50	15
68	40	99	99	44	6	1	78	15	35	49	57	72	79	79	56	10	7	84	34
33	56	98	36	16	97	98	43	73	63	3	3	58	68	41	12	95	43	71	75
71	1	99	73	24	90	50	89	56	18	73	8	56	75	74	23	2	97	77	66
97	55	52	29	94	9	89	27	82	77	41	27	19	3	86	46	68	92	80	85
97	31	98	37	16	1	64	31	83	89	29	52	53	40	11	12	68	90	20	10
51	21	80	53	63	80	93	29	20	65	53	74	87	6	75	51	51	31	4	17
24	34	59	86	10	78	38	30	20	3	10	38	74	31	29	32	4	56	18	10
79	47	35	53	61	52	96	96	45	18	21	2	25	79	98	69	28	1	13	40
26	52	28	84	12	86	85	93	42	83	94	15	55	6	17	61	84	68	17	90
15	11	82	43	8	74	14	87	3	22	94	44	51	19	1	71	69	13	49	55
56	24	26	17	69	12	54	26	80	90	16	81	24	14	13	37	40	76	33	63
72	85	37	78	84	17	61	51	7	72	16	92	6	21	83	43	94	36	13	99
52	79	69	82	69	46	65	16	96	37	10	98	82	1	32	11	94	34	49	69
54	15	57	18	19	97	14	98	91	35	94	65	6	40	5	48	52	85	14	74
83	89	97	22	4	77	26	44	65	72	1	99	56	27	72	50	4	34	40	68
90	26	50	62	42	73	90	27	17	43	87	51	53	7	49	34	53	80	57	44
24	90	52	53	32	96	18	3	58	91	14	6	47	4	62	26	6	44	1	65
50	21	64	20	16	43	91	44	53	86	39	85	89	58	1	79	62	59	1	88
65	64	5	86	57	28	10	60	3	47	74	25	80	58	75	27	36	51	48	28
65	11	95	86	30	17	92	28	46	52	38	67	11	54	19	43	25	90	87	37
50	94	89	21	49	28	9	53	32	84	50	59	51	45	45	36	97	27	87	62
40	25	51	24	15	61	58	98	59	16	37	23	72	50	96	96	72	66	44	18
26	28	17	27	7	7	41	20	66	8	17	43	65	88	37	36	22	72	21	79
36	30	87	45	4	19	21	10	96	90	4	34	5	93	37	11	91	20	60	63
73	16	62	27	27	54	36	78	59	59	71	56	7	97	16	34	43	54	58	94
35	26	32	39	32	67	1	32	20	65	87	59	79	73	63	36	32	31	63	15
70	44	79	32	39	88	52	7	99	94	40	35	84	54	93	75	84	30	33	88
69	40	28	25	80	92	77	28	9	50	89	55	48	90	86	24	53	3	44	79
12	10	43	45	44	17	78	47	26	76	42	42	87	10	68	7	88	4	93	87
48	42	85	35	98	80	94	95	65	10	15	8	53	53	31	36	2	25	79	29
32	84	51	10	5	61	78	89	47	5	72	65	56	67	14	13	40	70	90	71
90	3	40	24	46	66	79	7	22	14	18	52	93	68	78	30	3	87	1	67
97	63	53	38	50	55	81	61	34	87	38	69	9	53	99	52	37	57	27	24
25	24	1	15	68	61	46	45	83	90	55	18	6	34	56	45	28	93	39	87
44	24	64	89	72	23	13	67	58	28	85	3	13	64	79	44	84	85	81	40
30	20	89	30	71	38	57	70	54	4	58	46	77	40	22	9	74	34	57	36
42	26	81	63	38	68	50	13	18	77	63	53	59	58	48	76	61	5	98	48
16	37	95	19	61	90	95	91	68	53	29	94	32	61	29	92	8	4	53	70
34	72	43	84	8	98	49	84	97	19	53	77	21	36	66	55	31	64	39	37
74	3	75	19	71	13	63	50	79	76	88	57	42	65	63	42	55	36	38	25
80	7	69	68	2	38	82	88	5	30	6	70	39	33	82	88	90	25	97	87
91	99	63	8	16	26	28	39	8	46	99	80	48	88	46	29	25	63	58	35
89	91	68	38	22	3	78	23	95	98	90	70	86	6	36	97	57	28	68	11
98	39	34	65	90	96	21	45	14	31	82	84	35	70	22	47	97	84	43	63
50	99	94	71	98	10	29	81	52	27	37	39	80	42	5	56	86	96	76	38
38	94	26	27	61	61	16	70	82	66	3	46	78	25	26	94	62	47	28	15
58	24	10	68	77	79	2	16	83	89	76	6	29	46	9	80	52	94	19	66
13	31	34	89	46	68	44	33	45	27	53	9	91	54	80	41	54	18	68	80
72	72	35	51	77	88	81	31	31	2	46	67	67	10	72	72	70	61	26	10
1	29	58	2	25	28	11	4	66	21	55	68	9	68	87	20	59	39	96	19
74	18	91	35	74	72	77	9	26	64	59	17	87	40	61	55	51	36	24	13
48	71	23	93	1	87	9	70	66	52	31	88	98	46	81	43	57	71	79	37
16	83	60	90	51	38	46	40	66	3	65	11	22	92	20	72	36	89	43	16
5	22	67	55	65	14	27	36	60	95	18	59	33	90	6	25	45	62	71	85
42	60	48	49	42	66	23	46	97	45	56	92	66	25	33	97	16	90	76	80
77	34	62	4	52	84	34	40	11	26	30	76	84	61	94	17	39	19	65	3
24	23	90	95	69	8	88	19	75	89	79	71	63	63	70	64	14	36	8	97
18	19	7	48	76	16	76	13	30	17	82	52	68	60	47	69	92	8	77	52
46	3	3	96	51	36	25	53	50	57	34	16	91	27	13	26	15	6	66	81
10	49	67	18	9	81	42	75	45	41	88	89	81	50	99	16	88	96	54	43
66	53	41	43	65	3	92	28	26	76	4	28	57	12	27	29	83	49	2	99
20	93	13	84	98	48	17	47	63	84	21	34	44	55	83	55	40	6	36	58
11	78	23	75	86	3	86	43	67	95	28	36	29	57	37	43	65	70	8	52
13	91	28	18	90	44	44	69	61	30	98	16	86	60	53	62	41	44	62	42
90	92	84	60	30	51	24	15	6	74	56	54	89	15	75	38	69	24	32	91
19	25	1	84	41	90	46	83	71	65	98	89	11	17	60	69	17	36	1	94
10	74	68	27	97	12	84	58	67	34	70	40	30	49	6	98	24	52	99	11
73	70	5	51	65	81	36	20	3	71	98	44	34	56	69	97	43	4	39	34
11	55	37	48	72	67	93	96	5	95	79	21	10	69	36	17	47	63	85	77
62	79	33	41	75	40	86	28	98	60	80	88	20	55	61	52	4	56	60	27
39	15	97	56	15	66	45	84	54	58	37	64	11	31	83	9	46	21	94	70
21	25	10	77	30	88	24	87	40	70	23	23	26	52	75	2	37	28	87	40
85	97	6	40	65	26	63	17	26	12	64	72	41	12	40	13	78	2	53	85
66	11	39	86	27	97	45	91	67	23	52	18	35	27	11	34	97	64	28	65
6	81	61	51	32	24	25	23	24	70	8	23	8	33	43	35	99	9	92	49
4	44	74	30	8	47	22	13	33	4	23	14	5	76	3	8	27	23	21	74
24	58	53	35	16	43	32	5	31	63	82	15	70	24	39	72	28	2	55	43
34	82	70	92	51	45	74	8	30	26	97	66	63	11	78	3	75	38	79	44
36	56	44	8	85	11	22	96	27	21	25	97	91	17	33	8	42	96	5	22
88	18	34	2	3	30	23	28	47	57	77	31	78	7	50	97	3	75	72	20
43	75	86	78	50	51	1	72	13	87	11	7	59	54	58	48	85	55	8	70
4	59	72	28	13	17	25	18	72	69	80	24	75	97	98	81	1	27	72	77
50	62	33	20	60	80	13	29	89	56	92	97	1	5	25	38	69	93	84	66
38	28	51	83	72	83	8	30	25	6	53	88	88	66	96	17	4	73	29	41
30	96	49	25	89	42	18	28	53	92	83	19	90	50	42	92	59	93	93	40
73	66	23	99	99	88	82	70	17	34	48	66	24	30	83	88	90	11	72	52
61	72	20	41	65	30	11	31	25	17	67	33	74	68	50	2	48	99	64	32
19	38	14	86	1	62	84	62	42	61	20	12	29	70	82	68	1	82	30	28
83	75	88	83	1	21	21	79	37	45	54	28	61	61	30	21	64	47	93	6
19	78	25	86	73	84	26	34	92	81	33	48	43	86	63	16	3	24	7	38
86	59	30	5	35	70	12	50	64	49	13	32	92	84	80	75	20	71	96	10
37	71	97	93	7	30	55	63	5	11	19	10	54	57	21	72	17	87	56	64
67	43	69	63	42	34	61	11	98	91	24	61	7	33	48	27	85	11	53	96
40	96	15	97	83	1	30	57	8	34	11	76	7	98	99	1	59	5	72	89
70	21	39	95	82	52	32	75	75	76	96	19	22	38	99	19	92	46	37	64
31	41	10	77	11	15	94	90	15	23	50	85	83	77	52	21	41	34	9	51
96	77	26	60	36	60	5	38	58	31	21	57	15	25	39	22	9	42	68	23
90	61	49	29	49	42	90	18	90	43	64	13	43	2	75	58	89	81	39	96
70	85	73	12	14	4	25	32	99	26	56	36	20	3	28	69	35	23	13	74
3	71	50	54	45	17	65	62	60	48	91	24	2	93	52	75	74	36	29	56
56	6	38	39	54	59	96	66	17	78	54	63	29	98	47	55	29	52	30	73
67	23	53	18	58	88	78	62	30	22	43	34	91	44	67	5	6	79	41	4
68	48	97	67	62	34	12	25	43	11	39	40	15	39	21	3	34	6	40	35
70	98	72	60	80	8	60	54	58	39	79	77	84	9	58	89	26	36	18	52
24	54	54	64	13	27	81	36	8	73	29	15	25	59	23	83	12	56	60	69
83	30	62	60	43	25	9	62	89	68	49	4	21	63	1	74	90	70	38	61
46	63	2	81	21	75	16	28	38	57	38	66	96	9	53	88	23	72	13	51
3	63	33	5	20	84	34	82	50	47	46	47	70	99	87	95	42	49	12	52
12	8	6	60	45	68	77	85	10	96	77	21	12	23	66	29	32	13	73	42
82	13	69	98	65	53	43	43	58	58	2	74	80	85	21	23	87	54	7	44
50	51	93	2	40	20	92	13	21	79	3	16	81	55	53	71	28	31	51	35
49	81	26	49	53	87	59	54	76	35	87	4	15	66	37	62	83	92	62	91
78	37	84	44	6	61	13	2	86	43	23	67	27	20	43	57	26	35	72	53
2	65	26	14	67	5	4	40	34	20	14	34	17	61	2	87	46	47	39	11
51	99	74	14	46	69	94	1	89	82	63	9	74	88	42	40	65	23	14	34
78	48	76	95	19	23	87	35	16	38	13	12	42	14	6	18	56	51	29	39
58	80	51	32	37	5	72	8	48	95	17	53	1	94	65	52	40	3	91	94
28	38	75	75	38	67	76	21	6	69	61	73	21	59	66	93	39	44	66	23
80	5	16	70	3	72	33	85	2	17	48	12	60	81	47	63	36	74	77	79
18	22	53	4	40	89	10	40	7	5	34	33	31	52	74	85	66	70	96	61
61	57	94	51	7	56	42	38	65	3	22	47	71	73	2	88	44	96	65	31
19	6	80	98	13	52	94	89	23	4	33	37	68	50	36	40	39	49	34	68
55	20	19	61	27	43	67	6	47	4	59	73	60	68	86	47	95	39	55	72
58	90	78	6	90	39	70	46	5	48	9	42	81	10	46	31	76	91	32	15
92	47	80	95	69	63	69	30	7	53	25	94	34	93	92	16	86	23	25	69
48	85	82	40	43	72	39	7	43	16	91	84	42	6	47	58	43	39	88	55
73	36	39	5	43	13	18	83	75	13	80	4	50	98	29	40	58	10	76	28
51	83	58	16	22	86	98	24	26	44	44	30	90	21	55	82	65	62	12	14
79	71	79	27	21	52	76	46	36	91	23	14	34	99	68	87	65	3	72	83
49	90	85	28	3	19	61	80	6	16	65	83	94	58	4	66	1	20	32	99
10	21	58	38	45	36	41	49	7	95	47	80	38	35	38	8	32	50	96	15
8	27	81	56	18	24	27	17	68	11	82	47	28	96	47	76	93	37	67	73
78	97	74	96	10	83	82	3	49	18	88	54	35	31	80	50	60	10	84	41
77	64	6	18	22	89	66	33	73	19	24	95	60	11	14	94	4	9	69	46
89	69	87	52	7	22	98	9	79	36	47	87	96	62	53	54	15	21	63	16
10	24	42	66	37	18	32	39	28	56	21	15	21	23	76	57	70	1	38	27
45	49	6	72	39	58	56	79	45	83	45	85	82	41	38	58	67	46	41	84
23	39	22	84	41	64	35	5	26	96	35	72	7	45	65	71	98	89	83	1
22	54	30	70	87	81	1	34	16	97	41	28	29	18	44	41	61	53	60	28
8	86	76	20	93	13	15	23	32	55	48	27	33	17	49	88	74	30	61	99
50	23	68	99	35	56	21	42	99	31	62	95	55	19	87	27	43	73	9	60
95	31	95	96	75	56	91	30	71	85	87	65	82	52	55	95	90	94	11	56
49	78	20	72	4	20	59	44	87	25	19	40	22	39	13	73	68	66	81	13
61	2	5	95	44	62	2	65	36	86	7	77	74	80	42	30	2	93	33	2
74	59	69	45	13	20	1	84	69	59	51	13	46	14	44	92	72	98	26	55
3	43	97	40	12	25	27	44	79	50	41	16	23	48	62	36	91	12	31	92
81	71	81	8	73	56	54	44	55	36	14	33	51	72	5	27	40	5	47	89
61	28	70	90	37	22	46	18	67	40	50	30	93	87	17	33	25	2	79	28
63	59	74	52	99	63	43	91	71	71	35	68	81	99	80	44	16	64	95	30
67	25	62	63	39	81	92	34	54	88	5	98	60	77	21	81	91	17	81	63
54	67	19	6	96	62	51	68	50	3	95	57	4	24	26	64	10	39	25	52
81	77	26	61	81	2	10	50	70	54	24	78	40	60	31	83	2	25	95	33
4	14	8	24	80	24	64	74	84	58	91	2	55	81	26	35	42	18	35	14
32	5	57	32	61	87	59	23	9	75	65	82	41	81	89	77	73	91	32	18
64	94	87	31	19	25	25	95	43	26	75	55	44	3	28	74	27	63	77	64
71	21	57	62	93	38	6	42	64	96	70	82	23	3	60	72	42	32	28	7
45	80	35	65	10	93	82	50	44	45	29	87	18	32	51	89	76	66	30	77
3	11	80	48	87	8	51	21	62	79	99	36	69	51	41	41	74	50	68	50
56	34	53	32	76	35	9	8	75	48	33	78	59	28	27	7	5	94	56	26
33	69	72	40	73	51	2	27	47	30	49	53	29	7	76	78	53	43	60	62
52	25	5	11	87	20	3	10	9	88	62	41	31	45	51	24	32	20	18	46
15	7	93	16	30	57	41	74	46	49	72	60	99	9	35	49	82	29	92	66
10	40	12	81	70	28	15	55	93	32	27	43	85	96	34	98	44	40	22	45
41	15	29	86	87	47	19	23	36	65	95	16	88	32	64	75	79	76	50	63
38	67	93	56	63	62	53	4	32	31	70	34	27	47	34	77	49	68	75	78
52	50	71	29	33	49	76	77	5	42	87	40	27	19	24	9	1	69	8	4
14	44	61	16	67	70	98	26	84	70	51	77	72	23	85	93	88	58	90	93
25	98	90	8	23	82	30	79	58	35	9	66	82	72	72	87	79	21	29	17
73	33	39	6	47	57	77	5	9	34	39	98	5	74	41	27	24	34	80	85
76	82	81	37	45	2	19	87	6	68	85	75	54	33	67	75	35	20	16	94
69	71	30	61	32	43	85	40	2	44	59	62	40	55	28	30	40	84	38	99
24	47	43	47	74	16	64	70	69	99	71	45	76	12	73	2	13	24	98	45
84	69	97	88	8	76	33	39	91	32	89	55	97	44	26	35	15	66	24	27
26	70	77	66	49	73	46	29	71	8	4	75	74	60	82	35	5	54	46	1
71	41	94	55	84	56	68	27	40	90	45	54	6	84	66	29	60	79	4	85
85	53	53	17	48	10	24	48	96	50	28	57	54	79	72	81	10	81	76	29
55	48	59	62	63	76	75	71	57	73	7	48	21	83	61	83	31	94	5	21
93	71	84	91	32	90	62	27	73	13	42	41	63	85	97	33	46	70	76	98
84	37	94	33	96	33	16	95	19	77	65	3	9	22	34	88	83	39	81	65
76	93	30	71	75	75	36	54	52	4	47	85	92	59	94	4	73	14	81	8
63	5	23	37	80	43	95	31	41	11	93	12	16	85	80	23	77	41	36	30
80	17	33	35	66	14	24	24	52	79	37	44	5	77	36	44	52	41	77	80
70	33	9	41	44	72	32	90	34	32	58	46	69	29	5	62	89	36	49	74
9	77	81	28	40	93	94	41	39	51	83	96	71	37	66	2	86	75	5	71
66	20	96	46	49	42	42	10	64	34	6	47	70	21	79	40	61	85	12	76
64	15	31	39	9	2	65	4	24	39	1	76	75	83	66	90	41	25	78	72
6	76	38	62	93	53	64	58	96	35	77	93	79	38	21	58	70	73	51	29
59	52	95	9	57	31	81	34	48	91	83	36	1	92	6	13	11	15	75	49
21	28	84	46	30	47	43	98	61	95	52	71	39	99	33	55	73	48	70	33
20	56	8	48	87	93	81	35	7	5	98	78	46	19	94	20	57	18	77	27
22	80	76	61	12	54	13	4	77	76	23	41	51	65	95	20	66	25	45	70
28	46	81	90	74	96	92	97	30	80	59	2	80	41	9	52	72	41	49	65
70	44	86	74	4	93	35	38	70	45	74	33	19	28	43	83	66	93	19	73
57	99	99	49	49	19	46	9	58	60	62	55	13	81	10	85	63	11	74	98
19	73	42	66	93	10	16	27	68	33	92	53	76	38	83	32	4	7	74	48
60	32	70	50	17	55	97	12	91	69	36	72	33	98	42	39	31	99	97	3
22	46	23	77	32	40	16	62	92	43	45	71	76	43	94	76	74	85	94	68
2	33	70	47	92	58	85	87	25	83	19	45	6	75	64	85	90	5	48	12
60	90	8	70	62	1	50	94	39	77	34	69	19	78	75	80	97	21	76	25
67	81	93	25	21	40	97	72	84	67	93	91	70	92	19	60	39	6	36	67
51	29	2	68	16	25	3	80	33	85	40	45	27	97	34	22	42	42	57	84
71	77	82	55	58	3	8	68	11	43	99	22	7	46	49	92	48	72	20	2
46	58	46	64	23	87	28	1	80	27	14	53	26	41	56	28	88	16	14	99
41	84	61	92	75	9	69	68	81	28	4	47	83	6	24	46	35	32	96	79
32	58	6	91	67	49	78	34	13	37	87	64	31	30	27	18	71	95	73	41
41	3	2	9	36	48	84	64	72	31	76	44	54	85	17	83	54	42	62	62
6	43	33	23	43	32	8	50	23	70	14	74	43	22	31	74	60	45	34	43
47	5	69	33	14	51	68	74	53	87	18	14	91	36	78	4	23	85	21	74
34	50	56	52	65	68	11	12	50	64	96	12	28	96	55	93	57	48	91	36
2	35	38	23	87	82	11	60	53	36	89	89	8	19	84	54	67	46	62	33
84	19	41	85	22	54	81	24	59	45	32	87	43	2	42	98	33	36	47	4
68	22	86	13	42	43	14	4	3	69	4	10	98	30	15	75	10	11	79	36
31	83	99	84	70	24	63	78	27	33	34	51	1	82	19	65	38	47	64	70
86	87	31	5	90	62	84	21	54	45	40	64	71	89	21	13	48	83	55	45
93	11	85	90	78	64	8	53	26	6	80	15	9	28	79	88	20	93	84	79
18	49	26	40	22	31	86	20	51	35	77	18	72	55	5	2	89	58	30	78
72	57	31	2	61	54	78	62	48	70	15	66	31	40	77	82	10	65	4	90
85	28	93	68	65	12	90	88	80	89	99	87	50	72	98	58	95	77	91	50
75	10	18	28	18	84	78	54	37	66	74	42	56	77	75	12	21	30	53	11
80	87	34	81	33	28	73	54	2	27	90	11	34	92	4	71	37	2	13	98
15	38	83	25	6	29	24	14	85	91	89	39	25	7	74	57	34	23	87	30
66	43	70	47	6	13	75	5	9	69	16	92	62	51	91	27	74	11	95	59
23	2	26	49	98	8	44	52	44	90	19	99	28	86	51	55	41	40	92	72
3	97	54	1	34	79	47	73	72	42	42	53	47	53	11	39	15	21	34	39
33	50	29	75	66	56	18	44	41	18	19	38	41	50	5	68	12	47	70	19
26	85	40	6	23	94	21	51	62	36	74	34	32	13	25	70	83	65	8	36
6	39	84	45	24	61	77	44	32	41	16	73	97	65	64	43	76	79	71	11
80	89	60	46	90	30	16	29	61	81	77	50	16	39	53	2	80	68	33	46
56	53	5	51	49	50	14	39	83	70	30	4	78	35	14	79	66	82	84	12
45	35	1	96	79	22	28	83	86	3	99	27	37	82	30	73	22	4	47	16
10	44	40	66	98	91	5	77	90	40	75	13	78	10	10	94	55	64	41	45
46	16	63	48	22	73	12	23	23	24	44	1	53	12	11	58	3	78	42	94
50	96	32	11	59	78	92	66	49	62	28	42	48	49	2	91	7	50	49	5
49	85	87	70	26	36	95	53	6	23	3	62	29	38	19	69	51	90	24	35
68	7	22	51	63	99	95	61	44	30	31	4	16	64	34	81	12	54	50	80
37	71	4	43	22	45	65	90	64	59	57	2	78	78	88	99	28	81	91	69
78	28	40	89	17	57	23	13	49	92	71	37	56	44	25	89	1	56	45	27
72	89	30	68	57	31	46	42	6	32	77	75	88	82	35	30	81	66	88	62
4	71	62	2	18	76	83	34	85	8	69	88	2	75	68	76	19	90	90	24
99	91	41	20	36	23	21	90	51	13	81	81	68	6	30	52	50	4	96	76
22	42	56	67	93	37	36	9	45	94	67	75	89	72	63	85	19	19	45	48
43	33	53	69	68	61	44	69	38	58	34	48	30	2	12	44	77	60	37	1
5	45	62	73	99	66	73	62	90	49	61	7	69	57	38	1	73	93	57	13
39	2	94	31	3	86	6	31	88	75	4	39	17	62	60	48	88	17	74	14
1	29	38	54	99	37	14	66	94	53	8	15	5	68	2	80	48	36	87	54
64	34	61	30	61	3	13	17	79	53	35	78	87	1	77	93	72	52	50	16
53	30	16	60	57	29	24	50	55	67	71	96	14	27	24	69	13	35	60	78
48	31	34	19	44	61	19	46	24	81	59	32	51	14	62	59	68	32	61	9
41	72	31	11	3	29	5	17	12	60	52	30	6	20	55	30	13	5	93	7
99	43	34	97	31	68	53	61	58	44	32	66	48	21	1	31	85	50	85	65
23	23	28	60	40	25	82	11	53	60	98	12	31	81	18	82	48	92	82	58
2	26	57	24	24	19	53	15	19	84	10	86	3	98	64	23	84	33	83	64
35	31	8	19	3	93	63	32	69	67	71	76	6	89	22	47	34	59	66	69
25	94	65	57	53	75	76	76	36	60	69	24	85	57	92	26	85	75	70	34
34	40	6	42	74	59	10	39	68	15	46	89	21	95	49	89	55	51	59	44
92	95	43	48	82	29	38	17	7	21	24	43	26	58	56	71	71	36	33	24
13	37	39	55	85	18	63	92	27	29	8	68	32	33	91	49	43	53	91	12
48	72	18	82	12	6	94	31	39	12	16	82	16	72	33	5	95	69	12	17
63	94	50	29	72	46	32	10	12	99	64	46	70	48	69	36	27	13	58	29
6	92	95	95	97	90	59	95	37	37	43	63	56	33	10	34	32	37	2	57
88	19	76	76	31	70	59	73	44	60	99	11	29	97	64	61	30	62	26	70
80	65	28	11	17	37	57	72	1	14	59	81	70	92	85	94	24	99	20	26
8	53	34	56	6	73	2	73	1	9	89	64	60	67	64	56	52	14	97	45
83	85	16	90	37	22	10	67	86	41	48	46	96	32	64	80	7	99	24	32
42	29	86	74	68	54	93	58	76	93	24	31	85	86	75	89	81	78	12	96
11	5	98	58	92	89	34	65	58	93	38	53	90	38	31	48	15	47	67	19
76	2	68	46	31	18	76	49	82	20	53	45	94	30	12	96	88	96	90	51
31	47	50	34	99	14	22	30	66	35	69	52	8	74	65	97	66	52	12	75
26	15	13	37	27	26	36	79	54	65	41	60	97	85	9	59	95	29	13	12
91	47	63	83	2	74	74	9	32	25	87	67	40	27	97	79	96	84	44	77
46	78	79	59	74	3	5	51	61	61	65	98	69	74	5	11	55	67	50	26
54	81	22	41	93	72	58	4	46	10	66	49	65	18	21	22	36	17	30	42
61	37	51	41	71	90	33	24	22	16	32	2	66	75	66	1	41	47	25	57
51	58	5	70	13	99	47	66	50	49	83	45	41	49	97	78	28	36	8	33
17	82	47	66	68	74	79	5	71	34	63	47	52	9	1	70	34	98	72	51
76	88	23	73	53	73	67	20	41	9	63	3	16	70	41	15	28	31	34	74
52	98	53	25	97	67	36	87	30	30	64	95	58	81	45	43	67	5	1	79
90	17	29	71	40	31	26	88	25	10	55	21	69	77	70	73	55	9	87	29
37	18	58	29	53	91	38	99	46	3	59	28	36	65	83	34	85	60	85	43
66	53	17	83	27	54	88	66	58	97	57	44	42	74	43	3	8	73	93	35
39	41	67	2	81	37	24	45	8	41	14	85	42	51	96	46	85	58	91	88
38	51	58	10	81	14	98	42	53	78	86	74	1	46	56	55	34	6	83	5
29	2	21	45	74	19	16	78	75	29	87	57	62	26	30	22	7	32	74	90
17	70	76	97	49	83	43	2	15	54	81	15	59	85	51	53	16	41	2	58
15	26	39	50	35	6	8	86	39	38	5	4	3	28	18	90	74	96	90	95
25	33	65	26	38	1	70	5	41	82	10	83	34	80	91	19	78	99	78	82
67	75	59	70	6	55	93	73	39	77	68	16	46	24	66	90	47	51	54	56
40	68	10	58	96	92	76	56	53	4	16	15	61	35	18	84	2	45	25	95
41	74	66	56	67	26	19	46	83	81	40	70	29	87	62	91	3	12	90	35
16	73	54	92	92	28	22	42	72	10	61	4	60	66	28	55	25	24	47	6
32	25	96	27	34	96	63	51	39	8	4	88	18	76	39	13	66	81	88	58
20	36	46	9	93	72	65	12	59	77	29	4	24	87	32	86	78	84	10	1
85	2	86	42	26	27	83	49	60	11	12	34	70	37	4	49	74	17	12	27

5	14	13	20	7	16	19	14	1	18	9	2	15	1	9	3	6	8	1	15
8	12	10	19	1	17	17	13	5	17	1	8	4	5	15	18	3	5	20	19
16	6	6	18	12	5	2	2	16	14	20	13	5	20	5	9	16	8	11	10
9	11	4	7	9	11	18	13	20	7	17	8	14	9	16	2	8	4	11	17
11	16	11	15	17	10	3	19	4	6	9	4	18	1	16	4	4	19	14	16
15	16	20	10	7	5	10	10	7	5	5	14	4	4	8	11	10	16	17	8
18	12	9	5	11	6	1	14	7	10	3	9	8	10	1	15	3	19	12	12
17	4	2	17	14	18	19	12	16	11	7	5	10	17	7	6	4	9	7	14
14	7	17	16	17	19	6	19	18	18	13	9	16	2	12	1	11	1	19	16
1	11	17	9	4	15	1	9	12	7	3	17	16	6	6	19	2	18	13	15
12	17	10	6	6	6	15	18	9	12	19	13	18	17	13	7	5	19	14	12
17	14	15	5	5	4	8	7	12	15	2	10	10	19	15	10	18	15	9	10
16	6	6	8	10	2	13	18	14	17	16	18	15	4	14	9	18	9	3	18
19	17	19	9	20	11	5	10	12	13	7	11	16	9	17	4	4	18	18	6
7	7	7	13	12	17	8	4	13	2	2	6	9	14	19	4	1	12	16	5
18	19	2	19	3	5	12	3	12	19	9	11	2	11	12	17	10	15	8	8
13	13	13	4	4	7	3	10	17	7	18	11	10	12	9	3	4	13	14	5
9	3	10	5	17	17	12	4	12	5	4	20	8	11	17	6	12	6	6	3
19	4	19	2	6	19	17	19	2	15	1	15	16	5	15	16	13	4	14	18
17	11	12	3	14	17	4	5	14	4	19	13	4	1	3	7	11	1	7	6
9	15	15	18	10	10	13	6	8	8	5	16	7	10	16	18	19	13	2	13
20	10	15	10	4	19	8	15	19	7	3	1	17	14	18	1	11	6	16	6
1	14	4	14	3	13	13	14	5	13	6	8	18	6	16	7	3	17	19	3
6	7	5	9	3	5	14	17	12	3	7	6	17	6	8	11	18	12	15	12
15	3	6	3	19	11	11	16	9	19	2	17	8	12	17	15	15	14	8	18
14	15	16	16	16	7	17	9	9	6	15	15	8	3	11	4	4	19	5	5
7	16	17	18	7	5	5	5	3	3	2	12	6	1	14	16	17	6	2	13
20	16	14	14	20	20	16	5	10	15	1	2	19	16	7	7	1	2	7	7
15	20	9	11	11	3	1	10	18	18	13	7	8	4	5	12	20	15	8	6
17	16	1	6	2	9	20	6	2	4	19	14	3	12	4	2	3	4	8	13
5	1	12	17	9	15	16	1	2	19	4	16	19	5	20	13	10	13	6	14
7	11	5	7	5	18	4	17	1	2	14	19	11	10	5	12	17	4	2	6
7	13	3	7	2	17	6	14	20	2	13	10	19	1	4	17	16	18	3	6
14	4	10	17	18	1	18	18	2	6	2	2	3	12	16	7	14	12	14	3
17	6	12	17	4	18	15	14	2	8	20	16	8	7	17	1	12	19	18	7
5	11	12	7	11	12	11	10	11	15	7	6	18	6	16	15	3	17	13	15
5	5	8	7	18	9	1	7	2	8	13	6	19	13	13	4	6	15	3	7
16	10	15	11	14	20	7	9	1	8	12	2	17	13	13	1	6	9	17	6
9	16	12	4	8	2	14	13	7	5	19	17	12	5	13	17	7	9	20	7
5	11	5	11	7	19	3	20	1	7	18	11	14	5	11	10	18	5	20	10
10	3	4	1	20	18	8	15	11	2	4	17	10	12	9	5	1	5	9	10
13	1	12	6	4	14	18	13	5	18	1	7	20	11	5	16	18	8	2	14
5	12	10	10	13	12	2	19	16	18	10	19	12	15	14	19	4	10	4	12
2	16	2	7	4	1	11	3	1	17	4	3	20	12	12	16	1	7	15	12
9	15	12	6	1	17	19	18	17	2	6	6	4	14	5	5	5	11	8	20
8	6	11	9	1	12	7	11	10	15	13	12	14	18	7	14	14	11	2	4
20	18	9	11	18	3	12	16	12	15	4	4	20	15	7	11	16	2	17	20
6	13	7	2	10	18	6	19	5	4	12	13	4	11	2	4	11	18	18	11
8	6	18	7	1	11	8	3	8	16	17	19	8	6	11	14	19	20	19	11
12	19	2	14	4	11	5	7	19	15	17	18	14	19	1	15	9	9	3	3
18	18	6	2	12	7	17	3	4	19	6	3	12	20	1	5	19	6	7	14
11	12	8	12	17	4	17	19	20	19	6	14	4	10	3	14	10	9	16	10
17	9	14	13	9	17	20	11	12	16	14	20	12	5	6	20	3	16	7	20
12	8	14	4	16	8	4	19	20	1	2	13	6	11	1	3	5	12	15	17
14	9	19	7	3	20	8	9	8	10	3	20	9	4	13	1	13	17	1	13
3	6	1	5	8	5	11	8	4	6	1	17	16	15	10	2	18	20	16	5
13	2	6	1	11	9	11	1	7	7	13	16	12	5	1	11	15	12	3	13
15	20	19	1	14	15	15	17	14	4	2	18	12	2	16	7	16	8	12	15
7	9	14	4	8	14	11	8	1	5	11	5	12	10	6	8	1	2	8	1
13	20	11	9	8	9	4	2	20	19	17	9	7	14	18	18	20	15	12	12
14	12	12	1	14	18	1	18	9	5	14	6	14	17	4	1	1	9	10	8
5	14	14	19	7	15	5	17	10	8	10	9	10	11	5	4	18	12	5	10
4	18	20	18	3	17	11	18	15	12	11	7	11	9	14	9	19	10	7	1
20	6	18	14	5	5	6	19	13	20	9	7	1	9	19	18	13	5	20	11
5	3	4	18	5	20	7	15	4	3	10	5	11	14	8	10	16	6	4	10
15	6	19	13	15	17	7	9	19	13	12	11	18	19	8	12	17	19	5	4
11	15	17	4	16	9	13	3	17	15	16	19	19	15	10	17	19	17	19	18
11	14	16	20	8	15	8	14	11	2	11	14	6	19	11	18	6	19	17	20
4	15	5	16	12	11	14	6	9	13	1	20	1	3	11	9	20	17	2	7
1	18	1	18	3	11	18	17	8	2	5	15	3	15	6	7	18	2	6	14
8	11	6	7	19	6	17	12	12	11	13	5	9	19	6	7	18	10	18	11
3	9	18	12	6	15	10	2	11	7	1	2	14	7	19	19	20	2	11	13
11	10	9	18	19	6	8	4	8	14	13	8	4	5	11	11	5	7	5	5
18	6	3	4	3	10	16	10	17	20	9	13	13	4	1	9	18	13	18	8
7	9	17	15	10	15	13	3	7	13	3	2	1	3	8	4	12	5	18	7
3	3	19	20	15	14	14	17	9	5	18	14	17	5	16	19	17	3	17	15
16	8	18	16	2	6	19	3	16	18	18	12	9	20	8	17	16	13	10	17
8	7	9	15	7	16	3	4	4	17	18	14	2	15	4	1	20	2	9	6
5	1	8	13	6	14	8	10	3	7	12	7	1	8	17	4	19	11	19	4
18	4	17	20	11	4	6	18	4	10	9	8	13	18	6	16	15	12	17	19
7	8	3	13	19	2	15	9	4	14	18	13	8	12	1	3	20	15	12	3
12	9	2	14	16	17	13	18	4	8	12	9	18	10	14	2	18	3	20	14
3	2	14	9	5	10	10	9	12	12	18	20	7	16	4	13	20	13	13	5
18	10	9	15	7	4	1	3	10	15	3	11	12	11	10	15	8	4	8	4
20	13	4	19	15	3	7	18	8	9	15	10	15	9	19	13	2	6	4	1
19	16	8	3	20	8	14	16	7	15	20	11	9	14	10	1	17	2	5	9
7	9	19	8	6	18	17	16	5	3	12	15	10	20	1	12	18	2	13	12
17	12	15	11	16	4	8	8	4	4	5	10	4	7	17	8	2	17	4	9
2	12	17	9	2	1	9	9	2	2	2	11	1	4	13	2	7	2	4	11
6	15	15	13	7	8	14	16	1	11	12	9	9	19	8	11	12	3	13	1
9	3	19	17	18	12	7	15	11	6	20	19	1	11	6	17	17	11	15	14
14	17	7	20	10	8	11	15	10	14	4	5	10	17	12	9	3	5	6	17
17	1	13	5	11	4	14	8	15	17	16	2	11	8	7	14	18	12	13	7
6	10	5	12	20	4	15	9	16	16	15	5	15	8	4	7	9	13	5	9
3	8	6	8	10	6	10	8	15	1	16	13	4	19	19	11	9	19	16	17
15	17	11	17	10	16	20	14	1	8	13	7	5	14	12	3	9	8	12	9
3	17	8	7	12	20	19	9	16	9	20	2	7	15	3	9	8	15	16	13
8	12	6	5	10	19	13	2	7	2	6	18	12	1	13	20	9	19	20	19
7	2	13	13	3	3	3	14	9	3	19	1	10	17	8	9	3	6	5	6
11	1	8	16	11	6	13	19	13	17	6	4	5	17	5	17	11	1	17	18
1	9	20	18	13	11	17	9	16	20	19	1	2	10	18	8	3	2	12	17
12	14	5	4	3	15	5	17	8	6	1	10	14	2	6	4	12	15	16	1
11	16	2	18	1	13	7	10	4	14	5	8	9	3	15	16	18	1	7	17
10	16	13	13	18	18	3	1	12	2	11	7	7	2	4	17	7	6	9	11
17	1	6	17	8	8	7	2	19	17	7	6	20	4	4	14	7	10	6	12
8	2	11	10	19	1	17	5	18	9	20	16	8	12	18	3	1	14	9	12
19	2	16	14	5	2	11	18	11	19	13	7	1	5	20	7	20	20	3	14
7	10	5	2	5	1	4	10	12	19	15	6	3	6	11	13	10	4	19	2
5	13	13	13	1	19	2	2	11	2	1	6	6	15	8	5	17	18	4	16
19	9	6	10	3	1	7	9	18	19	9	7	13	5	4	4	2	3	11	14
4	16	10	10	14	16	13	7	8	1	1	13	14	3	13	19	12	19	3	5
9	2	12	16	2	4	8	11	9	9	11	1	7	20	19	14	18	9	6	4
17	13	1	14	16	14	20	8	2	17	20	13	20	14	11	14	12	20	9	13
7	14	19	19	13	3	16	12	14	4	9	12	17	9	8	17	20	1	6	15
5	10	2	18	15	16	2	2	16	9	6	11	11	2	4	13	4	12	10	20
16	4	7	9	3	19	4	15	4	19	19	2	3	1	9	6	4	2	9	3
15	6	18	4	17	9	15	1	11	17	5	6	4	7	20	17	3	4	5	9
14	14	12	1	4	12	16	6	4	20	18	3	10	4	2	11	10	7	11	7
3	14	10	17	12	20	1	14	20	16	3	10	7	9	16	14	16	6	8	4
5	14	15	17	8	4	5	5	5	19	5	12	15	8	1	3	12	11	9	1
15	18	2	7	1	18	11	7	19	15	11	13	19	11	20	2	20	4	4	19
12	15	19	17	16	19	19	10	14	10	14	20	13	7	4	3	3	10	3	4
12	1	8	15	19	20	2	20	13	8	5	3	10	13	8	7	9	18	17	9
6	4	3	5	10	16	6	3	20	14	4	13	5	17	20	19	7	2	8	1
2	18	5	13	9	2	2	12	20	20	3	5	1	11	8	8	6	3	4	14
13	12	4	2	17	11	4	10	15	4	20	10	14	3	2	19	18	10	13	9
8	2	19	19	18	11	5	3	9	3	18	4	7	3	6	8	1	2	16	10
8	2	13	2	17	8	6	8	18	18	5	19	19	3	3	12	2	7	20	17
18	1	12	17	18	7	3	11	11	3	12	18	11	13	5	2	12	16	3	19
11	5	14	5	17	1	13	16	19	20	16	14	3	11	18	7	7	9	14	6
14	12	20	17	14	3	17	15	15	15	1	13	20	17	11	5	11	18	2	6
20	5	9	9	20	8	14	17	10	3	19	19	1	11	11	9	15	9	5	12
13	5	19	1	14	4	20	2	15	6	5	11	12	16	11	20	2	2	11	9
2	3	15	11	11	1	9	3	11	7	2	12	16	1	10	6	5	11	15	4
3	11	9	18	14	19	13	19	20	20	8	18	15	9	18	12	13	13	3	8
16	19	12	3	13	17	7	16	19	18	4	14	4	15	2	8	15	20	5	3
1	7	7	10	3	3	18	2	6	6	13	13	5	14	3	7	1	12	9	8
8	12	4	13	11	12	4	16	5	4	5	8	6	9	2	15	16	6	18	16
11	4	2	18	17	20	14	19	5	15	20	6	20	8	6	6	18	9	19	7
9	7	4	10	9	5	20	5	20	1	3	11	17	2	4	20	4	3	16	10
12	20	15	6	17	8	10	20	20	9	11	14	19	15	7	2	13	1	19	9
11	3	2	12	14	2	1	18	20	15	4	4	15	13	12	13	14	17	15	9
6	12	12	11	7	15	5	19	7	12	2	19	5	4	5	7	19	17	15	18
2	5	14	14	4	8	16	4	9	16	10	18	15	1	20	13	12	2	7	12
5	8	9	17	14	10	7	14	4	12	20	5	9	11	3	15	9	16	18	10
19	7	10	9	5	16	15	4	8	6	13	12	15	4	11	11	18	1	6	15
8	16	6	18	10	15	10	7	14	14	18	15	14	19	19	14	15	5	6	8
19	3	11	6	5	14	16	16	19	6	20	6	6	10	5	1	7	9	13	6
10	18	11	18	14	1	3	10	4	2	6	1	17	16	3	15	5	7	13	10
15	5	2	17	5	2	9	7	16	5	14	6	18	1	13	13	10	9	16	1
18	2	2	8	19	10	15	12	16	1	13	14	2	17	18	18	13	7	2	19
4	12	13	19	12	3	7	17	16	15	17	12	20	12	20	1	17	9	6	2
8	17	8	20	3	6	13	9	17	11	3	12	9	8	5	10	6	15	2	10
17	15	6	12	18	5	3	20	1	3	13	12	9	4	11	20	12	19	12	18
7	6	1	14	10	5	5	3	13	16	4	11	14	14	19	6	10	12	18	9
14	7	1	15	6	14	13	2	20	14	16	20	14	15	10	17	15	20	1	7
16	14	4	9	8	4	17	10	15	4	14	3	15	17	16	4	2	1	14	20
6	11	4	2	7	5	3	17	18	19	8	10	9	16	8	17	10	19	5	8
14	16	15	9	4	3	17	19	8	12	18	5	2	13	9	5	18	11	4	12
5	10	6	1	14	18	14	16	19	13	9	12	7	3	3	6	7	19	7	5
6	11	17	19	20	14	20	15	11	5	17	5	16	1	2	12	18	19	9	10
18	8	12	13	6	18	9	4	7	16	16	5	18	5	8	14	6	19	1	14
2	18	5	6	11	7	10	5	18	6	19	2	12	2	19	8	9	13	2	12
13	8	9	20	1	3	17	12	15	7	3	12	13	18	2	2	15	20	15	11
9	17	11	7	4	16	1	12	18	18	15	4	12	15	8	6	10	14	8	2
2	17	18	18	2	18	8	6	14	3	3	4	5	4	20	18	1	2	14	15
12	9	4	18	7	8	2	9	15	4	9	7	12	2	1	16	6	9	4	11
6	15	4	14	8	17	7	4	16	14	16	12	2	10	18	10	6	7	12	14
14	13	7	1	3	19	13	5	6	11	18	19	18	20	7	15	9	2	11	14
3	15	7	17	7	6	3	8	16	8	16	16	7	9	17	9	7	11	1	7
6	14	13	12	1	7	12	8	5	6	6	17	17	4	16	2	6	6	19	20
18	5	12	12	6	18	3	3	8	12	9	6	11	20	4	8	15	7	9	1
3	20	18	3	14	16	5	5	2	11	20	1	13	8	19	20	8	18	13	11
2	20	16	6	16	12	16	8	2	8	13	6	5	10	6	14	1	15	11	5
5	3	7	10	13	14	4	3	13	6	16	20	15	16	10	20	7	9	3	13
6	5	1	4	2	10	20	7	6	4	8	9	5	12	17	4	17	2	7	9
5	9	20	9	18	9	12	2	18	13	2	19	12	8	13	12	1	15	10	10
3	17	14	11	4	11	12	3	13	1	17	3	12	14	7	10	5	10	13	1
16	9	18	5	11	3	16	3	5	2	10	18	4	16	11	14	18	15	18	14
15	18	8	7	18	12	16	11	3	15	3	16	6	16	17	20	10	1	8	18
1	9	6	10	9	6	10	19	3	16	16	20	7	10	13	12	4	19	19	8
2	19	15	6	20	3	1	6	20	6	16	11	10	10	10	18	12	5	10	17
9	9	7	17	7	11	2	14	2	20	13	6	12	15	12	3	1	10	2	13
7	11	18	1	18	6	12	10	17	2	10	17	6	7	9	8	5	18	1	1
7	7	3	9	1	7	12	4	18	9	10	17	1	2	4	2	6	2	6	3
15	5	9	6	12	12	20	12	7	10	4	13	19	2	10	1	17	1	1	15
5	4	16	20	17	6	20	9	15	4	11	1	5	4	3	9	1	17	12	12
4	3	8	4	12	15	20	6	8	10	14	3	9	2	11	16	14	14	6	3
13	10	19	15	18	18	19	15	11	14	6	20	15	7	14	4	4	19	15	19
18	6	8	18	9	6	15	12	12	13	1	1	11	6	6	13	5	9	20	16
8	2	17	18	20	18	17	4	9	18	12	12	2	13	6	8	13	18	11	1
20	16	3	3	13	13	1	9	3	17	19	3	1	18	10	4	5	16	20	7
13	10	16	15	19	19	9	15	18	16	17	3	5	6	9	14	9	2	5	11
1	3	7	17	4	18	14	4	5	13	5	13	16	11	11	5	13	17	7	14
11	1	1	3	4	6	18	3	9	19	6	20	16	14	8	15	18	1	16	10
10	14	18	2	20	1	7	1	2	11	12	10	4	18	10	7	1	9	9	19
9	10	14	18	17	13	11	18	7	11	15	11	1	10	17	20	10	6	16	19
17	10	16	16	14	9	1	18	14	7	9	15	5	12	2	20	4	4	1	7
3	10	5	4	1	18	11	6	7	7	19	2	20	4	18	9	15	11	20	19
5	11	3	17	8	16	14	9	15	8	17	14	15	16	11	14	2	16	14	19
5	12	10	9	7	3	19	20	3	15	11	2	19	5	14	15	5	17	12	18
2	2	12	16	14	8	17	9	11	19	13	6	12	17	14	6	16	17	20	4
20	2	16	15	5	16	11	10	8	17	11	15	10	18	11	5	1	3	17	20
5	8	6	10	16	15	19	3	1	3	9	19	10	15	20	1	18	3	3	11
16	10	7	19	9	10	11	5	2	17	4	7	3	10	15	12	8	13	8	9
5	16	15	1	18	19	4	20	16	12	11	7	5	1	1	14	17	17	13	12
5	3	20	20	17	8	1	3	19	5	11	18	3	19	4	6	7	11	1	6
17	10	20	13	19	5	15	6	4	13	12	2	17	9	3	12	20	13	3	19
5	13	6	12	1	9	20	3	2	3	18	3	7	3	19	14	8	11	11	12
10	4	20	18	6	13	3	2	4	13	6	7	14	1	8	3	20	10	1	20
10	19	14	1	8	4	12	5	7	6	14	2	10	17	20	20	2	10	12	8
8	17	9	5	19	19	20	17	10	16	12	13	16	14	1	3	11	12	1	16
12	1	12	10	15	6	11	20	18	12	17	18	19	3	1	1	6	7	6	12
7	10	18	13	18	12	16	7	10	6	5	12	13	15	13	19	9	20	10	13
7	10	17	7	13	12	13	17	13	11	8	5	8	16	15	4	9	10	6	13
12	13	15	6	18	7	16	20	1	15	2	20	18	18	18	14	5	11	8	14
4	15	13	12	3	7	4	17	10	8	10	19	12	19	12	18	9	20	6	18
11	20	7	19	18	8	19	12	7	12	11	5	12	8	11	15	4	7	6	14
10	9	5	13	16	4	8	16	12	1	15	10	19	17	20	14	10	13	5	11
11	11	17	20	17	18	3	15	20	4	3	10	15	7	2	16	11	15	18	18
10	5	18	18	14	3	1	8	19	9	11	1	4	9	14	14	1	17	15	9
20	11	5	12	13	10	11	16	9	12	2	14	13	20	3	6	13	10	2	19
13	12	6	14	5	11	15	17	19	8	19	6	13	7	11	15	13	4	7	10
18	4	6	18	19	8	9	9	9	7	16	11	17	11	17	3	19	20	17	3
5	11	9	1	2	11	16	14	9	8	13	20	10	8	2	11	12	14	9	13
13	20	5	19	2	18	10	14	18	9	17	6	1	15	5	3	5	14	14	12
18	9	11	1	19	16	11	7	1	13	2	11	5	10	12	1	11	4	13	12
19	4	18	11	8	13	6	19	3	17	7	15	9	19	11	12	15	14	11	17
12	4	15	17	12	16	9	4	6	14	15	20	3	5	19	9	5	9	17	8
1	5	15	19	7	20	7	10	15	2	16	4	9	4	5	7	2	9	6	17
4	20	15	8	12	5	1	15	8	3	1	5	10	11	5	8	1	12	16	8
5	7	10	5	5	18	2	5	13	1	16	19	20	7	9	2	9	6	16	4
9	13	12	14	4	9	5	11	20	12	15	17	2	10	2	9	12	2	1	6
11	3	5	10	15	8	7	18	12	8	11	8	11	11	2	18	6	12	13	5
10	4	2	15	15	19	12	18	11	12	3	11	16	16	13	4	19	4	2	1
17	17	18	18	16	6	13	6	17	10	10	7	17	8	7	1	9	20	11	18
6	15	14	4	4	13	5	1	3	13	8	11	14	18	18	17	3	13	10	19
20	14	3	15	6	9	11	10	10	11	10	19	1	6	10	4	3	8	18	7
18	1	2	19	2	15	17	8	12	6	9	7	6	5	13	1	15	10	6	3
6	17	8	15	7	11	10	20	16	13	20	2	20	14	14	10	11	13	19	19
15	16	9	11	16	12	10	7	7	2	5	14	9	11	20	9	15	14	4	19
6	2	4	13	1	15	11	18	9	7	5	3	13	6	19	8	18	20	13	2
6	13	4	10	14	13	15	18	16	14	8	19	6	20	19	17	12	17	15	17
1	12	3	6	11	14	7	16	7	20	13	8	16	15	20	13	10	10	14	16
11	15	18	2	13	12	7	3	15	10	18	4	11	12	6	3	19	14	5	8
3	18	9	1	20	8	16	2	16	19	16	1	7	7	7	15	7	14	20	15
2	7	8	10	20	7	10	9	14	13	15	18	1	2	4	15	19	9	3	13
15	12	18	20	2	20	9	18	6	9	19	19	1	20	16	1	13	15	5	10
16	13	5	4	10	17	17	5	11	19	3	12	20	8	1	9	1	2	11	2
9	7	13	19	2	7	16	2	5	11	9	5	12	17	20	4	2	7	8	5
14	18	12	10	8	10	7	17	1	5	10	8	6	16	10	5	2	6	16	8
13	1	12	6	20	17	13	7	4	7	14	9	15	1	19	8	19	8	9	18
17	11	14	11	16	14	9	17	20	5	16	15	4	6	6	10	16	14	1	4
3	15	13	18	9	3	3	20	18	19	3	10	4	4	7	18	10	14	2	12
8	6	1	18	20	12	20	4	14	10	4	16	7	11	1	1	20	6	8	16
14	10	10	15	9	17	12	13	20	11	11	12	13	7	20	6	16	19	12	15
17	10	10	16	8	10	5	1	3	19	18	9	12	2	10	8	1	4	7	3
19	14	4	10	10	16	3	1	9	13	6	18	15	10	5	11	6	17	9	13
10	8	19	4	3	11	11	8	11	11	14	1	7	1	6	19	3	16	17	20
7	15	12	3	8	10	19	3	13	15	20	19	8	18	2	19	2	16	13	15
3	3	6	20	9	3	12	16	18	9	8	17	17	13	20	5	8	9	1	7
16	8	15	17	17	9	6	3	1	17	18	9	15	17	8	16	18	13	11	4
12	10	15	16	16	13	11	11	13	4	14	5	2	12	9	7	9	1	6	16
20	6	16	20	14	6	7	6	9	5	17	12	16	15	12	4	6	19	11	4
12	15	6	2	4	6	6	6	7	16	8	16	20	17	14	2	5	12	20	20
2	16	10	15	15	6	19	8	12	15	20	15	7	2	17	13	3	17	15	20
8	11	2	7	11	13	20	3	13	8	6	5	18	11	18	6	20	8	19	1
5	11	16	16	6	4	4	16	19	12	14	4	20	1	7	19	5	20	1	14
11	9	20	12	17	5	17	13	15	3	9	14	3	16	4	13	7	12	4	2
15	20	14	7	3	4	5	19	5	20	7	13	20	18	2	3	6	17	14	12
1	1	20	5	19	10	3	8	18	20	6	17	8	13	13	16	11	18	8	3
4	8	10	1	15	3	13	9	7	9	4	12	11	18	16	2	14	1	12	7
12	15	6	16	2	14	5	19	4	18	9	16	10	16	6	7	20	16	10	14
13	18	10	18	7	8	7	17	17	15	19	9	3	2	19	14	17	17	5	2
8	2	7	3	19	15	2	12	8	15	20	9	12	3	15	20	17	3	17	11
18	4	14	16	4	14	8	15	15	8	3	6	18	19	19	18	8	17	9	19
2	7	13	2	8	12	13	13	9	6	6	1	15	19	10	10	14	11	16	6
4	5	4	16	10	1	18	4	13	13	16	8	1	4	19	3	7	9	17	8
18	20	1	14	19	12	5	10	9	2	14	7	5	9	7	2	4	15	18	4
16	7	10	17	19	18	18	6	14	19	12	8	18	5	5	10	6	5	17	1
8	18	9	8	2	9	10	1	10	2	10	1	18	7	12	9	15	9	20	1
17	10	4	14	7	6	3	8	2	15	7	15	6	20	2	19	8	13	5	14
2	4	5	9	20	20	1	3	17	14	16	8	13	2	13	20	2	5	13	8
8	18	18	5	2	14	18	14	12	1	17	20	1	5	4	1	2	8	15	8
15	12	14	15	6	5	3	19	18	14	2	11	19	11	14	6	17	14	1	5
11	18	2	7	9	5	10	10	15	8	18	4	1	13	9	19	4	18	15	3
12	14	3	20	15	12	12	16	6	4	14	4	7	10	19	16	3	4	2	14
17	7	20	7	11	10	3	11	2	17	12	18	10	14	15	13	17	1	17	6
5	18	1	13	7	1	4	16	8	14	14	10	13	11	14	1	11	12	9	10
3	16	9	11	8	16	19	6	2	12	15	8	17	16	17	2	11	14	10	18
13	20	16	7	10	11	10	9	7	12	11	10	4	9	17	8	14	5	7	16
4	2	16	20	13	18	15	10	15	3	9	10	2	17	15	11	11	8	18	7
19	8	12	5	12	20	2	5	19	15	13	10	8	17	4	12	1	12	4	9
3	3	13	12	7	15	18	6	2	14	17	15	15	20	8	17	17	3	12	12
2	10	15	5	1	11	15	14	8	6	10	17	11	7	2	10	20	11	14	8
17	14	20	5	8	7	16	7	9	3	4	9	9	9	11	11	20	2	4	20
2	5	7	13	10	1	15	8	10	15	1	6	18	11	13	16	14	19	16	13
17	19	14	8	11	16	5	16	13	2	9	1	10	9	14	6	6	4	2	16
14	14	10	6	9	4	4	20	17	12	19	18	16	11	4	3	17	14	7	6
19	7	12	12	5	12	7	20	18	5	11	16	5	19	6	2	2	16	2	16
9	10	4	10	1	11	8	18	1	20	13	18	10	18	5	16	18	15	3	16
9	11	13	12	1	9	1	19	20	16	19	19	4	8	19	7	5	11	15	11
12	1	20	11	19	17	5	16	6	20	8	6	10	11	6	2	18	4	8	17
7	4	1	2	5	10	15	11	12	20	9	16	19	8	5	8	14	19	1	4
19	4	15	4	6	15	18	11	9	19	19	10	1	3	6	16	20	19	6	9
5	4	16	1	12	15	20	9	11	17	18	5	13	14	4	19	12	17	6	6
19	18	16	6	18	5	11	16	9	11	16	15	12	20	10	4	19	4	18	1
14	3	2	9	15	13	2	9	17	3	19	12	20	14	20	4	16	20	12	3
18	20	3	6	16	10	2	7	2	11	5	18	13	2	3	13	1	17	17	5
11	1	7	17	4	7	8	4	1	18	14	8	1	18	15	17	9	14	3	9
18	10	9	19	12	4	6	14	6	9	10	15	13	12	16	17	11	14	2	2
6	19	13	9	7	12	5	9	3	5	5	2	20	5	18	11	19	8	20	5
16	17	12	3	15	6	9	6	7	5	6	3	19	14	16	14	2	15	12	15
17	6	19	20	5	5	8	12	7	4	11	15	13	13	14	6	12	2	9	6
9	20	14	17	7	10	11	14	8	8	9	16	9	7	3	11	9	5	1	20
6	12	13	12	19	5	8	11	2	6	4	18	5	12	4	8	8	16	1	1
16	14	13	15	4	11	5	6	4	19	17	10	20	17	8	14	18	2	5	16
6	5	8	13	13	16	15	17	9	15	12	11	12	6	5	20	8	8	13	8
11	20	7	11	19	6	18	18	2	15	20	12	16	15	7	1	17	3	4	2
12	11	12	5	7	9	15	18	19	8	19	2	8	12	8	3	12	8	10	5
11	19	1	6	18	7	7	11	6	19	17	1	4	2	8	2	5	2	3	8
12	12	9	9	13	16	6	14	5	15	14	10	17	12	5	9	17	1	19	4
18	18	12	16	4	19	8	8	13	5	18	6	15	10	9	20	10	3	8	12
11	15	14	15	4	10	2	2	15	19	3	4	16	8	19	9	19	6	15	2
17	5	7	5	14	17	5	5	12	3	8	19	1	10	3	11	5	12	5	13
11	11	20	2	7	17	15	18	1	20	6	11	10	9	2	3	2	7	13	19
2	8	17	16	7	5	13	8	6	9	9	16	2	5	2	17	2	8	7	11
19	1	19	9	6	10	1	14	13	6	6	20	11	18	14	5	19	14	16	15
20	7	3	1	6	20	20	15	18	3	3	6	15	1	17	6	14	12	20	19
8	17	12	7	6	12	5	14	16	2	16	2	15	13	12	13	19	14	6	1
19	13	17	5	5	3	10	10	4	9	6	5	8	9	19	11	15	20	13	18
6	13	4	8	3	6	10	1	2	5	12	9	11	12	2	3	9	3	3	6
15	7	13	2	13	14	19	3	6	20	14	9	20	10	8	18	4	16	9	19
9	4	14	5	1	18	20	5	20	20	18	7	18	1	12	16	1	6	9	2
17	6	6	8	17	10	2	10	11	5	9	1	19	19	6	10	3	4	19	8
13	13	2	11	10	16	19	2	15	11	20	7	15	6	5	13	3	4	11	1
15	7	3	1	5	17	18	7	11	13	14	9	10	15	17	6	13	19	17	20
4	8	1	9	3	17	13	3	10	8	4	13	10	12	3	13	3	8	12	1
7	20	3	14	4	11	10	17	9	13	3	13	18	3	19	4	13	12	19	10
14	19	12	6	10	6	15	15	8	17	7	5	13	1	3	19	18	15	20	2
10	15	15	11	17	4	19	15	16	16	15	4	9	2	7	4	13	7	11	1
5	4	13	2	4	13	9	18	12	20	16	6	15	1	8	11	8	13	8	10
5	2	5	18	1	20	5	1	9	12	6	5	17	18	20	3	13	19	7	14
12	16	9	7	3	19	15	20	13	6	15	6	3	8	13	5	2	7	7	20
5	10	18	5	15	8	4	20	5	9	12	19	17	4	18	1	3	4	9	10
19	3	16	19	5	11	7	11	18	15	12	10	7	3	3	6	4	7	3	6
1	3	9	5	6	7	14	15	1	6	19	11	16	7	19	17	13	14	10	11
6	2	3	3	4	18	20	15	13	15	19	18	18	19	7	18	18	5	6	12
7	19	8	19	3	1	2	16	14	8	11	6	9	6	6	17	2	19	18	6
18	11	5	6	12	11	15	5	10	14	3	19	16	17	12	16	11	4	10	4
16	4	17	6	1	7	17	7	4	7	13	13	15	6	15	4	13	9	15	16
13	2	14	11	10	7	8	6	19	16	12	5	15	9	17	10	11	15	15	7
9	17	2	20	2	8	10	10	12	13	1	16	12	9	5	11	19	10	14	18
15	5	3	12	16	16	10	18	19	7	1	7	20	7	14	11	7	7	15	8
19	9	4	9	4	4	14	2	3	20	12	14	2	19	3	18	11	10	13	1
12	5	3	15	3	5	8	16	7	13	12	6	14	20	4	17	6	10	6	19
4	1	2	14	4	15	9	10	10	1	20	15	5	7	5	20	9	12	10	20
9	5	16	12	10	11	16	15	7	14	15	7	17	1	5	13	6	10	6	13
17	6	1	12	5	19	14	4	18	3	18	8	1	18	10	7	20	18	19	9
16	12	11	19	9	7	13	17	18	2	12	19	10	12	15	9	9	18	7	7
1	19	8	9	2	17	16	12	4	17	4	13	10	16	3	8	6	20	12	4
7	4	5	13	1	6	9	9	13	10	18	18	14	14	15	15	17	4	1	6
20	1	14	15	19	14	9	14	5	16	14	15	3	9	5	3	3	2	17	20
2	6	20	8	19	6	20	20	2	19	4	19	13	8	9	11	5	18	14	12
16	1	5	4	1	14	16	2	6	12	3	10	2	14	1	11	15	4	7	14
13	1	7	6	8	2	20	4	20	17	12	11	3	18	2	6	11	5	15	14
4	17	10	2	7	20	3	7	14	17	8	5	8	6	12	9	5	10	18	15
20	4	4	6	19	1	9	5	15	5	5	1	3	12	11	1	18	16	8	15
17	9	19	19	2	20	3	2	5	19	4	12	16	15	6	20	7	17	3	17
17	7	19	8	20	6	3	7	2	8	12	4	15	7	9	15	1	9	1	9
8	7	5	12	20	10	7	15	8	5	16	20	3	19	15	18	16	10	6	11
5	15	1	2	8	1	16	16	7	18	6	7	19	15	3	16	9	19	3	11
2	1	13	12	7	11	11	15	1	8	19	7	14	1	1	15	3	13	18	13
1	17	19	3	16	16	19	5	1	8	7	6	13	8	15	3	7	8	12	11
2	6	18	3	9	13	7	4	1	17	4	16	16	4	15	7	20	12	15	2
1	20	6	5	12	8	10	2	8	1	1	5	7	2	17	20	8	5	2	14
17	6	16	15	3	9	17	2	5	19	19	13	17	3	5	15	15	3	1	2
13	4	16	16	14	10	15	12	20	16	1	16	14	14	15	17	17	18	14	17
17	10	3	16	9	18	4	18	20	15	17	9	1	17	16	12	6	20	3	13
13	15	11	5	9	6	12	2	1	18	17	4	10	9	1	9	15	17	2	2
16	17	20	7	11	11	10	7	3	17	16	13	9	18	14	19	4	1	4	12
13	12	6	17	18	17	10	10	9	2	17	12	9	1	5	6	4	1	7	18
9	20	7	3	8	16	9	15	3	16	3	8	1	9	9	7	1	3	7	11
2	3	16	11	13	9	3	1	6	4	1	19	3	8	3	20	7	14	19	4
4	2	5	19	19	3	18	2	9	7	17	15	1	2	8	10	13	9	13	6
5	8	18	13	3	11	14	6	4	12	20	5	8	7	19	17	3	4	17	12
5	10	19	4	11	4	2	18	8	18	2	2	12	18	11	11	19	7	5	11
11	16	3	19	1	14	10	19	17	5	6	17	8	1	6	15	4	6	4	9
12	10	16	16	14	1	17	6	4	19	10	3	14	5	7	8	7	4	3	18
19	18	16	11	3	15	2	2	15	3	19	4	4	4	6	7	14	8	5	4
17	12	8	11	15	14	1	11	17	16	15	8	11	12	18	4	6	15	19	14
3	2	1	2	6	13	6	13	12	4	14	19	10	17	14	9	17	7	6	20
1	11	7	4	13	15	7	17	8	5	11	11	12	9	13	19	3	7	8	9
12	10	10	20	19	15	19	20	8	8	10	15	18	5	8	16	1	8	17	19
6	15	7	20	11	2	17	10	17	4	1	11	14	2	16	9	3	11	6	2
3	14	16	14	20	14	9	9	6	16	12	6	8	18	15	9	18	2	5	18
18	10	20	3	1	5	10	7	9	4	1	7	13	10	13	8	20	8	9	8
4	3	15	8	16	4	9	4	15	3	2	9	20	19	11	8	5	9	8	19
4	14	4	6	4	4	20	11	6	6	15	11	17	5	12	8	9	20	16	5
11	2	18	9	14	20	12	11	17	8	7	12	19	5	7	18	4	2	15	16
20	20	1	1	12	3	11	5	18	1	13	10	9	15	4	6	7	12	9	5
11	3	3	2	1	6	11	16	5	9	2	7	16	12	14	7	18	19	20	13
8	16	20	5	17	10	9	14	12	16	4	16	13	5	20	11	7	4	1	19
1	12	16	5	4	14	4	8	11	2	2	1	8	10	16	6	2	15	12	16
7	9	19	8	6	1	16	4	6	8	9	2	16	7	6	11	12	13	18	13
15	4	19	1	2	16	10	4	13	4	10	8	8	19	12	19	6	20	11	4
6	9	3	17	1	1	6	16	16	5	6	14	13	7	3	19	20	1	13	7
15	17	13	11	1	2	19	3	5	20	1	6	14	3	17	18	9	16	9	18
3	1	17	14	12	11	2	20	11	15	2	11	2	2	15	11	6	8	2	20
6	10	9	2	20	2	18	15	12	4	12	6	8	10	3	11	10	20	14	6
2	14	10	2	10	10	6	8	20	11	15	17	2	18	10	2	14	18	9	3
17	5	10	14	6	9	9	19	10	15	2	4	3	8	1	16	4	9	5	8
11	17	6	19	11	20	11	19	2	13	15	7	15	15	8	7	17	11	11	14
3	4	3	2	20	15	15	18	4	20	3	9	2	2	8	14	9	1	19	8
19	13	20	9	1	19	4	11	15	9	11	1	20	1	15	4	13	13	1	5
20	17	8	5	13	2	10	12	4	1	16	4	9	16	1	3	8	5	7	9
10	4	16	15	5	17	11	13	17	10	19	6	15	6	14	8	10	16	6	7
2	11	8	7	2	15	17	18	12	13	14	3	10	1	4	6	1	18	18	5
8	10	14	13	18	5	11	11	3	20	18	14	8	18	18	10	3	12	16	1
12	20	20	2	1	11	6	4	3	10	4	8	7	1	16	12	18	4	17	13
6	12	15	12	15	9	8	4	11	9	18	17	17	13	18	10	17	8	15	11
20	9	9	15	13	4	2	12	5	13	20	19	14	16	9	12	20	16	13	9
3	5	3	5	13	9	2	11	20	13	15	13	12	5	16	16	2	12	15	17
19	20	11	19	13	7	3	8	11	15	11	2	9	19	15	8	18	13	19	16
16	17	16	1	20	19	19	11	2	8	1	12	15	11	13	15	5	4	15	13
11	7	3	13	7	7	3	7	18	20	7	3	15	6	8	1	7	8	2	2
13	16	3	5	8	11	12	18	19	4	4	20	1	9	19	12	6	9	16	19
6	6	7	7	13	3	6	17	4	15	7	6	17	9	9	17	9	1	16	15
16	18	3	6	11	10	6	2	15	4	13	20	12	17	18	2	20	12	8	2
12	17	7	17	16	19	2	10	11	15	14	15	11	2	18	4	16	18	7	2
1	11	19	2	19	18	3	16	15	14	12	11	7	19	2	11	4	20	3	13
13	11	14	9	3	5	19	5	1	15	10	10	6	19	7	20	15	3	9	12
10	2	7	5	10	14	3	15	19	8	4	3	6	13	3	18	2	10	8	13
7	8	3	16	2	8	9	14	10	11	11	16	18	16	8	6	9	1	16	8
7	20	5	16	7	19	19	2	17	10	6	8	5	14	6	7	5	2	7	16
20	6	3	8	4	19	13	18	11	5	5	11	15	15	11	9	19	12	4	15
14	7	20	18	19	2	9	1	17	12	8	9	20	14	17	14	4	9	13	19
15	16	18	6	4	1	1	6	4	1	4	13	17	5	1	19	20	7	4	2
7	18	2	7	16	18	12	19	12	9	6	5	6	6	9	16	7	17	3	19
11	6	8	4	11	13	20	20	17	20	1	20	15	8	5	2	16	15	11	15
18	4	6	2	3	10	1	5	3	16	4	4	11	17	15	2	11	1	1	19
10	8	16	13	17	6	5	19	16	2	14	10	1	10	6	20	5	2	9	6
3	2	13	4	7	17	16	18	8	4	13	14	13	14	18	2	8	11	19	3
8	17	4	6	5	9	20	5	1	16	5	18	1	3	17	7	18	15	1	2
5	7	20	11	1	11	11	14	16	3	7	6	7	5	17	12	18	10	10	13
15	9	14	3	7	10	7	9	10	9	18	18	18	2	2	19	2	19	6	19
14	17	6	13	11	13	17	15	2	16	6	2	2	5	17	11	7	13	17	7
7	8	14	5	1	20	8	17	15	11	18	1	1	3	19	18	15	10	11	12
17	14	1	18	20	12	18	11	15	20	14	20	17	4	5	11	13	10	20	10
6	10	14	1	15	6	1	10	10	11	12	19	2	19	19	12	20	7	5	10
4	2	16	12	12	8	1	19	19	18	3	18	6	11	2	14	7	17	9	2
8	4	4	4	10	19	16	12	16	5	2	4	19	5	9	2	2	1	9	3
20	7	11	12	14	3	5	14	1	17	14	5	9	14	4	13	15	8	9	1
16	15	13	16	17	1	16	4	5	14	18	16	12	19	17	7	3	9	2	2
8	14	1	10	16	15	6	16	15	3	14	18	13	3	2	10	14	19	10	8
7	5	3	12	5	9	9	7	2	3	11	20	19	1	12	7	9	18	5	9
4	3	16	14	3	7	16	16	15	1	4	9	15	20	16	7	1	17	1	4
2	8	11	18	2	12	5	16	13	16	3	17	8	2	16	5	11	4	4	14
7	6	20	8	11	5	3	1	14	4	16	15	5	6	16	2	15	15	15	13
7	7	19	1	20	1	12	17	7	17	8	8	14	17	5	9	9	1	1	4
19	9	17	4	20	16	11	8	2	11	6	15	1	3	15	13	13	9	13	17
3	10	6	20	5	9	11	12	1	17	19	11	2	12	14	8	2	9	16	17
15	13	16	13	15	2	4	2	13	14	6	15	15	18	12	19	11	16	9	16
13	15	12	14	1	7	17	12	7	5	14	3	20	13	13	3	6	5	8	5
2	12	11	4	15	9	14	16	10	6	8	3	7	6	8	15	14	15	11	15
18	20	18	5	10	9	17	16	18	16	6	7	20	12	6	12	4	16	8	8
18	11	13	20	11	16	18	9	18	10	6	8	6	6	14	4	13	13	9	19
20	18	18	9	11	15	11	10	3	16	1	9	6	15	4	6	19	8	13	10
10	3	10	6	14	12	5	17	1	9	20	6	3	1	10	17	11	14	8	13
5	10	13	7	15	7	9	3	16	19	1	7	3	9	20	18	16	5	2	10
12	11	6	4	10	20	3	4	7	2	14	8	18	13	9	19	7	19	2	16
13	10	19	20	1	11	5	13	7	7	18	9	1	5	12	2	6	2	16	2
12	7	14	14	10	1	2	3	20	10	18	14	1	4	14	14	9	16	1	18
6	9	6	13	20	10	16	9	12	7	18	11	10	20	6	1	20	15	11	14
6	7	15	10	18	4	5	10	20	12	7	6	1	13	7	5	14	3	12	13
11	19	20	13	5	13	11	3	10	16	2	8	17	1	16	18	14	3	3	18
10	18	11	3	2	15	2	17	3	9	6	17	2	18	20	9	2	13	6	8
8	5	14	14	9	20	20	1	12	3	6	3	14	8	2	19	7	9	6	17
15	15	7	8	5	17	4	3	9	18	18	19	14	14	2	9	10	10	15	3
2	17	4	17	16	19	16	7	2	1	4	7	6	7	6	20	8	11	13	17
4	9	7	10	16	15	8	11	9	16	17	18	16	12	9	17	5	5	2	18
17	14	7	17	20	5	17	15	9	13	6	9	14	15	3	5	3	4	10	14
14	4	6	8	17	12	10	12	17	8	13	20	5	5	17	13	6	16	13	15
6	12	17	12	19	2	1	12	13	4	17	16	4	7	1	5	10	13	18	7
10	13	5	6	6	20	9	5	9	19	20	11	16	2	17	14	11	7	8	1
13	5	20	4	8	20	4	12	17	8	15	9	15	5	4	20	1	7	8	11
3	11	1	19	6	10	8	16	5	3	2	6	6	12	3	16	7	16	17	13
10	16	6	6	19	16	20	17	18	3	6	6	7	11	2	17	12	12	2	4
2	14	5	4	18	18	17	7	14	7	4	11	6	3	13	18	9	12	9	2
6	7	10	8	10	4	3	5	12	2	3	1	17	14	12	13	7	5	9	16
1	13	5	9	9	19	9	8	18	3	8	1	2	20	12	13	17	20	8	14
6	2	20	14	5	20	13	6	7	16	16	20	20	9	14	14	17	4	7	15
6	20	14	7	2	18	12	14	8	19	13	18	2	3	6	14	20	5	2	13
6	12	9	13	14	1	13	14	16	5	11	3	1	20	7	18	13	9	10	16
5	12	3	18	6	18	6	2	16	15	9	16	5	20	9	6	18	10	1	6
18	17	3	5	18	1	10	6	2	14	15	2	12	6	17	16	18	5	10	10
11	12	17	12	1	16	17	4	6	12	18	11	6	9	18	2	2	2	20	15
16	7	6	7	9	5	17	3	11	20	19	5	19	15	8	5	8	2	4	3
3	8	2	1	12	9	3	17	19	17	16	16	12	10	2	2	16	2	11	10
9	11	8	2	14	15	4	7	1	1	5	19	2	20	15	2	18	14	11	14


2	1	1	2	2	1	2	1	1	1	1	1	1	1	2	2	1	1	2	1
3	5	1	3	2	5	5	3	2	4	5	3	1	3	1	5	2	2	1	5