500	3	20

1	1.3	1.55	1.75	2.1
4	6.76	9.61	12.25	17.64

71	22	24	68	5	84	95	80	38	40	38	85	65	94	61	80	88	4	15	62
81	52	42	27	52	74	53	93	5	52	14	61	3	54	39	61	16	37	26	5
11	22	81	38	59	57	79	63	26	60	18	29	81	20	95	77	34	49	40	39
88	93	89	53	75	76	20	49	49	79	74	73	2	25	88	87	95	46	84	6
78	84	91	50	29	53	83	65	80	11	75	45	49	66	59	73	64	24	96	23
36	18	9	69	56	18	20	73	12	93	89	38	12	59	1	1	68	20	23	29
59	87	11	77	20	11	69	91	70	80	77	78	90	41	37	85	92	85	16	55
44	27	47	36	19	98	51	65	87	2	37	26	52	45	23	27	9	67	81	43
78	96	52	52	81	31	74	51	6	39	27	45	61	1	32	84	24	11	75	72
49	33	41	14	98	41	84	24	57	95	24	67	78	30	48	80	31	12	34	1
97	63	56	88	53	43	87	15	13	75	77	70	61	65	19	42	3	18	11	54
74	88	70	44	51	4	98	53	94	52	22	30	57	50	36	17	29	64	81	14
12	94	20	65	43	14	4	37	49	71	56	91	47	32	44	99	74	98	29	35
48	13	95	64	36	24	34	82	70	65	61	14	19	81	59	5	55	48	95	7
28	96	1	54	50	23	41	13	52	65	64	82	85	4	82	22	61	47	55	18
83	56	10	48	69	65	25	60	6	32	73	62	69	99	26	80	73	64	76	87
40	26	49	62	29	64	13	51	64	49	27	84	11	33	49	63	33	81	14	14
19	82	75	92	86	25	91	44	47	16	55	13	30	88	69	89	54	60	11	42
99	53	8	80	16	7	17	46	74	15	5	65	95	86	54	44	79	71	12	34
89	12	3	24	64	84	62	41	99	34	10	46	25	63	64	9	58	73	21	59
64	43	1	70	80	97	76	29	11	75	76	15	69	17	81	52	20	41	20	75
58	37	87	93	88	20	45	42	9	15	72	95	73	3	7	74	38	80	59	62
83	58	38	85	17	80	46	30	97	48	59	35	66	19	36	9	7	36	83	84
63	41	20	94	81	71	89	37	23	98	34	6	7	79	47	65	81	79	71	20
10	46	57	66	94	97	57	65	78	49	55	55	97	56	84	30	91	17	43	9
97	83	14	51	39	87	29	16	1	82	29	63	71	37	15	70	33	44	48	75
83	69	46	92	34	36	64	53	67	95	68	23	96	25	84	82	34	32	74	96
2	95	39	81	2	17	49	4	87	30	29	86	68	24	72	72	64	63	71	75
1	77	55	19	21	92	27	36	28	12	44	42	24	17	53	7	2	27	89	66
46	65	24	52	96	81	41	3	93	10	63	62	42	3	94	87	91	77	88	38
39	59	84	66	77	82	77	62	21	54	9	65	77	72	89	40	42	88	15	84
62	74	83	42	26	52	41	98	72	57	83	21	43	32	23	80	97	86	38	2
98	69	47	82	67	63	31	58	55	86	87	88	59	98	48	21	69	51	90	37
95	48	93	29	45	54	53	10	54	73	17	35	95	69	78	96	98	64	50	77
83	92	79	47	64	51	10	50	14	47	82	34	26	55	79	77	59	68	23	88
94	98	1	43	24	10	74	89	85	34	15	63	48	85	31	2	73	36	96	17
78	95	57	48	30	42	55	92	62	85	22	11	52	82	63	4	27	21	58	97
16	56	13	26	13	75	91	13	49	39	81	29	48	80	14	74	47	34	56	79
88	59	6	13	8	63	51	42	67	92	51	94	45	28	3	96	44	32	33	32
80	92	25	62	79	80	63	49	7	82	19	45	20	45	94	34	94	33	74	10
9	36	78	67	88	99	26	20	51	82	40	86	23	57	73	88	63	9	31	78
63	39	41	62	69	46	4	43	48	53	11	7	71	42	78	19	22	7	2	59
47	18	61	13	81	74	9	27	52	86	1	13	89	38	35	33	20	43	10	69
48	77	97	52	76	30	50	47	30	17	41	89	88	47	88	41	9	36	95	57
12	21	51	70	62	2	31	58	45	95	2	44	44	24	90	66	95	92	51	79
15	33	56	82	81	12	52	69	68	93	68	41	22	25	17	90	31	89	66	98
45	90	76	24	12	83	43	42	91	33	52	2	15	74	69	12	18	9	81	22
38	4	73	31	93	68	33	44	65	72	66	33	71	6	72	89	80	29	51	41
93	31	15	72	30	6	80	68	25	18	58	93	33	34	33	84	97	27	80	26
95	37	13	84	50	26	9	11	9	19	56	9	8	61	92	11	43	38	80	75
12	6	78	57	67	33	51	61	56	29	55	73	59	77	75	98	72	22	58	4
23	57	55	95	76	32	60	32	64	31	84	47	93	77	40	95	95	19	86	74
61	63	15	81	72	1	40	17	81	18	65	68	63	21	90	87	66	6	77	1
55	32	73	6	12	58	17	54	28	78	94	94	16	76	75	43	1	84	90	78
97	62	50	37	39	56	57	24	36	98	26	27	68	65	63	58	70	10	72	11
18	87	32	57	23	56	79	51	19	23	17	67	50	76	27	38	63	25	94	18
34	19	71	94	74	20	96	34	73	65	54	48	34	23	68	71	19	42	10	18
77	90	54	62	2	36	13	20	38	56	34	87	37	44	33	91	81	47	99	37
63	94	89	24	77	48	7	85	97	64	87	87	63	46	45	92	23	39	19	25
82	49	22	12	22	52	56	57	72	65	88	65	51	62	48	31	32	11	34	31
40	64	54	14	1	21	37	30	71	53	3	92	43	5	31	84	28	92	41	9
65	85	7	38	46	49	94	60	44	50	58	87	16	19	31	28	55	56	11	65
89	24	87	18	32	64	55	7	27	91	35	8	1	5	51	50	50	2	25	85
67	74	3	43	93	34	32	1	8	46	99	73	90	26	12	41	26	58	40	49
75	40	27	40	39	82	21	15	43	85	17	72	44	76	18	21	75	34	92	54
6	13	4	58	1	66	56	44	9	54	60	59	38	28	10	15	84	66	49	58
80	54	35	23	88	86	30	38	52	92	76	50	87	39	21	13	82	21	66	5
11	1	72	13	10	62	32	50	29	12	79	44	86	88	69	66	99	52	77	19
22	57	45	81	48	38	14	30	97	96	12	36	54	93	56	25	94	27	9	21
6	66	95	59	15	87	53	99	19	84	31	34	42	80	51	96	72	62	95	31
52	47	67	60	62	38	14	66	3	5	82	58	85	34	88	24	80	22	49	89
93	78	11	45	93	90	61	7	66	98	70	79	82	85	56	54	93	9	15	23
3	58	95	96	64	14	31	30	58	26	76	40	71	2	94	77	60	97	14	18
94	46	70	8	37	3	39	84	61	74	94	95	26	60	83	97	84	29	88	3
64	31	45	3	15	67	79	71	12	45	31	83	33	61	24	55	10	31	10	36
48	33	97	78	40	18	68	10	2	51	28	4	85	52	77	93	25	46	22	91
3	26	49	69	58	67	96	99	88	50	15	14	46	44	4	48	64	14	21	6
1	40	44	10	7	15	41	29	28	63	51	10	77	23	80	78	39	46	22	6
37	21	19	52	2	61	27	23	67	93	15	80	95	40	4	23	64	81	53	73
12	77	44	19	15	29	81	58	83	14	98	80	55	9	28	67	57	40	60	72
1	31	75	94	69	40	42	4	64	38	44	55	83	76	78	77	9	19	71	56
89	62	83	70	59	80	7	34	32	30	94	44	41	42	45	15	90	91	65	72
62	55	86	80	12	6	61	14	88	81	85	22	97	62	36	30	95	35	78	99
27	4	93	17	87	60	77	83	2	74	50	79	70	54	55	37	57	25	12	97
66	71	67	93	76	85	6	75	91	92	89	59	92	67	77	17	90	81	46	48
52	74	74	30	63	94	53	35	53	97	89	41	42	11	65	68	56	7	70	62
22	66	57	25	66	87	78	81	53	36	46	40	42	43	41	10	62	45	29	18
98	37	42	30	82	48	69	6	7	20	5	81	15	62	77	32	78	66	35	2
89	69	14	71	14	44	64	22	26	78	47	89	9	44	95	42	81	20	41	37
50	26	67	40	97	41	57	46	52	23	49	96	49	25	41	27	72	1	92	74
14	41	11	39	43	69	49	75	40	96	53	9	65	32	64	48	96	6	90	80
24	75	47	17	26	63	72	70	10	33	48	53	55	65	10	8	52	20	92	18
1	54	14	15	31	48	37	29	43	46	62	81	65	98	91	16	49	6	32	52
81	17	41	56	91	86	44	54	70	14	89	53	17	76	62	31	99	78	31	35
30	27	45	55	57	45	47	87	56	10	38	17	83	39	21	84	66	39	9	46
40	88	29	15	75	10	3	50	82	29	57	28	56	80	65	78	56	54	38	38
37	92	94	76	54	8	63	16	22	92	7	71	57	95	5	25	51	10	42	10
5	64	57	39	27	59	98	99	31	40	49	54	33	7	12	61	78	57	32	29
35	20	65	45	94	17	79	57	45	53	78	56	6	65	7	77	3	34	40	26
27	8	27	61	57	44	69	92	83	90	54	99	18	77	16	20	62	63	75	13
88	90	8	28	58	6	6	14	11	84	27	42	33	51	70	21	20	57	10	32
42	65	73	4	28	25	92	78	1	28	71	58	72	16	1	38	24	70	1	30
58	68	40	89	41	37	9	47	40	68	32	35	91	54	33	94	61	61	47	59
71	4	6	44	62	84	87	15	81	53	79	87	5	15	74	10	82	94	69	36
91	24	67	66	41	15	17	77	37	55	66	54	57	37	96	2	16	96	16	79
93	15	64	60	8	87	74	77	70	61	84	47	15	79	46	7	54	12	4	73
38	79	34	10	91	87	66	33	29	6	14	74	93	90	70	12	56	93	98	60
87	65	13	69	63	70	76	40	32	69	82	53	66	9	16	8	18	61	90	35
56	79	49	55	10	46	43	17	50	43	38	64	32	24	27	90	27	27	7	91
53	68	36	69	92	59	37	87	77	82	82	8	22	98	3	34	40	17	83	73
51	66	88	93	54	27	48	12	48	83	47	19	34	47	25	15	49	82	10	96
90	19	50	44	90	53	9	33	87	68	34	93	32	92	58	61	28	27	55	8
73	26	99	95	80	43	22	72	13	42	58	34	58	9	9	13	83	32	51	18
65	35	64	53	48	87	71	48	85	2	23	86	68	95	38	49	36	93	75	40
36	84	74	96	55	21	60	21	60	45	57	53	71	45	44	69	41	80	41	5
51	48	11	15	87	36	24	45	23	88	29	64	95	76	59	4	38	7	27	28
1	45	14	87	36	8	70	67	77	87	73	57	43	74	46	13	86	71	74	52
26	8	16	92	76	5	17	10	28	24	16	42	15	39	20	87	45	12	26	42
27	56	38	43	11	97	43	59	65	4	16	55	18	43	27	28	91	37	40	15
95	7	36	86	35	78	22	73	1	50	73	87	37	10	45	65	95	47	67	38
8	27	40	78	98	46	4	2	99	35	45	34	52	51	11	29	37	71	42	7
92	24	64	91	65	96	62	11	82	30	82	15	54	22	6	28	10	51	41	80
86	2	44	68	82	33	28	40	71	18	90	26	25	35	86	37	58	11	39	7
74	32	10	80	5	28	30	89	75	56	17	40	27	81	55	30	81	94	74	51
14	49	76	37	90	44	67	88	80	80	7	9	19	68	90	52	39	81	37	62
28	38	51	76	97	48	70	7	80	55	6	59	5	53	64	6	38	44	13	43
38	23	33	43	82	28	82	8	64	59	79	92	44	63	49	80	63	3	32	57
28	24	71	89	16	26	27	38	27	94	42	87	25	52	67	90	22	17	55	22
60	1	28	18	74	71	99	79	33	18	10	3	80	58	49	6	82	80	7	33
8	48	83	79	15	37	67	7	70	45	18	80	57	10	5	60	85	67	75	74
34	53	2	82	82	32	65	74	56	33	32	88	2	1	40	77	89	61	54	98
61	56	22	29	8	85	52	43	6	41	19	12	83	66	62	84	7	64	78	33
22	68	83	30	71	21	12	32	80	46	40	63	57	75	73	61	78	42	59	35
92	70	31	99	74	24	69	60	67	14	67	18	21	17	85	97	95	95	91	40
3	52	83	35	41	61	97	92	38	38	45	17	87	99	51	97	98	73	95	14
96	88	51	49	10	5	11	22	73	81	46	67	28	99	4	54	16	82	16	65
63	73	78	50	41	24	61	6	56	69	19	70	6	22	52	43	2	54	95	22
94	22	22	98	50	56	26	74	11	43	57	98	82	12	80	88	70	21	96	88
32	3	44	37	39	24	79	14	87	40	13	45	61	5	31	63	15	86	81	44
43	83	15	32	97	93	55	93	22	27	8	9	48	36	52	95	32	66	42	1
80	80	6	57	45	94	5	2	68	51	78	48	33	16	14	93	84	59	27	58
2	47	59	17	17	41	89	19	27	21	82	19	8	52	9	56	69	26	8	93
89	28	21	67	36	51	93	88	90	22	16	84	93	10	75	82	86	84	52	28
56	8	93	63	2	23	36	55	25	31	66	6	12	30	67	41	58	96	86	95
71	99	80	11	3	16	68	15	10	12	70	68	83	3	17	8	15	74	71	48
45	6	45	19	97	69	98	10	91	90	71	82	59	97	8	64	57	42	74	93
63	13	24	89	45	33	44	85	69	73	25	52	67	27	6	66	63	35	56	43
72	24	89	88	59	26	19	77	8	1	82	13	97	30	78	40	32	41	15	93
20	32	9	20	52	33	24	99	8	78	70	62	31	15	41	42	41	4	38	30
18	55	75	98	44	49	57	80	2	89	44	57	32	91	72	6	58	28	16	4
57	39	47	7	10	15	40	73	58	56	95	36	64	39	8	85	81	68	19	34
60	80	95	41	83	56	41	41	29	17	95	43	61	93	34	98	38	7	24	92
56	68	50	80	86	96	6	84	64	61	41	26	57	65	77	83	68	60	16	32
33	82	29	26	57	64	73	90	38	34	9	19	55	51	50	55	10	39	6	42
28	16	63	14	86	18	44	69	1	44	61	55	31	70	11	43	4	41	96	12
14	65	88	45	51	13	42	70	90	15	81	21	35	22	38	40	19	79	7	52
61	76	34	38	87	50	44	18	92	83	33	84	37	73	26	72	84	47	66	34
33	68	88	80	25	69	75	57	99	69	56	12	45	51	46	35	84	80	35	57
95	88	86	27	81	14	46	9	87	39	56	89	73	47	11	32	44	6	8	25
6	21	50	74	19	3	3	1	7	33	57	19	21	3	63	76	32	51	99	74
36	1	84	18	26	82	47	29	32	73	14	80	57	79	84	29	29	8	71	68
47	1	11	87	48	43	95	51	9	48	38	65	72	83	72	56	72	49	26	67
66	44	50	14	87	84	53	54	39	2	80	44	31	91	91	38	54	44	61	6
65	50	62	87	96	28	54	18	34	93	87	9	65	55	97	81	33	2	49	35
42	59	80	85	23	32	8	17	18	37	20	61	58	31	70	18	77	28	75	31
43	50	66	40	16	48	1	8	94	86	6	87	70	67	98	16	20	56	36	66
93	50	88	66	97	57	25	6	16	79	29	21	81	91	48	52	99	30	22	29
91	66	13	65	86	78	68	60	11	53	47	98	92	11	39	74	29	48	67	53
88	91	98	8	73	5	66	60	35	74	82	19	46	14	35	66	83	23	87	61
74	82	20	25	92	57	72	73	79	97	14	68	89	9	12	64	39	4	19	1
62	20	66	81	82	86	26	49	99	51	37	62	63	36	58	87	9	98	33	16
77	92	93	15	8	85	34	18	13	12	96	15	30	66	14	37	13	62	86	37
17	40	39	84	84	74	15	17	12	62	83	34	96	81	95	89	18	24	1	63
59	51	41	51	98	86	44	16	80	17	2	30	31	1	41	51	3	65	13	15
28	43	50	69	72	38	45	37	78	26	67	53	7	65	3	57	20	64	82	2
16	13	45	2	82	26	13	98	82	45	17	19	10	81	81	67	81	25	52	26
14	93	62	19	93	43	8	36	78	72	97	62	20	74	26	81	67	88	28	34
13	1	73	16	39	83	95	38	4	5	80	35	72	44	20	8	19	24	37	32
35	78	6	47	99	68	55	59	78	46	67	75	73	94	11	14	10	30	23	66
76	25	18	3	45	12	52	1	76	13	22	14	46	94	46	63	29	36	29	69
20	5	17	93	93	85	38	12	84	10	29	4	7	6	63	89	34	35	57	86
89	27	56	15	78	66	64	98	95	71	30	86	11	35	55	96	3	76	73	79
49	32	29	44	44	73	20	81	14	48	87	88	46	46	9	72	95	75	70	38
64	6	68	76	94	76	9	69	55	80	19	20	60	92	53	33	68	50	3	27
72	31	33	67	86	94	57	95	21	35	34	54	14	57	52	81	38	69	29	8
40	52	77	19	92	49	93	93	44	93	75	77	54	37	90	24	64	55	35	65
10	84	21	51	4	38	48	56	62	64	67	76	73	55	24	6	15	49	76	41
43	16	5	76	53	66	99	58	31	50	51	57	32	95	93	44	29	78	83	6
99	75	18	29	64	71	40	31	37	16	56	93	34	74	3	77	23	71	13	59
37	41	55	73	58	18	85	11	66	50	71	29	54	61	79	5	14	46	55	85
21	26	21	26	24	79	34	39	14	82	14	38	70	62	67	45	70	11	35	21
59	11	29	9	40	84	17	59	62	45	64	94	32	34	5	74	46	73	56	70
93	61	85	5	94	20	2	62	74	71	27	37	80	23	73	72	57	60	26	74
84	48	77	51	88	16	70	43	91	76	18	31	55	59	18	19	97	96	97	60
25	55	72	59	52	80	40	87	89	32	55	55	46	55	92	61	26	91	39	32
58	67	65	42	75	98	42	37	75	47	2	1	20	56	54	59	16	10	65	58
2	7	28	80	42	44	57	13	19	83	81	22	76	62	11	86	30	67	69	84
42	39	25	38	26	90	22	51	21	94	58	43	56	20	15	17	66	40	44	15
86	68	46	49	51	54	37	98	28	38	30	75	39	46	11	9	5	39	85	76
25	42	88	28	74	7	10	14	61	3	43	17	9	94	14	70	30	75	47	6
97	98	20	84	41	27	17	67	14	25	32	5	72	73	51	18	75	81	84	76
93	95	4	54	70	17	82	70	33	49	27	80	73	58	17	87	67	27	75	2
74	77	42	38	90	4	77	57	84	29	62	18	78	96	5	94	49	25	43	46
74	21	86	47	31	28	94	75	38	17	2	37	31	63	75	57	49	19	29	32
70	33	41	96	83	75	87	75	31	90	11	83	83	32	89	64	38	68	68	99
14	39	63	64	35	50	6	2	18	5	62	44	86	80	1	99	11	69	88	65
43	27	4	73	39	95	71	84	5	94	8	21	21	6	17	31	90	21	65	29
16	98	98	27	11	17	79	26	77	19	85	74	96	87	55	59	69	61	11	95
8	73	84	42	55	63	8	23	96	18	21	9	18	77	6	28	40	53	5	63
57	34	84	37	53	50	80	86	30	26	65	21	9	57	92	57	86	78	62	9
82	54	9	29	61	91	15	89	10	34	19	59	10	28	76	8	45	9	54	97
99	68	28	20	67	54	53	25	72	88	66	63	33	95	91	99	95	4	97	30
14	13	37	78	27	38	22	99	14	63	57	20	65	33	25	75	45	50	26	57
62	13	8	92	7	49	81	94	96	98	23	8	16	43	38	30	75	48	66	30
68	37	91	80	20	41	95	97	74	70	20	28	7	97	77	40	92	12	98	85
69	95	97	42	91	30	91	46	29	99	35	1	40	11	82	8	48	93	79	66
60	30	82	28	89	56	21	17	59	91	28	39	52	63	55	83	26	96	47	35
25	53	42	76	39	49	54	66	58	41	76	7	29	80	49	44	76	92	33	37
63	8	57	84	40	91	1	85	52	22	9	80	63	6	45	66	12	47	17	1
82	1	37	82	68	25	88	3	43	90	76	99	71	70	15	13	66	21	54	69
16	70	11	95	37	70	40	48	22	86	80	11	39	36	4	77	35	33	81	98
78	64	86	34	42	15	50	6	74	61	75	22	94	80	5	39	94	98	91	3
54	87	14	20	99	43	39	29	8	95	9	99	28	15	1	82	80	75	39	51
19	41	45	54	33	91	28	63	55	11	55	7	4	25	8	12	95	35	75	81
93	8	5	86	25	47	73	79	4	3	32	21	27	80	79	6	33	94	14	48
27	54	24	88	38	19	72	31	91	24	10	75	87	86	13	9	88	38	45	8
1	37	97	1	26	56	54	92	3	42	82	93	98	17	65	41	81	12	19	17
27	4	54	48	97	5	33	40	21	68	96	17	57	43	56	16	78	72	33	68
67	91	99	66	60	16	95	82	95	37	3	12	98	51	64	12	12	73	9	69
39	54	49	74	6	65	57	95	86	4	55	28	77	52	55	29	70	80	11	13
21	9	46	74	87	72	33	61	29	39	74	21	26	30	46	7	79	3	17	22
68	84	53	39	4	50	83	72	37	33	50	91	17	46	20	70	62	58	8	18
97	32	57	51	47	2	40	96	25	13	18	85	43	21	16	19	64	88	68	90
79	8	34	30	46	93	96	89	48	37	29	59	39	63	19	85	85	78	73	79
20	49	13	70	22	3	19	39	62	27	38	88	87	26	39	9	25	50	37	20
64	65	71	47	36	93	5	24	85	70	71	6	50	33	78	15	34	59	67	43
52	4	53	92	7	24	26	14	44	78	21	79	94	92	70	84	40	90	21	66
69	50	94	77	19	38	33	2	87	17	8	55	29	63	56	40	67	1	87	95
51	82	19	7	52	41	15	86	29	73	39	1	91	25	10	47	83	61	28	57
65	53	47	18	86	55	36	66	15	81	32	66	71	73	10	32	32	41	58	82
70	87	91	70	6	77	9	7	96	52	20	99	95	24	11	13	51	75	26	43
43	45	40	12	7	4	54	98	70	80	80	10	57	46	7	5	15	38	96	59
35	36	7	52	70	25	1	68	78	49	55	62	3	77	47	90	2	17	38	57
48	52	33	78	3	27	53	41	38	5	60	59	79	31	89	13	25	99	94	15
74	85	46	71	66	36	42	22	90	74	19	91	73	46	58	75	78	99	73	27
24	17	63	72	27	63	67	90	64	1	90	67	37	4	17	30	19	60	29	32
61	9	40	62	66	83	74	43	65	29	51	75	24	79	99	69	81	83	1	72
26	85	69	55	7	78	27	88	30	2	59	51	99	94	24	75	54	1	25	29
2	93	60	95	74	15	50	60	70	21	79	56	26	56	91	69	58	66	99	20
55	79	70	60	15	52	88	72	23	75	8	80	42	27	67	69	72	40	79	46
95	45	25	99	75	89	2	39	79	19	51	32	82	22	59	83	99	49	20	9
35	20	16	74	76	73	20	39	8	86	26	11	17	71	21	12	8	5	40	56
25	53	16	7	41	10	65	40	44	23	74	16	78	40	34	94	39	98	70	73
53	14	29	40	45	30	60	82	8	61	43	94	30	85	21	50	3	41	48	7
49	61	95	71	58	14	79	90	21	55	42	75	66	51	78	58	43	6	72	82
8	53	32	53	90	58	21	34	58	61	3	91	90	97	38	12	6	75	40	55
63	78	41	8	7	86	49	13	91	7	66	57	84	13	20	92	30	15	2	3
47	55	88	84	62	93	62	70	7	61	98	68	32	35	25	9	55	1	34	87
25	48	90	93	73	63	98	5	88	66	47	94	87	33	8	75	61	96	19	53
1	79	15	73	11	60	53	61	39	26	3	49	24	54	39	37	47	55	99	70
57	24	8	78	23	81	92	49	92	16	17	18	70	12	28	72	95	56	13	42
84	12	72	41	69	31	69	76	92	22	98	55	8	52	35	6	19	96	42	83
54	47	76	5	16	11	63	20	78	72	99	15	37	31	70	51	94	37	47	48
87	7	15	92	6	34	87	7	47	35	79	21	30	39	34	39	62	41	43	41
13	96	39	52	92	23	45	22	31	27	55	78	59	3	53	69	89	48	63	36
77	48	22	2	15	9	36	21	11	84	1	42	82	72	59	45	65	47	15	20
33	64	69	80	36	86	52	37	86	9	22	79	30	56	78	90	94	69	58	43
35	50	98	8	64	98	22	25	24	9	1	33	15	50	52	76	48	8	97	46
5	22	21	69	21	71	91	11	97	10	51	54	93	90	93	72	1	30	15	1
85	24	4	24	79	24	11	1	95	88	66	80	83	57	39	70	75	26	1	35
21	67	54	4	53	63	70	24	46	12	63	92	16	18	49	89	57	83	54	37
54	11	91	9	85	17	77	46	48	60	50	43	44	13	20	67	8	98	44	89
69	45	57	46	37	56	63	67	47	17	92	35	88	4	59	11	30	45	56	34
97	15	21	24	6	92	77	22	74	56	45	23	80	38	34	14	39	96	49	86
90	82	60	50	93	78	66	7	99	42	93	38	92	58	20	91	72	44	42	39
16	1	29	38	31	18	55	48	71	99	90	3	56	61	3	27	21	87	84	41
56	8	74	67	89	57	63	76	29	60	12	67	95	38	26	82	21	92	18	19
90	40	27	94	23	75	20	10	42	97	14	8	49	79	63	56	40	64	32	56
84	60	80	96	53	47	61	86	82	82	40	57	48	98	51	7	50	37	53	5
82	93	69	34	46	97	49	68	64	73	72	49	99	61	75	31	79	15	88	5
45	8	50	77	8	85	40	69	81	40	39	78	93	79	41	28	83	49	76	35
97	84	98	6	14	10	54	79	73	9	27	34	65	15	22	61	48	23	22	12
45	45	41	68	38	81	65	82	85	87	85	69	51	10	90	1	33	79	67	49
67	59	64	23	62	27	32	18	40	66	13	4	88	75	39	30	14	14	71	99
8	7	94	24	41	20	59	76	44	74	36	2	59	10	23	59	54	43	67	35
36	99	7	42	69	49	30	9	23	90	16	38	9	97	22	84	5	86	93	61
12	71	60	89	14	5	96	78	25	12	53	17	70	8	29	40	60	50	95	31
4	25	11	95	82	81	52	92	13	43	40	78	88	16	96	89	72	41	2	49
44	12	88	20	63	62	47	24	11	20	53	71	16	89	88	33	88	52	27	62
27	54	62	48	62	7	75	67	73	69	76	51	37	37	38	27	17	32	77	38
7	61	96	48	9	55	83	28	41	99	79	3	65	96	2	53	48	72	87	87
23	70	69	62	24	46	1	49	45	20	85	84	45	50	4	49	38	40	65	35
40	96	34	54	33	93	75	75	4	57	65	56	69	78	22	6	99	49	53	43
50	37	95	64	53	86	40	86	57	18	25	87	20	74	92	90	11	36	6	55
38	29	13	71	79	81	47	75	91	5	2	92	99	11	85	38	33	21	29	50
98	58	16	63	59	58	41	49	32	11	44	71	87	77	72	4	69	60	54	27
72	96	77	38	92	50	43	86	51	92	38	66	28	59	82	55	37	65	8	60
85	59	45	99	55	25	79	12	95	47	55	92	73	22	73	25	27	94	45	79
3	73	68	26	98	33	80	75	58	33	44	8	6	21	95	96	60	1	9	1
58	57	12	6	25	10	51	68	79	48	30	27	45	21	99	12	26	42	62	55
77	48	88	79	46	5	5	23	35	38	88	65	43	32	66	26	71	8	58	74
81	36	2	61	37	14	3	37	29	52	46	80	84	4	52	9	95	4	35	24
76	29	46	13	80	63	83	87	94	96	61	26	27	29	22	3	43	16	25	99
57	86	34	25	70	28	98	10	4	36	71	76	45	64	2	17	37	55	53	20
31	93	64	36	52	88	21	25	79	2	45	32	76	10	74	72	40	24	38	81
35	77	60	58	24	24	57	76	20	89	17	48	94	46	85	72	95	17	80	91
59	25	70	31	88	41	17	48	66	36	26	50	34	61	56	66	38	67	21	24
99	77	19	40	65	14	24	72	1	62	99	9	10	6	37	39	25	1	52	63
85	3	28	74	72	31	21	72	33	73	23	91	29	9	45	68	80	99	60	19
11	43	55	77	44	23	26	65	93	40	47	42	64	6	60	43	47	93	44	94
76	88	57	94	12	77	53	71	50	22	67	22	90	83	10	79	74	93	13	22
98	19	78	73	76	83	74	41	33	38	74	2	29	88	47	50	86	33	87	76
69	84	14	79	81	72	7	21	40	83	75	33	77	55	8	17	91	7	17	58
15	43	95	23	92	59	88	55	75	28	54	87	55	61	20	12	84	93	96	66
69	91	2	39	25	59	88	48	49	4	63	56	82	42	30	25	88	70	94	52
92	24	60	8	9	34	6	84	38	46	64	25	58	57	95	87	48	27	71	69
51	51	56	84	82	70	77	1	92	41	64	16	28	82	54	25	21	31	5	33
6	46	69	36	6	29	75	42	56	6	40	24	29	15	24	74	99	94	26	64
13	26	20	61	34	17	57	73	95	7	40	96	28	62	9	52	39	13	38	28
36	76	60	32	86	48	86	82	87	64	87	72	24	74	20	96	14	52	40	45
19	66	43	95	35	33	3	52	29	98	81	11	47	41	5	75	44	49	62	94
73	59	31	44	36	58	25	52	25	15	12	33	3	30	62	65	16	19	65	40
23	43	17	75	35	85	54	72	49	43	6	48	42	75	48	85	83	11	7	22
86	21	22	49	50	87	28	4	38	27	99	71	16	9	62	59	85	96	67	73
87	14	11	16	15	25	36	3	11	42	92	57	63	38	95	75	19	84	82	32
94	85	17	46	96	64	54	21	74	76	99	18	64	89	72	78	13	59	33	85
83	54	53	4	20	63	53	18	41	51	90	71	39	94	40	19	66	67	75	70
19	84	54	84	75	58	20	49	80	55	46	75	81	45	23	70	47	3	57	97
40	68	47	54	33	84	59	31	89	51	78	17	20	50	8	21	62	11	50	91
52	30	33	7	21	51	73	99	79	25	65	52	34	64	21	96	75	24	64	6
93	25	5	28	23	54	59	95	84	37	53	8	91	99	37	45	31	66	12	95
12	17	90	70	36	13	91	44	33	45	56	25	39	25	78	46	96	96	76	62
84	41	71	88	70	74	51	53	70	81	26	14	44	84	2	20	58	71	90	45
1	46	21	94	40	51	56	44	55	81	74	84	76	7	89	28	14	31	49	2
43	85	71	52	57	28	75	1	11	99	24	2	90	86	54	36	49	63	50	41
42	4	85	66	93	17	75	49	97	84	18	3	63	85	80	82	50	16	9	13
88	25	54	65	17	6	1	78	17	49	70	90	88	20	91	41	58	17	23	38
39	44	8	6	66	51	17	83	75	1	41	85	16	24	2	40	78	9	57	9
13	76	86	92	73	49	89	25	40	69	9	54	99	78	41	30	25	67	62	95
92	19	9	78	31	44	15	69	10	51	38	89	10	43	73	76	48	5	74	26
47	98	49	78	22	96	85	98	52	81	87	28	76	65	82	3	98	58	27	2
8	15	62	46	27	42	76	33	5	80	40	16	38	72	9	80	85	85	23	52
77	16	46	65	82	1	92	70	57	88	61	76	35	9	81	4	1	99	11	43
9	22	94	18	70	27	85	36	48	90	97	3	5	17	38	21	14	78	1	3
45	90	3	2	40	58	90	49	66	33	5	62	21	46	69	93	99	98	73	53
75	46	73	36	16	85	29	66	7	20	23	59	30	43	48	34	53	49	35	48
81	79	4	75	77	41	70	3	32	54	14	18	17	23	3	24	37	57	40	63
61	32	83	42	27	2	9	90	8	95	23	30	58	1	75	40	35	3	70	78
18	57	2	15	65	86	11	38	75	78	96	89	92	20	85	27	26	58	74	87
88	54	67	44	76	61	97	28	60	53	50	11	72	20	91	27	13	77	12	12
80	70	90	90	8	66	93	42	52	99	19	68	97	53	3	49	21	15	64	15
86	10	32	6	72	33	2	28	42	40	11	49	83	22	83	38	82	42	69	28
8	11	81	67	67	91	8	89	22	21	48	49	5	51	83	59	28	39	22	69
23	13	36	23	10	73	48	33	97	43	28	77	56	19	88	25	42	88	96	58
58	83	19	8	45	7	66	79	74	87	27	96	33	19	90	5	51	8	44	8
77	32	73	99	49	43	80	2	42	22	63	87	39	23	69	96	57	71	38	80
2	35	8	90	29	82	38	66	77	32	8	37	75	98	63	72	28	2	53	68
51	8	29	55	1	13	46	71	94	78	42	11	2	73	31	12	57	47	5	14
15	13	72	91	76	52	59	59	31	6	10	17	2	23	30	26	26	14	73	76
99	30	96	97	89	70	58	75	20	93	51	94	4	68	1	78	21	8	96	5
12	28	40	27	32	18	72	78	93	10	92	61	66	28	97	86	86	34	19	68
91	88	76	88	55	32	56	81	99	31	81	47	92	36	31	23	83	67	3	35
26	42	79	97	41	95	4	90	21	51	18	84	89	72	75	62	11	30	34	91
7	92	87	35	15	55	37	70	54	34	71	77	31	96	17	35	34	32	80	88
25	67	93	34	44	41	10	60	51	10	83	97	86	18	70	43	10	75	90	94
26	66	71	38	19	25	43	54	24	73	41	4	11	31	26	27	34	84	17	86
44	67	13	48	8	46	65	87	33	13	3	73	13	23	33	9	76	83	67	94
29	5	44	7	32	74	94	79	55	30	29	68	38	96	22	20	27	8	83	9
91	42	72	9	50	60	11	15	55	61	84	4	81	11	56	68	42	50	66	12
86	54	41	37	33	46	61	26	40	1	89	74	25	43	4	42	5	89	51	81
22	56	89	50	54	85	90	78	83	43	49	35	17	26	92	79	13	24	79	6
93	31	31	19	95	84	53	82	51	35	54	56	13	83	96	30	5	61	51	1
26	38	49	80	29	66	57	43	57	66	21	65	15	61	98	51	36	42	48	2
48	40	35	89	78	29	54	46	7	30	16	45	4	28	20	65	21	44	50	81
39	31	5	14	38	87	51	79	85	61	92	15	59	6	37	4	50	10	15	26
63	89	99	2	43	38	33	10	44	77	57	90	86	14	26	54	70	41	63	35
69	19	70	52	35	29	72	9	60	11	71	34	28	89	7	15	41	61	70	1
35	6	30	6	79	25	79	45	43	94	60	14	58	49	26	6	80	76	17	99
59	70	68	74	67	37	95	90	99	88	94	23	27	52	73	22	35	26	78	21
43	86	18	31	68	98	13	25	70	5	42	7	22	80	59	70	20	32	65	41
95	78	99	50	22	78	46	61	33	57	81	32	42	56	20	34	17	20	42	47
72	54	61	97	76	18	19	82	74	56	82	32	36	46	18	48	81	46	18	13
59	35	21	59	52	28	22	43	13	32	51	64	26	73	58	92	68	79	32	61
83	65	7	9	63	88	78	30	4	27	31	54	42	88	76	24	90	72	83	46
9	91	97	32	11	99	93	72	39	20	57	53	7	43	34	82	17	94	8	30
59	82	69	23	68	22	87	70	28	43	42	44	89	2	19	99	22	7	99	80
46	43	94	40	66	35	22	52	71	81	6	21	98	72	98	94	86	40	83	57
85	71	99	35	46	90	82	67	39	88	99	33	53	17	24	38	98	19	20	96
53	53	3	13	28	79	8	40	77	61	26	25	18	62	23	15	87	69	89	66
61	51	26	7	39	69	33	45	38	1	68	55	2	11	37	80	22	12	3	74
65	2	5	18	91	15	42	4	51	26	2	93	88	49	26	35	84	5	71	38
93	98	85	88	15	37	26	10	76	91	80	13	1	70	91	71	7	79	7	5
57	54	28	41	25	45	63	24	39	64	5	10	17	6	4	55	62	78	74	1
93	80	69	23	79	46	52	5	72	89	59	72	1	50	62	80	43	92	36	34
74	59	53	77	75	20	74	59	99	46	48	19	7	40	55	13	67	63	2	74
60	72	58	62	72	77	34	26	2	89	47	84	15	71	72	10	43	29	84	5
21	46	51	82	28	74	77	19	7	84	47	19	43	72	78	86	99	79	51	96
33	21	8	16	51	78	1	56	81	56	6	3	62	40	38	12	17	53	58	61
2	47	27	81	93	15	92	61	22	15	53	46	34	93	70	94	95	19	57	2
22	11	17	32	33	28	28	90	86	11	99	41	32	65	24	77	83	71	91	27
50	3	62	21	24	47	4	30	40	45	14	56	9	9	95	23	82	23	88	56
66	76	9	31	23	84	60	28	93	89	66	21	58	66	21	97	92	69	89	55
8	4	82	20	37	6	66	62	63	6	90	27	4	33	84	88	64	12	80	12
91	36	4	91	38	11	63	7	22	22	68	27	15	17	82	2	48	12	40	61
4	45	95	50	24	10	41	51	22	1	98	93	74	65	73	30	5	84	5	40
6	42	41	70	1	39	23	40	56	67	24	67	12	8	1	86	9	35	62	11
99	71	5	66	76	98	65	37	48	99	38	88	52	15	60	34	5	24	29	90
82	74	34	28	89	55	56	93	86	50	59	23	5	99	20	4	18	67	20	77
94	96	41	15	18	62	57	55	75	29	97	27	62	31	23	30	53	33	81	5
56	82	44	10	13	56	80	27	28	16	74	26	74	64	27	3	47	81	94	75
75	17	60	56	61	6	31	14	83	43	71	92	66	13	76	74	53	14	7	63
15	67	99	65	47	63	53	39	75	6	60	8	50	94	52	65	52	89	78	98
29	15	20	85	18	20	17	79	23	49	12	23	11	2	95	41	93	21	45	49
51	61	35	97	7	71	83	98	59	47	17	87	89	16	67	29	23	45	2	26
78	27	81	78	96	61	50	52	99	51	49	84	53	99	5	95	31	35	59	36
46	34	51	1	68	10	28	74	90	79	2	20	13	36	53	89	2	5	66	14
46	9	95	31	54	14	75	99	15	41	91	93	76	5	36	43	78	52	69	79
44	83	58	2	74	78	41	69	49	73	15	61	97	80	18	16	93	86	81	25
85	86	65	85	76	77	68	75	16	41	35	92	70	30	85	14	30	21	19	10
59	2	19	66	66	1	82	1	15	63	27	70	53	37	60	26	20	65	28	54
19	21	88	48	40	94	42	59	11	65	95	60	12	27	20	4	53	45	46	75
29	43	85	2	90	78	22	21	59	84	21	88	54	91	47	70	60	20	36	10
96	18	82	89	98	5	77	61	60	47	43	82	23	8	29	14	89	89	56	96
98	64	16	27	93	7	51	90	93	19	91	62	24	90	60	57	59	75	64	49
74	2	51	54	65	26	20	88	30	30	58	18	74	77	55	95	17	61	17	86
51	70	81	54	44	85	80	13	93	62	50	20	38	42	94	73	86	99	53	38
6	6	73	68	42	28	70	41	2	82	77	21	62	73	11	99	1	62	28	46
35	65	26	27	29	85	4	80	67	36	53	85	29	23	79	78	99	7	51	9
3	67	44	67	56	33	98	26	61	40	63	73	5	44	83	61	41	10	5	88
88	98	15	13	5	61	59	70	91	25	76	53	5	76	50	54	34	53	91	87
75	93	15	43	93	32	34	90	89	48	22	27	72	2	66	49	54	40	36	82
74	66	24	7	94	80	90	51	1	38	9	63	14	57	8	67	63	2	79	59
86	17	75	16	18	38	7	97	99	64	45	37	72	59	52	22	35	24	51	44
31	4	76	1	63	11	89	18	2	33	96	32	84	81	14	44	35	74	37	76
79	95	24	39	85	98	75	40	47	43	2	22	79	32	38	15	61	60	23	25
32	36	17	13	24	88	31	61	20	46	57	77	27	20	2	55	68	54	85	12
96	51	64	71	29	97	62	50	43	3	28	4	27	9	12	39	11	28	38	57
76	47	96	60	60	48	26	53	90	49	44	70	19	11	44	17	14	14	72	84
66	75	70	72	89	89	79	67	97	40	93	81	28	22	34	82	91	20	99	70
95	43	87	95	67	99	76	56	36	59	40	15	77	15	84	46	51	3	84	1
81	63	19	48	65	14	85	71	91	30	52	21	22	72	87	9	34	83	30	68
89	32	19	10	70	43	80	42	79	25	34	37	27	87	39	67	53	92	76	6
71	82	10	60	58	11	61	2	63	68	38	44	27	88	5	86	78	46	33	7
76	3	16	16	59	10	69	59	18	28	20	58	56	72	46	12	33	92	23	89
93	98	63	64	8	81	23	92	5	64	3	35	22	80	90	15	92	64	31	87
77	66	64	89	37	23	92	21	35	85	5	86	85	77	78	28	21	51	85	86
89	99	4	68	6	92	46	94	27	70	98	4	56	74	93	34	57	21	9	26
85	65	4	59	32	26	29	10	69	9	57	67	19	99	14	23	2	36	55	57
81	49	13	50	82	59	76	3	60	33	82	53	69	1	26	89	10	1	54	15
79	93	99	2	15	10	85	47	75	86	53	6	86	63	64	59	67	30	9	8
54	83	58	43	42	51	89	93	26	55	65	7	33	16	73	52	70	35	17	5
64	81	66	75	80	41	13	6	38	36	53	62	63	36	36	79	75	41	63	88
13	74	1	85	56	2	45	28	20	37	57	66	26	41	97	31	60	92	75	70
14	99	10	14	42	3	43	20	59	18	27	54	60	39	17	24	80	60	74	96
29	36	22	7	32	71	25	80	26	1	13	87	56	68	49	90	19	51	93	93
14	15	45	79	61	79	61	75	32	72	32	54	59	82	19	77	51	39	34	80
1	52	38	93	97	21	27	26	73	69	19	14	61	65	26	9	48	87	85	56
77	6	77	75	64	65	77	53	13	49	96	87	28	37	82	83	42	73	78	51
34	45	59	80	30	18	4	77	22	69	32	68	63	58	81	96	62	52	98	7
65	55	95	82	60	45	3	69	40	63	74	35	16	13	37	30	25	31	32	53
30	93	27	47	72	34	89	34	10	3	82	70	48	50	81	53	4	1	37	32
79	82	50	28	56	4	80	31	5	28	34	33	97	46	35	36	86	37	73	55
28	84	54	19	29	65	26	51	15	18	90	76	48	7	59	7	20	36	31	15
88	36	31	7	69	22	55	89	9	31	2	5	96	14	64	19	65	90	71	99
49	19	99	84	73	4	70	68	61	37	46	11	44	39	94	76	54	82	61	97
13	34	27	50	79	37	97	4	36	86	33	88	85	91	70	78	83	13	70	33
6	44	15	59	45	14	1	67	18	9	89	3	14	45	44	41	97	74	92	45
21	94	36	44	97	90	10	73	93	27	27	97	94	5	57	34	9	57	32	30
62	51	39	62	47	65	30	74	56	52	47	90	84	20	12	73	57	74	84	82
79	18	15	49	13	26	64	93	4	26	47	97	19	13	20	19	61	18	38	54
84	5	1	26	89	86	12	44	6	36	95	63	21	98	80	54	15	48	4	40
16	8	42	27	91	85	83	22	11	39	96	13	92	42	45	67	25	62	21	15
28	81	34	45	55	63	11	23	43	46	63	59	41	65	80	29	15	48	58	99
70	32	72	64	93	45	93	69	30	77	39	28	33	46	33	84	10	30	21	53
56	32	53	60	47	99	54	53	52	47	93	55	51	74	10	30	60	7	22	95
72	11	89	52	8	1	10	89	10	1	72	58	94	9	21	13	39	5	46	62
82	33	44	49	96	55	37	65	14	2	68	69	38	78	73	32	19	16	58	27
59	42	5	77	3	2	78	64	42	49	2	49	83	53	13	72	63	72	88	4
59	79	17	8	73	16	99	44	48	28	70	55	29	54	19	84	53	84	79	98
38	61	18	91	76	65	61	93	95	16	13	19	6	62	44	4	43	11	83	1
55	60	51	74	34	20	7	38	52	58	78	91	15	53	15	75	5	16	88	50
40	68	91	18	78	63	17	43	69	14	13	67	84	27	55	57	76	73	8	60
75	16	71	80	11	5	73	3	34	97	47	64	23	7	77	35	93	56	78	22
62	65	27	15	45	42	63	42	61	86	30	4	37	67	67	24	5	11	71	25
33	78	81	5	54	52	32	35	47	46	69	31	15	46	55	70	98	10	17	25
96	96	25	44	7	32	62	94	42	90	5	89	21	20	47	34	51	86	74	40
95	45	3	55	91	27	81	62	44	82	73	18	56	7	60	90	10	20	90	54
13	31	80	21	45	17	15	90	10	25	57	43	11	15	62	23	26	79	73	29
11	32	44	74	53	83	88	40	61	94	1	93	96	10	59	68	98	60	5	6
51	19	33	88	96	51	42	91	40	43	1	72	35	56	77	86	30	38	72	54
39	21	29	64	5	88	5	27	91	90	2	46	77	84	8	62	13	39	26	62
66	29	52	48	61	48	16	55	57	3	56	23	50	36	21	58	66	8	80	30
22	68	3	28	97	43	91	71	81	19	4	30	89	85	79	17	57	28	89	85
50	74	10	97	32	4	91	85	52	77	81	11	45	3	76	75	16	61	72	34
21	77	99	32	63	41	2	12	38	78	25	95	75	41	64	88	5	3	25	41
76	28	91	36	88	65	62	82	3	83	72	90	90	30	5	17	35	49	27	10
17	65	67	44	79	7	79	39	93	36	71	48	96	57	53	71	71	94	56	23
80	27	86	6	77	84	4	86	79	29	91	21	75	55	95	95	64	21	2	5
65	81	51	74	26	27	92	68	90	99	29	48	57	79	27	81	59	13	29	13
87	22	81	23	57	93	79	81	29	44	54	56	57	64	86	52	9	20	67	38

17	6	16	18	10	18	10	12	15	12	16	12	1	1	3	7	10	13	10	8
1	17	7	14	8	2	15	19	5	20	10	4	10	2	16	10	20	15	12	3
16	14	17	16	7	19	19	3	6	9	3	17	15	11	9	14	16	17	17	3
13	13	9	16	20	19	17	5	15	3	19	17	2	8	13	19	14	1	5	12
6	19	19	7	8	4	7	19	13	4	8	5	11	17	12	9	19	17	3	20
6	5	12	2	6	1	16	8	20	12	7	5	17	14	4	12	1	17	7	17
12	17	17	3	20	18	4	12	17	11	10	5	4	8	19	7	19	1	15	11
20	3	1	3	5	13	16	4	2	15	7	4	6	4	17	4	15	6	9	4
13	5	15	5	9	18	8	9	19	7	17	17	7	12	10	13	17	5	1	1
15	18	18	1	15	4	9	8	1	13	11	17	4	11	14	7	13	16	6	16
3	7	18	13	1	6	19	2	18	7	10	12	18	6	20	8	18	5	18	1
11	20	10	2	9	7	8	10	14	13	14	16	12	19	4	17	1	15	16	3
10	11	15	9	5	1	19	17	10	3	12	10	16	18	8	12	19	3	18	18
18	13	6	1	19	8	17	14	11	3	14	19	13	1	13	8	14	12	19	3
8	5	5	20	8	9	15	6	11	20	20	7	15	8	17	17	19	9	10	9
7	12	12	3	20	13	19	17	5	17	15	2	10	4	20	15	13	8	17	18
13	8	7	2	18	16	5	10	5	8	2	19	6	13	14	3	16	8	18	1
20	1	5	13	3	18	4	6	8	14	16	5	14	18	8	12	16	17	7	11
19	6	16	13	20	6	10	13	5	11	7	1	12	2	8	20	7	14	20	12
17	11	17	7	20	7	16	9	16	15	18	1	12	17	19	20	1	5	8	11
13	9	1	10	4	9	12	1	4	11	3	18	9	15	16	13	2	8	14	12
5	12	3	10	13	6	17	12	5	7	8	14	7	19	10	7	12	13	13	14
6	5	5	4	5	5	4	4	12	18	7	1	12	12	2	9	5	10	7	20
17	16	16	13	12	2	2	17	7	19	18	12	13	20	10	20	14	13	12	18
9	10	15	2	15	6	6	2	3	14	3	5	3	8	10	3	12	16	20	1
9	18	20	12	2	14	3	15	11	1	1	9	2	14	7	14	19	13	4	10
2	8	9	16	20	12	13	15	13	15	1	3	7	5	19	8	7	18	17	9
2	15	20	19	19	18	20	1	18	11	16	19	10	13	6	4	4	15	9	18
14	10	1	15	4	12	1	4	16	13	8	14	16	2	18	6	3	10	18	1
6	13	7	11	10	2	9	16	18	2	19	8	12	6	15	11	6	14	6	5
8	5	19	13	8	7	4	9	4	5	6	2	19	16	3	18	2	2	16	14
8	18	9	4	4	6	6	4	19	7	16	11	7	8	9	10	10	3	20	9
20	13	12	9	5	1	4	1	6	17	9	14	12	17	1	12	3	12	12	10
14	14	11	10	15	14	11	17	2	13	10	18	19	11	3	18	4	15	18	8
4	8	12	5	3	19	18	9	20	9	16	4	17	20	4	13	9	7	9	11
5	1	19	3	12	6	16	6	6	16	11	13	13	13	1	1	13	18	16	13
20	17	5	16	4	1	14	20	17	7	4	19	10	4	10	9	16	19	5	15
13	8	3	1	4	14	6	10	14	2	6	10	4	8	6	10	9	19	14	20
4	6	1	10	7	1	10	9	2	3	7	12	14	8	18	5	20	15	19	12
15	4	10	4	7	14	14	1	8	17	10	2	1	19	10	16	4	4	6	2
4	4	3	12	15	14	13	6	3	10	15	19	8	12	18	10	3	2	18	5
13	11	5	6	7	17	10	12	8	8	17	11	14	2	6	10	16	10	17	4
17	10	8	17	8	15	8	20	20	16	17	4	7	5	13	8	19	5	18	2
20	7	2	18	4	5	17	11	19	10	10	7	11	11	4	12	3	12	19	6
20	8	9	3	18	13	15	18	15	12	18	6	4	6	14	11	16	16	1	20
17	10	18	20	3	5	2	14	14	18	16	17	13	4	8	1	19	17	18	1
14	20	17	3	4	7	12	9	15	18	19	19	2	17	12	12	5	6	4	18
3	1	5	19	6	6	2	13	12	4	1	18	6	13	19	12	5	13	19	10
17	6	8	1	1	12	12	16	16	3	20	9	13	4	4	2	8	8	16	7
1	9	3	15	15	2	11	20	9	3	4	17	5	14	3	18	7	9	5	4
20	11	14	1	17	13	5	17	7	20	15	5	1	11	20	16	9	19	8	11
6	1	20	20	11	16	15	1	18	5	2	10	16	4	13	12	16	8	18	8
20	4	5	19	13	19	6	2	14	10	14	2	7	9	17	5	15	5	1	16
16	18	15	14	1	9	12	20	15	13	4	16	5	3	12	6	5	17	11	1
5	14	12	8	5	16	4	18	19	8	19	11	18	18	14	4	17	14	12	10
17	18	16	12	18	6	14	8	5	6	13	8	7	12	14	6	13	4	13	17
7	18	2	12	3	18	19	14	6	4	19	10	20	6	8	6	16	15	11	20
5	7	5	3	9	6	17	9	18	20	4	4	4	16	16	15	4	18	9	9
2	20	2	4	12	2	14	3	6	13	8	9	3	12	4	18	12	1	9	6
17	2	9	16	11	18	19	5	3	4	7	12	16	2	17	2	6	2	19	10
3	17	6	6	3	6	4	15	12	13	1	14	12	1	16	9	1	9	13	16
18	4	17	3	17	16	1	4	17	20	1	16	4	16	19	16	16	9	2	11
19	11	10	1	16	14	20	10	4	14	5	8	5	19	2	12	10	12	20	19
13	5	13	18	17	17	19	14	6	8	13	19	2	11	20	10	10	19	13	16
17	9	13	2	20	8	6	18	9	4	8	13	9	19	11	15	1	6	18	14
9	10	18	6	6	2	10	10	3	14	4	1	10	9	10	7	20	6	18	7
9	9	10	5	11	8	18	13	10	7	7	18	9	6	3	7	10	6	19	5
7	1	10	12	15	14	5	1	16	14	14	12	17	14	15	13	4	14	6	3
4	10	18	15	19	6	14	3	10	1	15	14	8	2	7	18	10	16	13	10
2	9	12	11	11	12	1	14	6	14	14	13	2	18	12	16	5	19	15	10
15	3	7	5	12	4	3	6	7	16	4	9	1	11	2	1	8	17	1	12
10	18	12	16	10	13	4	8	11	6	15	20	17	17	4	2	16	20	17	17
9	1	1	1	9	4	20	10	19	2	4	7	13	1	17	10	10	18	18	17
12	18	14	13	16	5	18	7	14	3	3	5	2	13	11	20	19	8	20	19
18	16	12	5	4	7	20	12	14	11	15	19	20	16	16	18	5	7	6	8
12	15	7	15	9	14	1	13	6	12	5	18	1	2	20	20	5	7	2	3
17	1	14	19	10	20	5	6	5	10	3	18	5	14	10	17	7	14	11	12
12	6	17	1	6	6	18	17	4	16	15	20	3	2	13	15	2	17	6	17
12	7	19	14	6	18	19	6	7	16	20	15	6	5	12	18	5	20	11	8
11	14	15	13	16	7	17	17	17	2	10	11	1	20	13	9	20	8	16	14
4	8	8	15	4	13	15	15	6	9	18	2	16	16	4	7	16	13	3	4
17	8	18	5	11	8	10	8	14	1	4	8	10	12	13	10	17	16	10	20
15	1	18	2	10	20	12	5	8	1	13	20	16	15	17	8	3	15	3	5
18	6	7	14	16	3	13	1	10	15	6	13	18	4	1	7	14	17	14	4
19	11	1	9	20	17	14	19	8	7	7	12	18	1	15	8	6	20	19	15
4	3	14	3	10	11	16	11	12	18	19	6	5	5	17	8	2	19	6	6
12	17	4	19	10	14	15	3	20	12	17	5	6	8	17	2	17	9	4	6
8	4	20	13	12	4	16	7	11	15	18	16	4	2	8	13	9	9	4	15
12	16	20	14	14	5	17	3	15	11	11	7	7	3	2	8	19	18	19	13
13	20	3	9	16	20	8	15	1	1	2	4	14	6	10	17	18	19	4	3
2	19	11	10	15	6	7	16	18	20	8	9	2	2	1	9	1	1	4	13
4	6	9	2	10	18	15	7	13	15	9	8	2	1	17	8	15	20	3	5
2	9	3	19	5	5	15	6	14	6	3	13	9	8	18	20	10	7	12	10
10	17	4	9	1	20	11	9	3	4	20	16	20	8	17	6	5	12	6	4
6	14	6	15	1	8	1	20	9	12	8	6	6	3	3	14	15	15	15	2
3	2	6	7	11	9	4	4	18	1	8	9	9	13	5	19	2	13	12	20
5	14	14	13	20	17	20	13	5	17	1	13	14	15	10	10	14	4	10	7
7	17	1	4	20	10	19	20	9	17	8	10	2	8	20	4	4	5	9	10
11	2	15	20	3	13	9	16	16	20	2	2	6	14	13	10	18	16	3	8
11	2	6	7	6	1	9	20	2	20	20	6	2	4	12	3	14	3	1	15
3	4	4	20	18	7	7	20	1	1	2	8	1	18	11	14	9	19	19	19
5	17	11	8	16	3	14	2	4	14	4	18	15	9	12	19	19	15	15	6
12	11	16	9	11	2	6	16	14	1	15	3	14	3	6	7	17	10	15	15
4	6	11	3	12	15	7	1	10	8	14	4	10	1	7	17	2	3	12	8
4	14	13	10	15	2	15	15	9	6	12	11	16	15	18	4	18	11	4	12
13	6	12	12	7	10	5	13	1	19	19	6	7	16	19	5	6	3	18	12
13	10	6	17	19	10	13	15	18	6	20	7	4	10	13	7	17	5	15	13
5	1	6	2	14	19	9	12	19	15	17	7	12	20	18	20	4	13	8	9
16	16	11	11	19	7	13	12	11	18	2	16	16	20	5	2	2	6	13	4
16	1	16	6	3	15	16	14	7	9	8	18	4	11	9	18	20	17	9	13
5	15	16	16	10	2	3	12	10	7	5	3	19	6	9	10	6	2	15	7
8	3	11	19	20	5	19	9	7	14	10	6	19	9	14	15	17	17	13	17
12	11	15	13	4	7	19	18	6	8	15	17	18	5	6	17	2	16	13	5
1	14	17	18	1	20	8	18	6	8	14	4	6	14	14	18	15	16	14	16
19	4	13	19	7	3	13	14	7	8	14	10	12	1	1	5	3	17	8	16
10	2	20	2	5	3	2	7	19	17	19	7	13	6	11	5	14	18	20	7
4	2	10	14	2	13	19	10	12	16	16	6	17	4	19	16	8	13	6	9
19	9	7	5	2	20	9	1	4	1	19	14	17	4	7	12	15	7	13	7
16	6	17	7	17	14	8	9	6	14	16	16	9	18	6	9	16	2	5	3
3	14	14	1	2	20	8	11	7	13	19	19	15	6	3	3	18	3	8	14
9	5	18	10	11	20	6	2	18	19	13	2	12	7	15	15	8	1	6	4
6	16	14	18	6	7	5	17	10	3	16	13	10	20	3	5	11	14	7	7
20	17	1	18	1	8	8	3	8	12	7	16	8	3	20	9	8	9	4	14
19	18	9	10	20	19	5	7	19	10	10	20	9	4	14	9	8	16	14	6
19	3	5	7	12	6	12	4	19	14	12	17	13	13	19	10	18	3	3	3
2	14	12	20	7	9	7	11	17	14	18	5	17	12	11	11	12	16	20	15
16	1	20	18	2	10	9	10	10	2	3	13	9	1	9	19	15	10	2	16
7	5	18	6	17	2	20	19	20	17	18	13	11	11	10	10	18	19	15	10
19	5	17	20	1	8	4	11	4	8	16	20	8	5	20	14	4	12	8	12
18	14	4	4	6	7	14	2	12	14	15	8	14	14	8	18	3	19	8	19
16	5	10	12	8	9	17	7	10	4	2	6	2	4	17	8	11	8	18	19
14	6	9	1	6	9	2	19	5	2	20	19	14	15	8	7	7	11	6	6
5	4	5	11	5	9	15	7	8	8	17	4	9	11	7	5	10	17	17	2
12	7	4	15	4	8	5	20	2	3	2	16	10	14	16	9	7	2	17	16
2	4	11	1	13	17	1	13	10	1	1	19	13	20	10	16	17	18	12	4
9	8	7	10	9	6	18	1	2	12	20	11	16	13	18	12	11	15	3	3
3	14	1	5	4	13	14	14	10	18	7	20	6	16	7	15	7	3	13	9
9	17	19	10	18	5	2	17	12	10	15	9	2	2	7	9	14	2	11	13
20	4	9	14	20	13	7	4	1	11	6	14	9	18	14	6	7	5	13	1
10	10	3	14	7	11	4	16	14	5	1	10	12	13	2	10	16	13	5	14
15	2	18	17	17	2	20	10	15	6	9	2	9	7	6	6	18	8	19	9
18	2	4	3	2	4	9	19	17	12	16	11	3	16	5	5	9	3	19	7
20	16	18	7	1	13	15	17	17	4	3	14	19	18	6	8	7	1	7	7
6	8	2	5	6	14	8	10	15	15	17	6	9	3	18	8	4	9	14	17
11	18	12	13	8	17	12	10	13	6	12	20	16	11	18	14	15	11	9	16
13	13	8	12	3	14	10	18	9	10	4	1	12	11	11	11	9	12	4	5
13	7	2	14	16	3	9	12	4	4	8	9	8	9	11	13	14	13	1	17
19	19	5	6	20	10	10	10	9	5	13	15	9	18	4	14	3	18	14	11
8	10	13	1	9	8	2	4	16	3	7	3	10	11	19	11	18	8	13	12
13	11	12	14	1	19	2	8	14	16	17	9	18	2	13	11	10	1	14	3
12	16	13	9	1	9	10	7	5	3	5	15	20	1	11	12	9	9	4	4
3	11	14	6	13	8	4	11	6	12	10	20	15	16	14	3	3	10	17	12
19	15	8	1	4	10	13	3	6	10	11	20	16	14	9	18	17	4	2	16
2	1	9	15	19	16	11	4	14	1	10	6	8	8	5	4	7	13	3	2
10	20	5	10	1	2	2	14	19	19	17	10	4	1	14	9	11	9	7	6
11	9	17	11	15	10	1	5	16	8	10	2	4	10	10	5	8	9	3	13
6	10	7	20	10	15	4	19	16	4	16	5	18	14	3	5	16	7	4	1
11	14	15	18	5	18	13	18	14	5	8	2	3	19	10	9	1	8	1	2
9	17	12	17	2	11	14	13	8	7	8	7	17	3	2	9	3	13	13	17
18	1	19	19	17	4	4	1	11	4	9	11	6	16	7	6	15	1	6	4
16	4	7	14	8	10	7	9	2	14	2	19	16	3	5	19	11	1	15	1
8	19	1	4	20	12	10	8	9	10	16	1	7	9	16	19	3	5	8	8
6	19	15	4	14	9	15	9	9	11	20	10	19	8	11	18	2	15	11	5
20	2	13	17	15	5	4	7	4	16	6	18	17	10	12	12	4	5	1	1
11	3	15	1	10	6	6	6	9	9	12	16	8	11	14	12	4	20	17	18
4	20	17	1	16	19	10	1	19	14	9	16	6	4	5	8	2	13	11	14
8	3	3	16	5	8	17	16	20	12	16	13	4	20	20	15	13	11	10	2
19	16	9	14	5	6	19	2	6	15	3	6	12	7	13	15	12	10	12	12
4	18	3	16	10	7	5	9	15	2	9	20	19	14	1	6	9	3	19	4
9	6	3	12	2	2	20	7	18	5	3	5	10	6	9	3	8	19	1	2
17	9	15	4	11	13	9	13	14	4	12	14	12	20	12	8	20	20	3	6
14	16	17	20	17	8	20	13	4	20	14	15	5	8	16	19	7	20	9	19
18	18	9	8	19	18	9	5	18	13	19	3	1	2	12	19	3	1	6	1
9	15	18	3	15	4	16	11	15	14	13	9	6	18	17	9	4	1	5	9
8	13	16	15	19	12	19	4	20	9	19	17	10	17	18	20	4	11	10	11
13	7	20	18	1	18	9	19	4	10	16	6	6	2	1	10	5	5	10	16
8	9	15	1	8	20	15	14	3	14	11	2	3	16	15	9	7	15	8	19
2	9	19	2	16	11	15	8	11	8	19	6	10	14	17	17	5	5	3	10
2	19	4	15	4	6	19	19	6	2	2	10	17	20	6	14	9	3	17	4
1	3	18	2	18	11	17	14	13	12	2	8	10	12	10	20	9	20	10	4
6	10	13	13	4	17	19	2	16	8	13	11	14	7	17	12	17	11	11	17
3	10	12	19	7	14	12	8	12	8	5	8	15	15	1	1	1	10	12	14
13	17	8	10	12	14	18	5	11	19	20	1	15	1	6	19	15	1	13	14
13	3	19	12	13	5	11	15	8	13	16	15	17	14	6	20	20	10	9	4
17	12	5	10	1	15	1	13	16	6	4	16	16	12	13	19	12	19	17	15
12	5	4	12	7	13	11	3	12	15	13	15	1	8	17	13	6	3	20	10
20	4	10	20	6	7	15	13	20	12	16	20	10	18	11	15	19	11	12	1
7	1	6	3	11	6	15	17	19	20	2	18	20	2	17	1	19	13	12	15
5	9	13	3	13	16	3	14	15	14	7	18	14	2	6	7	12	7	19	11
6	12	4	12	5	10	17	12	1	1	9	16	20	16	2	12	3	7	6	5
18	2	1	15	19	14	18	11	14	5	8	19	1	9	20	8	14	9	5	16
18	12	13	6	12	2	4	16	16	1	1	7	4	4	6	9	3	4	19	11
9	10	15	20	19	15	11	1	6	3	16	13	10	12	16	10	4	1	12	7
2	16	8	4	2	3	13	6	7	14	20	1	10	16	11	4	16	11	6	13
17	15	10	12	8	19	11	15	19	3	16	1	18	20	20	13	20	16	4	16
11	15	11	12	19	5	5	6	8	7	5	6	4	19	6	3	13	18	20	10
9	15	1	16	15	20	7	4	8	10	5	17	13	11	19	9	16	3	10	2
15	13	2	11	7	10	16	18	6	9	3	1	10	2	14	18	5	11	20	3
5	12	3	20	1	9	15	5	18	4	11	13	3	14	11	6	2	6	7	16
19	18	20	16	1	16	15	17	9	3	9	3	3	7	17	9	7	18	16	15
15	12	6	16	3	9	8	14	17	16	15	15	8	6	11	19	13	18	10	16
3	16	5	4	1	2	8	16	3	10	8	19	18	19	6	3	6	7	11	14
6	3	5	9	3	20	6	2	14	16	4	2	19	17	3	5	1	7	12	14
18	1	20	12	10	15	8	20	13	9	9	1	1	13	1	2	9	11	16	4
3	3	5	4	1	3	1	11	5	6	1	6	19	5	19	7	9	15	10	15
11	19	2	3	4	14	1	8	18	15	13	3	7	1	5	1	1	14	12	8
5	15	16	17	16	18	14	5	20	9	20	4	12	18	15	1	7	17	1	13
5	1	18	10	3	7	12	12	11	15	2	16	14	11	10	18	6	16	8	9
2	10	12	20	6	17	19	5	13	12	14	17	2	6	11	10	11	1	11	8
18	10	6	18	5	10	14	19	19	17	6	5	19	5	12	1	3	9	7	8
16	15	1	13	2	16	10	12	14	17	9	11	20	2	2	14	2	19	10	12
11	16	13	16	12	8	10	19	6	9	3	3	10	10	19	6	18	10	15	4
20	3	1	4	14	5	2	5	19	13	10	2	10	15	1	8	14	1	13	15
15	1	20	8	6	12	19	18	12	14	3	13	5	17	4	14	19	14	17	19
1	19	4	8	13	1	9	10	18	8	12	13	17	2	7	14	7	8	11	1
17	10	9	11	8	11	1	10	1	6	2	16	3	18	17	6	18	6	2	10
8	12	15	5	18	6	2	8	3	4	10	1	13	2	10	3	13	11	17	13
19	2	16	20	4	6	13	8	7	16	17	10	10	1	14	15	18	3	7	6
3	17	15	4	17	16	16	18	13	19	16	15	20	18	15	10	5	17	16	9
11	10	7	15	3	8	9	2	6	14	3	1	12	7	10	16	8	7	6	3
16	14	10	13	15	19	11	13	18	18	9	20	4	11	17	1	4	8	15	13
17	10	14	12	19	17	13	3	12	13	12	4	13	19	6	6	2	7	10	19
15	3	11	4	8	19	2	10	15	18	10	9	16	17	15	6	17	18	17	19
11	17	13	11	1	4	11	15	6	15	8	7	17	10	9	7	5	14	4	18
4	10	18	1	1	17	19	7	10	4	20	6	9	18	20	16	16	6	3	7
14	6	15	10	19	5	5	9	19	8	16	18	13	2	18	17	16	9	6	13
5	4	11	9	4	20	18	14	1	15	12	15	1	2	18	2	19	19	8	4
17	9	1	5	19	20	1	6	7	19	19	17	1	19	2	13	3	5	10	8
18	3	1	8	11	12	17	8	9	6	17	1	14	2	20	18	2	14	20	2
20	20	7	20	11	10	9	8	15	3	10	4	3	16	3	4	14	12	14	16
19	13	11	13	7	16	15	7	17	2	3	2	14	3	14	10	12	20	16	9
13	5	7	15	16	2	12	8	9	16	14	5	5	19	16	4	16	16	5	1
3	5	1	4	19	19	14	18	11	1	15	15	12	10	7	11	14	10	17	5
5	12	14	8	19	20	20	15	14	17	20	17	12	4	17	13	1	18	20	8
1	10	5	11	1	2	10	5	7	13	16	16	8	17	17	7	14	18	9	5
7	16	12	6	18	16	14	8	14	3	1	2	10	5	3	15	11	7	11	1
16	20	17	10	9	19	6	11	6	10	20	1	9	11	1	16	13	15	16	2
17	3	9	17	13	3	7	6	8	15	20	12	1	12	15	8	19	15	3	6
13	1	19	2	7	17	8	6	1	4	5	10	2	14	10	8	18	14	16	17
16	3	4	4	18	19	17	10	17	3	20	12	8	5	15	2	10	7	13	16
10	20	11	12	9	8	2	19	15	8	9	6	13	19	10	18	9	9	11	3
2	7	15	10	7	11	9	13	12	20	8	1	7	10	13	6	4	10	2	9
16	5	19	16	10	12	17	2	6	5	4	16	2	1	19	18	7	4	16	2
1	1	20	11	5	20	12	5	20	20	3	11	4	10	5	10	1	17	2	9
11	1	12	1	8	12	5	17	14	3	18	10	1	20	7	3	20	17	12	4
10	6	2	16	2	17	18	19	3	13	17	8	8	9	14	18	5	4	18	13
18	10	7	6	18	19	9	10	6	15	1	12	6	3	8	3	16	19	9	19
15	19	16	2	11	16	18	18	1	20	10	4	16	10	13	11	18	15	9	20
19	7	6	6	15	8	5	17	1	20	18	12	12	2	12	4	14	15	14	8
8	3	2	12	14	7	8	13	15	6	6	2	4	13	14	16	8	20	11	5
16	14	19	5	1	6	4	11	13	19	1	5	19	10	7	2	1	8	9	18
7	17	2	10	13	14	19	3	8	3	12	3	20	7	3	9	9	14	1	2
5	11	14	5	12	8	7	1	12	12	15	16	6	14	5	7	7	7	10	9
18	3	16	4	10	4	13	6	16	16	13	19	6	10	15	5	11	5	14	3
19	10	17	8	13	5	9	11	11	15	7	6	14	20	14	1	2	19	2	9
2	18	7	15	6	20	4	17	10	18	6	13	7	5	19	2	4	7	9	16
20	7	9	12	5	4	10	20	19	13	19	19	18	3	10	12	12	17	2	20
1	18	10	2	17	12	12	12	14	16	14	13	11	1	14	3	13	6	18	15
20	12	6	1	9	4	16	8	7	12	20	9	5	4	16	6	11	6	14	12
3	3	10	12	15	20	2	4	2	9	11	12	13	14	17	12	1	16	3	1
4	19	4	17	6	13	14	11	17	8	11	3	6	1	1	2	15	16	7	19
5	19	7	10	3	5	12	13	4	16	14	2	3	11	13	10	3	15	6	15
12	17	5	1	13	16	1	5	20	3	6	6	2	4	4	7	16	15	7	4
10	20	2	6	9	18	7	1	4	2	3	8	14	8	13	10	17	3	14	15
15	6	19	13	10	1	4	18	3	16	18	14	10	14	10	20	20	17	9	3
19	11	16	9	9	11	16	3	15	7	9	14	14	5	19	11	16	6	5	12
12	16	19	1	1	14	11	2	10	11	17	18	4	8	1	19	8	5	1	20
15	13	13	1	19	6	13	18	16	11	18	18	9	2	8	5	15	3	18	5
11	20	15	7	14	5	20	12	12	20	17	17	5	3	11	12	19	8	19	20
5	20	2	20	4	7	10	16	5	7	9	18	13	3	15	4	3	1	8	13
7	13	12	15	10	6	17	3	6	6	6	4	19	11	17	2	2	2	3	14
11	4	9	7	1	17	18	5	15	11	10	17	2	10	15	9	7	11	3	12
9	9	6	11	7	17	9	18	4	9	8	17	1	13	6	1	8	6	1	14
18	20	14	4	2	4	9	11	20	7	11	5	16	10	14	6	12	19	13	14
8	16	5	2	17	4	17	16	16	6	11	6	9	9	5	4	10	19	9	5
7	4	3	5	20	8	13	14	16	8	9	1	17	11	18	8	13	10	14	19
2	18	6	7	13	14	10	6	17	16	6	18	1	1	5	17	7	14	9	11
13	12	7	1	17	9	8	5	11	4	14	11	1	18	15	12	10	15	10	16
13	3	9	18	1	20	1	13	5	2	20	18	15	18	10	15	9	16	3	8
11	6	18	2	8	16	1	9	11	3	11	9	16	3	6	3	19	13	7	9
4	12	3	6	7	4	16	17	17	4	9	5	13	9	14	10	12	13	7	20
17	13	10	17	14	1	5	19	19	8	15	7	17	9	9	14	19	6	7	6
7	6	17	9	5	4	14	7	19	2	5	4	18	12	13	5	19	12	15	19
11	2	7	1	4	5	20	3	14	2	20	7	7	12	16	18	17	1	5	16
9	1	1	1	6	3	19	20	7	12	20	8	9	8	19	8	4	14	17	5
15	11	12	19	18	20	17	7	1	10	18	14	14	19	9	19	14	3	19	9
15	13	9	7	1	12	1	8	17	9	13	19	20	9	15	16	2	1	9	12
19	4	18	14	1	5	11	18	3	9	12	7	14	13	20	2	10	15	4	6
18	11	9	2	17	19	15	9	2	18	7	17	15	10	15	4	5	18	18	5
5	20	6	9	19	8	6	7	14	10	1	20	3	2	9	19	13	17	10	9
11	13	11	20	15	12	1	11	2	13	4	3	1	19	7	1	13	8	14	11
6	11	16	12	15	13	15	7	17	1	7	16	13	14	1	3	1	18	12	7
1	16	2	18	20	10	3	6	10	5	3	7	14	3	5	13	11	4	2	5
6	6	1	10	1	3	9	14	13	8	15	6	17	9	13	13	10	2	4	14
17	13	3	5	17	8	11	16	17	8	18	12	4	17	12	13	13	4	10	7
13	6	17	13	11	17	16	4	20	2	6	11	16	16	7	3	4	13	16	1
2	14	9	9	14	13	14	6	11	12	19	4	10	20	9	1	2	9	7	6
20	14	5	12	9	7	3	17	3	11	13	14	15	6	19	13	8	15	3	12
9	14	2	20	11	8	8	7	9	13	1	2	13	11	5	10	15	14	20	18
18	7	20	11	1	4	14	16	1	4	12	5	4	11	2	10	11	20	13	3
10	1	3	5	2	5	9	17	16	10	19	8	16	11	9	18	12	12	2	18
12	11	16	20	1	12	13	18	16	5	6	19	8	3	4	9	10	13	3	7
20	14	4	13	7	16	14	11	19	13	12	2	4	7	12	18	15	8	9	12
9	10	13	3	1	7	17	4	17	20	11	15	20	1	4	11	1	3	13	9
4	8	11	16	16	11	2	8	15	7	8	5	6	12	12	2	13	6	12	15
19	10	11	11	20	5	14	6	12	16	13	16	5	13	7	17	14	14	1	5
1	16	4	16	11	7	19	12	18	7	10	12	5	11	16	7	18	2	7	2
6	10	2	18	14	18	18	3	3	8	8	18	14	5	6	6	6	10	17	12
9	12	10	4	19	12	20	6	16	10	15	1	18	5	18	17	18	10	4	17
4	3	7	17	5	7	3	1	6	8	5	8	1	19	20	13	15	13	2	16
3	1	1	9	20	14	14	19	13	3	5	5	4	19	1	11	1	4	15	1
13	15	19	9	6	20	6	2	3	6	3	2	7	10	19	13	16	8	13	6
10	7	18	18	1	14	20	14	6	6	7	14	9	1	11	2	17	4	5	5
6	16	7	1	18	10	11	13	4	18	19	4	12	11	10	2	11	1	14	5
13	17	18	7	9	16	15	3	20	14	6	16	1	14	1	14	20	10	14	20
18	2	11	20	8	12	7	10	9	16	12	6	8	8	18	10	12	1	18	7
6	6	6	10	1	10	18	15	9	3	3	5	7	19	13	9	10	4	11	9
1	18	4	13	9	8	3	16	4	16	15	16	14	18	3	19	13	7	11	13
5	6	2	3	1	6	14	7	9	6	13	1	4	19	15	14	9	1	6	9
11	9	2	15	13	17	3	10	9	9	17	9	19	2	15	7	11	7	16	11
11	15	19	11	8	6	12	15	15	2	12	1	7	13	9	10	17	13	20	19
6	11	9	10	11	11	17	4	4	17	15	17	13	14	10	9	11	12	2	5
8	16	11	9	4	8	15	1	1	3	5	20	9	16	4	7	3	7	18	13
6	19	3	16	16	9	10	19	11	7	17	17	1	14	9	13	7	6	19	8
16	2	6	13	8	9	15	20	14	14	8	5	19	8	1	2	3	6	2	15
6	10	10	3	1	2	11	19	8	11	9	9	16	5	11	15	13	20	18	12
10	16	13	2	4	17	12	6	20	19	3	6	16	5	5	20	2	16	7	15
3	9	1	3	16	9	16	20	8	11	4	4	17	15	8	8	9	2	19	16
13	3	18	5	14	13	1	8	11	6	13	1	17	7	13	15	13	6	6	8
9	12	4	5	5	2	9	8	6	13	15	1	16	15	18	8	4	18	3	5
6	20	2	12	20	4	15	11	17	11	11	5	3	17	13	10	2	13	1	4
9	9	6	9	1	1	2	11	14	2	1	5	14	11	16	12	1	12	11	19
6	7	17	11	18	3	5	20	7	6	8	17	12	11	14	12	12	1	15	7
3	17	3	3	19	9	2	18	11	12	7	19	20	13	1	5	7	11	16	18
5	16	5	14	13	2	11	2	9	11	17	17	1	5	17	5	8	8	20	6
19	10	16	8	14	11	18	3	10	4	12	1	3	13	10	20	19	13	12	20
16	13	4	19	2	5	8	20	5	1	12	11	12	12	6	9	18	8	9	14
19	9	9	2	5	2	15	4	12	11	6	16	15	3	15	8	19	18	4	10
13	10	8	15	1	13	8	2	8	17	16	15	5	9	1	5	9	8	2	2
13	20	3	5	17	17	18	20	2	16	15	17	16	3	3	8	9	16	8	6
2	16	18	15	13	16	7	10	15	1	13	2	9	9	8	20	20	15	4	10
18	19	7	18	5	5	11	7	9	7	13	1	16	8	3	20	11	15	5	8
6	19	18	2	17	4	20	9	17	5	5	15	6	15	20	7	3	13	19	6
13	8	18	15	2	4	1	10	3	14	19	2	11	14	3	18	9	15	7	11
18	2	17	5	14	6	4	7	10	20	10	19	17	3	9	20	20	1	9	15
14	7	1	16	13	7	4	2	13	7	4	3	4	4	13	19	12	7	13	16
19	18	8	12	12	8	12	15	4	7	20	8	1	13	18	4	6	3	1	10
15	9	18	18	20	13	15	4	5	11	11	9	1	2	11	7	17	1	13	17
8	19	1	3	7	9	11	4	10	1	5	1	14	15	10	11	17	8	4	20
18	15	3	17	15	10	2	3	13	1	7	13	5	10	10	19	11	11	5	20
16	11	8	17	9	7	6	18	16	18	7	8	15	18	12	2	2	15	18	2
11	13	20	18	20	2	20	4	14	18	5	4	10	12	16	18	10	18	4	12
11	19	9	17	16	16	2	17	17	11	19	8	14	9	15	5	14	7	10	7
6	4	17	6	1	5	15	18	8	2	19	14	6	10	14	12	19	14	17	15
4	15	6	16	7	19	1	15	9	14	19	2	3	19	5	16	5	19	2	10
7	17	6	6	12	2	3	12	6	19	8	20	6	16	2	15	1	1	4	16
4	20	11	20	20	3	1	12	7	7	3	11	2	12	14	4	18	4	19	11
13	13	10	2	18	12	17	8	16	12	16	13	12	20	17	11	16	2	4	3
6	19	3	18	17	11	15	4	17	13	11	10	7	2	2	10	19	18	3	9
10	20	18	15	10	6	14	8	12	19	16	4	4	9	1	14	4	9	9	12
6	7	10	10	5	16	16	12	15	5	3	3	9	16	15	8	3	3	13	1
2	3	18	5	1	12	4	5	17	13	8	10	15	9	7	1	15	13	20	14
15	13	1	1	20	20	15	16	13	18	12	12	16	8	15	20	5	12	14	16
15	7	6	8	5	17	5	2	3	3	20	5	4	17	7	20	7	17	1	12
20	3	11	7	17	9	1	15	8	9	14	2	11	8	10	13	6	19	8	19
8	17	20	5	3	13	1	5	3	13	15	1	20	18	9	1	2	4	6	15
12	17	11	7	4	10	9	6	6	2	10	16	8	14	10	2	17	8	3	16
19	13	18	19	3	19	15	7	4	5	10	10	2	11	19	4	6	15	19	19
5	11	5	7	10	11	19	7	8	20	17	5	1	10	12	16	5	13	5	8
20	16	13	19	8	2	6	10	11	3	1	15	14	5	13	9	14	7	17	15
6	14	3	13	8	16	7	3	12	20	15	6	14	19	2	6	8	20	3	1
3	16	4	12	15	18	20	3	16	14	19	16	14	4	3	19	3	2	2	12
14	2	2	20	5	1	15	4	9	8	18	16	15	10	2	5	6	9	13	20
20	15	14	8	9	3	13	18	11	16	17	13	19	16	2	12	8	5	2	13
7	19	6	16	13	7	7	19	19	5	6	5	13	16	15	3	7	12	19	16
11	8	14	20	8	5	19	12	1	17	3	3	13	6	16	11	18	7	14	13
11	15	14	11	16	11	6	17	11	19	4	14	6	10	11	4	15	8	8	2
11	2	6	11	5	2	5	3	2	9	6	3	9	2	13	18	4	2	8	12
1	2	15	1	4	15	8	17	4	11	7	17	11	8	20	19	5	14	11	10
20	11	4	20	1	13	6	18	15	18	17	19	7	18	11	11	12	17	10	19
2	19	2	4	12	1	16	20	17	19	16	12	14	14	4	1	1	3	14	11
13	20	3	10	1	18	2	10	18	20	16	16	14	16	11	16	7	8	8	7
3	17	12	14	19	9	2	12	19	11	5	19	1	10	12	7	4	11	13	11
16	1	4	18	1	18	10	19	9	9	7	19	8	16	10	14	20	3	4	11
14	4	13	5	15	17	14	7	14	11	17	16	14	19	17	9	17	17	4	2
16	15	1	19	9	13	15	19	10	4	20	19	7	7	18	10	15	16	17	11
15	12	9	14	7	14	20	11	11	5	15	8	4	17	1	2	16	18	14	1
4	2	18	17	13	15	3	15	4	13	3	7	3	7	12	13	3	3	8	14
11	19	12	13	12	13	15	1	15	7	12	12	3	3	16	13	17	13	4	15
15	17	16	18	15	9	15	3	16	9	2	5	15	8	16	17	1	12	1	20
3	13	15	11	13	15	17	7	5	15	6	14	16	12	16	12	20	18	17	16
18	15	13	12	10	17	19	18	5	20	11	15	12	8	19	3	19	20	15	8
11	2	1	4	7	3	20	6	16	13	7	2	7	10	18	16	20	5	12	12
14	4	15	16	18	16	12	9	18	12	9	13	8	13	5	7	2	16	18	13
20	19	11	13	15	10	17	15	12	19	4	20	2	4	3	16	16	19	7	11
4	14	3	13	6	3	11	10	20	5	10	15	8	14	18	5	7	8	2	3
18	8	11	15	13	2	13	17	9	19	20	17	20	13	13	20	19	14	1	5
8	17	20	14	12	3	19	17	9	15	4	11	18	4	7	2	12	8	11	19
17	18	6	17	20	1	17	11	14	18	6	10	1	20	8	17	3	19	19	12
13	8	17	12	4	11	12	13	14	10	8	18	13	4	1	9	13	17	12	2
17	5	14	18	6	12	4	18	17	8	18	6	10	3	10	13	5	15	17	6
11	10	6	8	19	19	3	5	2	19	8	2	8	11	8	8	16	8	18	2
2	4	11	14	3	10	13	19	11	5	17	1	4	5	16	12	16	16	16	11
13	13	20	17	6	15	18	16	2	20	6	3	12	2	10	6	8	20	4	19
20	1	18	14	16	18	1	6	14	10	13	3	8	14	20	15	19	13	19	17
13	11	6	9	18	11	5	12	12	13	10	5	16	16	10	10	20	19	19	9
15	1	2	18	14	16	10	1	9	7	19	14	8	11	14	4	1	10	9	13
7	14	6	3	16	19	17	20	14	15	15	12	10	17	15	10	10	2	16	1
19	4	10	1	12	6	8	15	12	20	15	3	5	6	16	7	12	17	16	18
4	14	5	2	1	8	12	7	13	13	9	18	12	10	19	12	6	18	20	18
6	14	8	9	6	4	1	10	7	13	6	1	2	19	19	19	10	20	17	17
1	13	18	10	8	3	13	13	5	15	20	11	8	18	4	4	3	19	9	18
3	8	3	10	2	7	14	12	5	3	20	10	11	19	13	13	1	19	2	10
5	11	7	19	13	11	15	12	16	12	8	16	13	1	9	15	2	6	13	18
7	17	4	17	8	14	14	20	10	4	17	20	2	6	7	14	16	12	13	19
8	20	19	5	14	14	16	10	3	8	7	2	14	5	17	3	8	20	11	4
14	7	9	5	7	10	17	18	7	2	7	4	9	20	18	6	1	17	14	14
9	4	1	17	15	17	3	8	5	20	13	14	18	6	1	14	14	8	17	19
19	7	3	2	17	10	4	18	18	17	9	19	1	16	19	20	10	12	4	19
4	5	10	14	11	9	5	9	10	16	11	6	11	5	3	9	17	16	17	10
19	17	2	9	14	9	1	4	19	1	13	17	14	5	19	11	20	16	12	17
16	7	12	16	7	18	17	15	5	18	1	8	12	9	15	8	15	8	19	8
16	10	4	9	8	19	16	10	19	15	4	3	1	15	13	12	5	7	7	18
15	20	13	6	13	20	4	7	14	20	9	20	18	2	2	5	16	7	1	3
8	2	16	2	6	17	5	20	19	12	8	17	20	13	20	11	5	15	17	7
8	18	17	15	13	4	4	5	5	2	14	18	15	18	18	18	17	14	15	14
19	20	7	15	18	3	10	2	19	2	14	17	3	10	2	7	4	14	8	4
7	5	14	20	13	9	16	2	15	18	2	14	5	5	10	4	10	1	10	10
18	19	18	14	13	7	6	8	8	4	16	4	12	20	1	16	13	1	17	6
18	2	7	8	19	13	7	20	12	13	4	18	6	20	12	4	3	5	10	15
10	18	4	20	2	16	1	4	6	19	18	18	17	1	6	10	18	13	20	10
12	7	15	12	16	8	8	15	6	2	2	1	2	6	12	2	19	17	20	16
16	8	7	16	4	8	10	7	5	14	13	12	16	1	19	8	13	20	8	6
19	18	7	5	4	11	14	17	1	13	14	16	4	1	3	7	11	7	9	1
16	13	17	11	19	20	4	14	2	18	8	19	3	9	13	8	10	13	8	6
7	15	17	5	11	1	2	1	3	15	14	8	3	8	2	14	1	3	5	1
8	20	7	11	18	14	14	6	16	20	2	2	10	13	19	9	17	20	15	5
1	6	18	6	14	20	6	11	15	12	13	19	15	2	8	15	2	13	14	14
10	13	10	20	1	4	10	20	13	10	5	6	6	5	15	5	6	11	1	15
13	7	9	18	7	12	8	4	5	16	19	2	17	14	2	8	1	9	12	4
14	12	10	2	20	4	20	2	10	20	12	3	6	2	17	1	19	3	3	8
4	11	9	4	14	4	20	16	20	16	19	18	1	5	15	20	5	3	18	6
15	20	5	14	1	17	1	8	3	8	9	10	3	8	19	13	8	8	2	14
2	19	2	14	16	17	3	9	9	17	12	19	3	9	8	6	4	5	8	5
3	12	11	11	16	10	6	7	20	16	4	6	14	11	14	17	18	4	10	2
2	7	2	5	16	2	12	16	1	19	4	4	17	12	1	12	6	6	17	9
6	9	9	19	7	1	4	8	1	1	9	8	12	13	14	17	13	5	9	5
4	14	2	5	14	13	2	20	20	4	5	18	11	4	3	16	3	11	13	16
18	11	11	15	18	7	7	1	17	13	14	12	14	5	1	9	1	7	12	11
9	18	12	16	11	15	13	19	5	17	1	20	15	15	9	12	16	14	15	8
14	5	19	14	8	15	8	4	14	17	10	15	19	2	19	20	16	11	13	3
17	19	20	19	4	19	1	11	5	16	13	5	17	6	2	12	17	1	15	6
11	13	6	13	20	2	20	20	15	10	2	14	7	6	3	16	14	17	11	15
8	20	12	20	18	8	14	5	7	2	3	14	16	8	19	12	20	3	5	17
5	17	14	9	8	10	8	10	17	10	8	13	1	18	15	6	17	18	8	12
19	17	2	19	15	17	3	9	17	14	3	5	6	20	14	1	12	14	14	5
7	16	18	7	18	4	4	20	20	11	6	3	16	15	18	12	4	1	15	16
2	20	15	2	5	5	1	10	2	14	1	16	5	11	18	12	6	15	6	1
10	20	2	9	2	11	7	16	7	19	13	5	20	12	7	4	7	3	8	19
14	15	11	18	12	20	13	14	20	11	9	12	20	18	14	16	14	12	1	18
5	11	4	15	17	5	6	6	20	20	16	14	6	16	3	9	3	16	11	11
2	7	2	18	14	8	20	20	4	11	12	8	15	2	19	9	2	15	12	8
17	10	13	15	8	10	16	5	6	18	15	10	12	1	7	8	13	8	5	9
9	8	12	6	2	5	18	4	11	9	17	20	10	11	17	9	14	9	7	6
2	3	14	13	5	20	18	1	2	17	5	5	6	2	2	15	15	10	14	18
13	11	4	11	13	17	12	18	8	6	6	19	9	6	1	2	4	10	9	20
16	6	1	3	3	19	18	2	13	20	9	20	5	17	14	1	14	20	10	2
1	11	13	4	13	15	11	9	16	6	6	10	17	16	13	15	9	11	3	19
11	14	17	20	6	12	11	3	8	5	6	14	13	2	13	1	14	11	2	9
20	11	19	9	16	9	12	15	4	4	7	5	6	14	20	9	15	17	18	6
14	12	17	4	12	20	19	19	6	2	15	11	20	11	8	19	19	11	12	11
13	16	16	9	15	17	12	3	13	12	1	10	3	13	7	2	9	20	12	2
20	11	4	19	9	20	5	14	5	14	11	20	12	16	9	7	17	9	10	4
7	3	9	1	15	19	9	18	11	7	6	13	17	12	10	2	13	1	13	4
6	4	5	14	17	2	18	2	5	4	14	10	6	10	3	17	13	10	2	7
6	15	16	19	17	9	18	8	14	13	17	6	17	16	20	2	4	14	6	14
9	12	16	10	9	2	10	11	13	6	14	19	5	4	13	20	8	11	14	20
18	16	18	11	4	4	18	6	4	4	3	9	14	4	3	18	15	4	17	6
1	17	7	15	19	14	4	18	11	4	14	20	10	1	4	12	18	9	9	3
3	11	3	7	19	10	16	15	5	6	1	11	9	7	3	9	13	12	12	10
18	18	9	1	4	6	10	18	9	12	5	11	10	14	19	13	2	8	2	9
12	13	20	7	1	14	16	11	6	16	17	19	9	5	9	4	15	13	11	6
12	16	19	10	3	1	12	10	3	1	19	7	18	5	18	15	12	9	18	4
2	15	16	19	8	2	9	11	10	16	12	11	11	5	15	17	7	18	16	8
15	15	7	10	8	18	14	19	17	10	18	19	16	19	1	7	16	9	12	14
5	11	13	6	4	4	7	17	2	11	17	10	12	4	2	10	9	9	9	5
2	17	6	3	2	8	7	12	1	3	12	7	17	16	20	15	8	11	2	8
3	15	9	5	11	14	11	19	6	20	19	6	11	20	10	15	7	4	4	20
11	10	12	10	15	2	8	7	8	15	18	16	7	18	20	6	13	9	4	6
15	13	4	6	1	6	8	14	13	17	16	16	4	12	10	16	17	3	9	17
18	9	19	8	13	7	11	17	4	6	6	7	12	14	9	11	11	19	7	13
17	7	10	2	10	4	4	18	13	12	3	15	1	11	1	1	12	15	20	14
11	20	12	16	4	2	1	17	11	8	6	18	4	7	1	11	2	11	3	1
17	20	6	6	11	3	16	5	15	18	17	8	19	8	11	3	19	1	9	2
19	18	17	2	12	19	10	4	12	10	6	17	14	20	16	5	19	7	4	20
8	12	15	17	12	11	12	19	20	6	15	13	14	19	11	20	14	19	13	20
10	19	9	19	1	10	14	1	5	18	4	5	2	18	8	17	9	2	5	4
19	6	3	3	18	17	4	6	12	17	11	20	19	20	10	13	6	20	8	16
8	15	19	10	15	4	12	13	20	5	10	3	12	4	6	10	9	5	9	6
10	1	13	3	10	17	17	2	17	12	13	12	3	10	20	2	18	11	1	2


1	1	2	2	2	2	1	2	1	2	2	1	2	1	1	1	1	2	1	2
1	1	1	1	5	3	3	1	5	4	4	3	2	4	2	2	1	5	2	2