500	5	20

1	1.3	1.55	1.75	2.1
4	6.76	9.61	12.25	17.64

55	77	66	69	5	45	57	33	91	68	24	62	11	70	25	92	45	12	7	64
90	66	81	87	16	74	38	82	39	50	28	59	96	19	87	5	54	40	51	37
51	32	15	98	89	82	34	44	69	44	3	29	79	53	17	99	68	57	63	46
31	20	30	65	47	25	32	56	66	77	79	15	68	77	73	37	53	44	92	20
83	48	19	81	53	72	13	60	72	77	89	39	45	60	96	21	50	25	66	93
21	35	5	3	70	34	98	28	58	4	53	7	18	31	84	51	56	2	20	73
85	60	66	13	11	19	93	29	68	43	35	86	9	27	66	15	98	64	59	78
17	9	31	99	44	32	70	41	37	78	33	71	56	58	59	98	63	9	28	51
62	95	47	36	54	98	50	76	20	17	53	97	90	3	96	4	38	79	24	13
99	40	53	76	70	57	93	95	8	13	78	31	56	33	55	67	91	20	86	84
46	21	15	14	27	57	22	49	60	99	92	12	24	67	32	4	65	52	40	74
68	52	20	13	11	45	81	1	27	20	16	83	28	22	50	6	17	74	16	96
61	97	14	13	76	54	58	87	79	38	93	22	17	54	78	27	10	37	78	88
92	41	9	93	66	96	79	1	3	14	88	31	28	57	83	32	45	63	52	66
83	67	34	64	4	17	84	17	49	21	93	90	40	12	60	12	17	12	33	98
82	53	40	70	4	53	7	76	73	87	26	46	81	56	31	29	70	61	79	27
87	95	42	30	45	71	24	63	84	6	71	83	18	39	86	51	7	34	48	93
81	2	68	13	70	33	78	50	3	8	11	32	3	11	89	19	76	75	42	45
83	27	44	35	89	89	20	68	40	13	22	42	76	14	43	31	71	69	8	16
89	12	13	44	14	92	47	49	78	47	99	6	66	73	10	91	48	56	19	33
39	63	44	77	67	62	82	72	69	72	16	51	75	45	67	17	1	38	32	32
19	5	48	46	37	9	93	68	94	58	98	7	21	21	31	9	35	87	96	73
74	26	22	55	27	6	64	38	36	50	87	66	3	13	49	33	79	35	64	83
64	2	45	70	56	97	9	51	33	67	94	21	78	69	86	46	98	60	64	43
56	27	85	51	69	6	61	52	3	65	7	90	54	59	68	22	52	93	72	46
54	89	77	8	77	10	80	64	64	62	39	72	22	89	79	72	19	91	82	9
85	76	50	80	77	76	14	56	56	39	22	85	98	45	33	54	58	85	41	89
33	33	56	59	15	80	25	48	4	97	37	35	67	82	94	56	24	7	22	17
4	38	57	22	46	43	37	86	27	46	11	31	99	98	89	83	14	61	35	55
13	2	16	78	53	7	94	31	33	23	31	24	60	73	78	67	92	68	65	72
78	98	42	9	92	66	86	14	24	57	53	73	80	74	29	48	95	46	37	92
86	22	19	78	96	50	22	34	90	76	28	38	82	10	83	92	82	42	95	50
67	87	2	43	37	33	7	45	34	34	46	23	12	70	56	64	35	10	18	28
75	9	91	34	86	34	74	68	58	24	83	94	22	86	57	95	55	10	60	74
60	97	80	12	59	38	35	68	91	16	22	39	65	11	18	9	56	22	43	69
76	84	29	71	78	42	90	36	68	58	97	93	12	40	8	50	4	66	1	50
64	14	30	14	35	94	56	21	66	26	67	55	66	31	75	70	17	62	98	44
48	15	2	93	58	63	92	38	24	22	77	53	99	59	66	84	76	95	81	61
1	11	3	80	61	97	2	37	98	49	64	34	96	43	52	91	63	50	75	73
58	43	95	31	41	56	45	11	66	1	7	62	67	69	95	15	51	65	86	81
18	28	62	74	94	71	37	55	96	72	52	95	68	54	69	34	1	48	17	18
37	68	96	21	36	80	80	38	30	59	35	91	21	18	26	75	67	90	37	58
47	88	58	69	60	88	14	42	63	1	62	83	38	96	20	26	44	32	45	40
97	56	53	91	93	14	87	22	63	78	97	45	59	70	41	6	45	94	22	16
25	12	5	24	30	78	49	43	99	86	80	34	94	76	97	83	7	96	59	93
68	19	12	4	26	83	73	6	36	43	9	88	59	46	39	73	95	72	75	89
88	62	42	28	19	3	35	29	57	30	71	88	2	74	90	45	75	88	93	20
40	46	83	71	70	11	27	6	72	70	25	47	51	37	73	26	99	23	9	98
80	90	66	58	5	17	30	12	3	36	52	16	40	58	90	45	7	82	74	43
86	13	45	18	77	73	64	69	6	43	9	82	16	90	44	87	25	96	33	4
27	75	97	87	59	73	38	54	55	85	10	64	14	11	91	85	89	43	55	87
17	12	39	25	67	71	44	77	45	61	50	30	88	16	59	27	13	92	35	54
16	47	72	44	45	24	63	40	64	78	9	78	37	69	2	40	13	68	27	30
93	19	58	44	96	29	22	56	70	63	55	4	53	63	30	70	19	59	21	96
55	90	86	18	38	97	31	25	62	43	34	38	97	19	59	32	74	40	98	98
79	1	72	4	69	44	41	88	76	10	73	7	93	62	20	80	93	81	58	8
14	73	1	17	18	1	73	58	74	83	17	84	33	33	40	21	41	49	69	26
64	24	65	23	82	90	36	26	54	95	91	41	62	40	50	40	94	94	95	9
34	96	72	74	75	33	23	29	97	91	51	67	44	75	26	87	92	64	66	8
71	66	67	88	23	19	15	43	93	86	41	72	27	97	53	3	26	57	68	75
19	65	60	47	77	41	13	54	56	50	14	14	35	53	89	44	24	79	73	87
41	82	80	48	42	50	64	24	91	4	80	63	4	89	18	14	27	17	23	7
44	26	69	78	75	64	75	61	63	5	68	43	62	62	92	59	41	31	64	70
94	33	17	11	2	43	2	2	86	83	61	75	78	86	73	79	23	8	74	70
53	68	56	72	23	2	84	72	19	67	12	97	23	42	8	59	57	85	44	81
47	76	10	85	33	33	53	61	98	70	18	13	65	46	67	61	46	82	92	88
52	39	30	75	48	63	98	85	56	79	62	74	38	46	62	18	34	12	19	98
70	48	15	71	63	82	35	14	33	44	75	22	19	54	70	48	58	99	58	61
43	73	46	65	53	68	99	73	22	56	87	91	33	18	6	4	15	86	26	21
50	23	46	89	85	95	11	36	54	91	48	24	55	61	47	3	66	89	59	6
53	95	21	86	15	93	98	70	11	8	44	95	47	80	21	18	53	12	21	2
95	77	33	15	10	27	13	88	71	19	59	34	17	16	71	84	70	32	15	35
88	22	50	90	8	16	34	16	7	99	91	59	97	76	5	29	15	35	2	51
62	64	3	85	38	19	31	65	12	93	77	64	55	81	90	3	11	52	85	46
4	96	11	22	52	42	47	77	2	83	55	49	84	40	10	87	87	65	29	9
3	5	49	86	6	20	11	70	97	31	4	56	71	81	82	16	34	75	36	56
63	14	70	78	48	67	77	21	41	21	45	4	19	80	13	62	6	47	98	95
29	13	75	45	41	43	3	92	48	94	7	50	8	59	68	14	34	59	79	98
28	9	67	90	9	93	13	36	45	42	20	94	11	44	56	58	98	47	83	31
68	40	8	96	8	42	50	56	67	52	74	69	95	13	98	31	70	19	7	13
75	91	55	7	42	8	10	37	96	37	76	68	32	93	85	9	31	64	98	18
96	25	78	16	28	66	80	88	36	52	66	28	48	21	72	26	51	37	17	74
89	95	25	64	33	88	58	18	87	49	3	83	13	73	58	46	91	17	21	60
33	8	72	49	75	1	37	30	80	27	33	54	68	14	36	92	78	25	44	11
64	77	49	53	69	89	82	19	57	96	89	65	30	86	26	98	26	79	11	29
20	43	77	72	81	10	75	82	84	26	88	89	55	66	97	4	67	51	41	85
12	75	71	85	2	31	84	2	83	47	3	86	61	86	42	13	64	45	61	77
67	27	61	96	53	32	70	77	16	27	86	82	26	18	37	95	93	1	7	40
32	97	50	19	22	28	24	94	10	72	63	66	24	52	37	36	88	50	7	42
98	33	38	78	79	14	20	17	51	16	92	34	77	6	56	34	13	2	92	3
27	50	17	30	29	34	71	60	26	77	80	4	58	39	52	22	42	75	11	12
74	95	58	13	2	90	60	92	19	2	87	47	18	79	59	42	90	6	5	95
7	15	98	3	74	35	75	66	28	57	26	72	52	38	76	94	91	75	30	31
62	5	86	94	42	40	46	58	67	82	86	64	79	86	84	4	64	39	64	51
85	33	20	69	94	87	42	24	77	33	86	13	76	88	93	54	50	93	96	84
33	23	10	3	99	74	30	43	2	36	45	88	40	78	52	49	36	4	83	77
17	31	41	15	16	18	11	42	1	20	6	32	4	9	28	43	43	73	69	49
17	88	45	28	20	35	25	32	71	36	76	46	63	97	17	50	9	65	60	87
35	40	63	62	51	16	92	53	7	26	37	85	99	8	3	53	6	35	92	65
4	37	77	2	15	76	96	55	32	70	1	27	62	88	94	94	12	52	39	10
80	46	99	50	41	13	65	73	10	99	11	8	18	70	28	62	74	55	7	31
30	41	49	97	17	17	24	35	46	79	54	17	32	45	70	17	54	89	75	21
6	13	90	12	70	46	38	41	95	49	80	17	48	77	41	19	2	12	60	18
30	60	49	25	22	77	4	10	18	88	11	1	86	63	62	50	27	50	20	31
69	47	90	3	42	61	24	93	7	28	70	66	90	10	20	16	79	2	23	46
29	76	2	66	90	84	36	43	54	11	23	28	87	29	16	96	2	64	38	71
94	64	48	96	24	2	76	94	96	75	57	79	47	95	94	59	69	25	68	69
31	11	82	36	95	43	82	42	66	96	69	63	33	34	61	5	13	88	96	81
21	19	98	88	25	35	76	37	39	43	81	44	92	56	64	2	54	89	40	21
82	9	5	42	8	29	92	16	92	21	31	42	12	80	85	53	95	84	11	78
54	56	81	92	26	70	57	76	8	28	86	82	37	29	62	84	41	62	10	88
93	58	5	93	56	59	64	11	29	77	74	59	88	79	87	12	12	29	80	51
81	72	78	22	54	70	32	11	46	7	95	91	32	87	50	7	21	2	24	61
65	37	78	19	2	11	46	11	62	45	32	5	40	13	54	83	89	15	9	61
45	17	36	13	71	35	85	92	55	16	14	63	85	26	42	73	54	81	37	91
25	77	47	6	73	79	42	18	7	50	40	63	54	5	36	40	44	50	51	29
34	4	91	68	13	34	51	34	73	41	36	33	26	25	5	42	1	6	1	83
29	60	7	27	39	37	97	8	52	24	46	46	33	2	65	40	92	78	20	31
68	83	63	63	38	4	91	14	44	56	89	83	47	45	82	4	61	92	49	31
2	46	14	1	20	45	9	40	24	79	92	8	43	46	60	29	33	92	40	62
12	30	25	51	79	79	33	3	93	56	86	22	71	61	20	31	46	68	71	84
19	70	47	29	84	94	35	18	46	19	30	28	85	42	16	22	63	94	72	79
51	72	76	98	54	43	28	57	55	29	71	79	83	72	91	17	66	22	85	80
31	83	4	2	12	3	82	14	47	33	25	80	96	77	65	1	28	45	99	35
9	29	53	4	85	60	86	45	94	65	83	21	14	95	68	40	63	53	22	51
21	7	38	62	84	33	79	24	75	14	98	44	30	55	10	40	52	67	88	62
97	71	50	72	15	58	92	68	65	91	79	16	9	63	33	34	19	96	39	68
46	54	15	48	83	95	18	63	33	91	19	93	17	12	68	40	62	30	12	54
67	45	91	19	84	90	81	96	21	47	87	87	88	94	98	87	17	60	83	23
34	73	20	39	96	5	33	13	57	7	95	65	97	82	60	87	67	22	18	21
74	61	37	27	67	90	47	86	42	90	1	41	45	15	27	81	93	36	5	99
52	73	90	52	23	68	45	34	86	76	40	31	18	40	54	8	94	26	63	58
34	21	8	51	72	29	35	99	36	92	44	27	1	78	18	45	46	98	13	51
22	78	55	5	5	64	21	52	99	43	92	50	67	74	51	77	15	40	29	26
96	58	51	57	12	91	54	76	10	22	96	90	25	89	19	82	88	50	90	17
19	95	52	53	32	17	74	67	6	62	21	25	76	1	84	96	32	15	49	43
87	62	77	6	35	38	32	39	13	10	8	22	56	63	9	69	20	84	59	94
2	35	25	92	65	63	27	49	97	77	67	72	71	74	96	97	82	11	6	70
47	48	24	39	62	87	50	38	62	87	51	46	37	47	11	14	29	60	96	17
99	13	31	79	3	26	70	59	18	83	72	59	28	45	97	21	67	52	30	3
65	58	75	14	64	75	87	96	77	40	29	75	9	25	6	85	48	28	3	9
82	42	63	95	59	63	19	59	8	98	86	92	79	9	54	39	61	46	34	1
87	46	4	29	13	87	61	49	10	51	22	31	8	29	32	88	59	38	21	78
22	48	95	26	29	39	73	87	11	20	83	47	9	61	30	11	14	40	10	4
16	22	1	93	45	12	38	6	69	6	8	73	67	50	54	64	30	74	35	72
45	43	97	52	98	31	67	77	7	48	58	68	53	18	69	78	30	55	26	88
16	59	19	9	85	9	19	79	91	84	24	30	64	37	83	1	82	98	22	5
48	21	74	96	47	96	99	65	67	31	67	30	65	44	93	73	44	29	57	2
3	46	27	86	59	77	54	14	75	66	91	39	76	64	72	97	79	2	83	89
9	71	20	69	7	84	79	2	12	63	26	40	99	44	79	29	71	61	20	3
73	87	98	22	7	14	61	35	39	28	73	23	52	74	35	72	66	76	46	20
60	21	76	1	22	21	73	35	90	31	22	95	43	74	25	15	34	96	31	20
40	16	64	51	58	63	80	95	92	84	41	46	76	24	41	21	70	21	38	61
87	5	11	17	68	23	93	29	40	20	11	40	79	26	40	50	3	87	12	3
45	30	38	46	48	39	6	40	63	26	50	18	87	53	10	17	89	37	82	43
8	98	65	24	88	80	39	52	81	96	13	39	99	68	99	56	33	64	6	18
36	61	69	16	27	57	70	41	36	77	93	79	67	90	10	13	90	46	76	48
20	35	75	18	8	9	75	38	29	80	22	48	47	63	63	82	23	23	17	97
22	48	63	11	70	59	34	75	4	15	54	49	33	98	50	64	24	98	8	81
59	41	7	4	85	37	94	24	71	29	53	69	96	15	53	85	34	37	50	65
28	18	53	93	78	86	44	43	28	68	12	69	2	87	30	46	47	80	61	57
70	82	71	19	15	99	87	53	13	17	52	93	37	40	27	78	87	99	31	41
48	87	52	44	1	28	20	89	99	68	56	44	58	72	61	47	36	88	44	15
44	98	37	55	94	42	43	26	43	78	3	54	50	7	76	86	88	59	22	70
12	86	15	34	40	53	5	56	34	23	67	82	76	77	81	26	13	77	86	64
84	51	34	73	19	90	19	2	18	73	73	3	99	6	43	21	90	41	42	31
46	83	7	81	78	54	51	51	59	42	23	6	46	24	42	6	45	92	32	36
57	26	53	16	68	18	65	65	51	47	67	16	27	24	68	60	76	16	76	41
15	39	51	31	25	79	27	96	19	31	77	53	48	40	13	21	80	45	94	28
27	56	59	54	86	55	53	8	86	2	96	2	66	98	5	40	99	37	97	71
88	95	8	79	76	77	73	87	79	22	55	54	76	73	74	86	72	77	46	24
33	83	22	37	57	83	47	43	75	23	19	91	46	31	82	4	93	13	78	63
73	83	97	72	73	79	23	39	77	57	21	18	37	73	52	19	65	40	96	6
70	29	86	49	57	12	8	23	49	93	3	83	13	31	81	29	96	57	5	99
95	34	54	93	67	76	48	88	39	63	51	66	46	1	80	4	81	83	6	32
96	73	43	4	40	71	43	88	67	40	99	45	86	21	38	18	94	22	80	85
43	99	87	31	38	5	84	57	69	34	40	62	32	15	61	92	29	45	61	13
1	79	71	13	86	11	91	32	67	10	34	93	36	74	89	5	15	6	79	27
40	95	69	21	52	74	7	8	88	95	37	49	88	49	85	83	11	94	73	53
31	47	21	42	19	86	79	2	73	76	16	47	4	48	28	27	74	62	59	67
67	25	88	12	61	22	37	86	70	59	48	67	17	75	69	87	39	75	29	87
2	99	78	68	49	45	14	17	23	1	50	73	11	11	81	52	23	6	63	90
44	77	96	91	68	43	25	35	71	30	68	41	64	99	90	30	33	96	57	99
64	83	55	65	54	53	34	43	85	80	52	44	52	58	82	53	84	68	33	80
5	98	8	2	84	58	15	33	66	77	3	40	61	39	47	53	98	72	70	66
71	29	6	80	1	10	45	96	16	3	62	89	40	67	38	9	78	3	38	60
98	51	59	10	63	9	9	15	71	82	63	39	17	75	81	1	40	59	58	30
56	9	17	19	44	91	6	24	68	97	38	67	53	63	70	94	66	23	34	26
3	54	76	63	91	12	67	26	3	63	50	15	49	54	29	53	23	97	33	70
21	10	77	62	74	51	25	40	91	52	69	92	69	74	80	60	15	83	14	25
71	13	33	58	88	46	52	70	75	59	16	6	88	25	49	72	22	94	60	52
42	21	99	49	99	10	49	13	70	59	56	3	18	88	30	33	46	89	67	75
63	26	55	51	87	6	14	80	87	69	49	75	2	56	34	98	81	6	55	88
72	23	86	69	34	6	96	76	46	42	86	64	73	41	3	19	74	14	89	55
68	12	52	27	96	51	88	27	10	38	1	84	90	80	27	30	12	29	76	82
50	56	71	31	59	64	25	50	93	45	46	43	45	12	84	35	89	3	76	17
47	80	44	21	17	68	43	12	43	70	49	31	82	64	54	66	6	3	90	18
55	70	72	69	77	71	56	47	99	42	91	46	8	91	92	70	31	48	67	1
78	75	74	3	25	35	66	70	11	26	2	57	67	73	70	27	39	17	30	20
4	17	66	97	54	81	4	8	99	63	16	75	3	21	74	30	47	66	68	40
70	81	16	22	51	24	24	99	44	16	99	62	14	50	29	41	3	93	95	42
33	50	61	56	90	9	47	68	4	66	27	18	75	96	80	91	31	58	7	69
70	54	41	88	78	2	67	70	21	74	22	69	91	87	50	28	33	92	43	42
78	27	30	13	66	45	94	93	95	93	96	68	9	15	1	45	22	97	76	53
86	8	85	84	17	43	62	77	71	91	8	58	90	12	90	19	74	85	56	22
47	95	12	41	22	95	21	90	14	8	65	81	51	74	9	48	6	99	65	56
58	12	95	1	52	47	58	5	26	51	74	53	71	19	14	26	83	55	4	45
10	49	21	93	37	53	87	63	68	64	97	86	40	14	36	69	17	49	41	79
40	29	70	30	5	24	81	57	3	51	52	15	55	77	57	81	98	14	55	21
96	38	37	68	45	21	46	76	45	9	69	96	69	25	3	36	83	88	52	52
64	93	95	3	21	18	91	79	9	72	30	1	85	81	98	65	27	67	1	76
46	49	49	35	96	55	56	14	63	4	61	59	16	47	11	79	11	25	64	9
33	44	67	56	25	35	71	87	99	7	93	91	35	74	2	44	58	81	17	28
42	33	78	54	33	33	85	43	46	81	60	67	99	89	75	78	26	48	57	72
42	56	6	32	32	41	11	44	52	45	95	14	72	11	92	83	24	57	74	59
83	12	68	75	99	80	35	4	70	51	19	5	91	11	4	29	89	55	74	87
99	62	76	98	66	2	51	44	83	81	30	20	82	59	33	29	43	76	5	33
39	15	95	7	83	96	83	13	35	71	13	90	42	5	6	44	76	42	87	81
62	70	7	93	46	48	78	99	82	93	74	62	63	1	90	12	40	78	89	30
48	95	97	77	12	83	5	59	15	89	81	29	45	52	59	76	8	61	36	99
84	23	63	15	93	21	31	67	50	88	94	70	98	76	99	72	59	21	74	2
61	55	26	49	50	1	6	21	13	17	17	19	25	70	44	48	29	14	85	54
99	79	79	17	81	1	26	68	41	43	94	95	76	98	24	51	58	3	68	38
69	42	18	74	43	70	55	65	34	28	5	19	66	9	92	27	2	24	4	75
56	42	76	46	89	32	47	50	64	10	57	31	28	97	33	6	51	82	79	53
75	14	26	67	61	77	91	84	50	62	41	94	61	20	96	92	62	73	81	15
63	46	8	43	45	45	14	79	30	4	70	87	57	13	14	37	22	6	1	52
45	62	89	4	75	24	61	15	67	23	40	17	47	13	34	61	96	8	97	95
44	23	72	3	39	70	35	45	72	59	71	27	81	59	84	92	33	95	67	82
98	91	42	58	22	64	70	45	47	95	16	16	88	96	9	74	33	32	85	24
59	52	94	35	84	21	39	59	9	91	52	22	62	51	76	30	5	11	63	35
28	82	72	33	29	25	36	20	20	50	71	35	38	60	75	53	29	61	57	71
39	11	29	15	92	13	95	92	4	73	67	13	36	72	2	35	91	81	47	10
47	9	24	3	62	17	71	57	35	10	29	13	67	42	42	12	91	1	18	63
95	23	71	39	70	73	31	25	28	94	44	48	48	57	36	26	31	37	29	69
82	86	11	72	19	22	85	50	8	26	78	28	94	8	86	92	40	90	56	35
38	79	99	18	20	71	42	6	24	87	39	6	8	75	40	17	92	37	6	39
34	12	6	2	89	67	50	18	9	41	23	7	85	41	24	89	23	11	24	7
46	2	15	2	34	60	12	12	82	38	40	17	24	55	80	63	4	11	59	17
13	81	18	98	77	83	60	66	89	2	13	90	46	80	32	61	76	2	5	85
96	9	18	76	79	73	44	25	73	89	33	62	75	27	81	43	15	26	58	54
56	49	32	39	19	67	33	59	59	66	4	35	17	4	61	4	78	96	81	36
81	80	11	54	22	38	58	7	47	84	82	67	64	41	72	75	12	23	4	5
23	57	44	5	70	47	37	82	61	25	14	64	28	95	20	21	23	81	88	1
84	62	18	61	61	64	9	87	6	34	87	67	15	75	11	72	72	57	4	17
56	50	43	62	23	59	1	9	9	64	65	7	13	37	95	50	11	95	84	37
88	26	33	89	67	18	95	37	52	86	11	90	72	65	62	48	44	86	41	67
62	29	72	42	89	32	25	45	10	16	55	43	32	42	33	92	83	51	67	92
98	69	29	66	88	62	46	56	77	87	32	71	23	78	84	10	31	79	75	6
49	59	3	26	79	55	64	94	36	37	68	81	85	27	77	62	1	80	29	35
73	56	70	85	21	60	31	26	45	98	27	61	79	20	22	6	42	58	41	24
45	69	40	19	20	45	93	59	36	86	4	64	53	77	51	4	97	95	53	5
24	58	68	59	84	29	61	23	6	62	76	52	66	50	84	2	74	90	83	91
54	15	72	91	33	81	49	13	14	92	75	40	28	29	59	97	1	26	48	35
32	20	5	62	8	75	99	34	81	71	13	36	82	97	86	15	35	52	21	94
64	71	50	94	47	89	11	40	54	14	32	75	25	24	61	28	15	78	74	76
9	77	47	99	9	24	34	27	20	48	14	51	69	18	21	9	55	47	37	33
60	55	33	14	43	92	21	33	19	77	3	95	33	86	23	86	70	97	8	39
43	87	88	37	67	87	9	76	23	31	69	7	66	10	85	31	50	8	38	78
13	60	63	62	42	86	45	86	47	53	60	88	2	43	42	70	83	19	23	33
57	79	48	68	72	93	32	73	44	27	21	86	91	99	13	50	67	37	17	86
3	39	43	55	54	46	93	14	66	83	29	92	75	95	78	70	67	14	22	6
67	85	82	62	17	82	8	49	26	26	19	97	68	26	54	47	58	84	11	84
23	24	33	55	53	59	24	84	41	61	65	35	91	26	62	58	86	49	84	42
38	72	10	1	6	33	95	81	50	41	59	44	19	69	86	13	40	10	45	92
94	71	98	96	34	2	14	80	18	99	7	51	80	39	31	20	45	93	62	13
78	4	62	50	90	63	76	87	49	13	17	21	43	91	15	52	2	49	37	76
35	8	17	58	1	36	76	98	54	29	6	85	27	6	51	38	85	69	43	28
20	34	4	14	18	51	98	20	72	86	68	96	30	74	64	87	47	71	53	14
42	2	86	4	82	82	70	62	43	39	57	96	41	66	1	83	56	15	15	71
73	84	93	3	35	5	64	45	19	16	33	40	35	71	91	33	95	89	73	47
72	83	1	43	90	40	28	80	65	10	26	81	52	55	82	76	32	68	20	51
94	41	79	12	79	26	92	54	47	27	72	36	68	6	70	17	89	45	72	84
33	99	47	18	98	75	2	13	66	17	24	32	87	28	10	69	59	96	60	45
20	79	28	14	90	84	86	72	65	9	54	10	62	45	97	58	38	39	21	30
31	71	68	65	3	88	9	89	41	7	67	42	12	43	92	88	63	89	86	35
82	77	17	98	85	45	18	85	62	46	19	41	17	68	12	76	53	96	54	44
25	96	51	55	74	16	13	15	19	70	91	18	7	75	89	36	76	17	9	29
69	13	4	35	61	83	83	41	3	95	59	18	23	67	63	70	23	24	48	34
24	10	15	28	32	43	63	63	73	93	20	8	44	13	29	90	63	53	16	25
6	56	81	15	64	31	44	54	10	35	47	96	41	18	5	58	80	10	9	98
21	43	95	34	60	23	71	79	55	50	6	31	92	23	98	15	24	67	35	1
40	75	87	42	92	44	63	69	38	11	55	76	25	48	7	6	83	8	98	15
77	96	96	91	91	3	82	10	74	8	64	93	26	51	93	75	57	81	5	38
82	55	42	95	34	66	30	49	83	54	20	84	28	53	46	18	61	19	25	29
40	23	15	36	70	97	47	93	36	45	35	58	65	65	61	92	85	93	18	39
1	33	5	43	2	71	17	4	53	34	64	20	77	14	46	45	7	23	62	84
76	98	48	50	75	25	55	45	3	56	94	52	49	29	18	3	71	35	69	16
87	21	26	28	81	12	91	23	66	90	38	72	30	13	14	71	80	50	84	44
42	1	73	6	20	58	54	29	24	80	88	8	84	36	94	27	7	16	65	24
65	45	5	33	99	36	66	3	74	29	36	33	75	15	35	40	33	88	42	17
49	70	43	25	29	79	42	30	47	37	56	57	82	81	97	69	53	13	15	43
54	43	72	63	86	60	59	9	4	4	89	82	46	29	11	41	59	51	58	1
38	56	40	66	43	80	97	96	62	49	90	42	38	53	57	25	92	22	71	21
91	77	5	19	88	33	58	68	43	96	89	65	45	66	53	33	51	12	13	32
22	39	14	19	97	40	86	65	24	77	16	89	10	34	7	93	2	95	39	84
59	64	37	68	97	14	84	65	8	52	31	50	3	15	44	23	23	22	99	55
30	41	18	82	49	62	28	75	44	31	29	20	59	86	5	82	43	61	69	61
55	84	6	56	49	22	81	72	96	25	70	40	51	65	41	33	41	94	58	18
78	66	17	5	78	22	69	26	21	75	30	72	86	8	42	98	52	73	33	78
16	2	95	94	84	50	30	43	45	1	12	4	40	78	97	57	52	21	86	81
75	77	74	66	77	27	20	18	48	56	81	61	28	92	60	1	3	7	24	75
17	27	19	86	39	79	91	71	3	52	91	1	82	47	57	23	41	63	80	71
28	71	65	17	81	70	29	21	21	89	27	76	59	48	69	16	59	76	39	62
36	74	62	22	98	71	98	26	45	96	87	82	55	85	33	91	94	73	57	78
62	36	55	47	1	25	25	32	39	27	23	52	37	70	4	52	23	31	78	23
1	63	41	15	58	2	29	64	94	25	41	45	42	6	79	32	42	40	24	7
13	69	18	95	51	12	44	99	99	32	75	88	67	70	61	33	63	5	65	77
78	62	7	85	63	11	9	59	14	70	79	13	82	56	50	91	5	13	95	50
75	26	95	84	11	85	84	41	27	56	11	12	76	3	32	65	99	82	6	41
16	26	46	9	59	85	11	26	27	41	46	95	54	55	35	25	49	18	92	77
71	44	25	63	67	1	80	86	24	21	84	60	13	28	37	30	85	67	52	36
53	11	58	6	88	96	26	14	39	88	44	3	26	31	59	75	45	78	92	17
5	42	84	3	26	23	54	56	30	15	41	4	10	41	55	94	10	90	22	45
48	34	53	31	92	42	99	3	20	55	60	81	74	2	8	48	93	65	42	60
74	78	69	33	40	6	35	6	46	86	57	67	4	44	43	73	48	81	42	38
17	99	87	46	6	77	91	85	97	10	11	69	79	7	2	11	39	29	22	45
58	74	92	60	84	3	25	65	56	88	84	63	33	54	38	43	48	27	3	17
38	99	32	43	53	64	69	63	94	75	98	61	86	98	34	75	32	8	59	20
54	84	36	89	73	59	87	49	78	95	80	84	85	28	97	7	32	38	87	9
52	52	31	72	50	60	50	42	91	2	50	13	50	8	73	40	26	70	56	29
36	25	5	65	66	39	79	5	54	77	93	32	17	94	88	96	69	87	47	99
82	24	58	59	40	38	42	76	90	25	67	59	31	55	90	62	78	35	98	49
64	97	42	86	91	24	94	96	44	83	74	44	98	32	42	18	63	3	7	13
76	96	98	5	76	45	21	85	16	19	45	80	27	71	93	9	92	98	48	76
47	36	28	46	43	69	56	85	33	23	88	2	50	16	84	54	35	98	2	50
4	56	34	60	72	92	53	55	90	29	46	55	7	76	34	41	44	84	61	43
14	79	29	87	84	5	17	33	60	71	65	58	87	66	42	10	15	33	91	65
29	50	91	42	21	27	96	30	98	61	7	58	97	82	16	93	19	75	73	85
95	18	42	65	15	29	80	79	96	81	39	33	65	54	7	81	16	76	53	76
92	8	33	54	30	88	88	88	82	83	36	94	6	58	55	17	91	79	99	83
98	6	69	12	5	83	37	94	17	63	31	67	72	79	24	64	19	54	65	62
85	99	28	72	89	6	83	39	74	1	50	58	29	28	86	75	73	86	15	24
62	12	1	8	59	26	54	58	33	1	9	23	48	22	71	47	43	42	4	27
6	67	12	85	45	25	45	69	70	39	9	94	96	26	46	12	8	33	99	31
2	51	90	63	42	6	8	54	3	51	49	44	56	91	60	92	34	58	4	95
33	93	64	53	19	25	93	81	63	93	88	9	50	55	6	4	30	76	33	93
11	65	83	57	10	80	39	13	65	34	51	71	13	69	33	17	4	75	85	59
74	56	56	51	48	67	44	68	23	55	41	23	38	72	96	16	84	92	57	25
27	38	11	55	13	83	75	65	99	97	82	82	7	96	18	20	53	25	81	16
78	73	49	76	37	47	74	98	55	43	98	21	29	91	33	66	23	94	48	72
78	85	54	41	93	5	34	81	13	29	74	29	44	37	17	53	63	19	56	30
16	75	91	50	41	33	97	64	67	16	32	36	88	29	32	44	43	58	93	64
35	11	65	59	89	2	91	36	66	27	8	14	52	16	45	64	32	49	71	41
56	28	34	75	7	98	67	46	72	5	48	11	93	1	69	46	51	32	55	16
70	16	25	63	19	16	23	64	20	13	16	23	60	93	89	5	97	67	79	23
20	66	37	47	89	66	86	76	96	14	22	81	15	98	38	62	41	13	97	31
48	31	70	14	19	14	98	50	78	22	76	9	72	68	47	1	35	25	57	48
14	6	33	28	97	17	52	52	45	96	68	88	30	52	54	55	78	39	28	57
59	5	11	5	62	70	61	37	16	31	60	52	81	36	6	79	81	17	91	49
85	66	41	81	7	56	67	57	69	72	31	47	16	94	59	48	36	80	64	4
33	74	29	39	62	31	65	50	8	36	39	4	87	2	49	70	88	43	61	54
78	51	24	25	58	91	62	35	2	91	84	24	10	35	2	64	59	60	96	74
7	23	91	58	33	40	93	76	44	31	37	75	79	9	83	68	70	84	53	72
77	8	73	5	62	23	84	23	6	14	80	78	64	89	90	77	96	60	99	65
87	16	26	36	83	32	58	25	8	90	75	49	24	45	6	96	96	73	57	67
43	96	62	52	30	2	24	96	4	55	49	6	3	4	91	38	37	69	86	32
4	28	83	73	77	44	7	2	92	35	34	74	40	92	83	39	38	97	21	56
80	63	93	41	76	12	7	59	3	43	68	29	73	19	36	85	58	67	97	11
35	51	80	67	70	86	15	64	27	30	29	5	40	31	76	64	23	65	34	91
96	95	7	64	71	23	73	6	90	54	43	20	40	80	51	44	50	17	39	98
58	40	14	21	73	27	42	44	92	96	74	36	45	76	8	70	83	49	63	23
18	53	63	10	18	21	12	68	44	48	48	93	77	96	18	57	60	62	19	94
94	62	38	89	66	20	82	94	13	67	64	24	20	64	43	42	72	75	7	48
93	74	60	38	86	42	85	29	66	15	23	32	88	54	25	69	98	73	91	58
36	39	35	52	23	59	68	20	44	57	4	70	54	51	63	47	48	19	74	79
51	3	39	87	20	88	3	45	21	12	95	64	52	30	59	95	13	56	55	5
21	8	84	90	19	68	95	34	65	1	34	37	36	78	24	65	1	7	77	45
98	29	26	20	96	18	40	96	1	26	58	21	82	22	57	5	66	83	73	62
62	43	88	99	73	35	59	78	12	6	95	90	23	99	51	40	95	83	92	81
83	45	49	80	38	89	19	78	90	95	54	72	39	35	61	57	76	10	33	26
19	74	9	30	7	81	98	33	2	95	25	74	73	29	42	31	83	60	18	62
71	42	22	48	46	90	83	66	49	14	12	11	58	37	33	71	48	45	1	65
50	78	13	47	91	55	30	8	34	21	69	57	85	11	74	3	86	3	80	22
20	62	45	15	13	89	74	82	3	65	82	11	33	51	55	80	50	38	38	31
9	16	86	73	38	19	53	21	35	19	23	87	25	32	64	85	63	55	70	98
38	67	78	89	58	87	94	68	28	33	44	47	87	99	60	75	39	13	90	76
95	10	25	49	26	12	38	33	80	20	89	87	8	63	57	67	91	77	23	99
25	29	65	86	4	91	79	54	63	38	99	34	22	17	88	89	91	90	63	33
2	79	26	31	3	99	36	85	85	84	42	90	93	29	40	36	62	76	29	99
57	88	58	17	19	70	58	29	91	50	30	29	47	37	81	18	87	81	13	60
17	29	46	31	99	77	72	42	82	62	79	74	83	35	23	93	77	58	79	40
10	92	14	60	3	63	61	86	76	18	79	87	12	27	19	96	6	6	73	76
13	24	45	77	61	18	77	9	46	82	32	31	32	67	17	94	46	75	6	46
47	9	35	95	81	2	87	70	67	80	26	56	12	71	3	21	64	45	32	50
32	24	23	92	10	82	31	94	17	13	98	52	32	18	94	1	26	84	50	49
72	7	53	35	20	30	35	83	97	7	7	17	44	55	61	29	29	20	58	25
87	93	68	33	29	78	45	15	67	82	79	33	91	86	65	79	75	81	71	14
36	92	7	43	20	15	80	28	33	99	45	55	40	39	25	84	67	52	28	19
49	7	64	39	28	92	14	38	56	87	72	24	91	15	41	59	6	57	96	10
15	39	89	88	18	49	50	4	6	78	7	27	38	88	38	75	49	54	74	95
76	51	84	25	64	19	33	56	52	30	10	99	60	70	6	91	92	31	57	69
48	56	11	42	44	81	56	34	38	83	23	17	28	52	54	50	30	93	34	8
25	87	7	67	13	31	98	66	3	27	41	97	69	93	97	48	28	77	45	61
20	1	79	52	30	18	62	12	72	44	49	77	20	31	53	25	99	27	41	36
32	93	52	22	73	19	21	33	69	43	64	55	1	68	99	52	37	50	18	6
19	19	10	93	6	71	68	22	33	55	94	21	88	10	96	44	13	15	38	5
63	37	54	47	53	35	97	81	22	47	2	59	80	78	90	69	11	93	61	18
85	10	11	44	5	62	44	13	32	56	64	79	72	93	72	14	99	20	2	91
76	17	77	87	38	32	84	42	63	6	11	78	80	43	92	79	31	96	44	30
95	95	25	80	64	9	37	49	77	94	95	76	94	54	5	16	25	17	34	78
38	52	44	32	56	88	51	60	66	66	24	59	78	42	91	40	38	21	90	58
54	90	58	53	18	22	44	42	12	1	12	33	40	80	10	47	21	6	14	69
35	2	66	25	9	55	96	79	65	34	98	95	89	80	18	90	75	87	97	24
53	53	69	83	95	50	31	2	51	71	31	49	24	96	6	56	46	59	48	45
42	34	73	73	30	68	99	79	63	58	80	9	54	43	95	6	66	20	8	24
42	35	43	68	3	48	30	68	98	54	3	11	52	98	70	45	33	30	30	41
22	57	59	71	69	71	72	94	45	37	81	59	18	1	54	11	47	78	86	99
39	20	2	21	9	50	72	81	76	14	78	40	92	81	63	82	51	97	30	90
54	65	87	86	11	12	21	92	64	65	59	76	56	55	57	64	45	41	19	96
75	77	55	73	14	9	15	95	69	39	72	93	49	80	99	83	71	4	68	10
70	18	76	34	22	72	18	84	28	16	4	64	12	52	99	80	23	5	94	23
38	21	32	53	66	63	26	5	89	16	1	58	34	20	96	44	61	2	7	43
46	6	43	27	86	66	46	92	87	25	29	86	36	68	83	98	90	88	77	37
87	40	61	77	5	29	22	83	24	30	4	97	30	73	86	70	50	62	2	4
90	51	25	6	38	98	28	32	71	63	90	82	17	42	44	10	72	60	35	73
38	76	14	92	17	95	20	29	24	52	62	17	44	21	32	24	87	64	10	38
59	26	13	45	45	56	88	14	26	49	77	74	21	57	69	45	89	32	14	71
75	39	90	19	31	12	17	77	49	87	22	6	28	67	64	60	50	66	94	68
47	60	90	88	67	12	31	18	48	65	70	68	44	68	59	12	46	43	55	23
94	68	14	82	69	44	60	85	92	42	54	85	99	33	13	7	49	18	58	70
62	55	14	10	26	22	24	87	41	73	52	38	31	31	6	64	98	56	32	43
47	15	96	36	60	26	97	74	32	92	38	19	53	20	66	88	42	63	67	34
79	5	74	84	60	59	76	58	19	33	4	22	44	61	26	95	92	22	80	65
74	11	59	76	86	94	64	98	26	52	44	29	42	4	89	28	61	83	95	51
82	42	4	44	18	2	29	11	85	51	52	74	64	70	46	82	62	53	63	63
85	66	58	32	8	38	99	89	60	23	20	64	62	7	40	19	49	87	21	10
12	1	41	2	43	36	62	98	45	78	93	85	55	51	66	53	8	42	18	14
43	60	6	78	90	1	20	18	9	35	77	14	18	92	71	81	32	22	63	87
81	74	87	88	66	46	81	44	31	2	50	49	86	95	29	18	48	54	53	54
67	44	88	47	18	85	93	85	12	35	8	40	73	95	97	31	75	79	46	92
30	36	91	81	96	85	93	30	38	97	24	56	20	69	98	7	8	58	66	32
6	80	4	91	62	67	33	34	81	28	97	63	78	60	74	74	79	27	72	25
60	45	82	19	52	58	78	72	98	25	13	52	51	11	82	69	8	99	30	98
10	18	34	18	91	37	29	30	70	78	65	22	12	92	36	97	66	97	56	69
18	67	28	90	48	50	64	24	55	38	86	99	28	99	50	55	22	50	54	86
10	18	89	68	88	86	9	88	72	82	41	92	73	83	30	62	15	30	56	14
33	16	43	38	77	20	51	99	87	46	85	84	41	3	2	70	37	21	39	24
91	29	52	54	84	5	31	99	82	60	6	7	60	9	37	95	16	62	10	32
78	67	23	18	21	4	12	54	45	20	84	14	99	26	29	47	68	15	2	35
67	11	20	67	83	70	80	47	65	35	12	52	64	46	67	63	99	69	45	58
3	71	87	65	64	69	18	8	77	58	41	20	77	54	40	34	15	97	21	4
86	90	20	53	54	82	41	54	86	82	97	20	21	33	88	77	31	92	81	9
82	2	79	53	85	75	50	96	41	20	7	54	99	52	30	36	55	5	79	98
38	86	20	33	27	53	44	79	27	7	36	63	55	6	28	1	8	85	44	68
9	68	60	63	21	93	20	6	68	1	19	76	24	59	95	5	83	35	62	35
34	37	33	27	96	54	61	17	13	79	35	43	96	83	81	61	8	44	14	47
35	85	27	16	8	58	94	16	6	75	77	79	27	47	51	57	14	44	11	75
49	33	46	20	20	54	69	16	75	55	52	66	6	72	8	72	36	2	68	80
52	48	31	86	70	19	69	77	95	17	90	85	58	93	53	17	43	93	88	62
47	91	39	8	90	28	38	32	35	31	71	39	24	15	1	56	92	48	91	26
49	69	24	11	79	11	27	60	81	87	8	88	29	30	28	51	19	55	18	69
16	72	69	29	73	21	3	1	43	4	34	27	93	31	22	77	91	12	12	88
56	89	68	72	53	99	24	45	58	4	5	74	90	46	72	73	32	87	58	49
35	14	28	49	9	1	57	63	40	41	3	4	82	83	1	38	1	52	9	75
1	9	76	44	95	79	71	27	53	30	93	90	73	69	54	97	72	81	72	75
29	37	87	38	23	83	78	27	18	49	65	87	83	57	70	85	42	34	48	91
73	75	33	55	63	72	72	49	95	41	44	89	48	57	61	14	26	41	13	76
50	60	71	94	79	54	53	35	24	39	87	25	5	11	31	29	65	48	40	89
49	72	1	66	72	12	48	43	26	62	97	16	76	67	26	78	45	74	85	28
50	79	42	93	12	14	3	85	56	57	50	93	20	36	50	85	76	83	57	49
40	90	35	28	70	89	32	4	87	24	43	98	47	85	76	47	66	87	62	48
46	21	21	86	1	91	1	53	84	85	62	82	93	27	10	11	62	80	65	47
1	32	22	69	5	70	51	57	37	15	49	16	76	19	4	32	55	7	31	22
68	40	81	30	48	59	37	14	67	35	27	78	10	54	19	8	64	82	68	99
1	50	18	36	38	66	82	99	23	44	33	42	69	97	16	5	23	34	58	38
40	85	87	6	89	48	50	80	80	56	37	84	71	71	87	16	94	98	9	21
91	36	25	91	5	83	67	27	6	90	51	29	33	68	38	61	52	4	3	78
65	5	71	3	48	19	56	25	41	53	80	86	2	54	99	91	72	24	18	19
4	48	26	82	44	20	80	27	14	97	37	27	44	25	44	53	12	45	87	39
23	98	27	48	5	47	6	37	24	26	69	89	32	6	56	7	43	24	7	2
49	98	4	76	30	80	95	94	76	40	84	37	10	11	2	2	64	67	63	42
31	11	62	24	12	35	31	54	41	42	72	14	82	46	47	12	35	47	25	83
21	39	33	94	32	28	34	68	43	78	25	3	99	48	89	66	88	71	20	39
10	7	56	88	19	74	7	14	89	41	64	96	40	19	37	95	98	75	87	70
6	6	51	25	63	78	49	73	67	82	37	75	46	37	74	76	6	41	23	1
45	88	67	31	74	66	5	57	71	29	27	61	60	94	36	37	34	97	49	40
2	76	80	64	95	51	64	38	65	64	99	59	75	1	70	8	42	95	22	10
34	17	76	44	78	3	17	69	80	26	43	94	91	94	49	30	84	65	14	55
97	7	45	81	84	32	37	45	88	60	49	5	85	20	48	82	71	95	33	61
9	18	61	25	89	32	89	82	44	34	89	65	40	73	70	76	58	82	24	53
87	49	61	81	26	80	64	95	31	50	95	40	27	44	96	22	69	37	20	84
63	45	52	97	58	63	73	80	97	71	50	70	56	11	41	59	10	95	73	62
78	1	52	28	47	88	41	42	89	12	40	59	15	72	19	14	7	18	54	95
79	13	22	69	65	16	57	24	41	76	95	68	15	87	28	36	42	72	96	62
87	6	16	4	23	31	11	12	7	70	16	43	13	59	46	53	49	68	44	34
88	31	16	12	32	10	24	2	98	82	68	46	58	32	96	75	70	83	53	40
38	30	87	71	70	36	5	36	77	3	3	67	79	50	81	67	14	29	71	81
85	24	45	18	67	46	32	27	28	9	52	2	45	50	52	39	4	26	90	67
78	73	60	43	18	63	75	57	78	56	95	41	21	55	94	84	66	74	45	4
91	94	20	82	62	60	63	45	61	42	64	92	91	12	7	72	94	86	89	10
84	62	2	20	76	19	29	58	71	41	11	44	8	2	75	42	24	71	77	65
9	28	81	43	44	5	57	39	89	86	60	32	25	47	55	92	50	65	34	18
88	58	65	41	12	94	60	88	93	64	9	49	51	5	73	94	53	48	15	93
35	48	49	77	47	62	36	35	49	49	40	77	93	66	81	98	35	72	95	39
34	39	14	47	92	34	56	24	35	11	49	94	30	87	5	78	60	71	49	49
92	12	47	54	32	2	6	99	61	2	32	76	48	56	9	41	96	66	98	88
57	93	54	24	93	5	67	67	30	43	90	27	18	58	83	83	77	29	75	2
5	28	10	7	49	10	37	2	28	78	25	20	95	7	98	63	66	84	23	32
42	97	25	10	61	9	16	88	58	28	90	82	81	56	3	67	78	7	3	76

20	15	5	6	17	19	6	19	18	17	14	14	17	2	7	13	8	11	17	13
14	18	20	9	18	17	6	3	10	6	13	2	9	16	8	13	13	10	10	7
18	10	6	14	19	7	4	8	9	4	14	2	11	6	12	5	16	10	7	4
11	12	17	3	14	8	13	8	7	14	18	13	11	2	16	13	15	14	13	4
1	19	1	12	20	20	2	7	7	9	18	1	20	19	5	3	2	12	18	3
5	15	19	2	17	10	9	1	8	7	18	13	5	17	6	3	17	1	18	20
18	15	10	8	12	7	6	5	3	6	8	10	13	2	19	15	3	9	14	19
3	12	4	1	13	5	19	12	8	3	12	2	17	2	7	13	17	2	18	20
8	13	2	5	13	4	10	3	11	18	1	5	1	3	4	15	8	18	1	1
20	1	19	13	17	13	17	19	14	3	3	2	19	16	15	4	5	7	17	6
10	10	9	16	3	15	19	12	8	17	19	8	2	4	9	5	3	15	17	15
15	2	6	6	11	1	2	4	9	10	15	13	1	1	11	9	11	2	3	17
10	1	8	5	14	14	14	13	19	13	13	12	12	20	16	7	9	11	3	9
13	15	20	8	2	7	3	9	12	10	11	2	7	7	16	11	2	13	20	7
9	2	10	18	12	4	10	9	16	12	14	15	20	10	20	13	15	16	16	17
9	10	2	12	4	8	14	16	2	17	17	9	13	3	12	17	19	12	6	18
7	18	11	6	10	4	20	10	16	3	4	1	7	13	7	20	10	14	17	2
19	7	10	11	7	15	14	14	9	15	18	1	18	3	5	6	8	8	17	14
6	16	18	8	4	7	18	3	16	17	1	17	18	16	11	19	18	1	13	1
16	10	1	7	1	4	17	16	11	14	8	12	7	11	12	5	19	15	15	14
1	12	2	1	10	18	18	2	13	19	4	6	2	11	7	6	2	10	16	2
19	6	5	11	1	7	14	14	1	9	19	14	4	11	2	5	13	3	19	8
4	15	13	4	6	18	1	9	13	10	12	6	15	16	5	17	15	14	9	4
12	17	19	3	4	15	4	11	7	10	19	8	18	3	3	12	7	18	12	19
7	9	2	14	9	14	16	1	6	5	18	10	12	18	18	1	3	7	7	17
16	20	14	7	11	13	9	4	11	9	9	20	19	2	19	18	13	10	19	13
11	5	12	5	11	19	11	16	11	1	2	15	19	10	1	18	7	16	6	1
1	2	13	12	18	2	6	20	14	9	5	13	2	14	17	16	11	12	17	8
18	13	2	15	2	1	10	16	18	12	15	13	7	20	2	19	4	16	20	2
13	4	7	3	18	4	20	4	6	13	15	11	2	5	15	4	5	3	20	9
17	14	10	20	7	19	20	17	18	11	15	4	6	7	17	19	2	3	14	11
12	11	13	12	7	11	9	11	6	9	4	3	6	17	19	20	1	17	19	8
4	12	4	17	12	3	19	4	14	14	17	16	10	6	2	6	13	12	14	6
3	12	9	10	19	16	9	16	8	8	1	6	17	13	7	14	2	2	6	19
15	17	12	9	19	16	17	9	17	4	17	13	11	17	14	17	7	6	13	4
16	8	5	16	6	17	11	12	16	4	13	10	12	17	17	7	4	8	3	16
19	20	9	11	12	13	3	1	11	11	8	4	4	13	2	9	14	2	13	13
1	15	5	20	14	10	3	6	6	14	17	19	5	2	2	20	4	3	3	11
11	18	6	3	12	11	4	9	20	6	1	13	13	20	7	13	11	13	19	12
9	17	9	8	14	1	12	6	16	18	3	11	4	19	20	2	8	3	9	14
1	11	3	12	7	12	13	10	19	2	14	3	10	14	4	4	5	11	11	5
12	8	11	5	11	20	10	3	16	9	14	19	2	11	4	11	20	4	3	14
3	8	1	13	14	3	19	3	19	16	4	20	2	20	18	3	20	1	5	3
20	7	9	2	5	15	3	10	18	16	3	12	18	11	14	16	16	3	10	6
18	16	2	8	15	17	13	4	5	16	1	20	4	19	20	14	4	12	18	9
13	16	8	9	5	2	2	4	8	10	12	5	12	18	6	6	8	3	13	8
15	20	17	3	17	7	20	10	8	15	13	12	8	15	20	16	6	13	15	19
14	11	10	17	12	13	13	19	8	10	7	10	16	13	10	4	19	6	6	14
19	14	6	18	8	9	8	7	20	7	13	18	11	1	19	1	18	15	8	5
18	12	8	10	17	6	17	5	18	19	3	9	13	6	14	18	17	1	17	20
10	6	4	4	19	2	2	12	3	17	8	9	2	14	18	18	10	15	10	12
13	16	11	18	5	5	1	1	11	19	17	14	16	12	9	8	13	17	15	13
1	10	14	15	14	10	12	11	7	6	13	15	10	5	12	13	18	3	13	4
12	18	19	10	10	10	17	6	12	3	2	7	17	12	10	12	1	13	20	2
1	18	15	12	11	16	9	8	2	11	2	9	19	16	19	8	9	1	16	8
13	1	17	15	3	19	5	4	13	5	13	5	6	2	8	15	16	12	19	2
20	5	7	6	10	18	19	13	20	6	18	17	2	18	6	18	13	2	4	5
15	16	14	11	6	13	2	20	1	19	3	19	5	3	20	20	11	10	7	2
2	15	9	16	5	3	1	11	7	5	15	17	4	12	2	6	12	8	13	16
10	4	10	2	11	7	16	20	17	19	6	12	16	5	7	9	4	3	17	4
18	16	5	9	10	9	7	4	15	5	4	14	4	1	17	16	6	17	2	4
13	6	18	19	2	12	18	20	18	5	17	14	1	2	17	3	20	2	13	14
1	8	6	17	12	5	20	9	10	12	15	15	8	18	17	6	13	11	4	15
15	5	5	14	3	8	8	8	19	11	7	16	6	8	3	4	17	2	12	18
5	10	19	20	6	2	3	17	16	9	7	4	17	11	1	15	13	19	9	12
8	5	14	14	4	16	19	5	10	20	13	12	17	3	16	13	7	8	6	5
13	14	1	3	20	10	15	15	20	15	2	15	18	18	8	12	1	14	9	16
11	7	8	12	8	2	12	6	3	16	4	5	14	16	8	11	16	14	13	7
3	20	8	8	10	10	18	6	19	20	15	17	6	14	9	1	2	2	11	9
14	8	8	8	13	1	11	6	18	5	19	17	12	11	17	9	4	6	13	19
1	17	4	10	8	12	10	12	17	3	4	20	15	2	2	6	2	6	8	1
18	18	14	9	18	6	11	9	14	20	8	12	20	2	9	14	9	12	16	4
4	20	10	17	11	9	2	2	2	2	5	18	5	4	19	3	1	5	14	19
3	12	5	20	17	4	1	1	7	15	10	8	14	19	4	7	2	13	3	4
9	2	2	14	14	16	12	9	20	9	3	7	4	7	12	12	11	13	13	1
16	8	19	19	5	11	7	5	18	9	5	15	15	7	2	11	13	5	18	17
9	11	3	19	12	8	19	13	3	1	5	2	12	18	16	14	13	8	7	14
5	17	17	20	7	8	6	11	13	20	7	3	11	6	13	10	19	14	7	17
3	4	2	15	18	5	16	15	3	19	4	2	10	16	3	9	4	13	1	17
13	6	3	6	12	20	17	18	15	1	12	6	4	10	4	3	7	7	1	6
3	5	17	15	9	9	5	15	12	13	15	18	15	7	12	4	10	11	12	15
8	10	19	12	15	18	18	5	16	1	19	15	15	2	5	3	14	2	3	19
16	10	20	20	17	9	6	7	16	4	8	1	8	5	2	15	15	14	9	20
5	14	5	5	19	20	6	15	13	5	3	8	20	10	4	20	12	12	8	9
4	2	6	7	5	12	9	7	16	5	4	14	9	8	8	16	2	6	2	13
3	5	17	9	19	18	20	15	10	14	8	11	16	14	1	8	8	17	11	11
17	4	4	20	4	17	3	14	10	3	4	3	15	8	5	9	4	13	7	3
8	11	11	6	18	11	20	20	5	9	20	14	3	20	5	16	2	8	13	9
11	4	20	12	7	7	6	1	20	5	12	5	9	10	20	8	16	7	2	20
8	12	14	7	20	14	9	2	2	17	12	1	3	20	12	20	15	1	19	18
9	18	19	15	17	9	8	4	8	11	18	18	10	12	16	8	16	20	2	17
18	11	13	20	19	19	3	11	3	7	13	15	14	15	18	17	6	18	18	12
19	12	1	16	7	8	7	2	20	6	1	10	18	12	17	15	18	8	18	14
2	7	20	8	11	4	2	10	8	5	5	20	7	20	13	16	1	8	12	18
17	7	8	2	17	13	10	1	3	6	17	14	13	9	3	14	12	16	13	1
13	5	8	18	7	4	10	8	1	7	16	20	9	5	11	17	3	12	2	16
16	16	19	20	4	19	5	20	6	16	14	7	3	1	3	14	11	16	10	19
5	3	5	19	10	13	14	14	3	20	3	20	17	14	18	14	15	16	12	3
17	9	2	2	10	7	6	17	8	4	9	1	16	5	15	6	17	8	13	13
4	13	14	20	16	8	3	2	5	6	8	16	5	18	10	3	15	1	16	14
11	16	10	14	6	7	18	1	7	4	15	19	6	6	17	7	14	6	1	3
18	4	5	8	14	19	15	18	1	18	19	10	7	2	12	2	10	12	18	2
2	10	4	7	16	15	7	19	13	7	4	7	3	9	5	7	12	19	14	15
6	7	8	4	5	14	20	12	4	4	7	1	4	2	10	13	11	15	20	16
17	17	6	4	9	11	20	8	9	9	8	1	5	15	8	14	16	10	13	12
10	3	13	11	6	6	16	17	11	11	5	12	3	18	17	2	2	14	11	10
14	11	20	11	1	20	19	11	11	14	10	16	11	19	2	4	19	16	1	19
7	11	20	13	10	4	2	1	20	10	14	4	18	11	4	11	2	11	1	8
12	9	20	19	13	15	4	3	18	16	12	12	20	10	15	11	1	17	12	12
13	5	15	11	19	15	12	10	18	12	12	18	7	2	20	12	1	6	5	9
20	18	15	12	12	4	1	7	19	1	4	1	1	9	20	11	11	7	16	14
15	19	3	13	5	6	9	8	4	9	11	17	15	19	1	6	9	7	7	20
16	12	7	9	20	6	14	3	17	10	6	3	12	1	6	18	2	2	16	12
11	9	2	7	3	13	1	3	12	17	11	16	6	5	14	18	13	6	8	17
19	13	2	1	6	12	1	17	10	13	15	13	7	14	12	2	9	10	5	11
13	11	19	16	9	2	5	5	20	12	17	13	20	17	3	10	10	18	2	4
17	6	17	19	13	11	7	9	6	11	7	2	11	18	9	8	5	4	8	6
17	5	10	12	16	2	18	10	1	14	20	17	14	4	20	17	19	5	6	2
12	5	13	4	20	6	18	11	11	1	6	18	14	12	14	15	8	17	5	19
16	11	12	10	7	17	1	19	19	17	11	5	4	11	15	3	2	15	8	12
9	14	4	20	12	3	2	10	5	2	20	1	12	7	8	1	11	15	15	20
4	14	9	13	11	7	5	9	13	15	17	20	9	14	8	5	13	18	15	12
11	4	3	19	10	9	20	12	8	8	15	15	2	9	14	19	17	8	15	6
12	18	5	3	5	9	9	9	19	18	10	11	17	14	18	6	10	10	14	4
5	17	14	8	10	20	9	2	12	6	13	5	3	10	13	16	14	10	19	11
3	15	19	19	9	10	9	14	14	1	20	11	20	15	6	3	18	8	4	6
14	20	12	3	13	10	7	13	15	16	20	16	11	2	17	17	4	20	9	17
18	1	11	6	5	20	18	18	6	6	20	20	20	7	14	9	4	5	11	2
6	5	3	20	3	14	7	17	6	10	2	19	8	15	9	6	4	8	20	18
14	8	13	19	10	3	9	14	20	6	17	19	8	8	10	12	16	1	2	14
2	20	17	4	8	9	13	9	17	13	9	12	3	6	14	11	2	2	16	7
18	16	19	19	18	7	5	16	14	20	13	12	13	12	2	16	10	4	15	10
8	5	8	10	16	12	10	20	20	19	19	5	3	16	15	7	12	11	4	17
11	8	13	4	9	6	15	2	9	15	11	3	19	2	7	5	4	4	7	6
6	11	19	7	7	15	18	6	7	14	10	6	14	18	2	11	2	5	10	9
13	13	17	10	15	16	8	9	13	10	7	18	2	18	20	1	6	9	15	10
13	2	3	3	1	7	19	4	4	18	19	6	19	13	9	4	2	13	7	10
1	2	11	12	5	16	11	10	17	15	19	7	16	18	2	3	6	8	3	2
5	13	1	17	16	12	20	6	13	14	10	14	15	10	17	14	5	16	10	11
6	7	2	6	20	15	1	15	5	10	6	5	5	14	20	4	20	12	17	19
4	17	15	5	12	11	10	1	13	12	15	18	9	16	18	9	13	1	4	6
11	12	15	5	20	8	11	11	13	2	14	13	15	17	19	12	19	1	5	8
12	1	7	15	8	16	15	13	1	5	15	15	2	2	6	12	1	4	13	1
2	14	11	13	9	5	10	4	16	19	5	18	1	11	18	19	3	19	20	11
3	2	13	17	4	12	12	13	18	7	12	18	2	14	9	2	2	3	17	12
11	18	8	4	5	6	13	18	18	7	11	19	4	1	17	13	20	15	19	9
18	3	14	19	11	10	15	14	3	12	14	7	15	8	16	6	3	14	6	10
4	6	15	6	20	15	3	2	10	19	16	17	1	1	13	11	5	9	1	15
3	14	3	13	17	17	15	14	3	4	10	2	1	11	3	5	19	15	6	2
5	14	9	19	6	13	16	12	6	15	11	16	11	17	12	16	12	12	19	5
10	20	7	16	18	11	17	16	5	19	18	4	8	13	10	3	12	10	16	6
5	16	18	1	12	5	13	7	16	5	18	19	9	14	1	6	8	5	15	18
16	19	18	7	5	13	3	10	1	16	7	10	6	19	19	9	8	8	1	6
11	4	1	2	10	10	9	10	9	10	8	1	7	12	17	17	7	19	17	15
13	3	9	10	13	11	13	12	1	1	10	14	12	9	5	10	12	2	15	18
3	18	18	15	11	8	15	5	6	6	17	9	11	3	18	18	13	5	19	19
15	16	8	20	17	12	12	7	11	2	14	17	12	9	17	2	20	13	20	12
13	1	16	19	18	14	20	18	11	19	1	1	7	2	18	15	17	19	17	4
1	12	16	7	20	18	16	10	6	12	9	17	10	8	17	15	4	5	10	16
7	13	15	16	5	6	5	19	20	13	1	19	16	3	1	10	14	7	13	20
20	2	9	9	19	15	19	14	14	5	18	11	6	7	6	17	15	15	13	5
19	2	12	6	10	17	3	11	17	15	2	14	5	17	20	4	8	6	15	11
13	2	10	13	19	3	4	15	12	12	14	7	4	13	19	1	12	15	13	18
8	6	3	3	15	9	5	12	16	18	4	4	9	14	13	19	12	18	16	20
13	7	18	1	8	9	4	15	5	17	14	15	8	6	7	15	15	7	12	5
10	13	12	17	6	11	18	12	13	8	10	2	12	6	19	20	15	6	7	17
6	2	10	3	11	12	9	14	16	13	9	10	18	16	15	15	13	2	14	7
2	10	5	8	16	7	7	7	13	17	1	20	3	19	5	8	20	2	6	7
6	9	15	13	3	3	14	2	1	17	17	12	11	9	5	4	9	15	1	13
17	13	4	9	13	9	6	5	14	11	7	18	17	4	18	6	7	11	9	10
14	12	20	5	9	20	10	19	20	17	11	10	12	7	11	15	19	9	19	3
11	1	6	11	2	6	12	18	2	16	15	13	12	12	3	18	11	10	4	17
20	11	11	6	9	7	15	11	5	20	15	7	19	15	19	2	3	13	7	20
9	19	8	18	12	5	9	17	17	1	6	13	4	7	13	17	3	17	9	9
4	8	3	15	11	17	13	2	7	5	2	14	4	19	17	12	11	14	19	15
14	12	8	5	4	19	11	17	9	5	8	10	20	8	13	13	12	13	10	3
7	18	8	1	14	16	9	16	12	3	10	20	7	15	7	13	12	7	12	12
20	1	10	3	1	16	18	17	17	15	11	16	3	5	19	14	1	13	6	1
7	20	8	14	8	20	8	2	20	1	19	11	12	3	11	12	3	1	2	16
14	8	8	2	20	6	10	7	12	13	3	7	9	19	16	20	19	11	1	11
9	8	16	20	20	16	14	9	6	15	7	14	6	12	12	1	2	2	5	14
17	20	15	7	17	15	8	20	14	1	1	20	16	12	13	9	19	1	5	8
1	14	15	10	14	16	2	11	18	10	14	17	6	9	1	1	8	7	10	1
9	19	3	13	11	7	3	16	13	15	1	14	11	3	12	4	12	20	12	16
19	9	2	4	7	6	16	7	14	17	13	9	8	1	6	7	16	7	14	18
14	12	14	18	8	8	3	18	17	10	19	19	2	18	9	4	12	11	9	18
10	4	15	18	9	8	17	18	4	1	3	10	17	14	7	20	14	3	11	7
19	13	20	18	20	16	13	20	2	16	19	18	7	19	7	15	17	16	3	20
11	13	20	4	10	1	5	5	11	5	4	17	3	18	13	4	13	19	1	18
9	1	3	2	20	6	8	13	19	4	13	14	2	19	16	16	5	9	8	13
8	6	20	6	3	20	8	9	7	9	6	17	1	8	3	15	15	10	3	8
10	17	16	17	11	8	15	20	1	18	3	19	14	5	17	5	14	15	13	15
5	5	5	8	7	20	16	14	10	6	4	20	11	20	14	2	17	8	19	20
18	15	2	14	1	6	18	6	4	17	1	13	15	8	16	15	2	5	7	1
20	20	4	14	18	9	10	10	18	5	14	3	10	3	5	12	7	6	9	8
4	9	1	2	12	7	8	16	2	16	6	3	15	12	18	16	7	14	11	3
6	10	3	19	5	6	2	18	3	16	6	15	7	6	13	2	18	2	7	13
2	16	18	6	20	6	11	14	4	20	12	15	12	10	1	3	13	11	12	20
7	16	13	2	9	20	3	2	8	8	13	1	16	2	12	3	10	7	12	15
19	16	4	15	6	17	7	20	9	9	20	8	10	5	11	4	4	1	1	6
5	16	16	5	3	13	8	7	13	20	10	11	11	17	1	12	9	13	12	5
19	12	7	7	14	6	2	6	18	12	14	12	5	14	15	3	15	19	19	9
12	16	18	20	12	4	7	20	8	11	11	19	15	15	10	14	10	18	4	16
15	15	18	14	4	18	6	3	1	6	11	8	16	13	4	19	18	10	4	17
13	20	4	10	20	11	5	14	8	3	20	15	2	5	6	2	15	13	2	3
5	4	17	11	10	9	12	14	20	15	9	10	1	20	3	20	3	1	11	9
8	5	10	12	1	16	19	2	2	1	20	9	16	10	6	13	12	18	11	15
1	9	20	4	20	20	18	14	14	19	20	9	1	18	14	13	19	20	6	14
10	4	16	13	5	2	12	1	9	8	5	19	4	8	11	18	3	7	10	4
2	12	6	5	12	2	8	5	10	2	13	12	16	15	9	7	12	13	5	5
15	7	12	16	5	17	7	20	3	7	1	19	7	13	18	13	18	6	20	18
4	1	8	16	7	20	19	15	14	6	10	4	18	4	16	8	7	2	2	15
10	5	20	6	11	19	5	7	5	8	9	12	2	13	15	1	7	2	1	5
3	7	18	7	19	14	9	5	3	9	6	12	2	12	12	2	13	11	10	20
6	13	6	2	11	5	20	18	18	9	1	1	2	13	18	10	3	17	20	3
1	5	5	16	9	10	12	6	20	17	7	9	14	19	13	12	18	11	8	14
11	6	4	2	15	14	15	10	19	16	11	5	5	14	17	3	15	17	14	17
15	9	10	18	20	19	3	14	18	12	10	14	19	7	14	15	16	10	14	7
1	2	13	1	7	13	7	19	13	17	7	15	16	6	6	1	15	12	20	18
7	16	3	13	7	20	4	14	12	15	4	12	7	6	17	4	11	14	10	18
13	6	9	13	11	1	15	5	14	16	18	20	4	15	12	2	5	6	19	12
2	9	13	20	16	16	15	3	12	3	20	8	10	1	11	16	3	9	5	11
15	20	7	17	14	10	6	16	14	9	19	6	14	16	9	20	12	6	20	20
9	19	19	15	2	8	3	14	9	2	1	15	18	7	5	12	10	3	18	18
15	13	9	20	10	17	18	7	18	16	17	6	1	1	1	1	2	20	13	15
15	5	11	18	19	5	2	5	9	2	17	3	8	3	20	8	13	5	4	10
12	6	8	2	19	19	16	9	9	15	20	16	4	10	14	17	14	7	19	8
15	8	10	17	19	8	3	3	1	5	2	7	15	5	14	1	17	5	12	19
3	20	7	17	3	3	19	9	7	20	17	16	5	2	10	20	3	7	16	18
1	19	11	2	13	9	20	7	8	4	3	17	15	18	5	7	6	17	3	17
11	2	12	3	12	15	12	16	19	6	2	13	16	14	6	16	4	18	9	16
10	5	20	17	8	19	12	10	6	1	12	6	7	13	1	13	5	9	4	9
9	3	7	6	1	13	20	8	5	11	12	20	6	4	4	18	9	4	1	14
2	7	14	11	7	10	2	20	11	12	17	4	2	10	1	10	6	13	14	1
19	4	16	19	16	15	8	18	6	16	16	19	4	1	7	17	1	5	15	19
20	17	19	5	10	15	10	15	9	12	10	5	2	5	2	3	20	10	6	1
16	17	14	18	7	12	4	14	2	17	15	9	12	20	20	7	7	20	9	13
1	17	4	8	8	7	18	16	2	12	20	12	19	5	3	19	15	2	13	14
10	9	6	15	5	5	5	7	3	8	12	4	15	5	16	9	10	19	10	15
14	10	19	9	13	19	20	17	3	7	14	1	2	7	13	12	11	15	6	2
17	17	12	9	12	6	11	20	11	16	13	17	16	18	14	17	4	4	2	18
4	17	3	1	4	8	11	4	17	2	1	14	6	14	2	8	9	20	18	3
12	13	1	1	9	16	11	15	9	3	12	17	15	8	6	8	1	15	7	13
7	8	16	14	5	4	13	18	14	19	2	17	12	10	8	20	11	7	3	8
19	16	9	14	7	2	10	13	11	18	15	18	11	6	12	10	9	12	12	12
12	12	4	2	14	1	12	10	17	15	20	12	5	10	8	1	12	17	14	11
9	15	19	17	5	14	14	14	15	8	17	8	20	6	5	4	1	18	2	16
9	19	4	11	11	11	15	6	12	3	16	8	6	16	3	11	10	18	9	18
20	20	14	20	7	10	10	14	7	17	1	18	14	2	10	10	6	19	14	8
4	8	11	10	19	7	2	3	13	15	14	13	19	1	3	15	4	20	18	19
19	3	20	9	2	11	8	4	16	9	19	4	9	17	16	8	3	20	8	4
2	4	4	12	9	16	7	12	7	13	15	10	17	10	3	17	2	3	17	5
5	7	11	13	1	15	6	19	6	12	12	16	9	19	14	20	2	13	5	7
7	4	3	3	15	12	6	16	14	18	14	12	4	9	17	9	1	10	3	5
15	4	4	8	6	11	19	13	7	16	19	5	5	5	12	17	5	2	15	12
3	1	19	7	3	10	16	12	2	10	19	18	2	4	4	20	1	13	20	2
9	15	9	1	15	1	15	6	9	7	8	17	11	14	14	5	5	11	20	13
7	13	16	7	13	11	12	12	6	20	13	6	2	15	13	10	18	4	4	9
10	5	8	4	1	10	20	2	15	4	8	20	19	18	9	20	4	9	13	10
3	12	7	8	13	8	9	11	5	1	15	13	8	8	2	14	7	3	14	15
17	7	16	19	20	7	11	9	7	9	16	12	1	2	6	8	8	20	16	9
14	6	14	14	15	12	8	5	5	19	2	17	11	6	7	11	15	8	19	14
1	12	11	11	1	3	1	15	12	8	7	7	13	17	14	6	9	19	17	13
6	5	17	17	16	17	12	6	19	4	6	1	3	13	8	3	20	1	9	6
5	1	12	15	1	17	13	4	3	15	1	15	14	2	9	11	6	3	4	16
19	1	1	9	9	15	12	4	10	4	13	11	4	19	14	4	16	4	11	10
5	10	1	10	5	4	15	10	7	8	15	3	15	12	14	1	9	6	11	18
13	15	4	5	7	11	7	2	5	20	6	12	16	19	15	6	1	20	18	11
5	17	20	19	5	5	18	5	10	9	9	3	2	9	6	3	15	6	18	17
13	20	8	13	11	4	18	10	9	9	18	4	11	11	6	10	16	4	3	9
20	20	8	1	2	8	20	4	17	3	15	15	16	18	6	10	13	16	15	18
3	18	8	4	10	3	9	8	7	11	17	12	15	2	6	14	10	12	5	8
13	1	4	6	18	20	18	11	19	15	11	15	6	3	2	12	6	19	7	18
7	2	1	19	12	12	3	19	11	19	15	17	12	5	14	20	18	6	2	3
11	2	14	12	16	1	6	17	20	19	13	17	8	12	20	3	20	10	8	17
2	2	18	1	1	9	9	19	18	12	9	10	11	12	1	19	10	10	19	7
2	16	7	11	7	9	3	18	1	11	13	4	1	19	18	7	4	15	16	6
5	17	14	15	1	14	12	1	3	8	4	1	10	17	7	10	15	17	11	7
6	6	15	14	18	14	12	6	17	13	4	6	20	19	20	14	13	2	20	16
11	19	10	6	3	19	18	10	9	7	14	18	16	8	9	19	15	13	8	20
9	2	20	5	4	18	12	13	8	9	11	6	16	5	11	18	11	5	6	12
18	8	11	14	9	16	3	15	13	15	18	3	6	16	19	8	15	17	5	13
16	11	16	20	8	17	3	3	17	4	5	9	11	19	9	8	15	3	12	20
1	16	16	10	10	3	15	11	14	15	10	7	16	2	18	2	3	4	6	9
7	19	2	13	15	3	18	12	20	15	5	8	16	3	4	20	4	13	3	4
9	2	16	15	18	13	15	5	6	2	14	5	4	2	19	11	7	6	17	10
2	1	15	2	19	15	16	17	19	12	7	17	5	17	17	5	20	19	13	4
9	18	13	17	6	8	20	2	14	2	4	4	18	6	19	17	12	5	14	11
4	2	14	10	17	13	13	15	6	11	10	4	11	9	7	15	7	19	3	3
19	17	1	8	4	9	10	6	7	16	15	12	9	9	8	11	19	17	19	4
19	6	18	10	15	13	17	6	17	3	20	10	1	12	1	16	10	7	18	13
20	7	10	11	12	13	3	1	16	17	8	18	1	6	10	19	6	10	8	2
19	7	7	2	9	2	15	14	4	9	4	17	7	15	5	18	2	5	5	16
15	8	1	19	18	3	15	18	5	8	5	4	11	8	8	2	7	17	9	16
20	7	17	20	9	12	6	17	17	15	1	15	3	18	2	14	4	15	4	18
7	3	2	7	6	2	18	20	14	6	2	12	18	3	15	20	15	12	7	19
9	5	4	7	2	14	9	12	17	1	15	13	4	16	11	16	9	15	5	6
4	19	11	16	12	16	9	13	3	1	3	16	9	6	4	5	17	4	3	18
5	14	5	7	12	13	18	13	3	19	20	13	7	19	7	20	20	15	9	4
15	13	19	5	8	8	13	17	13	16	5	11	2	14	18	19	12	10	8	18
11	14	5	6	2	17	11	1	14	10	7	8	10	8	16	15	16	18	12	14
7	5	10	19	6	13	13	7	3	15	5	5	20	5	17	14	7	1	18	12
15	17	18	1	8	19	5	17	9	16	19	4	12	18	20	11	2	16	14	12
18	4	19	6	6	9	2	4	8	4	5	12	5	19	20	18	11	7	7	19
1	16	5	11	7	6	19	4	11	3	19	6	5	6	17	19	10	11	13	13
20	1	9	16	3	15	20	14	5	13	12	16	11	13	13	15	6	2	11	4
6	10	19	14	15	7	18	5	17	13	19	19	16	7	12	14	9	20	11	19
5	6	9	17	11	7	17	18	12	4	10	1	14	7	10	18	18	1	1	4
11	18	3	12	20	12	19	17	12	5	10	18	4	14	4	7	11	7	5	10
16	17	3	8	16	4	2	19	5	19	1	7	6	10	16	11	4	16	19	14
8	8	10	10	7	7	13	18	13	1	14	15	14	12	10	12	17	18	19	2
1	17	6	16	8	12	11	8	12	7	19	5	9	5	2	17	3	5	4	12
13	7	19	6	8	14	14	10	4	8	7	3	17	19	4	11	3	8	17	12
3	10	10	6	2	15	18	14	5	2	5	14	8	14	10	12	10	20	6	19
12	8	10	3	20	8	2	10	11	15	4	1	6	18	1	3	16	13	16	4
17	18	10	4	15	15	8	11	12	5	16	11	2	5	18	5	20	19	13	19
9	9	3	18	10	16	10	17	14	13	16	10	11	17	15	20	7	14	10	3
11	10	13	15	17	1	10	1	4	16	6	12	13	1	20	5	5	12	16	10
3	12	5	19	14	13	8	3	7	9	10	2	4	9	6	7	4	10	19	1
2	18	10	20	3	16	5	13	1	20	3	12	7	4	5	11	17	14	9	12
15	11	18	2	1	9	9	5	11	14	3	18	13	6	5	11	20	11	9	7
7	7	13	1	6	9	14	1	1	19	11	5	14	5	14	12	3	10	12	2
15	6	15	17	15	5	1	18	6	8	4	5	4	9	2	8	19	15	5	17
20	14	15	15	5	5	17	4	13	13	5	10	10	10	14	14	18	18	12	6
19	10	19	2	20	20	11	10	10	5	3	9	10	6	4	15	3	5	19	18
12	3	7	20	20	6	5	14	20	17	14	15	4	1	2	15	9	16	1	20
19	18	19	15	18	7	14	11	6	9	14	2	20	7	7	8	7	20	20	17
18	11	19	14	14	11	2	14	19	10	13	11	7	14	17	7	12	20	10	20
2	7	9	17	9	3	2	1	2	19	3	9	17	6	8	12	18	2	11	19
15	2	10	16	9	18	13	4	5	3	4	12	13	18	12	5	8	10	9	7
12	10	2	2	4	3	18	3	9	15	3	15	12	10	3	1	20	8	11	15
12	5	8	5	8	4	18	14	2	17	15	16	6	7	18	13	6	7	20	16
11	3	7	10	5	12	17	14	5	17	19	17	2	16	9	11	4	6	3	9
9	14	16	14	16	20	13	10	15	2	13	16	10	4	16	16	5	15	16	15
9	18	6	3	17	8	1	11	15	15	19	12	20	11	13	8	2	1	7	20
4	12	13	17	4	17	6	6	2	9	16	17	5	17	6	14	7	14	16	16
4	9	8	19	14	15	3	20	1	11	2	6	6	15	4	1	10	13	2	13
12	4	5	1	6	4	5	9	3	10	6	18	5	10	10	2	6	11	4	5
5	4	7	16	3	11	3	7	16	8	11	3	3	1	14	16	19	11	13	10
1	3	14	11	3	8	6	5	10	8	10	2	2	11	16	9	13	18	2	3
1	10	12	3	8	5	8	19	3	4	11	4	11	5	2	6	2	9	12	6
9	15	11	14	18	15	12	17	13	5	12	13	5	18	18	11	7	6	4	3
2	4	20	1	19	12	4	4	12	4	17	2	9	10	17	10	1	10	8	6
17	1	2	13	1	3	1	1	20	12	9	19	10	18	8	3	6	10	6	16
9	19	6	16	8	14	5	13	12	19	9	20	4	12	18	9	15	8	7	2
5	15	15	7	11	2	16	8	15	10	19	9	4	10	20	10	11	5	9	10
10	20	3	9	2	13	9	8	9	6	15	18	1	12	5	7	8	18	4	7
10	2	8	17	12	20	10	12	13	4	11	8	8	13	3	9	10	19	15	7
11	6	16	4	3	3	17	7	13	16	8	2	11	12	17	7	17	2	3	16
4	15	3	17	18	4	5	13	10	20	17	5	20	8	13	14	7	11	10	16
10	20	2	16	16	6	16	20	4	13	2	18	16	6	20	10	11	10	14	17
13	1	15	15	17	13	12	16	10	7	12	18	11	3	8	2	13	9	19	13
3	6	18	18	6	11	15	5	18	12	9	9	15	9	13	1	15	19	19	7
12	1	9	5	2	4	2	11	10	16	2	6	16	20	2	7	9	6	3	20
3	4	15	7	7	17	7	16	3	8	7	7	10	19	2	10	15	10	15	4
14	3	8	7	5	8	6	2	8	11	19	2	13	7	4	3	17	1	13	15
5	7	2	6	18	17	1	7	13	5	6	12	4	4	19	5	9	13	11	15
1	15	3	12	10	7	4	14	4	5	15	16	8	19	10	9	12	4	15	3
5	8	5	9	5	11	3	2	6	1	4	6	15	16	16	6	13	10	15	6
11	3	19	15	14	19	20	5	1	20	16	17	9	2	9	10	17	2	14	6
10	3	18	15	3	5	11	10	1	18	11	5	2	15	9	20	10	1	15	1
2	6	6	11	3	9	20	6	18	17	2	12	17	19	9	20	13	8	3	17
15	6	18	7	8	3	12	20	16	15	10	9	9	6	10	11	18	8	9	12
10	18	6	7	14	11	11	11	3	3	10	18	4	8	8	13	13	19	18	16
12	2	3	7	18	1	12	6	20	17	9	4	10	6	16	3	18	10	11	9
3	16	3	12	1	1	11	11	19	14	11	7	19	1	13	7	12	20	14	6
7	11	13	19	7	19	16	19	14	10	10	8	10	17	13	7	18	3	18	10
5	14	18	1	4	20	1	16	15	18	13	13	16	5	20	20	18	15	10	5
10	14	16	18	14	5	12	11	14	1	16	6	11	17	15	20	7	11	8	10
10	4	9	19	7	6	12	11	8	11	19	3	2	12	3	4	4	15	9	12
13	17	16	8	4	3	20	18	13	14	19	1	7	1	5	13	18	6	6	8
5	9	8	19	15	15	10	19	4	1	17	6	1	5	2	3	1	2	20	10
5	16	4	10	13	20	13	15	16	16	18	15	2	14	9	20	20	5	6	7
14	19	18	8	3	9	7	3	13	14	7	9	6	4	19	18	10	13	12	1
7	16	9	6	20	9	13	16	7	11	17	12	9	5	10	19	1	8	14	20
7	2	18	10	17	2	3	7	20	14	12	5	14	15	5	20	4	6	13	5
9	12	19	11	15	14	4	1	16	20	20	1	17	5	12	11	15	10	18	20
8	19	8	12	8	16	2	20	13	18	16	19	11	14	1	20	1	5	19	13
10	10	5	17	4	19	17	15	16	12	14	4	8	17	3	15	9	6	14	8
13	19	7	19	12	15	13	16	12	10	19	11	4	4	8	6	8	19	14	4
14	2	5	10	8	6	3	9	11	1	19	4	19	3	11	13	19	19	1	2
4	6	14	15	13	19	3	6	12	2	6	9	7	12	11	6	14	16	8	13
10	15	14	7	19	19	16	5	6	15	4	2	17	7	15	10	17	7	11	8
12	13	10	18	1	8	2	13	13	7	11	7	13	20	10	20	14	1	10	2
12	16	16	16	20	15	13	16	17	7	4	16	11	8	1	5	12	15	12	3
7	10	13	14	11	11	5	13	12	7	19	1	14	9	16	19	15	19	6	7
17	1	2	1	14	9	17	20	16	18	7	12	14	4	12	1	15	12	5	7
11	8	3	18	2	6	3	13	7	10	16	12	7	19	4	12	15	3	2	14
16	13	13	6	8	6	1	13	14	2	10	1	15	3	16	11	14	5	9	10
20	7	1	18	7	7	19	13	9	6	20	9	7	4	13	2	14	16	4	15
3	1	18	6	18	20	5	10	1	2	2	11	18	13	3	13	14	16	8	5
1	10	18	2	2	14	17	9	8	7	5	19	1	2	3	16	20	13	18	9
14	16	2	12	10	9	18	3	1	12	20	17	17	11	15	17	14	11	1	15
14	13	11	18	1	16	8	19	3	4	1	2	11	5	15	14	1	7	1	4
19	19	8	15	2	18	9	15	13	16	15	14	9	13	2	19	13	6	4	8
11	14	10	5	3	17	19	4	12	8	15	4	17	7	14	1	12	15	13	1
16	10	12	2	19	17	10	7	15	17	8	5	1	16	5	7	19	8	16	17
1	7	10	12	8	19	15	17	17	18	12	10	8	11	13	18	6	15	19	14
1	16	3	2	16	9	11	1	2	12	4	18	7	19	17	11	18	18	6	17
16	18	17	15	19	15	13	13	9	5	7	1	18	5	3	20	6	9	16	8
13	17	5	2	19	19	15	10	8	12	5	19	10	13	11	1	9	7	5	2
8	3	14	3	9	16	10	14	14	8	6	5	6	4	14	5	16	2	2	1
13	12	19	4	6	15	7	7	2	12	17	14	2	14	17	8	7	1	9	13
17	8	19	8	2	4	6	8	4	13	6	6	11	4	1	17	18	20	17	15
11	15	15	9	20	15	17	14	1	19	13	13	1	1	9	17	2	14	18	18
20	13	1	2	8	16	2	10	9	3	1	6	1	7	4	17	7	1	14	11
1	7	16	2	17	19	7	17	17	1	14	16	18	16	14	3	15	2	8	1
9	19	10	20	7	18	6	10	18	5	3	19	11	11	17	12	12	13	9	5
8	14	15	14	12	18	1	16	10	16	12	3	14	1	17	8	3	14	1	19
11	8	5	6	12	19	12	16	8	12	3	1	17	12	10	4	7	6	19	12
2	16	9	6	15	4	8	5	19	10	1	8	1	12	19	11	13	2	7	19
10	15	15	4	16	7	5	19	5	16	10	1	18	19	1	19	18	15	13	15
17	17	14	7	5	6	2	8	10	20	19	13	4	5	20	5	10	15	4	18
15	14	10	19	1	3	18	12	18	13	8	1	19	17	18	13	9	20	5	13
16	5	17	20	16	1	14	1	5	1	6	1	8	3	1	5	9	7	9	16
6	18	12	19	14	17	7	2	9	6	6	17	7	9	15	2	18	7	10	18
17	20	9	16	15	3	10	15	16	3	20	1	20	2	18	7	19	11	13	6
13	10	17	3	13	9	15	2	19	20	9	3	11	11	11	16	16	17	7	19
12	3	16	1	3	1	14	18	1	4	18	16	8	11	3	19	8	10	16	1
4	14	6	13	1	7	11	12	5	4	1	15	20	20	1	17	17	2	19	20
2	16	9	7	20	9	4	7	3	8	13	4	7	7	14	14	8	11	1	9
1	19	2	15	15	2	8	17	1	9	3	6	20	20	20	3	10	12	2	16
10	17	10	3	2	8	7	2	8	13	13	8	7	10	20	10	4	19	6	19
18	12	10	16	20	17	16	19	14	12	5	20	5	9	2	16	2	10	8	10
1	16	4	4	1	14	12	17	15	10	11	14	1	14	11	19	5	6	18	15
4	10	12	11	19	17	1	20	1	20	18	14	8	16	2	18	2	15	9	18
8	1	3	5	4	12	17	5	3	11	8	15	11	15	1	4	6	17	12	19
6	11	17	11	1	11	10	6	20	9	13	4	11	12	8	12	20	5	6	16
8	16	13	12	15	4	8	16	3	18	5	6	8	13	10	3	16	1	4	4
12	5	9	5	13	8	3	7	6	17	17	5	19	8	16	7	14	6	16	9
16	20	10	20	19	5	17	8	8	19	2	12	7	11	11	13	20	9	14	11
11	10	5	12	14	5	7	8	5	8	17	4	15	13	9	5	12	19	18	13
15	10	12	14	13	5	7	8	11	15	15	19	9	3	14	7	2	14	5	7
16	11	2	12	2	3	18	6	14	11	7	19	11	12	13	18	3	14	11	15
8	9	9	15	20	2	12	1	14	9	1	18	11	8	7	9	19	18	10	6
3	19	9	5	18	10	14	8	3	18	3	8	8	20	7	15	3	20	10	17
16	6	10	9	6	15	5	12	1	13	13	11	20	4	5	13	20	9	5	8
3	7	13	10	4	15	6	12	4	17	18	4	12	11	4	17	1	6	6	3
1	11	5	20	12	15	11	19	7	2	16	1	10	3	14	13	10	5	2	20
15	8	12	3	17	13	8	16	12	19	6	14	4	18	15	15	3	8	7	12
15	13	2	8	1	3	17	9	6	16	8	10	20	17	2	10	18	10	2	14
15	4	13	4	18	16	5	4	13	14	18	12	19	13	8	2	17	2	6	11
4	1	19	1	19	19	14	1	20	13	5	5	13	18	19	4	1	7	12	17
2	10	12	20	19	14	11	2	3	7	6	5	16	13	8	11	15	10	9	19
2	2	15	14	9	8	4	1	15	8	4	11	16	11	3	6	7	19	5	17
13	9	5	3	12	13	16	19	16	1	4	8	6	14	16	16	4	1	20	6
4	3	2	6	8	19	20	13	13	19	5	2	15	9	12	11	9	18	11	8
14	7	10	20	11	13	16	20	1	11	1	15	20	13	19	8	14	4	19	1
1	16	13	12	11	15	10	12	6	10	20	1	11	7	4	7	7	9	2	14
11	18	10	10	16	17	6	15	17	11	14	12	20	17	13	13	20	16	8	10
6	3	5	18	8	6	20	12	13	16	20	4	6	18	13	5	4	19	11	18
12	3	6	11	6	11	6	10	15	1	12	14	5	7	17	5	16	13	4	13
4	8	8	10	13	14	7	18	15	1	9	3	18	11	4	19	17	4	4	1
15	14	10	17	12	13	15	9	11	5	13	6	12	3	20	20	7	2	6	7
8	7	2	15	12	10	18	10	16	9	11	5	20	20	5	18	20	12	2	16
13	4	15	19	14	8	4	12	2	9	10	8	19	18	13	6	8	13	9	8
13	3	18	16	7	9	11	2	20	14	3	13	16	15	3	18	10	15	1	2
13	3	8	16	12	15	16	3	3	13	4	7	3	16	13	19	11	15	17	6
1	9	1	2	2	20	16	18	4	7	10	4	18	19	8	2	16	4	12	14
16	4	2	18	2	3	19	15	20	4	5	3	11	14	14	2	13	1	2	3
18	17	16	8	18	4	11	16	7	6	18	17	13	16	14	20	14	15	19	9
9	12	11	2	15	7	4	11	8	10	6	5	8	15	13	5	3	7	12	5
15	11	10	4	16	19	9	8	17	20	3	7	6	2	11	1	10	3	8	11
2	2	14	9	13	7	11	1	16	18	8	8	4	1	14	3	18	4	7	5
18	13	6	17	18	4	6	13	18	6	1	2	4	5	11	19	3	8	1	8
15	7	9	14	1	9	3	20	5	6	20	2	12	15	15	17	13	4	4	2
1	6	19	11	17	4	12	2	15	3	1	7	9	19	16	8	2	17	4	7
9	8	15	20	8	5	8	8	2	11	7	9	18	9	11	3	19	13	7	5
20	7	5	14	18	7	14	19	5	17	2	17	14	5	4	19	16	16	2	17
15	18	9	9	15	7	20	19	19	15	5	15	10	8	12	4	17	18	4	2
10	18	7	18	13	13	11	20	2	17	11	4	14	17	12	3	8	7	8	1
12	13	12	18	4	8	16	16	10	17	10	16	5	11	15	5	2	8	16	3
17	10	3	5	10	6	16	2	10	19	17	9	6	2	5	20	17	3	17	2
4	14	5	8	14	3	11	9	12	2	9	20	16	16	10	8	8	5	14	3
13	15	12	20	2	13	2	16	15	3	7	12	6	8	19	8	15	11	9	7
1	13	19	3	3	18	1	10	1	14	9	9	17	3	3	18	7	6	18	12
10	11	3	7	7	18	17	4	18	18	14	6	17	16	8	11	5	12	17	6
9	13	3	18	14	9	1	3	19	14	13	15	19	6	9	4	10	20	16	8
4	19	4	9	17	12	20	10	7	2	7	17	5	20	13	14	16	15	9	7
12	2	20	19	9	8	1	16	20	2	5	7	4	9	20	20	10	18	13	7
6	12	14	1	2	9	17	13	15	6	15	16	16	1	14	3	11	8	6	3
1	15	7	7	6	2	10	11	4	18	19	10	11	12	8	4	15	9	19	7
19	20	18	7	19	1	14	20	4	4	1	7	18	10	20	3	4	8	5	2
20	11	15	12	10	20	3	11	1	18	2	20	7	10	20	9	14	17	19	5
13	3	16	8	9	12	8	1	9	2	8	6	13	12	14	12	11	15	19	8
3	19	11	4	6	4	1	9	8	3	7	18	7	2	11	5	7	15	3	1
19	3	20	13	5	12	13	8	16	16	10	3	10	10	8	15	9	4	2	15
17	15	4	10	8	10	20	20	9	5	8	1	14	14	16	13	2	4	16	16
7	12	10	6	20	4	11	6	17	18	20	6	7	5	1	16	6	11	19	3
8	20	5	7	18	14	10	18	1	2	4	5	11	13	18	18	6	4	8	19
19	5	11	18	8	10	6	7	4	3	2	13	18	6	3	3	3	13	13	13
2	10	1	11	11	20	12	20	8	7	7	14	14	12	12	19	7	6	13	20
15	12	18	4	19	4	20	5	8	16	15	3	14	18	18	20	2	16	6	14
20	19	15	18	3	9	10	19	13	3	6	6	16	20	16	18	11	5	1	6
14	20	6	2	2	1	9	12	14	12	12	10	13	8	19	1	17	13	2	1
3	12	9	1	9	6	14	11	13	20	6	7	11	5	6	3	18	7	6	12
19	16	13	18	2	8	19	13	20	15	19	5	3	18	18	2	7	19	7	2
7	18	11	9	11	18	6	18	1	7	18	5	15	2	16	7	6	12	1	3
10	18	5	8	13	14	20	19	20	12	18	1	7	8	10	13	9	7	16	13
2	14	3	18	19	9	11	9	11	18	10	18	4	11	20	13	3	13	3	12


2	2	1	1	2	1	1	2	2	1	2	2	1	1	1	1	2	1	2	2
2	5	3	1	3	4	5	4	3	2	4	5	4	3	5	1	1	4	5	4