500	7	20

1	1.3	1.55	1.75	2.1
4	6.76	9.61	12.25	17.64

11	53	82	42	5	2	77	75	73	64	93	89	48	67	90	4	50	35	92	72
54	55	10	72	24	72	28	2	62	4	2	28	59	56	94	64	40	5	32	88
39	55	81	63	66	65	26	84	59	52	57	92	40	88	9	91	69	36	5	78
9	61	17	92	37	74	4	31	50	91	21	34	94	77	18	92	19	60	29	76
8	61	57	40	31	6	50	33	81	65	67	10	39	68	67	42	36	49	81	15
73	48	13	32	19	54	57	42	20	71	62	97	32	12	92	59	78	9	46	64
17	85	90	79	34	24	46	35	10	29	9	33	87	30	60	92	30	64	46	5
73	50	48	26	58	17	95	62	36	74	88	82	42	16	13	20	97	43	67	36
48	60	77	86	93	15	88	27	56	33	73	87	71	36	85	69	62	70	87	88
6	42	38	83	53	16	66	81	93	77	33	27	66	52	86	55	38	85	34	29
26	33	31	94	56	62	73	34	16	59	46	41	40	97	29	79	88	64	90	68
80	49	29	82	74	73	77	31	84	85	55	27	23	43	78	24	48	75	86	40
4	32	62	78	47	15	59	56	73	73	12	9	50	25	76	34	87	47	55	65
37	13	20	74	1	34	38	36	91	4	13	74	86	3	15	37	43	51	5	12
5	36	83	86	3	35	17	19	12	93	57	60	16	60	71	24	40	99	96	18
84	3	89	48	29	37	63	50	37	15	64	34	98	91	45	86	78	34	8	38
67	29	43	79	94	52	56	70	22	30	57	94	51	22	24	36	72	19	62	39
46	72	61	81	93	91	54	86	46	94	20	65	27	73	16	23	57	5	35	8
11	48	72	69	22	75	81	40	2	52	7	31	19	85	17	48	31	51	79	7
6	98	2	61	26	51	42	48	11	68	70	3	44	5	91	32	8	70	39	43
28	79	65	1	70	52	21	53	26	95	6	15	97	18	80	80	65	19	62	63
20	26	54	75	10	50	16	70	34	19	87	79	93	68	97	51	11	25	46	11
62	53	1	92	93	56	56	7	85	8	82	98	56	2	23	83	63	21	30	90
27	39	93	11	50	93	44	80	25	72	70	15	82	47	2	77	54	46	32	67
93	63	42	96	22	31	94	70	31	45	85	46	13	21	73	45	10	90	19	98
15	99	85	48	45	91	53	90	61	32	50	18	86	58	47	24	3	52	16	83
15	25	39	50	6	93	24	88	73	36	33	9	20	18	63	31	61	50	71	55
20	64	35	86	26	86	27	92	51	24	28	77	19	14	11	36	61	47	49	51
90	19	89	2	7	75	54	68	16	93	49	25	48	66	69	12	40	59	81	35
18	10	61	32	79	20	99	39	28	37	55	32	49	60	55	51	48	31	21	60
89	75	34	2	66	54	52	59	9	76	69	82	86	79	5	82	92	60	89	57
13	80	90	31	22	73	73	92	84	80	49	9	80	92	59	96	20	95	1	51
21	98	61	61	65	37	87	45	1	85	69	17	74	65	53	12	99	43	56	4
52	34	39	48	63	51	21	97	51	68	50	72	85	48	15	22	8	3	39	15
20	19	49	63	31	32	96	74	29	33	45	69	84	30	25	7	52	45	89	83
63	27	68	19	66	92	31	10	70	30	1	17	78	99	48	71	25	55	82	42
71	29	17	24	68	39	19	59	77	17	60	60	76	63	65	3	83	73	24	91
96	71	81	27	36	81	99	50	91	88	1	35	61	31	9	37	74	57	9	88
76	48	55	89	57	39	75	81	61	50	25	21	10	37	13	12	19	63	92	81
98	76	28	1	79	47	55	85	19	18	9	91	89	23	83	68	16	46	68	9
95	91	39	64	75	77	15	93	35	25	15	58	29	13	13	91	50	37	95	13
70	56	6	93	28	20	35	92	22	74	29	99	34	96	19	89	58	8	22	18
37	54	87	47	87	77	20	8	6	16	45	53	5	43	78	38	22	67	89	35
10	12	2	70	14	54	20	27	31	60	10	64	51	40	19	33	26	17	59	20
31	91	4	7	7	36	50	32	58	47	45	41	75	35	66	27	20	40	58	76
94	4	95	14	1	34	53	2	37	96	19	72	67	57	39	32	84	59	70	7
97	75	69	18	11	76	28	76	42	80	18	1	57	61	9	44	29	43	95	90
49	12	73	52	2	34	44	50	92	91	46	63	84	36	77	40	35	61	63	38
77	55	1	87	18	5	47	55	4	26	74	41	94	27	17	75	1	86	76	97
10	8	26	95	77	86	3	48	61	13	70	66	73	2	60	13	90	54	74	24
80	98	3	26	40	40	30	16	29	68	19	80	40	45	89	75	42	39	26	17
70	15	21	37	72	44	60	61	49	9	70	58	7	73	93	49	8	53	77	88
15	82	16	53	90	65	58	53	10	24	31	24	72	80	20	60	99	77	56	60
31	1	16	50	87	5	31	96	21	22	5	53	58	47	47	11	98	24	97	77
69	80	26	26	2	78	58	42	91	44	98	98	24	81	49	60	28	27	87	24
74	44	21	29	39	44	92	65	60	43	97	86	46	45	71	1	79	85	77	62
2	54	66	11	70	71	48	71	59	67	57	27	24	72	68	21	92	56	12	39
27	57	54	34	94	71	83	17	41	46	81	44	55	17	59	66	87	69	78	29
3	46	18	27	26	96	98	19	39	70	13	1	42	62	25	56	40	70	23	33
25	97	96	31	61	12	76	84	63	89	95	24	67	3	80	65	79	56	50	38
84	88	23	11	41	67	10	56	8	83	37	60	96	84	15	98	10	67	10	8
92	3	81	84	63	96	17	17	46	43	35	81	34	90	18	28	8	79	28	93
21	38	4	46	59	8	30	94	14	40	4	89	60	28	83	15	44	41	17	51
20	33	87	14	16	65	44	29	20	45	36	90	98	41	24	45	13	44	99	86
75	9	21	41	41	99	16	18	23	31	42	65	7	50	11	19	20	57	31	2
18	32	28	81	12	18	72	87	71	24	86	58	97	76	22	49	47	82	56	50
50	15	62	63	96	96	31	93	98	42	67	63	7	21	44	6	27	36	17	78
65	25	40	15	59	51	67	19	94	48	99	92	24	41	20	82	54	6	23	23
72	30	10	23	89	13	24	22	37	12	3	73	87	56	9	4	5	35	84	70
98	93	3	72	59	86	58	36	20	40	69	63	12	56	54	49	35	10	31	60
12	39	66	34	48	51	7	10	94	66	47	32	57	7	68	92	94	68	3	74
93	6	28	67	93	85	78	98	2	64	24	64	70	38	6	43	7	21	43	30
34	71	95	72	65	86	6	33	18	38	17	53	72	2	72	27	78	8	86	62
14	1	39	5	42	14	81	43	57	12	67	65	3	57	5	73	3	99	3	63
14	62	68	54	9	77	77	75	22	55	80	3	40	55	27	71	51	41	22	91
74	84	90	19	42	93	61	64	4	98	64	81	19	6	70	41	90	95	77	36
15	64	84	80	96	86	65	97	44	83	36	37	29	14	25	53	15	28	69	81
39	22	10	69	78	83	1	21	69	28	23	53	18	64	87	57	82	93	46	91
83	28	17	30	17	91	57	57	91	79	35	89	40	95	17	90	6	46	8	69
56	35	52	20	61	27	32	4	81	38	40	36	50	94	55	68	82	1	54	21
2	15	7	1	46	90	57	44	11	26	28	71	2	4	48	77	29	4	53	69
98	5	18	18	53	30	93	60	63	75	21	21	19	81	75	15	5	26	75	6
16	20	26	23	94	63	1	47	89	84	96	54	50	71	72	79	96	36	44	71
59	3	38	54	40	69	88	33	74	66	93	99	49	35	48	29	26	49	74	97
10	61	63	23	17	62	82	94	73	64	61	1	89	68	41	90	5	60	41	24
47	14	79	98	51	87	52	44	67	40	72	92	87	42	44	66	2	41	80	94
5	49	77	57	44	9	33	14	45	8	76	78	46	26	6	22	99	1	28	5
68	17	56	41	30	59	92	60	33	14	29	19	12	47	99	21	85	18	29	25
50	68	36	39	95	53	23	25	32	39	63	89	90	62	64	38	91	52	81	9
43	96	75	16	80	49	10	19	99	34	69	26	12	40	12	69	73	88	5	23
51	46	8	53	27	61	44	40	71	9	74	56	84	91	82	70	37	99	70	27
73	50	14	10	11	76	85	73	42	41	44	83	22	4	60	9	24	73	23	53
24	91	6	36	54	51	65	31	51	52	26	62	12	93	18	33	95	83	91	77
82	16	81	49	26	60	32	87	82	79	36	32	14	81	30	64	25	84	36	45
94	23	76	61	92	64	87	88	59	93	45	10	90	53	83	51	78	87	6	51
91	18	59	54	34	92	89	35	15	64	50	2	26	60	61	35	81	10	2	19
75	19	94	47	13	33	10	47	60	4	26	24	23	89	55	93	82	88	24	42
17	7	9	79	74	30	75	30	14	49	41	42	33	60	18	67	46	80	92	43
35	94	31	71	80	36	95	86	72	40	27	18	6	1	95	94	35	91	8	89
33	14	46	31	42	77	67	94	19	26	2	3	75	37	60	5	62	62	95	8
24	53	65	61	39	97	50	94	27	75	41	34	26	42	27	67	86	54	3	73
78	75	26	26	27	12	85	3	93	44	22	56	89	13	91	32	61	94	15	49
80	9	12	89	12	78	17	11	45	18	98	18	28	44	41	1	31	7	91	64
39	14	72	4	19	88	47	17	56	67	74	68	92	90	46	67	90	84	83	91
59	54	7	92	30	82	25	34	1	89	89	26	66	57	24	62	61	94	65	52
27	9	14	62	39	30	6	52	50	73	54	66	65	72	25	70	97	35	1	28
76	65	40	51	97	29	42	16	15	90	49	8	7	51	19	64	24	1	45	9
32	41	4	24	75	6	39	63	32	59	33	93	45	4	82	72	65	53	98	72
60	86	56	18	71	50	39	33	98	68	3	1	18	31	56	55	18	59	47	10
14	78	17	88	43	17	44	3	93	96	72	74	30	3	29	75	16	15	53	12
55	1	29	67	12	8	61	37	33	20	15	26	54	14	37	26	16	53	3	97
27	65	40	81	61	74	64	93	54	76	4	21	81	95	45	57	49	90	18	76
9	93	95	72	34	72	52	89	94	57	57	64	69	85	23	90	26	44	92	96
28	41	98	35	68	17	85	29	21	76	22	91	95	89	50	43	36	86	8	5
8	77	38	41	61	28	26	41	31	32	34	96	50	97	51	39	55	85	96	90
73	17	71	20	20	66	35	62	65	68	7	96	88	44	20	89	82	28	42	21
77	51	5	97	53	16	90	88	87	30	54	39	98	19	14	85	38	87	65	98
62	26	25	92	63	5	49	46	83	46	62	81	8	50	30	81	40	89	65	71
70	75	82	44	13	58	19	68	34	90	84	78	31	33	37	55	55	88	67	9
90	93	63	19	13	55	11	32	46	92	11	15	27	86	12	98	97	37	31	73
28	43	89	74	7	44	95	1	4	56	47	85	62	62	28	67	57	57	92	88
93	29	88	75	75	29	52	55	29	67	78	59	62	28	77	99	50	68	32	5
57	52	68	58	80	7	12	55	80	20	81	31	18	63	55	26	41	96	47	93
14	71	88	26	69	96	54	2	58	5	71	16	25	34	29	90	5	1	8	84
30	62	58	62	16	73	66	70	45	4	47	5	36	9	86	46	70	55	6	7
40	45	31	61	5	99	23	56	51	22	70	83	76	28	43	42	50	2	66	88
66	42	67	40	18	80	41	83	98	5	19	16	98	87	65	47	82	80	79	82
52	51	4	87	87	92	37	37	81	17	70	37	9	77	44	28	40	12	7	63
95	98	99	79	66	63	52	32	87	74	71	57	30	11	3	55	46	31	82	15
90	65	21	58	92	86	53	68	14	30	20	27	83	3	87	96	92	73	77	67
99	79	36	89	97	21	22	24	57	57	43	9	33	36	45	39	96	72	67	4
23	75	73	5	66	82	14	96	89	23	65	42	46	11	66	88	66	79	99	64
89	45	84	53	89	78	60	82	78	17	68	63	54	96	13	4	79	55	84	3
33	41	18	34	93	63	24	93	4	58	91	74	48	34	58	8	44	50	97	5
77	10	82	81	11	62	55	73	71	52	99	57	33	79	87	97	8	74	4	94
72	76	20	35	1	6	76	11	93	34	39	85	52	4	10	77	85	5	17	98
20	90	9	6	40	63	71	47	85	79	88	20	68	13	82	6	27	51	23	37
67	63	81	84	47	96	92	70	53	72	94	89	67	49	77	28	53	24	38	12
23	53	30	77	88	69	3	4	80	49	72	63	65	43	24	28	61	5	5	28
81	74	59	84	61	37	50	55	16	81	43	35	83	87	3	52	97	75	19	31
84	82	26	28	8	10	87	26	29	67	23	29	18	6	74	63	94	2	70	71
59	41	76	10	12	5	11	68	7	92	61	37	28	7	7	8	76	11	15	26
47	21	41	26	43	47	30	67	80	32	74	59	29	86	45	45	40	36	39	99
74	27	78	33	35	96	85	60	83	30	39	49	22	21	99	75	75	95	20	82
76	33	43	23	37	40	50	48	75	13	17	70	87	90	90	9	36	70	83	20
38	68	34	93	12	9	47	63	47	99	60	71	57	5	54	49	18	36	53	19
88	58	18	62	18	40	64	55	75	45	39	85	29	34	65	86	98	73	80	61
74	59	94	75	81	68	53	16	97	46	59	99	51	20	31	45	74	80	40	98
64	25	9	40	13	35	62	29	2	89	14	10	47	37	17	81	16	42	80	69
45	41	23	69	47	50	65	83	54	54	70	24	34	64	63	52	64	76	73	69
6	98	3	65	89	97	31	55	97	70	42	67	27	96	67	68	6	58	66	95
33	25	53	85	81	36	18	31	88	84	33	87	95	88	2	87	60	44	33	35
29	46	33	78	50	31	52	2	5	69	5	29	69	99	79	19	41	86	69	53
42	87	98	55	89	41	36	50	91	97	81	53	67	8	88	69	34	74	61	19
8	76	13	44	45	80	1	54	2	89	60	93	16	93	28	99	22	78	30	85
18	79	11	56	80	91	6	23	74	88	82	28	5	99	59	27	52	1	38	93
94	66	51	56	68	52	73	21	28	55	37	70	95	59	48	62	7	21	28	93
82	57	80	16	95	70	85	42	12	99	1	8	94	48	66	73	86	30	82	17
29	30	99	46	68	11	16	71	52	19	16	36	75	60	91	6	72	56	59	75
57	12	29	32	50	15	38	80	67	48	79	50	38	30	27	76	2	94	85	39
31	18	38	60	41	90	34	12	98	65	88	16	79	72	98	69	20	16	61	74
70	89	8	2	6	93	46	52	38	76	77	6	76	51	66	66	54	95	29	81
49	98	98	45	42	3	28	15	72	63	22	67	63	86	8	92	55	26	76	33
28	51	26	83	68	13	7	28	54	20	72	6	32	35	91	95	93	70	21	18
91	81	22	87	68	12	51	87	85	94	27	11	5	53	59	7	54	62	6	67
90	81	7	83	3	96	7	19	10	25	52	18	1	10	31	93	70	78	42	94
75	61	88	15	21	34	71	16	27	48	16	24	1	35	32	25	28	94	11	83
12	95	46	46	24	28	93	26	62	99	41	52	72	32	71	52	22	68	74	71
31	79	82	28	7	12	66	7	62	2	78	7	72	6	19	22	52	96	8	34
25	60	94	90	98	75	69	26	68	51	73	28	48	44	7	64	3	29	31	41
49	7	60	29	97	59	1	68	85	52	78	64	60	84	34	61	46	91	94	83
73	17	55	97	12	3	70	44	63	59	17	29	47	30	93	77	41	94	60	94
10	78	82	36	93	77	81	38	74	15	86	41	42	17	11	19	91	63	22	85
66	1	90	10	82	14	43	4	40	17	8	74	37	73	36	56	37	39	4	45
12	55	32	12	2	29	15	12	91	1	46	68	24	77	99	33	10	28	87	98
13	45	81	85	31	67	82	68	22	98	50	44	10	88	11	35	16	27	51	67
41	57	40	58	40	52	5	57	79	34	28	78	92	44	53	43	11	93	66	66
40	38	28	87	13	25	46	7	99	8	85	32	87	28	45	39	77	79	10	86
65	83	19	33	79	10	92	12	58	11	48	58	15	54	10	64	19	47	36	18
62	99	91	97	56	22	9	74	67	32	37	77	12	54	64	15	83	27	84	41
63	30	78	6	50	5	63	53	31	11	48	76	96	88	44	41	55	35	53	21
30	28	16	2	26	64	46	1	95	3	34	80	84	23	39	8	39	82	98	76
19	90	25	1	53	37	17	28	64	6	43	43	18	59	7	91	71	90	9	69
69	76	19	21	85	81	6	63	79	47	44	65	91	90	80	68	74	47	47	28
98	29	75	99	12	32	2	96	9	92	45	80	1	67	11	67	7	19	83	27
19	32	79	52	34	44	16	85	8	85	6	48	4	4	8	7	59	4	51	12
71	43	7	52	84	19	83	55	19	44	65	73	72	65	60	73	91	72	16	69
44	11	75	76	9	52	48	91	1	28	94	22	79	17	28	66	83	79	28	70
27	17	30	11	37	95	28	47	6	52	26	27	81	84	11	45	29	29	18	57
70	3	53	52	51	67	34	64	46	65	44	5	47	37	8	90	72	43	49	3
98	72	47	71	54	68	43	36	95	53	65	76	67	1	53	3	59	56	89	79
70	39	7	54	24	74	83	52	42	37	9	12	13	33	31	57	98	97	48	25
61	74	20	40	52	89	83	63	31	56	94	28	22	92	82	85	40	67	42	47
11	44	53	99	91	81	31	57	97	90	64	10	7	63	87	48	78	54	89	34
51	66	67	9	26	85	64	32	30	95	26	65	80	55	55	66	82	77	34	76
25	71	81	15	18	1	11	99	64	45	26	29	83	80	26	43	61	3	89	89
88	58	48	29	1	10	32	91	95	28	33	19	50	90	10	37	17	18	4	71
3	44	63	42	29	44	47	11	55	19	52	4	50	86	34	72	38	78	8	30
15	15	28	38	35	69	33	13	7	5	49	93	31	21	3	61	60	74	10	21
41	57	18	89	82	51	83	36	8	90	15	30	89	36	17	51	4	23	23	29
27	40	35	75	36	53	51	30	75	34	59	83	3	24	86	86	1	36	45	23
31	7	73	68	47	42	48	53	43	34	8	46	71	94	60	60	82	34	49	59
13	75	2	75	35	36	89	32	97	50	65	56	18	80	2	30	80	30	68	77
3	84	42	63	10	72	3	36	70	83	55	17	38	25	71	49	72	23	59	21
2	87	66	57	70	69	83	58	85	37	68	46	80	27	2	28	25	27	96	10
82	21	50	65	2	21	95	27	86	98	14	29	40	89	84	42	16	50	55	58
69	94	89	49	85	16	30	27	11	99	95	19	69	87	20	91	28	78	40	69
94	41	25	38	59	53	66	28	33	39	17	87	13	85	60	57	50	85	89	59
56	1	50	38	41	96	54	43	96	41	53	82	81	82	73	91	13	22	69	94
64	93	48	68	14	49	3	87	28	67	43	56	52	39	29	14	65	28	2	47
45	49	49	44	23	63	53	40	41	89	33	88	65	73	71	87	98	4	50	47
48	92	75	15	40	42	29	51	25	14	19	85	56	58	38	43	43	40	22	84
59	62	95	88	65	84	2	12	28	57	86	76	12	52	17	44	5	17	28	2
52	61	66	59	11	60	13	77	17	99	75	23	48	58	99	1	56	27	8	70
92	89	24	46	67	5	79	92	94	55	43	54	40	25	12	70	71	84	17	55
51	75	27	79	2	9	37	83	91	33	89	23	20	31	37	42	78	8	89	92
11	96	48	64	14	24	68	42	97	55	45	39	5	14	97	28	25	43	26	50
5	46	59	21	70	8	84	11	94	59	54	34	68	96	85	89	33	75	90	92
52	78	14	58	53	7	57	5	43	65	9	39	55	35	79	91	9	95	31	45
76	22	36	65	36	23	40	81	16	98	22	39	86	51	95	64	19	31	68	66
84	43	57	88	65	54	92	58	22	40	6	11	46	83	74	34	42	60	62	87
30	16	90	2	12	87	67	30	91	92	90	41	98	35	1	44	66	9	42	56
60	65	31	78	87	22	92	4	16	44	42	90	62	65	93	26	33	78	8	39
88	96	93	28	71	45	8	50	38	54	17	8	4	28	44	79	86	82	5	19
40	77	50	14	13	94	54	29	10	19	96	38	32	56	23	11	97	17	27	98
27	16	47	86	60	51	51	36	51	55	36	47	77	32	68	76	81	51	38	20
52	75	71	67	27	24	93	97	34	97	4	81	34	12	52	46	45	7	59	52
5	28	84	68	45	37	1	23	4	5	21	50	54	63	5	41	38	1	33	68
76	47	69	31	92	31	77	97	38	14	65	62	29	42	13	28	9	35	59	22
64	28	15	74	25	4	91	84	61	99	72	7	96	37	38	64	35	85	87	97
50	11	82	57	77	70	21	21	84	21	87	33	42	40	65	59	24	9	71	81
15	73	33	48	75	22	78	1	34	81	87	6	49	7	91	70	62	91	49	33
15	23	15	65	35	31	8	18	93	90	51	79	47	51	50	25	22	3	74	43
20	18	78	74	88	40	48	14	77	1	99	23	55	25	97	81	79	44	77	57
18	2	33	17	6	93	30	27	49	99	27	23	71	96	64	59	96	91	18	89
37	44	37	12	88	90	87	41	69	69	25	19	64	69	78	25	37	43	93	66
63	10	58	1	75	98	56	75	9	34	61	61	47	7	42	36	46	28	76	28
1	71	20	41	73	25	59	63	77	48	93	33	77	47	90	48	43	88	95	76
95	6	62	55	6	93	77	32	80	99	32	52	88	81	14	59	46	3	1	16
73	1	97	34	13	92	64	32	13	58	15	30	15	43	20	44	11	60	4	72
64	76	21	70	75	62	30	15	40	58	22	2	56	32	37	7	56	68	52	73
53	57	80	89	7	87	17	40	12	86	66	70	29	54	6	52	42	60	19	86
51	88	67	48	9	46	68	27	83	9	41	16	34	20	8	95	25	19	22	43
34	39	69	89	65	77	42	66	13	65	62	32	22	28	71	14	47	76	20	90
32	61	27	21	40	10	22	5	34	75	95	51	81	87	15	46	83	87	31	23
7	83	45	66	33	85	78	38	41	2	56	35	51	70	34	19	23	79	68	35
93	92	85	26	10	86	26	99	61	75	23	82	41	18	74	71	80	35	14	20
91	26	45	20	45	66	78	12	18	67	4	75	52	33	5	92	29	41	67	80
54	58	83	13	83	11	22	43	25	52	93	5	49	1	23	51	29	99	15	91
55	73	60	4	14	62	21	80	19	13	42	62	94	22	24	6	43	25	84	54
18	42	66	3	9	37	47	53	74	69	20	31	19	64	15	17	14	61	99	16
69	45	67	48	14	8	84	18	46	32	59	80	39	68	73	98	7	10	84	26
74	28	95	56	42	84	77	33	87	77	62	49	46	4	35	37	56	39	34	19
99	2	42	46	98	76	49	52	35	93	65	76	86	4	86	32	1	52	10	52
68	72	71	67	62	55	76	92	87	86	61	85	98	72	16	93	30	12	19	98
53	2	80	47	89	46	28	41	15	15	79	27	10	3	69	46	73	17	46	17
64	45	47	78	42	71	3	54	3	12	42	16	9	73	3	70	11	1	73	7
93	57	75	74	36	64	26	91	9	19	96	3	57	53	4	56	62	87	80	95
98	52	63	77	42	4	62	7	5	82	20	25	68	62	44	8	16	49	19	38
3	10	35	52	9	93	11	34	62	55	74	47	85	24	70	89	51	48	17	92
54	22	55	18	87	80	22	73	53	50	62	51	48	72	19	35	90	26	94	32
67	44	3	85	69	60	34	34	52	75	70	28	85	41	99	99	59	24	49	22
13	38	83	47	27	44	26	79	60	74	13	12	63	17	63	60	93	64	46	90
61	29	38	25	61	76	7	27	68	72	81	7	14	82	94	32	97	57	29	69
69	30	63	1	70	32	19	32	32	38	28	72	71	37	27	19	78	83	50	39
15	24	2	92	93	52	12	64	2	22	2	67	29	52	66	79	98	6	11	82
90	1	19	11	42	92	41	54	13	63	92	50	4	33	67	10	45	87	80	28
53	21	8	93	95	33	64	26	58	97	53	39	39	67	1	71	90	5	36	59
74	15	40	39	57	10	24	62	96	61	4	27	90	83	75	62	88	61	89	78
48	79	61	10	69	74	4	92	47	88	46	48	82	9	78	95	80	10	69	75
76	31	84	79	52	74	74	5	7	72	70	55	79	81	13	63	68	46	60	69
50	39	55	69	92	88	28	29	1	91	71	70	12	87	91	10	30	88	28	90
49	75	83	64	60	80	14	52	8	23	45	10	97	34	86	10	95	71	85	40
80	8	62	40	91	38	17	35	98	33	80	2	69	89	25	63	58	35	42	14
20	30	20	57	3	31	60	77	8	14	36	27	22	32	99	39	95	35	43	80
66	13	23	7	65	93	17	98	73	23	29	66	27	76	6	96	93	16	32	25
28	25	93	90	91	63	44	51	44	70	87	84	89	34	54	32	15	57	78	43
24	54	87	66	52	31	77	16	80	56	17	5	70	90	27	38	41	4	34	47
21	48	24	93	55	87	81	22	58	16	78	33	68	7	87	51	82	76	72	7
73	84	79	83	46	85	2	33	59	1	31	7	49	24	33	80	3	10	19	97
71	92	65	27	56	88	94	7	71	17	20	80	63	62	2	28	19	31	86	96
70	81	25	62	9	73	94	21	80	24	73	46	22	99	39	84	49	25	37	25
50	15	27	5	96	62	44	90	29	54	87	63	96	32	4	77	12	63	26	65
95	72	60	18	27	9	1	64	99	73	54	9	16	35	8	35	79	1	92	59
36	87	25	94	78	50	36	53	94	26	47	2	43	46	10	22	77	77	49	48
65	11	42	94	7	99	85	59	85	90	34	36	89	38	72	1	31	27	59	89
45	45	29	34	39	85	47	36	24	64	75	96	47	54	45	35	42	40	68	6
65	71	78	33	11	74	47	50	25	44	58	14	96	44	55	83	14	45	99	18
70	40	82	19	2	87	90	55	27	42	57	76	23	51	20	86	90	71	33	65
36	62	79	29	19	3	82	15	28	83	1	26	14	48	11	84	1	62	57	20
59	83	91	35	71	57	49	21	66	8	45	28	84	63	52	8	80	11	53	3
9	13	34	81	8	78	36	76	48	7	95	70	33	67	71	42	69	75	69	88
52	98	27	44	59	12	62	84	28	12	84	75	26	15	76	18	71	56	81	89
48	31	31	98	27	73	46	16	24	63	67	40	3	86	79	66	62	91	22	27
29	91	26	59	63	61	55	43	18	27	90	54	58	61	57	70	13	62	65	6
9	66	32	79	22	22	28	13	94	79	79	33	49	44	17	5	91	37	37	43
91	98	12	36	24	11	64	80	33	23	19	70	11	55	28	53	42	93	4	35
88	34	46	70	55	90	91	62	30	64	44	96	59	70	21	77	14	96	11	75
89	14	71	59	16	20	17	45	62	45	50	1	38	51	91	49	75	46	47	9
46	17	74	1	54	67	71	27	1	70	28	68	71	99	37	46	51	6	19	69
37	69	91	66	63	42	5	97	95	54	96	64	24	62	27	48	57	8	14	83
13	52	74	48	89	31	75	8	99	23	48	81	44	51	53	92	4	92	20	38
17	42	8	50	75	57	22	54	52	54	76	51	87	21	39	32	71	87	46	78
21	61	68	55	35	3	32	64	6	43	52	66	90	76	49	7	44	13	88	96
57	69	58	7	70	40	9	76	13	19	45	2	31	55	96	69	43	20	41	10
67	58	30	17	39	64	33	84	76	43	33	31	84	64	8	20	14	32	58	51
54	63	84	45	81	10	51	40	71	55	66	87	79	81	30	58	25	54	97	9
57	57	52	61	63	62	62	99	91	56	48	48	9	28	85	72	6	78	7	69
40	76	3	7	99	19	94	17	26	22	96	39	31	25	67	19	80	9	44	52
95	65	69	78	94	61	94	70	85	15	89	64	61	37	78	23	94	98	34	28
76	27	67	56	66	64	79	64	35	87	19	41	75	51	33	34	35	57	69	47
16	66	1	43	44	93	39	90	5	1	92	44	65	24	78	21	27	46	38	38
80	43	76	70	26	5	33	96	99	41	4	34	26	93	81	20	16	95	16	20
8	73	77	58	13	58	16	28	43	47	8	58	61	96	48	72	5	60	29	32
5	6	56	2	18	40	10	42	50	42	93	34	64	27	7	87	45	19	91	92
74	98	57	13	45	51	99	32	56	65	40	40	50	87	57	55	65	47	21	24
44	17	23	62	17	19	9	74	41	81	98	18	47	61	62	29	8	15	47	33
29	19	52	68	35	44	74	7	8	35	97	28	9	13	62	78	38	95	31	18
85	56	78	52	51	62	61	8	51	82	18	63	76	52	24	3	1	54	21	39
87	80	3	57	6	90	91	15	1	58	89	11	84	29	91	18	11	60	52	95
24	10	90	27	32	32	56	85	39	48	53	1	17	90	18	83	27	44	91	71
40	17	91	20	72	74	23	13	47	45	90	71	48	53	26	59	86	63	10	74
84	58	4	52	6	57	73	90	74	96	44	79	95	96	1	15	60	14	57	95
31	18	45	17	31	24	4	83	40	24	53	14	65	18	47	6	98	13	56	66
23	35	18	94	3	31	43	58	20	52	45	6	5	10	65	89	28	42	14	42
84	45	45	22	67	24	68	94	31	17	80	40	68	26	87	91	70	21	96	27
65	3	61	61	62	6	24	35	13	77	32	72	21	88	62	7	35	66	87	45
99	48	85	19	96	55	24	52	90	69	72	52	19	32	51	13	69	19	68	96
44	53	92	94	33	35	85	97	32	9	37	37	56	65	59	58	53	57	62	36
26	59	63	17	27	53	30	22	55	9	17	7	97	54	24	69	25	90	17	68
60	44	81	42	14	24	85	65	8	90	30	58	94	51	71	52	97	53	43	51
76	19	70	95	4	39	94	96	14	33	82	96	26	26	99	95	22	14	62	73
79	45	49	67	79	14	83	85	65	1	36	38	85	8	56	56	80	13	11	95
99	9	20	2	30	89	43	49	48	59	63	16	40	64	98	54	37	89	26	99
47	5	1	98	41	5	12	49	1	18	46	45	43	28	6	16	36	92	58	10
89	51	65	91	30	1	78	73	27	79	14	37	78	14	56	89	29	94	70	91
4	32	6	78	40	56	13	77	76	26	25	26	42	37	69	33	85	11	28	28
13	65	21	7	95	72	4	60	45	92	30	67	61	91	32	80	69	36	53	26
67	13	45	76	26	66	7	34	52	28	48	6	80	45	65	76	84	21	23	45
61	63	75	60	93	73	41	44	22	23	67	14	18	16	42	28	61	64	28	81
20	37	24	12	41	78	71	95	80	15	51	56	7	93	58	74	1	86	85	74
64	67	7	63	95	50	80	45	59	92	88	50	3	52	76	78	45	31	74	79
99	83	58	6	96	49	8	1	98	92	14	26	89	57	11	22	96	61	37	97
67	96	71	33	34	2	75	5	39	60	67	54	19	39	84	24	11	52	92	75
75	79	83	74	20	73	28	59	55	33	66	1	61	62	12	54	10	33	16	39
4	23	62	22	90	89	9	77	82	88	3	83	97	49	84	41	54	49	20	56
70	48	22	9	9	24	16	76	75	82	55	43	73	28	30	37	86	4	98	66
15	61	85	28	69	2	68	44	34	1	21	87	32	66	17	10	48	7	96	98
74	95	63	41	4	13	47	94	98	82	73	5	74	61	13	26	39	95	1	97
6	19	1	37	1	13	37	37	15	75	20	99	23	46	12	24	17	87	26	37
71	91	38	23	25	24	29	21	10	59	58	60	40	5	29	6	34	59	45	8
81	49	51	94	10	5	48	41	22	51	63	94	59	57	70	36	47	80	84	87
5	50	45	38	93	55	22	51	85	98	86	40	86	16	98	58	89	13	31	5
34	70	89	81	54	27	46	40	26	12	33	84	64	90	80	35	79	91	46	5
76	72	96	3	52	97	11	16	6	10	40	5	13	16	17	93	88	64	56	89
17	10	23	21	79	10	74	76	65	38	67	41	21	24	35	95	42	64	38	95
14	54	13	31	43	62	67	2	75	5	89	91	94	67	46	56	81	97	4	45
17	85	41	61	42	96	68	81	47	72	2	10	63	38	94	72	71	82	22	60
17	11	65	55	37	74	96	79	35	66	14	41	54	83	50	49	40	89	9	93
98	81	6	41	73	24	64	79	70	18	59	50	45	52	65	25	73	99	37	20
33	80	78	62	13	11	75	19	59	54	98	84	10	82	57	16	10	30	36	30
11	42	72	41	70	41	59	74	12	86	60	92	27	23	40	32	44	77	65	57
79	27	75	78	74	45	58	23	14	86	86	94	60	49	89	69	66	38	11	61
3	59	25	20	71	16	5	78	1	68	80	25	82	46	42	92	37	47	55	28
12	87	71	48	79	97	22	16	28	58	52	28	32	4	21	28	9	9	41	58
35	73	45	25	23	19	72	15	56	50	25	11	70	33	19	53	49	90	64	8
31	64	56	72	98	87	92	33	49	14	95	79	74	76	43	70	72	91	97	24
34	56	68	10	20	24	8	94	18	23	65	41	88	29	96	80	71	61	16	50
94	37	69	93	38	14	97	91	7	41	62	47	25	51	88	55	82	68	84	94
96	16	18	5	82	14	70	94	13	33	37	53	84	61	54	38	38	64	66	87
38	61	34	29	43	77	86	23	87	76	8	10	7	74	63	51	27	83	32	22
13	53	27	53	26	32	41	66	86	33	90	79	38	42	67	35	35	71	41	63
92	58	71	15	64	5	75	6	24	70	13	10	73	96	50	37	67	7	40	48
21	27	53	8	20	5	66	72	29	34	61	47	45	52	39	60	77	54	34	52
75	18	16	76	19	2	13	32	96	75	67	64	67	91	10	56	31	42	96	32
22	72	59	90	43	46	93	90	65	8	41	20	24	42	80	68	64	34	68	10
10	65	24	53	48	99	66	77	72	52	89	36	41	25	84	65	79	70	88	62
25	47	23	54	65	11	36	1	12	10	57	69	35	63	9	79	25	95	47	15
54	12	85	19	69	27	28	86	30	52	70	26	55	30	86	39	37	58	44	72
46	48	82	25	36	66	74	10	51	89	41	39	61	68	52	76	32	55	92	94
88	7	93	16	15	71	34	72	19	49	76	98	16	13	94	5	19	63	83	98
28	14	63	41	98	11	41	58	59	98	57	22	79	93	35	64	85	48	28	79
28	80	70	52	98	94	72	35	42	86	45	90	95	9	11	64	44	4	20	76
69	19	22	74	98	1	66	35	50	83	78	91	89	72	68	73	26	46	57	28
93	74	66	86	12	89	46	40	93	54	74	35	45	34	35	96	15	14	84	97
9	27	73	54	37	81	23	6	52	63	21	11	73	15	98	20	84	1	46	26
95	24	40	24	44	14	29	25	12	3	76	7	36	35	73	36	31	95	66	70
11	94	81	96	68	59	46	93	19	78	31	47	26	39	51	97	60	49	81	71
14	73	11	94	47	68	5	85	63	30	41	30	57	27	27	24	55	11	19	73
99	81	56	19	57	43	41	66	48	67	55	73	80	75	63	49	99	92	98	84
43	33	46	13	60	34	34	89	55	67	70	89	78	8	9	56	39	91	40	18
69	21	56	62	58	19	62	33	91	84	7	67	98	61	98	70	20	7	59	19
42	46	10	79	99	39	84	96	82	19	37	57	19	6	5	79	70	31	10	1
73	87	61	2	88	47	39	49	58	50	13	21	23	7	73	82	35	44	12	8
74	89	85	39	72	39	77	91	43	27	59	38	93	19	88	28	74	19	19	74
17	79	55	31	7	61	8	96	57	90	89	96	44	9	19	79	40	60	65	99
74	67	6	29	88	91	36	28	60	77	89	21	44	56	77	31	19	82	19	56
68	38	92	87	49	14	95	44	9	50	13	64	64	65	64	89	90	41	79	80
93	75	58	91	67	51	48	16	81	6	23	84	61	41	22	48	94	5	79	53
53	60	53	9	80	37	78	94	18	39	47	91	53	84	66	24	96	36	7	74
1	43	87	55	67	22	51	35	65	43	66	17	95	22	79	97	10	28	13	99
45	85	81	39	63	42	70	73	17	50	83	95	70	57	10	66	30	64	90	50
72	89	96	33	36	23	90	85	36	19	59	6	76	96	27	94	71	34	55	29
43	45	67	84	38	13	63	48	65	32	45	80	55	74	3	70	75	86	3	24
67	67	50	17	84	73	88	68	34	39	39	72	26	51	35	16	83	85	55	78
20	36	99	27	69	49	1	66	98	81	18	49	39	76	6	81	8	77	97	76
79	61	10	3	19	5	19	21	5	71	95	3	14	3	37	48	78	93	37	17
73	24	35	65	73	34	53	92	99	55	76	82	71	5	29	94	30	40	23	89
27	14	48	88	17	90	86	39	30	31	79	45	30	7	87	84	83	9	95	64
55	26	69	27	62	10	41	90	54	37	66	84	74	93	47	65	56	56	65	56
65	75	42	48	7	29	43	18	14	48	84	95	65	22	85	72	86	40	69	24
52	86	53	89	28	59	30	83	8	45	29	74	35	81	33	20	68	7	36	30
26	8	18	16	82	38	25	16	73	34	35	36	26	52	5	83	42	36	92	12
26	67	57	21	42	69	18	11	58	54	11	53	28	71	91	30	83	54	6	80
16	64	9	75	27	91	55	96	23	8	20	67	85	88	65	18	7	77	6	55
15	47	28	78	18	30	87	58	29	22	38	96	80	5	71	56	14	29	37	52
50	67	34	39	78	14	70	96	34	16	82	97	89	48	60	66	12	26	56	82
3	34	12	15	15	84	98	28	83	73	82	57	15	92	87	78	54	82	12	90
95	15	17	40	93	76	39	83	43	5	72	64	62	39	14	24	92	85	14	12
56	49	37	48	94	31	98	90	80	30	24	10	54	73	77	60	21	64	53	61
7	85	25	17	6	24	41	83	5	53	94	19	14	39	57	54	47	37	49	16
79	31	56	76	31	53	37	68	4	72	66	21	32	63	68	5	63	23	86	63
38	19	59	90	32	96	2	59	69	50	45	85	44	95	40	26	65	42	95	82
68	47	94	17	80	13	55	97	12	4	22	78	54	56	41	32	18	1	24	51
59	24	98	72	55	28	31	91	61	56	19	27	51	71	83	68	30	24	71	10
70	52	69	18	59	86	55	12	3	86	33	40	16	97	94	52	37	8	43	19
96	87	69	97	77	65	39	73	72	33	65	25	35	71	70	10	66	27	61	57
93	64	9	43	68	84	82	92	36	93	99	39	95	29	42	46	18	26	4	76
29	3	49	56	72	34	28	25	46	10	61	26	24	71	38	46	61	72	14	29
69	58	68	55	32	95	23	11	69	41	32	33	51	51	34	56	88	53	5	99
53	57	2	43	59	27	93	79	13	57	53	4	26	53	8	27	56	1	5	88
84	33	38	22	40	48	63	40	75	11	63	42	21	94	90	20	76	55	57	9
54	8	99	22	78	61	53	6	42	66	27	57	17	70	74	64	25	60	87	51
63	38	98	77	88	69	43	61	87	80	41	62	49	9	6	77	11	30	95	9
2	34	51	6	26	3	72	21	32	83	87	33	85	23	8	71	68	79	49	33
64	15	33	65	32	13	14	22	3	29	18	31	44	2	97	10	53	85	61	9
65	95	88	40	28	82	18	5	89	30	89	39	43	38	64	63	73	40	93	60
82	19	24	52	17	83	66	43	8	46	16	23	82	91	59	96	62	36	72	39
78	58	23	59	17	46	19	94	69	13	68	3	49	55	14	87	60	36	51	38
9	72	42	9	57	86	29	93	41	33	36	75	84	87	42	87	7	22	99	65
18	7	5	73	10	78	53	48	20	28	30	49	76	69	35	78	69	20	72	42
95	29	64	97	27	95	85	84	19	23	8	56	23	84	76	29	45	77	3	75
72	66	97	57	6	23	95	15	68	48	64	49	29	77	30	97	49	59	47	72
13	15	72	14	21	70	41	17	27	81	64	78	80	42	85	83	69	86	95	96
14	20	37	57	40	74	7	96	24	67	66	70	9	67	50	67	15	20	12	33
23	76	25	75	85	9	20	14	21	12	80	62	99	11	22	46	73	56	93	63
46	70	17	13	64	25	43	26	1	10	84	82	71	47	59	97	65	29	87	37
85	53	90	96	96	95	50	43	11	76	2	73	56	93	11	66	45	66	94	93
10	45	80	14	30	59	47	24	72	92	27	42	4	53	69	26	18	95	78	82
84	87	10	75	2	80	21	1	39	25	15	9	69	19	86	2	31	74	22	67
15	68	25	86	4	99	22	88	59	14	24	92	76	52	21	64	66	93	22	87
27	68	96	81	6	18	91	89	68	41	15	96	16	9	63	16	66	87	26	8
75	24	61	67	26	2	67	98	25	56	96	13	41	71	39	23	53	66	35	56
62	63	9	82	85	35	60	89	78	79	30	53	92	96	74	87	50	41	68	41
76	39	75	87	75	78	62	94	42	50	30	4	2	75	98	92	58	44	82	51
99	13	21	35	44	50	29	64	41	2	31	62	77	45	23	2	7	5	96	16
73	36	14	43	98	43	75	23	79	56	7	31	39	30	31	63	22	23	11	76
73	99	84	40	97	57	4	13	25	77	73	97	55	40	24	39	75	32	52	21
17	59	56	41	71	38	71	29	27	16	15	38	12	57	90	45	28	97	9	87
54	30	28	76	79	49	48	77	24	91	69	46	59	56	8	19	33	47	60	71
77	12	80	91	34	46	58	6	87	31	11	9	64	37	52	30	53	11	33	21
55	43	64	59	80	48	84	36	16	24	23	89	56	90	81	88	38	63	4	45
75	85	63	98	83	40	11	27	84	80	63	64	28	94	19	92	35	25	5	49
22	3	56	65	33	12	55	55	13	64	45	39	98	47	24	13	29	74	94	1
19	79	92	67	7	86	42	80	16	86	79	26	41	23	92	49	65	90	25	83
39	27	9	22	45	83	30	29	15	17	54	16	70	16	38	78	60	57	87	79
27	8	53	85	63	62	81	93	54	65	15	81	23	19	22	10	58	40	10	63
78	45	57	50	89	69	89	1	15	81	69	32	30	45	69	8	11	79	68	79
12	86	77	1	86	77	41	76	53	73	91	79	35	24	69	42	12	41	42	91
74	85	89	71	44	52	22	35	90	24	28	51	76	18	19	32	65	94	43	15
32	10	40	57	88	35	41	84	81	51	89	12	99	6	86	62	98	7	65	20
28	44	79	51	61	98	32	86	68	12	75	54	67	23	97	17	85	85	67	13
59	91	91	29	3	13	23	90	36	3	16	66	52	23	14	78	52	14	99	45
43	33	75	86	97	89	4	4	6	80	55	21	54	84	32	3	94	53	47	9
62	32	89	68	25	93	65	13	40	10	60	36	17	58	55	84	62	12	89	32
85	79	48	71	8	18	64	3	81	14	89	79	29	18	59	3	23	5	85	58
73	3	2	20	89	43	79	27	8	80	52	19	35	56	29	61	76	48	97	31
86	2	75	48	62	3	58	50	5	50	85	21	35	28	61	53	75	62	72	21
97	49	19	54	42	56	47	82	4	60	56	89	67	42	74	7	53	96	89	33
46	14	68	70	88	40	6	86	78	17	32	87	3	88	51	43	59	65	39	41
78	89	54	49	6	47	25	31	14	3	92	22	94	25	42	34	99	46	52	62
10	16	60	52	45	22	6	67	97	82	53	27	50	81	89	46	67	94	78	7
16	68	19	57	54	59	14	40	14	7	4	99	91	92	98	22	85	81	74	87
59	72	53	98	80	72	33	24	96	10	33	31	36	62	7	28	76	25	29	7
94	18	4	18	83	39	97	51	40	68	98	38	16	17	37	45	90	37	18	1
30	5	13	81	76	15	43	89	39	55	58	96	77	44	67	66	29	98	92	13
33	99	71	91	42	17	78	69	56	9	57	95	32	73	99	44	83	41	48	25
95	38	37	88	60	80	97	31	40	70	82	53	16	86	3	17	45	84	21	54
90	42	15	64	96	57	89	65	34	83	2	21	24	46	24	48	6	3	18	61
4	33	53	91	68	11	80	74	30	94	57	32	77	99	9	22	66	35	26	64
39	76	22	44	27	83	99	84	34	6	13	22	99	34	51	49	41	13	50	46
31	45	11	97	2	50	92	48	93	14	54	83	95	76	62	13	23	85	31	31
14	70	3	56	69	7	90	52	6	55	52	27	29	32	95	7	1	83	9	47
39	71	4	98	98	45	28	23	36	51	20	61	81	5	65	99	9	81	13	98
98	54	35	65	27	94	22	33	26	80	7	52	75	42	47	67	2	66	29	10
44	86	70	81	45	58	18	84	53	31	67	23	96	12	89	71	3	13	89	9
59	1	12	29	59	21	9	81	54	69	76	86	57	71	36	74	9	52	24	28
40	13	23	40	17	89	26	7	61	88	38	97	67	17	41	54	93	51	6	49
77	54	46	12	92	46	25	29	6	49	60	66	28	42	83	63	57	10	34	50
95	4	51	25	54	75	12	21	65	56	14	96	49	88	9	45	32	30	75	70

4	2	6	6	5	20	8	20	3	1	20	6	14	6	17	12	11	19	13	19
10	13	2	4	3	3	11	5	7	7	3	2	14	9	12	17	16	9	8	7
12	5	19	2	5	9	14	7	5	19	6	5	9	6	11	19	1	1	14	1
13	2	15	16	20	11	6	19	10	3	10	4	18	16	15	17	5	15	14	15
11	5	15	7	4	10	20	8	12	16	3	13	17	15	6	19	13	8	17	17
13	17	3	20	3	15	11	16	10	17	17	4	12	19	14	3	16	17	3	17
11	5	2	11	9	6	20	10	6	17	8	18	5	17	16	14	2	1	15	3
6	3	4	18	20	7	13	9	14	5	1	18	3	4	20	4	3	14	4	1
3	10	14	14	19	8	17	10	7	14	19	15	6	4	4	16	16	7	13	5
1	16	2	8	13	13	9	12	1	2	6	13	8	11	17	18	16	2	18	2
18	11	3	10	1	15	13	2	16	1	11	16	19	6	19	6	10	20	7	8
10	14	8	8	16	20	14	11	2	19	1	11	11	11	3	15	9	17	9	13
5	14	18	17	6	3	1	8	8	18	6	2	13	15	5	14	7	13	9	9
9	14	7	19	1	18	18	3	17	18	3	12	6	14	17	19	4	9	4	14
16	13	15	5	7	13	7	14	13	6	15	18	16	2	12	3	8	10	6	20
7	14	11	16	14	1	19	8	20	4	11	6	13	20	11	11	11	4	11	8
10	7	19	3	8	14	18	2	15	15	17	20	19	9	11	11	10	14	17	15
16	19	3	8	20	7	8	12	3	9	15	12	15	12	8	10	16	11	9	15
11	5	6	13	18	13	15	9	11	17	3	12	19	13	17	3	1	19	12	10
1	9	17	5	7	4	7	18	11	8	8	20	9	8	8	20	14	6	6	5
4	5	14	9	16	20	17	9	3	6	10	12	13	8	20	4	1	10	2	16
2	12	14	2	1	19	15	14	6	16	8	2	19	5	5	2	6	13	15	13
14	8	17	16	20	20	18	3	1	17	7	8	15	2	2	14	1	11	12	11
8	11	13	3	19	12	12	18	14	10	20	12	15	16	19	19	8	8	11	20
9	10	5	9	7	19	10	20	10	13	14	14	2	9	16	16	19	6	18	19
18	18	1	20	9	4	7	18	3	6	4	3	18	6	10	4	10	2	16	12
3	5	19	18	18	2	16	16	8	5	6	11	10	14	9	19	3	2	16	3
16	18	5	13	12	14	19	12	6	17	20	10	14	7	13	18	17	16	1	19
9	16	10	7	18	8	11	2	17	6	5	18	17	19	3	16	5	6	17	6
8	14	15	2	16	10	15	12	15	10	16	16	19	19	9	13	14	16	5	8
10	7	12	19	12	12	16	14	9	7	15	5	2	14	20	18	11	17	9	5
4	17	3	10	19	20	5	6	8	18	20	17	6	7	16	12	19	12	19	19
14	14	4	19	11	8	2	19	16	13	17	7	3	18	6	1	3	15	2	16
17	8	16	4	3	20	12	5	4	6	12	6	4	15	11	5	16	9	15	12
10	4	15	15	6	2	20	13	4	17	18	1	17	2	7	11	2	19	11	7
8	7	4	18	19	19	6	7	10	2	11	10	1	1	6	3	18	10	19	2
5	4	12	19	18	18	8	19	17	20	5	2	10	6	11	14	16	12	14	18
15	19	8	2	10	10	15	11	5	16	12	11	17	2	7	9	6	10	7	19
6	14	7	14	18	4	8	8	11	6	3	19	7	3	15	17	17	5	20	20
9	2	15	6	9	11	16	7	9	18	7	6	3	5	2	15	5	19	20	12
2	6	10	3	2	6	1	7	3	5	7	16	1	10	11	3	2	9	16	15
19	17	19	19	17	9	11	6	4	7	16	17	4	16	10	15	7	7	10	20
9	19	13	17	5	20	20	5	15	17	3	16	3	6	1	19	15	9	13	9
5	10	5	4	5	19	20	9	2	5	10	5	5	4	19	13	10	15	1	17
19	9	6	13	10	12	20	10	2	17	15	8	5	5	6	17	17	6	5	13
9	15	18	9	5	3	19	19	2	7	3	12	13	19	15	8	17	10	9	4
10	10	3	2	1	10	6	20	12	8	19	20	2	10	7	2	8	2	18	9
1	13	17	17	15	16	4	6	1	9	14	16	11	17	10	17	10	1	12	12
1	9	14	4	12	9	16	13	6	2	11	14	8	13	19	10	2	1	11	16
1	18	17	3	17	8	17	19	1	10	20	12	14	19	5	3	9	9	9	15
12	1	5	20	6	9	18	4	2	12	16	1	1	16	5	4	12	7	11	17
18	18	2	19	13	12	19	8	6	3	16	16	2	8	6	17	10	5	12	16
17	13	13	11	1	18	6	2	18	18	18	7	3	1	3	17	17	16	7	13
3	6	19	7	20	20	20	3	3	16	4	7	16	3	19	9	10	8	3	9
1	10	11	13	6	19	14	2	4	18	6	4	10	8	11	5	19	19	19	12
2	18	1	2	18	9	6	4	7	4	16	15	13	6	6	16	13	5	20	20
20	6	14	2	15	3	20	18	15	10	1	1	18	17	1	5	19	18	20	15
10	18	7	15	13	10	4	1	6	4	19	1	7	16	12	17	17	20	5	10
1	15	13	17	11	2	13	12	4	15	15	16	3	5	12	7	5	3	17	20
20	12	19	9	15	2	20	15	20	7	1	16	11	9	5	16	5	8	18	5
14	10	19	10	10	18	2	11	5	13	3	15	8	20	20	15	6	8	16	10
16	13	20	5	19	12	16	11	19	1	17	10	2	17	20	19	2	16	2	3
9	16	7	18	3	4	7	4	5	8	17	2	9	19	19	2	17	16	12	1
4	20	4	12	17	16	5	6	18	8	8	10	9	7	13	15	10	7	3	12
2	16	13	18	5	11	3	10	12	1	8	18	18	8	16	17	19	12	8	19
1	3	20	16	12	6	6	12	1	16	14	17	17	13	8	2	6	12	12	6
20	13	15	18	17	1	18	6	2	20	1	10	17	9	5	14	13	15	11	1
15	3	19	9	12	5	12	14	5	17	17	15	7	17	5	10	9	8	15	5
18	17	5	9	3	18	2	14	5	5	13	15	20	19	3	10	9	10	16	5
12	5	4	6	7	10	8	8	11	19	18	5	5	4	13	10	1	17	16	17
12	10	17	16	14	10	10	13	16	17	8	17	14	4	9	13	6	6	5	17
15	4	19	19	20	1	13	7	5	4	13	12	3	8	10	19	18	2	9	12
4	11	16	16	4	4	12	18	9	10	12	15	9	16	7	1	9	18	18	10
7	13	4	9	14	13	18	19	4	8	12	19	11	20	16	8	1	10	9	3
13	3	9	2	1	4	9	16	20	9	2	20	3	6	17	14	7	16	13	19
18	17	16	11	1	8	14	14	3	11	18	4	20	15	11	14	4	3	5	12
13	10	1	8	2	9	16	3	9	20	12	9	3	13	14	9	10	16	9	18
3	17	14	2	2	20	10	4	10	8	9	17	16	17	10	7	2	16	3	3
4	18	2	2	12	8	3	20	2	6	13	12	19	15	4	8	19	18	17	18
15	20	6	13	11	20	16	20	17	7	5	10	12	4	18	10	17	10	17	12
14	8	11	15	6	9	10	11	1	8	16	8	13	18	16	1	8	15	9	7
12	15	14	7	9	19	14	20	20	11	8	18	3	2	7	12	12	19	2	7
16	8	7	3	17	17	20	10	17	11	13	18	7	12	7	14	6	12	20	3
20	14	20	19	15	18	6	2	15	15	5	13	18	12	17	4	19	17	1	9
16	7	18	10	2	12	17	11	18	18	9	6	4	7	15	13	5	16	16	14
4	7	14	8	9	17	18	5	16	12	10	7	9	7	10	13	20	3	10	10
17	16	5	1	8	18	10	6	2	7	6	20	1	12	3	9	17	3	18	12
3	11	6	8	8	15	8	15	4	5	11	19	1	4	7	15	2	18	11	10
11	7	10	7	17	4	18	6	4	20	5	18	6	19	8	4	4	10	6	3
9	13	2	3	3	15	14	13	18	6	2	14	14	12	6	10	4	9	7	14
6	19	5	5	15	8	18	13	17	3	18	12	11	4	6	10	4	13	1	4
20	18	4	8	5	7	11	8	16	4	9	18	13	20	6	18	18	4	11	11
12	5	10	5	16	13	10	5	17	18	6	7	15	20	10	16	1	7	18	18
13	6	4	3	13	20	12	12	7	10	18	16	10	4	19	7	7	20	20	3
10	8	14	8	4	16	2	5	16	19	2	15	17	16	6	17	5	11	12	5
18	14	16	6	16	11	11	11	11	18	7	19	5	1	17	2	4	19	12	2
10	15	16	12	14	9	1	13	4	7	4	20	7	13	13	10	11	14	10	20
9	12	3	16	12	15	5	12	12	14	11	17	5	11	7	19	11	5	12	9
15	10	20	2	11	5	12	3	8	3	8	14	18	9	5	16	16	10	4	11
10	17	6	10	17	16	12	7	14	17	3	18	8	7	2	16	19	10	6	5
12	2	5	14	15	5	9	10	19	9	17	13	9	16	8	9	20	10	8	16
1	15	1	17	2	20	1	12	10	15	5	15	19	15	12	3	6	20	1	13
11	14	3	19	8	16	17	13	4	2	6	1	7	10	18	19	13	8	9	5
13	12	15	17	15	5	18	13	13	1	3	10	15	3	15	9	18	3	1	2
5	19	14	6	17	13	2	8	19	18	20	1	3	11	10	9	19	7	18	19
19	19	14	17	10	13	4	13	18	7	3	1	1	11	12	16	11	5	16	8
4	19	9	5	19	16	12	14	7	12	14	6	3	17	11	3	2	17	14	17
16	14	5	17	12	9	1	15	9	8	1	11	6	4	6	18	19	5	10	5
17	4	8	4	17	10	4	12	6	20	13	6	17	18	8	9	10	3	18	8
13	7	16	2	14	11	15	20	12	9	2	6	12	18	7	1	20	14	12	6
4	18	20	19	2	1	11	5	3	19	6	9	13	8	12	1	9	1	2	15
11	12	17	19	5	8	14	9	15	2	16	6	19	9	9	13	7	16	4	20
5	12	16	4	5	15	7	11	6	16	9	1	11	16	3	8	15	2	10	9
1	1	6	7	17	11	18	12	2	13	4	8	5	11	7	14	4	10	11	1
19	7	6	9	1	5	2	18	2	14	4	5	6	11	8	2	4	20	12	5
3	15	13	19	3	17	6	18	3	13	2	17	7	15	19	3	13	14	3	19
9	1	6	16	15	2	1	4	3	9	17	10	13	19	17	16	19	2	5	17
16	13	18	9	7	5	6	13	18	20	2	1	12	10	20	18	1	6	6	12
16	18	4	19	8	16	14	13	8	8	15	9	4	10	14	1	13	2	3	9
3	3	18	20	20	3	12	20	8	15	8	2	9	16	1	5	3	13	6	17
13	14	19	10	18	2	16	14	15	14	14	14	17	2	11	4	9	13	7	11
13	16	1	3	6	2	16	14	11	5	7	5	14	13	15	2	11	9	1	6
2	11	12	6	11	16	13	15	4	4	7	20	20	6	7	5	7	1	19	16
17	10	19	16	20	4	20	11	2	11	15	16	13	19	10	9	10	13	12	13
10	19	9	14	2	17	2	12	8	6	16	13	8	4	3	11	6	7	9	8
3	7	5	8	17	1	14	5	6	13	15	1	13	8	4	12	14	8	4	8
17	12	11	1	15	18	10	15	9	6	19	10	14	12	10	19	20	14	7	20
3	11	3	15	14	5	3	11	12	6	7	1	2	2	19	15	10	3	14	5
2	5	11	7	16	3	7	12	7	2	7	14	13	20	3	8	13	4	18	14
14	12	20	19	9	2	20	15	3	11	13	10	7	20	10	18	7	9	8	16
20	7	5	20	11	19	17	19	9	9	15	18	19	8	11	14	17	15	4	4
2	14	13	15	1	20	15	5	3	4	6	15	5	7	13	13	11	10	8	7
12	19	2	20	7	11	4	1	11	2	9	14	20	6	6	5	3	17	15	20
2	18	6	2	16	8	14	9	18	12	11	17	9	13	18	4	10	6	17	19
1	13	2	19	16	6	19	16	14	19	17	11	20	11	15	6	19	10	11	20
12	8	14	2	9	4	4	3	2	4	6	16	8	2	3	5	1	11	7	8
4	11	14	1	5	19	15	1	12	8	4	7	18	19	9	15	15	6	8	5
12	3	12	10	11	18	19	10	13	10	1	8	20	2	14	6	9	13	20	4
12	20	15	8	20	19	12	18	5	14	1	5	16	4	15	7	15	19	11	16
6	4	18	20	17	13	6	19	1	12	9	1	14	16	20	15	6	14	7	16
4	6	12	7	20	14	10	1	1	12	11	14	14	7	2	4	4	3	5	15
3	1	19	1	14	12	12	1	18	15	9	14	13	10	4	3	5	12	15	20
12	20	5	16	20	7	20	20	7	11	2	5	11	6	1	18	11	16	8	7
17	10	15	1	19	7	19	15	10	5	17	18	14	2	16	11	5	17	14	12
2	18	12	14	5	16	8	20	15	9	1	16	7	10	8	7	14	10	11	12
14	1	5	4	1	9	5	15	13	19	17	20	2	20	13	3	5	20	18	18
17	17	19	3	17	14	7	12	16	5	4	20	16	20	19	7	4	12	4	14
8	15	5	18	2	1	14	17	5	10	10	3	18	1	19	1	13	17	16	4
14	6	20	6	2	5	3	2	18	12	14	20	1	15	17	9	18	19	10	14
20	13	6	14	17	19	2	11	10	5	11	3	17	15	4	9	8	18	17	20
18	16	1	15	7	4	10	7	20	4	3	14	17	8	16	4	20	19	6	9
14	5	20	7	11	13	8	15	19	6	14	8	6	12	5	8	2	17	4	15
18	10	14	2	1	17	18	14	8	8	18	20	14	15	2	19	13	20	5	18
8	11	19	4	15	1	19	3	14	5	1	18	9	6	6	11	17	5	17	4
14	1	20	10	17	4	7	5	4	2	20	7	16	10	19	19	10	16	13	12
19	19	3	7	19	4	16	6	4	6	3	13	1	11	4	12	20	8	8	17
6	8	10	13	6	3	16	10	20	10	18	16	4	13	3	17	15	8	15	15
11	18	20	17	19	10	20	1	17	1	17	17	16	9	20	10	19	8	10	18
17	7	19	5	2	7	19	10	16	9	19	4	12	3	8	11	8	10	10	13
15	5	5	19	6	13	11	18	10	18	11	9	16	18	6	2	13	16	3	1
7	7	7	16	8	18	10	5	20	13	1	15	3	12	18	17	19	18	2	2
7	12	7	3	1	11	3	9	7	14	2	20	2	6	14	16	14	8	2	14
4	15	4	2	11	13	14	3	18	12	11	11	2	3	7	13	16	20	20	13
1	1	16	9	20	9	7	18	6	11	20	17	8	14	7	7	8	3	17	13
19	12	12	14	3	6	5	18	17	7	6	20	3	4	13	12	17	19	15	12
15	8	2	14	4	3	9	14	7	19	4	5	2	8	19	2	11	15	13	4
20	4	7	12	10	20	16	3	2	17	1	18	8	18	5	15	13	5	2	20
11	13	15	18	11	15	18	17	1	8	6	5	12	2	8	15	11	4	19	15
13	17	18	2	13	7	18	10	12	14	14	4	11	5	13	3	17	15	19	10
15	14	11	13	19	8	18	20	18	3	4	11	13	18	4	12	2	17	12	19
2	13	10	17	14	17	7	12	11	2	16	10	18	3	3	2	5	3	16	9
19	7	17	17	17	4	14	5	7	19	14	3	15	5	18	12	10	8	3	14
10	20	16	4	12	13	5	11	2	6	7	1	16	3	9	4	16	9	17	11
11	4	4	7	7	2	2	4	6	14	17	17	10	6	15	1	1	8	6	16
13	4	11	9	6	19	1	11	2	15	12	18	1	12	14	4	3	7	18	1
7	18	15	8	9	15	7	16	7	15	14	10	11	14	20	11	5	13	5	8
4	6	15	8	4	17	1	11	3	17	17	13	2	17	12	11	7	11	6	13
10	14	20	9	5	5	3	10	20	13	2	18	3	3	13	16	17	7	2	17
15	9	7	11	16	15	1	8	20	2	14	16	11	7	9	17	9	16	9	14
14	6	5	18	4	9	14	3	2	11	12	11	15	19	9	15	15	14	17	10
18	19	14	5	9	8	5	10	5	13	18	20	8	1	18	13	5	20	2	3
18	20	5	5	1	3	6	6	9	10	20	12	10	19	17	1	14	18	11	18
1	9	14	7	13	15	9	15	20	20	12	2	20	9	5	7	2	17	18	17
12	4	3	17	6	18	3	17	18	3	15	5	5	1	18	3	17	7	20	4
13	20	9	11	12	18	2	12	1	19	14	15	15	10	13	8	6	20	4	14
12	14	2	14	14	19	4	10	7	9	3	12	3	11	14	19	3	16	11	3
17	18	3	2	14	5	11	2	18	16	13	5	19	11	4	4	15	16	5	1
20	5	6	5	11	6	15	9	3	12	20	10	16	16	14	5	19	3	17	15
13	5	20	5	9	10	13	16	3	4	6	14	6	4	12	6	12	17	10	2
2	4	7	18	20	8	9	15	6	14	5	14	7	13	4	19	18	3	1	11
15	17	9	10	16	17	17	15	14	17	12	13	11	7	10	10	16	13	2	6
7	1	3	11	8	19	1	3	17	5	7	11	3	14	2	10	11	20	4	6
13	4	9	17	2	8	17	16	12	12	13	4	19	20	9	14	10	11	15	12
16	2	9	1	2	11	12	2	13	7	17	9	19	14	2	10	9	15	13	12
15	5	18	18	18	10	14	3	16	3	10	16	1	16	1	10	5	12	3	7
7	10	5	14	3	10	9	1	17	11	16	13	2	13	12	7	16	9	13	20
4	17	1	5	9	13	6	18	1	2	5	14	5	7	8	20	11	7	10	14
8	1	20	11	10	11	1	1	19	4	8	12	10	13	17	14	1	17	2	2
3	13	16	9	8	20	13	19	10	4	14	11	15	16	19	18	17	15	4	12
3	6	20	2	18	8	5	8	19	15	18	11	12	5	19	9	9	17	18	8
12	6	10	9	11	4	19	9	14	19	6	19	13	14	1	5	14	18	8	17
10	5	13	13	14	10	16	8	18	15	20	18	7	15	11	6	20	8	11	2
8	17	1	5	20	20	8	15	14	15	8	9	6	20	7	10	4	20	20	6
1	19	4	3	12	19	8	7	2	18	20	3	17	15	3	5	11	12	9	10
10	13	13	15	20	15	8	11	17	20	19	12	4	17	2	2	1	9	2	19
20	17	7	8	15	12	18	7	13	20	13	17	19	14	19	11	5	11	9	16
5	16	3	17	18	13	6	20	4	6	12	17	12	1	15	7	15	9	1	3
15	8	8	8	10	10	7	13	10	19	10	19	18	17	5	3	14	11	3	12
6	17	10	9	1	13	18	11	16	3	13	12	3	11	8	1	13	12	9	12
13	19	9	2	18	9	6	20	12	16	19	12	6	6	13	4	18	1	20	16
20	15	4	2	6	5	8	7	7	8	16	12	3	13	8	18	11	4	14	4
9	6	13	14	11	3	12	11	9	16	7	17	12	3	7	19	14	8	13	16
5	14	18	1	4	3	8	9	14	20	15	19	3	11	13	1	3	3	9	1
19	10	10	7	13	9	16	2	3	13	4	4	13	15	16	11	3	14	16	19
9	16	1	4	7	3	1	10	14	20	10	8	12	15	5	10	14	14	5	11
14	3	7	9	19	1	18	8	9	17	17	14	9	1	3	13	12	14	5	14
19	16	10	2	14	14	10	13	12	11	13	9	18	2	4	15	13	13	2	9
13	3	5	10	20	15	17	4	17	9	18	19	15	4	5	18	17	10	14	12
17	11	10	8	3	4	3	13	9	12	15	11	8	10	11	17	11	7	12	15
15	17	14	13	11	20	8	20	13	7	19	18	8	13	12	8	9	8	15	5
12	5	14	7	8	18	6	15	14	8	1	13	18	10	1	10	18	16	10	10
6	9	2	16	10	19	16	15	3	6	10	7	6	15	16	13	7	13	20	1
16	20	11	11	13	8	7	19	9	14	4	4	7	11	18	16	13	13	9	19
4	12	18	9	12	14	19	16	1	18	13	15	9	17	6	7	15	6	10	2
2	11	8	18	5	1	2	11	16	5	20	3	11	19	10	10	14	14	2	19
5	11	11	14	20	5	7	5	4	10	13	5	6	20	3	2	1	11	14	3
16	6	17	8	16	17	4	13	8	12	7	9	19	13	8	10	6	3	15	7
15	4	6	2	17	8	12	7	11	14	9	19	15	16	2	13	16	5	14	8
8	5	6	20	20	10	8	7	7	13	7	10	17	13	17	11	1	18	14	18
16	7	8	13	1	13	13	6	18	19	13	16	12	8	3	13	10	9	6	12
7	8	17	7	18	19	12	4	8	6	9	16	14	10	2	13	9	2	7	4
5	17	20	16	14	6	12	10	1	13	2	13	18	18	5	1	6	4	12	8
17	3	12	11	14	2	11	19	5	18	7	15	15	16	7	4	6	9	8	5
20	9	3	5	14	19	11	6	19	15	4	19	17	2	12	2	6	17	1	1
2	16	4	6	1	10	10	18	13	20	6	15	19	1	1	19	15	10	4	1
14	1	12	4	6	8	6	8	13	19	15	6	20	2	8	14	17	8	10	1
1	2	16	19	8	17	19	3	5	14	8	11	14	20	16	5	19	2	20	13
1	8	9	9	6	19	18	18	9	5	19	5	13	20	12	20	2	3	14	12
3	17	18	8	1	17	12	12	7	17	10	3	12	17	2	7	12	4	6	9
2	19	3	16	3	9	11	4	14	15	4	18	5	16	19	20	17	12	12	10
20	17	10	9	2	10	1	3	4	2	14	10	9	20	7	19	18	17	5	13
7	15	20	9	13	4	1	19	9	7	12	6	14	15	14	11	14	7	2	5
18	8	20	5	17	4	19	11	13	18	11	7	17	19	20	4	12	7	12	1
16	9	1	12	4	11	12	18	19	2	1	10	18	19	3	8	18	5	18	15
17	12	13	12	14	11	11	8	10	17	4	16	20	1	3	9	6	13	10	12
17	19	6	2	1	13	16	4	13	13	16	11	12	6	5	20	2	15	15	18
5	13	10	17	12	9	12	5	5	12	11	15	12	19	16	16	1	4	13	5
20	3	13	20	18	15	12	19	4	17	20	9	2	7	16	8	11	17	8	9
10	16	7	14	14	6	9	6	16	17	12	2	7	6	20	16	8	2	10	14
1	19	14	7	1	20	7	11	20	20	3	10	7	3	20	17	18	6	10	3
9	20	6	13	4	20	3	10	12	8	11	1	13	17	14	2	18	18	16	12
7	7	8	2	3	17	1	17	16	14	18	11	18	17	4	18	6	16	9	9
1	1	9	4	18	3	3	3	3	3	15	12	18	16	8	16	7	5	15	6
16	12	8	12	1	19	3	7	18	14	13	5	17	10	12	9	2	7	20	3
19	2	20	11	7	1	5	2	8	5	17	10	14	14	17	1	18	3	15	19
7	9	7	19	10	19	20	4	20	20	4	4	8	12	16	9	3	12	13	10
9	18	2	1	7	2	20	12	14	19	4	5	2	6	11	10	10	5	11	11
4	9	17	5	14	11	15	20	3	14	12	5	10	9	16	7	5	19	9	12
2	11	20	8	5	18	5	5	11	3	11	14	4	18	10	20	6	19	16	10
3	13	10	15	8	2	18	10	17	9	7	8	3	7	1	2	20	20	4	7
5	2	5	14	4	19	9	2	14	1	20	9	10	11	6	11	11	16	20	3
6	14	17	9	13	6	4	7	3	3	9	11	3	13	20	8	8	20	3	2
13	9	15	7	17	5	16	10	19	5	2	16	18	15	10	17	13	20	8	17
13	7	2	9	20	2	8	17	16	9	7	12	12	18	7	8	20	2	2	12
2	7	14	13	9	6	6	11	7	7	4	10	14	12	12	6	13	3	14	11
9	19	7	17	16	13	2	4	2	4	1	18	19	1	19	7	10	5	19	7
15	1	6	7	6	10	20	16	5	16	13	4	19	8	18	18	20	9	4	8
7	7	11	9	12	5	5	9	16	16	12	15	1	16	17	2	18	12	16	4
11	17	13	10	10	15	7	1	15	7	13	3	13	13	1	12	14	18	12	3
10	19	7	2	14	19	7	17	1	10	7	4	4	18	10	13	20	12	9	13
11	6	8	19	4	10	11	3	7	4	5	6	14	13	18	18	1	9	8	10
14	11	7	17	2	10	2	13	12	9	13	19	20	4	8	11	18	5	16	14
20	7	14	4	17	17	4	19	9	12	7	3	10	16	3	2	5	5	3	2
8	13	1	11	4	8	8	6	3	11	18	20	15	6	19	4	19	13	14	18
18	1	15	1	20	17	9	1	10	3	15	16	17	4	1	15	3	20	7	4
16	5	13	11	12	2	15	1	10	10	19	3	16	20	4	4	3	19	16	9
7	4	5	11	12	16	20	18	11	14	10	9	1	17	11	9	20	11	13	1
11	12	15	16	15	16	19	10	7	4	13	9	4	15	13	10	20	3	19	4
17	6	11	9	20	13	10	12	12	8	20	10	15	2	12	1	8	17	10	9
4	1	8	2	7	1	10	13	4	17	20	1	16	8	10	15	9	1	20	12
17	3	16	13	12	3	16	1	16	16	20	4	11	15	16	19	4	18	9	18
10	4	17	15	4	10	16	20	17	4	17	14	12	8	1	8	7	10	10	14
2	20	9	17	8	4	20	1	13	7	11	7	11	7	15	13	12	15	19	10
10	19	4	16	4	16	19	9	4	17	10	17	16	14	6	2	7	6	14	16
14	8	3	14	3	15	5	12	16	19	18	17	10	4	13	20	19	10	2	2
12	1	7	2	3	17	1	11	2	9	16	5	10	4	1	12	10	14	11	13
15	9	19	5	3	14	19	4	20	20	12	11	12	10	12	10	11	19	18	17
9	6	18	9	10	6	18	14	11	6	8	2	12	17	3	16	9	2	2	10
8	1	9	14	10	10	5	14	6	10	5	3	1	6	1	8	3	18	14	14
8	20	4	10	19	17	8	16	7	13	13	9	10	10	15	19	14	17	15	16
12	15	1	4	20	15	14	7	1	13	12	16	13	11	11	15	1	9	19	18
20	17	2	6	10	6	13	7	17	3	10	12	15	6	5	18	17	20	15	3
2	17	4	15	11	18	19	12	16	16	8	2	20	20	9	18	19	11	3	5
19	8	20	17	20	2	8	18	3	1	13	14	15	14	6	13	10	10	17	7
4	15	11	1	10	8	5	14	17	19	18	8	5	2	17	15	14	3	20	18
1	13	10	19	14	5	18	9	3	18	10	3	20	9	3	12	6	8	15	19
9	16	15	11	4	19	10	12	13	8	4	15	9	14	2	3	5	1	16	17
2	7	3	7	16	15	18	4	18	16	14	18	12	7	14	18	14	8	11	14
11	18	15	1	2	2	14	18	19	13	14	16	16	12	14	5	13	6	8	20
11	19	1	17	17	5	10	2	4	14	7	14	14	10	2	1	5	11	11	20
6	12	19	4	14	11	14	1	15	18	14	17	14	16	12	16	3	20	20	1
17	4	20	15	12	3	19	9	17	7	3	1	8	5	10	15	11	11	8	20
18	3	19	1	2	9	11	9	14	5	3	13	16	13	15	11	18	7	3	16
15	14	9	6	12	18	19	10	7	5	17	14	18	4	15	14	3	9	15	12
5	3	7	13	9	12	8	5	14	4	19	19	11	5	11	15	3	4	16	14
6	19	8	6	4	7	7	4	4	16	12	19	7	2	9	18	17	9	18	15
9	20	11	4	14	13	20	5	2	20	1	15	19	4	19	15	16	8	8	13
7	6	16	15	19	7	10	11	6	13	4	12	14	5	18	5	3	16	20	14
14	9	4	11	17	17	6	20	15	1	19	3	18	4	2	20	16	17	17	6
19	10	20	14	16	3	14	19	5	15	14	17	7	19	20	6	19	15	14	7
8	4	7	2	1	13	16	20	2	15	17	2	9	9	8	16	12	17	18	3
12	16	14	20	14	15	15	4	9	15	9	19	15	11	13	17	10	17	18	11
13	16	18	12	9	11	4	19	2	6	15	8	9	10	16	13	11	1	8	11
4	1	16	11	12	3	18	12	10	3	13	19	11	6	1	13	10	12	8	12
10	8	1	1	5	1	19	15	1	13	3	6	8	20	18	8	17	11	14	18
12	19	18	11	4	13	2	6	16	11	12	3	3	18	14	6	16	14	6	7
17	20	9	11	19	7	6	14	19	2	1	18	3	17	1	3	2	15	11	16
9	12	5	14	16	15	14	15	13	2	6	11	16	2	10	6	10	1	13	6
16	18	3	7	11	17	19	3	6	11	16	16	6	2	4	3	14	6	5	19
3	20	10	19	1	18	20	8	6	17	11	4	13	6	12	20	8	18	14	1
12	10	19	15	5	20	7	15	18	7	12	6	7	17	6	13	17	13	13	2
13	8	4	1	6	20	14	17	11	1	2	17	3	8	17	20	7	1	15	13
16	13	5	15	20	11	13	2	14	2	6	6	10	14	15	12	2	2	6	9
5	14	18	13	11	6	10	14	13	8	3	7	8	15	4	16	16	6	12	20
4	14	16	1	17	14	15	16	14	19	17	9	7	19	2	10	15	2	10	2
13	5	7	19	2	19	19	17	11	10	4	8	20	17	1	2	1	19	1	15
20	6	13	1	13	14	7	6	8	1	5	3	4	9	7	19	10	4	14	15
9	14	19	12	19	4	4	8	9	14	20	5	20	12	6	15	12	3	10	8
7	10	4	12	11	6	2	15	13	2	12	3	5	18	4	12	7	20	2	2
11	19	9	18	8	5	18	8	18	15	14	7	15	15	13	20	7	8	12	17
16	11	3	8	8	9	12	16	7	10	1	11	3	19	12	5	3	2	20	7
10	7	10	14	5	20	3	3	2	7	17	7	19	8	6	7	20	4	4	13
14	2	2	7	8	15	6	17	3	15	8	4	20	10	11	6	13	9	1	13
4	4	4	3	18	17	5	10	12	17	12	1	1	5	14	5	12	11	20	9
13	11	6	5	3	10	19	9	7	15	5	12	20	16	7	13	17	12	19	14
4	13	5	13	13	12	17	18	7	3	20	10	7	1	8	14	3	8	18	19
10	15	14	2	13	16	1	13	11	8	14	10	5	19	13	14	12	4	20	20
15	19	9	9	1	3	10	12	9	9	11	11	11	17	8	12	10	16	9	5
4	3	7	14	7	8	5	14	10	17	15	18	9	13	16	13	11	12	13	12
12	14	15	5	12	5	10	2	19	14	19	1	11	7	4	4	6	4	5	9
19	10	12	13	8	12	16	10	8	20	12	13	7	4	2	17	5	10	15	5
17	19	12	2	18	17	8	8	20	14	4	7	9	15	6	13	12	19	2	17
16	2	3	3	3	10	11	4	4	7	14	18	12	18	2	18	20	4	15	20
7	6	6	1	5	15	10	6	7	3	18	13	17	15	3	7	14	12	4	9
9	16	2	14	16	4	4	19	20	18	5	12	18	12	12	19	3	9	7	17
9	9	17	18	14	20	19	5	15	14	8	20	5	20	18	2	17	8	14	12
5	2	18	3	10	6	7	10	4	19	9	20	17	4	3	1	18	14	8	20
18	2	3	10	17	13	16	6	8	14	7	1	13	7	5	16	6	2	11	8
14	17	15	8	12	12	6	14	10	7	16	2	18	6	3	20	5	9	1	18
11	7	19	5	8	4	17	5	10	17	10	12	3	18	11	15	7	5	9	17
14	20	16	9	16	14	14	4	8	7	13	17	20	16	10	7	5	7	4	6
10	5	14	17	9	1	16	5	15	7	13	13	16	14	10	10	3	19	13	13
13	8	14	8	3	9	13	20	11	12	1	4	20	4	20	19	6	20	16	1
18	1	11	16	7	8	5	8	2	16	17	8	5	4	11	16	14	1	19	19
1	7	5	17	17	12	19	2	8	6	20	1	16	8	15	1	16	5	4	18
14	2	7	1	1	9	7	11	16	14	18	18	18	19	10	1	5	2	17	15
8	20	11	3	1	20	4	16	17	6	10	12	13	10	13	16	15	14	17	19
11	3	8	2	6	12	7	11	4	12	16	4	10	4	12	6	4	17	3	14
6	1	8	2	14	15	3	15	2	7	7	17	18	15	5	14	10	7	14	1
4	4	7	12	14	3	1	20	5	11	5	10	13	18	11	11	15	1	5	12
13	17	18	3	20	16	19	13	14	6	18	17	6	20	12	9	10	5	19	4
11	18	4	7	5	19	9	13	10	20	9	17	13	8	6	20	2	4	6	5
17	1	18	7	10	13	1	12	17	19	20	11	9	17	8	6	17	5	12	9
20	18	8	1	3	8	15	19	4	10	1	6	15	8	17	10	19	19	15	12
1	9	5	10	1	13	8	19	6	17	13	16	2	8	6	7	5	3	20	17
8	8	10	6	20	3	13	6	2	10	13	6	20	17	11	12	14	7	9	5
8	12	19	2	10	12	5	14	8	1	6	19	12	2	11	15	20	12	17	9
20	3	17	2	8	16	13	1	2	5	4	9	4	2	8	16	12	17	10	9
19	12	4	8	7	3	1	20	16	5	1	11	13	15	1	16	17	15	20	16
3	5	20	17	20	9	14	18	6	4	3	1	17	5	14	5	15	3	8	18
2	11	15	7	2	19	2	13	14	19	14	17	3	9	17	12	20	17	13	18
16	8	7	10	17	14	18	4	13	18	11	10	20	14	19	19	1	17	12	10
3	18	5	6	13	12	12	13	12	1	2	6	14	3	12	14	2	17	20	11
16	9	10	4	16	15	5	12	14	20	2	20	17	2	9	9	13	13	17	1
4	19	12	13	15	16	7	19	20	16	12	11	11	8	16	1	16	11	5	3
20	12	7	7	20	12	13	1	14	9	14	10	12	2	15	7	16	12	2	18
4	17	19	20	7	3	1	18	19	8	14	19	18	7	19	4	7	15	7	11
10	12	15	6	20	19	1	20	4	14	15	18	4	5	14	18	16	17	6	19
1	15	16	15	9	4	2	18	6	5	16	1	13	7	9	18	14	20	15	5
16	8	11	16	2	18	3	14	19	20	4	19	13	6	5	19	14	4	15	13
18	3	14	6	2	20	2	15	20	12	4	13	19	19	3	15	2	2	19	7
16	14	1	19	7	14	18	4	17	15	20	5	9	13	19	1	10	11	15	10
16	6	6	15	13	18	8	14	9	3	5	16	10	17	17	7	18	10	3	4
6	17	3	13	5	7	18	17	15	19	11	3	6	14	3	3	20	5	2	5
19	16	10	2	12	1	17	17	5	16	3	3	7	16	9	20	9	19	1	10
7	2	8	16	9	5	5	15	9	17	19	2	11	11	10	9	10	7	19	17
6	14	17	4	11	20	18	18	10	9	3	13	2	8	5	10	18	2	18	2
9	12	6	10	7	7	5	4	10	2	5	7	15	3	4	9	10	14	8	10
14	15	7	10	8	12	13	14	16	3	15	20	3	1	18	15	12	18	19	1
14	2	3	6	19	20	6	14	5	11	14	16	16	6	8	1	15	10	16	6
20	3	12	19	15	2	7	6	14	14	11	2	18	1	12	19	7	19	6	18
17	11	13	11	12	15	3	14	13	12	17	8	10	17	6	14	8	15	14	8
16	16	9	1	1	7	15	13	9	3	1	7	11	3	15	4	7	9	19	12
1	9	2	10	18	7	11	20	9	11	15	18	7	7	19	6	9	2	19	19
2	1	8	10	14	16	15	11	7	17	5	15	10	2	5	11	11	6	15	14
16	14	12	1	13	4	3	4	13	12	4	18	10	12	15	5	4	15	18	8
17	12	2	17	9	17	18	15	4	10	13	6	10	2	4	14	4	12	5	1
17	4	7	13	6	15	16	16	11	5	3	12	8	10	13	2	3	6	9	5
13	6	5	11	19	4	11	9	11	8	13	11	9	12	16	3	17	13	13	6
4	10	7	4	6	8	19	8	5	14	9	19	2	11	2	19	6	15	7	16
19	8	4	19	18	17	11	9	10	20	13	7	1	15	5	6	4	13	7	2
20	17	5	16	1	16	9	5	4	1	14	10	15	3	8	9	19	12	8	3
16	1	20	12	17	1	1	11	10	19	11	4	3	15	18	19	6	15	8	14
16	2	13	15	17	19	11	13	4	18	3	13	18	20	10	8	5	9	2	2
11	7	16	12	2	19	18	20	19	20	13	19	5	16	20	6	10	1	2	14
5	11	20	18	2	14	7	17	1	20	18	11	2	16	14	17	1	9	2	20
5	2	15	11	18	3	11	15	5	10	14	13	16	19	19	13	9	11	19	17
13	6	13	15	19	16	9	6	3	16	15	20	5	12	16	3	7	6	16	9
8	2	20	12	19	18	16	16	9	14	12	10	12	19	9	12	18	12	12	15
3	9	14	16	1	15	9	12	15	15	4	19	20	13	4	18	19	13	16	17
18	13	2	5	13	9	19	12	20	11	18	19	14	18	7	1	2	2	3	5
9	7	11	12	11	11	12	20	18	10	20	5	12	10	6	12	19	3	14	13
9	9	1	12	6	14	7	2	14	14	11	18	13	2	3	17	6	15	8	18
10	15	5	13	4	7	14	17	3	16	3	3	2	9	20	3	6	4	11	20
6	6	15	2	7	19	11	18	18	14	15	1	17	15	18	6	16	18	3	8
2	16	3	11	19	6	15	14	15	15	9	8	17	18	4	18	15	20	8	13
18	18	14	5	17	6	4	18	15	7	10	14	5	10	11	17	6	19	6	16
19	2	3	10	8	17	2	8	5	17	18	12	1	15	2	17	7	15	6	20
8	5	20	20	16	1	6	5	17	3	19	7	3	13	12	6	20	16	4	19
18	20	15	7	14	1	6	13	1	9	13	3	18	3	11	20	1	1	17	5
14	8	19	6	20	11	18	6	19	1	1	18	2	12	16	3	18	10	3	13
13	17	3	3	2	7	1	11	7	7	19	16	16	10	2	14	20	15	18	10
2	19	14	18	11	4	9	14	13	16	20	8	7	12	13	12	9	12	6	8
5	4	4	14	4	13	18	6	12	20	17	11	3	20	7	18	17	4	20	13
1	2	1	11	7	15	18	18	7	12	10	11	5	19	14	9	20	2	16	1
4	15	14	3	8	11	4	2	7	15	17	1	7	19	9	9	12	18	8	11
7	12	16	9	6	7	15	4	14	10	10	19	12	17	8	15	7	12	3	16
1	1	1	12	7	5	1	20	15	17	14	4	19	3	12	12	10	18	9	18
1	10	13	18	8	17	1	12	19	15	10	16	6	16	6	2	2	13	12	13
1	12	2	6	13	10	7	16	1	7	13	1	7	7	11	20	4	5	19	19
7	3	18	16	6	4	14	19	3	12	16	8	2	17	9	13	7	6	8	16
7	13	12	7	19	5	2	12	18	13	19	3	1	8	8	9	9	11	14	9
9	6	8	4	4	7	5	16	17	12	16	18	1	14	13	11	12	20	7	7
3	4	19	10	14	13	18	1	6	20	8	15	10	15	15	11	16	11	2	7
17	18	20	5	16	12	1	8	3	16	3	17	20	15	19	6	5	17	1	13
19	5	1	6	11	6	2	12	15	4	5	5	12	12	6	7	19	14	11	4
17	14	19	19	14	2	13	4	14	7	2	17	9	4	11	1	2	6	2	5
5	12	13	10	19	20	7	9	12	6	13	10	7	20	9	13	5	12	16	2
5	4	11	11	4	16	1	19	1	15	10	8	15	10	10	3	10	5	2	16
17	11	13	16	9	12	7	4	20	10	4	8	16	4	6	15	15	1	19	16
15	3	14	13	16	13	4	20	18	19	8	18	5	9	2	13	13	18	9	12
7	9	12	14	11	18	14	4	9	19	12	2	3	10	4	14	15	7	20	14
5	2	16	6	4	12	5	4	14	18	14	13	4	14	16	9	1	19	3	4
7	16	12	4	18	7	11	20	6	5	12	13	18	9	17	19	8	15	11	14
18	9	3	12	12	5	13	19	12	4	12	6	6	18	4	15	11	17	5	1
14	14	7	18	20	19	9	5	3	13	12	11	17	1	14	16	2	8	5	19
1	6	12	9	5	8	3	15	10	18	7	20	10	11	8	7	19	17	4	3
6	10	15	14	15	18	19	10	6	1	19	12	12	4	18	16	7	15	9	6
4	14	7	13	6	2	6	4	11	19	7	15	7	1	18	20	2	18	5	13
16	11	1	9	15	12	10	1	13	14	17	7	19	19	2	1	15	3	12	18
13	15	6	14	15	15	3	6	18	15	15	13	3	12	8	15	4	3	16	1
15	8	5	15	11	18	8	13	7	18	19	14	1	20	7	14	4	9	3	7
5	17	8	2	13	20	8	3	2	14	8	6	17	6	12	19	12	17	3	13
6	8	5	19	13	15	19	18	4	19	13	11	6	17	2	7	6	13	12	5
9	13	7	17	13	9	11	7	7	2	1	2	1	20	20	18	11	18	4	4
14	19	3	10	2	9	17	8	14	8	3	6	7	10	10	12	20	19	10	19
2	13	2	17	2	15	13	3	5	15	6	9	8	13	19	4	5	20	1	8
15	13	11	1	17	1	6	7	16	9	3	15	14	9	7	2	12	11	5	20
19	7	17	19	15	4	4	8	13	7	14	16	3	5	8	18	16	5	13	9
11	3	13	9	14	1	9	8	18	18	9	15	2	11	13	12	7	1	20	12
13	8	5	5	6	3	10	4	8	14	11	6	16	8	18	6	15	9	14	5
16	4	9	12	15	18	15	1	16	8	5	17	2	5	9	13	13	17	3	15
3	17	13	2	9	5	1	13	15	14	15	16	18	4	10	11	11	17	13	10
14	6	1	1	12	19	2	16	9	15	11	10	11	6	14	8	6	20	15	12
15	18	2	10	4	18	1	13	12	13	2	11	8	1	1	17	16	5	16	6
8	18	8	18	9	6	6	11	16	13	9	16	2	14	12	13	12	12	9	18
5	18	6	1	1	19	2	14	12	18	12	14	5	12	17	2	3	3	15	8
7	1	20	15	4	6	7	13	5	18	1	13	9	12	15	9	5	17	6	4
2	12	14	10	10	6	4	8	9	2	8	6	19	7	18	12	5	3	2	8
4	7	4	8	3	11	12	16	11	15	13	8	16	8	15	3	7	9	12	1
4	15	19	3	17	2	12	12	17	18	1	19	8	5	13	1	6	18	5	14
15	4	4	9	2	20	7	14	17	20	15	16	4	11	6	20	10	18	9	9
5	8	5	16	11	2	5	19	5	14	20	8	3	13	2	13	7	8	20	2
14	7	13	14	6	10	19	11	11	19	11	15	5	13	9	3	17	13	5	15
19	18	3	15	14	5	9	15	9	6	8	8	10	7	19	15	1	3	4	12
14	5	5	18	6	13	8	4	19	10	6	17	11	2	6	3	16	4	17	19
11	8	10	1	12	6	13	8	4	19	18	11	14	4	6	20	12	16	1	14
16	20	1	12	14	17	12	16	14	11	8	4	18	9	17	5	16	20	9	7
15	14	5	20	3	1	15	1	19	17	2	8	11	3	16	14	20	12	4	18
5	12	2	6	6	14	13	17	13	2	2	6	17	20	20	12	4	7	3	13
18	8	5	13	8	9	5	9	20	17	5	11	11	8	4	1	7	6	2	7
4	8	14	10	20	12	4	2	18	17	11	11	20	7	4	1	2	16	1	15
16	2	4	8	8	17	15	4	11	12	7	18	11	18	15	19	13	9	5	7
3	2	5	13	9	7	11	10	5	3	18	12	18	13	15	5	3	2	4	11
12	6	5	8	17	5	11	4	10	13	16	1	7	2	11	10	20	17	16	12
14	10	4	7	19	4	16	11	6	1	16	12	16	6	5	1	16	4	8	20
16	13	2	14	9	12	14	16	8	14	11	15	8	9	12	9	7	17	8	20
18	8	4	18	16	7	19	1	4	7	12	16	15	7	2	3	1	7	20	14
6	7	13	20	13	10	5	5	12	18	13	12	7	1	1	7	5	6	5	4
1	7	13	7	7	18	1	6	5	9	9	11	7	3	17	16	4	5	1	17
18	8	9	16	8	4	19	2	11	9	10	7	14	4	10	15	12	18	2	11
10	1	2	8	10	3	9	5	16	18	17	12	7	5	4	1	15	7	17	2
1	9	16	11	6	20	15	3	1	14	16	13	15	14	12	17	2	5	2	4
11	12	11	19	10	8	15	12	10	14	5	7	4	1	1	8	20	2	18	8
16	20	10	12	1	8	4	5	15	1	18	12	1	14	6	7	4	2	19	4
15	11	15	5	12	5	4	16	2	17	15	1	8	13	2	3	15	13	9	6
10	1	16	18	15	17	11	10	19	16	11	16	9	11	17	14	2	9	17	11
16	8	13	15	6	9	13	11	10	18	16	12	15	13	6	6	6	17	14	17
2	7	19	15	5	5	8	16	19	13	12	10	3	14	4	11	15	15	17	5
6	12	2	10	12	1	7	17	15	16	19	15	17	13	19	1	7	14	19	5


2	2	1	1	1	1	2	1	2	1	1	2	2	2	2	2	1	1	2	2
2	5	2	1	4	1	3	4	5	2	4	4	1	5	4	4	5	5	2	2