50	3	20

1	1.3	1.55	1.75	2.1
4	6.76	9.61	12.25	17.64

97	42	78	92	10	38	67	45	34	74	51	71	53	98	92	28	50	57	64	14
13	29	42	80	65	86	47	31	28	7	83	61	19	69	25	78	14	51	96	91
61	66	90	38	68	44	45	54	38	64	90	33	74	62	68	10	82	16	35	65
89	14	28	8	56	38	55	58	41	99	35	58	62	61	34	62	78	9	63	28
15	67	97	10	9	63	71	59	1	75	67	97	5	18	68	57	93	77	81	39
12	25	75	8	46	30	88	93	46	73	82	85	55	21	34	49	94	6	11	35
86	82	86	45	95	36	76	38	9	11	45	57	22	53	31	65	50	5	70	17
76	67	40	5	11	14	37	38	85	17	14	84	39	86	92	76	17	98	37	71
42	55	36	82	3	67	75	39	10	47	17	16	24	15	80	59	77	50	27	37
50	5	97	1	42	24	56	5	55	70	48	61	4	32	23	70	10	54	75	1
16	67	27	48	72	67	17	54	90	92	64	38	13	71	89	94	4	66	2	74
77	85	92	8	64	31	99	54	10	83	90	40	56	96	11	97	19	99	20	69
10	83	27	95	40	57	54	84	88	21	33	77	17	59	41	22	6	26	55	16
94	92	41	66	23	79	65	29	37	30	50	42	14	58	83	81	78	43	2	2
46	51	93	87	11	35	85	23	86	72	17	70	12	20	10	13	24	60	34	15
81	45	66	31	8	23	99	68	70	92	87	5	82	66	38	58	84	32	72	89
2	79	92	39	74	62	25	4	90	74	4	53	48	65	32	58	98	6	90	74
96	2	84	46	66	18	34	77	54	87	49	43	67	25	66	62	15	87	52	44
21	6	40	82	8	53	20	58	97	88	11	32	96	57	81	66	7	23	28	57
74	17	31	3	9	46	34	94	77	1	70	15	42	9	46	78	56	26	67	27
55	36	33	3	13	68	26	83	69	21	15	6	89	79	67	48	19	62	34	98
75	29	82	29	19	23	25	80	63	26	78	22	35	90	16	77	84	50	76	62
39	13	27	71	80	52	34	6	38	29	74	68	45	99	20	61	85	45	96	27
25	3	28	39	59	7	77	58	1	23	58	42	21	14	28	65	5	37	64	31
84	48	32	86	87	18	67	48	75	92	29	74	45	1	13	75	94	33	87	59
54	13	44	10	17	4	88	58	97	89	14	81	32	34	30	60	31	7	51	81
53	16	38	21	48	65	81	24	50	60	78	2	72	60	84	85	11	42	98	60
4	49	16	20	58	99	79	71	57	25	10	51	53	70	60	67	30	32	80	14
80	40	59	41	63	54	34	49	99	43	21	28	29	16	99	27	36	52	84	10
30	59	16	27	23	38	44	99	80	26	76	4	25	58	84	88	38	67	21	33
65	79	51	87	49	22	50	26	14	32	96	16	52	86	89	6	49	65	50	61
70	28	17	37	5	64	95	32	72	85	5	17	6	79	22	21	36	19	60	21
27	2	58	34	91	95	95	76	56	33	67	68	51	24	21	35	19	16	74	18
36	3	55	70	25	87	1	81	49	1	82	14	62	55	13	14	78	36	25	94
3	34	31	69	9	30	30	38	78	79	91	72	53	47	43	56	14	94	12	75
96	4	24	72	77	54	52	50	95	2	90	11	44	24	32	4	62	80	14	21
33	57	95	26	94	2	41	13	63	82	13	12	92	22	11	50	81	19	14	91
91	71	18	53	1	34	72	14	60	15	62	66	13	67	22	7	85	54	30	78
2	49	60	99	77	29	33	48	86	61	56	91	27	40	4	52	7	69	55	90
69	97	83	71	12	58	52	23	45	14	37	68	79	21	18	63	75	39	12	99
34	36	49	19	51	56	68	55	39	6	82	31	54	23	91	1	73	93	77	60
85	60	9	14	95	54	37	11	37	21	7	18	63	71	22	90	57	54	73	99
25	18	20	65	14	54	24	76	21	46	72	28	35	31	75	98	9	51	66	13
9	23	84	45	18	60	35	87	28	23	33	70	98	46	4	79	75	66	35	76
78	67	79	50	81	60	10	16	86	74	65	24	79	88	94	61	21	1	73	82
25	43	90	95	2	58	81	53	16	40	92	11	49	30	92	30	5	56	36	2
5	84	65	66	26	41	10	18	92	29	78	99	84	30	17	79	66	55	51	11
83	22	23	33	83	75	13	83	40	99	14	1	87	87	98	58	52	48	81	4
53	53	45	30	8	90	91	33	18	91	26	99	85	44	77	91	73	9	56	2
80	97	34	19	28	15	25	7	75	30	18	56	77	80	87	3	13	37	20	18

13	16	6	8	2	20	9	17	13	16	9	18	18	14	5	11	6	12	1	1
3	11	7	4	3	2	13	6	8	8	11	13	15	1	1	11	9	18	3	13
3	11	5	11	5	18	10	14	11	15	13	1	8	8	4	7	1	18	3	7
2	20	3	9	12	9	11	9	10	8	12	16	12	15	3	2	13	7	7	11
9	18	10	7	9	7	4	19	1	11	8	9	18	13	12	12	13	16	10	4
10	8	7	6	14	10	9	1	17	18	10	3	18	7	5	20	5	3	19	3
19	2	17	18	16	11	10	18	18	7	12	6	3	3	16	12	14	5	5	20
16	3	14	2	13	10	4	5	20	7	7	8	4	14	15	9	16	15	7	20
19	1	19	12	7	18	1	13	7	1	4	15	13	15	14	3	6	13	3	8
20	4	11	3	15	18	17	11	5	10	9	14	11	18	4	4	20	5	14	8
17	16	5	13	3	10	18	9	11	12	8	12	6	11	1	18	7	18	1	16
12	17	15	1	1	19	17	18	17	7	8	15	4	7	3	14	20	4	15	12
15	9	20	19	5	19	10	6	4	19	14	14	3	16	2	12	3	1	16	19
20	18	13	7	15	19	10	17	11	10	13	2	2	10	18	19	13	9	9	15
17	8	14	18	6	16	14	19	19	18	14	16	20	13	9	5	3	8	5	16
5	20	12	10	15	9	15	4	4	16	20	2	9	3	11	7	10	4	12	6
3	8	13	19	13	12	5	7	3	9	12	7	11	20	1	11	15	17	6	17
9	14	8	13	2	16	16	6	16	20	1	10	19	11	6	7	11	10	20	20
9	2	16	4	15	18	8	19	12	8	2	15	7	1	19	9	9	14	10	17
18	11	8	12	1	11	7	3	13	13	13	5	15	10	5	11	20	6	5	11
7	13	10	6	4	7	2	11	4	16	15	5	4	17	12	12	13	1	4	2
4	20	18	11	2	16	3	6	12	18	11	10	14	3	4	12	3	13	3	5
1	18	7	17	4	6	17	8	16	2	8	9	2	3	6	12	11	17	9	15
13	12	20	13	6	15	13	12	15	15	2	16	6	1	14	12	3	7	17	6
3	4	3	6	17	5	12	13	4	2	2	6	6	15	6	6	19	7	14	3
8	13	19	6	14	9	14	1	6	14	11	19	1	8	7	15	9	9	14	11
5	1	11	17	11	11	11	6	1	19	14	15	14	6	20	1	19	3	15	15
16	17	1	17	16	12	19	14	15	19	12	1	16	8	8	12	5	10	9	4
6	15	19	17	4	10	20	15	14	8	17	3	10	19	7	15	1	13	15	7
1	15	4	13	8	8	3	12	5	7	13	9	6	19	12	20	5	4	13	10
15	12	15	9	20	8	20	17	16	16	16	4	17	6	12	11	7	9	10	4
6	15	7	1	1	16	15	12	11	14	12	18	1	2	1	9	3	7	16	20
19	16	1	19	18	7	8	18	16	16	20	7	17	10	8	5	2	13	12	14
17	11	20	10	11	19	14	14	15	9	4	15	4	11	19	14	5	15	7	8
4	11	16	2	11	13	2	2	19	17	1	18	14	18	3	14	10	19	1	9
17	4	5	11	19	16	6	20	16	13	20	20	9	3	6	12	11	5	1	9
1	20	6	7	2	14	1	8	15	17	19	1	12	3	3	1	15	11	16	12
3	19	11	5	1	13	14	12	13	17	15	8	16	7	15	17	11	20	7	17
11	7	18	19	12	11	17	6	3	18	8	13	3	5	18	20	4	17	10	18
10	2	17	8	20	5	2	2	18	3	4	3	15	11	11	8	17	18	9	5
20	13	16	11	4	2	13	19	6	15	17	4	1	1	3	4	16	1	8	10
8	17	20	13	1	7	11	1	2	15	17	2	11	8	8	2	8	14	20	1
11	3	20	19	1	7	16	2	13	13	2	9	7	17	4	13	18	8	9	11
4	11	8	14	8	14	12	8	11	11	10	15	6	11	3	18	10	2	16	9
14	2	17	8	13	13	19	10	17	15	17	14	15	11	10	2	8	20	14	16
13	16	14	3	20	14	16	14	20	5	13	4	14	9	7	10	11	9	18	20
14	4	15	9	5	4	10	9	6	11	13	3	18	10	19	4	14	2	13	12
6	5	11	15	17	11	7	13	18	17	16	17	16	10	6	10	10	1	17	16
12	15	19	2	16	9	19	13	2	8	5	1	11	3	20	4	13	17	4	20
3	20	10	11	15	10	2	8	3	9	3	20	1	14	8	17	1	2	3	5


2	2	1	2	1	1	2	1	1	2	2	1	2	1	1	1	2	1	2	2
5	3	4	3	1	4	4	1	4	2	3	1	5	4	4	4	3	5	2	1