50	5	20

1	1.3	1.55	1.75	2.1
4	6.76	9.61	12.25	17.64

69	95	80	85	92	30	33	64	21	62	20	75	95	64	9	23	38	98	55	38
15	28	99	30	4	83	4	23	17	12	36	61	76	14	46	65	45	35	73	65
99	36	86	89	88	41	26	57	98	70	38	46	52	73	85	16	52	46	80	98
25	54	68	87	29	51	92	8	80	45	9	22	85	17	45	31	50	70	41	1
52	49	4	79	26	74	36	62	95	10	89	17	74	99	32	13	34	93	94	77
39	1	46	90	4	55	1	1	30	66	6	83	96	70	57	16	2	79	96	2
10	57	49	92	63	3	16	3	41	23	48	42	18	22	15	94	51	29	72	33
87	61	57	88	40	5	67	88	75	23	18	48	78	56	83	84	52	36	42	85
47	99	75	87	97	34	84	43	54	51	60	98	47	65	80	62	27	21	37	76
67	73	10	94	65	16	70	51	75	2	8	34	84	8	5	17	93	30	64	44
56	23	54	84	23	3	34	79	11	29	90	87	47	36	58	93	83	63	74	11
72	56	54	83	45	46	89	16	58	12	88	40	83	28	90	22	94	67	94	83
28	43	55	94	85	57	12	1	30	66	40	90	78	67	73	34	41	11	54	30
84	75	14	55	73	41	81	14	66	4	86	57	40	54	49	42	55	80	34	56
19	29	56	4	52	87	64	48	65	46	49	91	22	16	19	78	65	41	23	10
53	48	46	66	90	80	29	86	65	43	46	86	11	35	59	47	82	7	25	34
44	49	70	14	44	16	53	1	66	79	36	27	7	13	80	55	49	83	58	50
39	8	69	69	18	41	13	40	17	66	10	65	41	30	37	3	39	32	36	67
48	20	76	67	90	93	96	21	74	90	62	76	32	74	48	25	23	53	31	17
37	58	94	32	51	32	72	36	90	14	76	98	14	60	83	96	22	41	7	4
6	49	64	95	60	73	38	35	73	3	78	68	29	45	49	44	29	28	38	11
7	40	91	19	78	89	99	62	90	82	98	18	97	2	19	8	59	76	11	57
54	9	84	35	51	90	41	20	94	83	14	22	4	99	60	1	18	18	64	80
17	73	25	83	92	6	44	17	20	59	14	6	98	44	97	76	58	78	39	50
62	84	83	86	69	38	46	10	84	86	32	83	78	3	66	30	24	41	14	52
27	93	67	63	94	72	4	72	69	16	11	14	66	22	47	39	86	68	29	64
69	35	18	50	80	97	66	50	52	40	85	3	12	72	47	38	56	63	96	45
63	89	6	68	66	77	99	29	86	83	44	58	16	86	81	32	83	28	50	56
37	85	26	66	60	42	95	21	46	1	43	39	83	11	83	28	34	56	1	31
27	46	83	83	4	23	1	21	39	21	17	7	65	28	93	61	52	65	8	58
21	60	53	75	77	21	69	98	35	57	51	84	33	69	28	81	32	51	85	82
68	39	36	77	74	17	50	21	36	9	36	85	15	2	56	13	90	33	1	61
6	75	57	68	34	58	94	91	39	30	68	56	22	36	34	69	23	34	36	63
65	63	95	1	19	4	76	17	19	38	66	63	5	96	94	41	19	90	26	54
51	52	45	12	12	33	76	72	71	69	55	36	2	27	77	1	87	78	98	49
90	92	31	79	81	55	91	98	3	85	6	61	82	50	45	13	51	69	31	73
51	20	41	89	31	86	69	42	26	25	91	93	94	98	70	92	15	56	82	47
70	15	49	31	86	10	30	22	58	99	60	11	25	51	34	88	51	77	16	19
51	59	51	14	69	83	22	82	39	5	5	70	51	12	5	59	52	8	34	39
82	20	49	45	19	54	3	50	87	29	45	59	62	38	12	36	7	15	68	29
83	80	59	28	65	60	89	97	42	35	48	63	9	46	3	78	57	3	56	19
88	13	68	69	59	69	50	74	67	49	60	29	39	47	60	1	49	59	50	56
62	8	9	26	15	2	20	28	34	16	46	39	86	88	55	57	88	90	21	76
26	45	20	60	77	90	61	32	25	70	23	15	13	48	76	38	24	52	42	98
8	68	63	18	16	68	97	12	81	20	40	19	41	85	60	30	72	70	86	69
3	76	77	17	43	66	4	99	86	95	57	50	99	90	58	99	58	54	2	71
77	17	17	42	67	5	31	38	67	35	16	86	73	6	56	89	89	43	18	95
88	41	36	93	54	84	72	74	64	28	52	87	75	27	38	83	18	5	17	59
33	4	15	55	21	12	24	73	86	48	75	66	68	54	55	61	8	92	46	86
64	21	92	14	63	31	13	42	54	34	29	57	1	68	43	91	22	84	84	13

19	6	7	10	17	17	4	15	9	3	20	6	20	5	8	7	20	18	12	18
17	12	16	20	3	12	16	15	16	5	14	13	5	2	16	12	11	3	12	11
3	6	4	3	4	19	13	13	17	4	12	10	5	3	3	6	14	15	3	14
3	8	8	9	12	19	18	19	2	20	17	18	5	7	7	16	12	16	20	11
16	6	16	5	18	4	10	10	20	1	3	4	2	20	15	5	20	3	6	7
14	6	1	16	2	13	14	9	19	10	7	7	8	3	5	18	20	9	10	20
12	17	13	16	13	5	20	10	11	8	13	7	16	20	15	19	3	8	16	6
2	18	6	6	1	6	2	12	16	11	19	4	4	17	18	17	11	4	12	16
4	13	10	18	13	20	10	8	1	12	10	8	14	18	9	5	4	6	3	17
3	11	19	10	2	13	3	5	15	1	18	6	2	3	20	9	9	15	20	10
17	6	12	4	6	1	8	13	8	16	10	3	6	9	6	7	7	17	2	11
6	10	9	15	3	4	15	17	11	1	4	18	13	11	6	3	2	13	9	17
4	19	10	2	8	17	15	12	3	9	19	14	3	15	14	19	3	11	3	1
19	17	3	3	17	2	2	8	16	10	15	13	5	13	17	13	7	8	15	16
4	4	5	3	3	19	4	13	12	3	1	7	8	17	14	9	11	9	2	3
3	17	18	20	17	4	9	11	14	14	19	5	8	5	4	18	14	1	1	14
11	17	17	16	13	7	6	6	14	13	9	2	4	10	2	16	9	14	16	10
7	4	17	6	1	3	1	9	9	3	7	19	20	17	18	19	8	12	5	5
11	19	4	6	20	14	7	3	8	13	19	15	2	9	12	8	6	17	1	6
3	6	8	6	8	7	13	1	6	18	14	9	14	8	7	16	13	20	9	17
8	3	5	16	6	10	10	7	8	3	18	4	9	13	16	20	8	9	13	3
17	15	1	18	20	2	13	5	3	4	20	10	15	9	8	13	1	8	20	6
5	1	10	15	7	17	9	2	16	4	14	7	11	5	16	17	20	18	16	16
20	19	3	10	13	20	20	13	5	13	8	16	17	5	18	15	8	7	10	14
9	1	20	14	7	16	6	20	17	8	9	7	19	11	6	5	6	13	8	3
19	3	15	7	17	15	11	17	14	18	15	16	9	7	8	12	10	3	17	17
8	4	4	6	5	7	2	14	17	5	19	11	8	5	16	13	16	7	17	16
9	9	18	5	1	2	12	7	17	15	11	9	9	19	9	10	11	2	6	4
2	19	12	16	20	1	11	4	4	18	19	3	3	2	12	4	14	17	18	1
19	11	20	17	19	3	12	9	18	3	9	16	14	14	15	18	12	20	8	10
17	1	6	17	17	11	3	18	12	20	5	3	15	16	10	12	5	1	19	14
6	5	17	8	6	9	3	7	19	9	15	17	12	3	8	17	6	2	13	7
13	19	20	10	16	18	18	17	8	13	1	10	13	6	2	7	6	8	2	11
10	1	19	8	20	13	14	19	2	19	8	14	1	6	1	1	4	11	13	7
6	1	2	9	11	6	2	15	12	16	18	2	6	15	4	19	9	5	5	9
18	8	14	5	5	19	14	20	5	19	7	16	3	13	10	18	13	4	14	17
2	17	1	13	2	10	5	6	3	20	15	11	12	3	2	1	5	14	14	11
7	13	11	15	19	2	18	20	2	15	14	12	4	10	15	6	2	19	10	12
3	13	17	20	19	19	11	7	10	17	20	1	8	13	11	13	12	18	15	20
17	4	15	17	4	8	2	9	17	19	20	19	19	12	14	5	14	1	1	20
12	9	9	18	16	16	19	9	6	14	9	12	20	7	14	18	18	13	1	18
2	10	3	11	13	16	18	19	2	5	9	12	9	10	11	7	16	6	8	2
2	11	4	18	15	16	11	1	12	11	19	10	1	9	16	2	18	8	20	1
6	8	2	9	20	10	10	3	12	1	7	3	7	16	8	15	17	1	8	19
8	19	18	12	20	18	9	18	17	19	15	16	13	17	8	9	2	5	13	2
7	5	16	4	1	10	17	13	13	3	10	3	5	19	18	7	9	14	2	2
8	9	8	8	10	10	11	19	16	6	1	17	16	8	9	17	6	3	17	19
12	5	6	20	3	13	2	6	17	16	3	4	13	9	10	8	7	19	20	3
5	2	15	2	7	11	13	6	18	11	5	13	19	18	3	18	4	14	7	17
20	10	15	19	14	8	5	2	11	3	11	11	16	1	4	9	4	6	1	18


2	1	1	1	1	1	2	2	2	2	2	2	1	1	1	1	2	2	1	2
1	1	4	5	4	1	4	3	1	2	5	1	3	2	1	5	2	3	1	3