50	5	20

1	1.3	1.55	1.75	2.1
4	6.76	9.61	12.25	17.64

3	30	93	76	45	25	14	29	33	38	36	79	52	15	29	19	27	2	80	2
80	40	80	19	75	30	89	25	13	4	77	52	29	54	49	32	92	19	22	85
56	84	79	53	95	75	93	38	75	66	94	88	20	30	56	57	39	2	68	50
59	22	19	5	74	3	8	85	84	60	19	40	11	80	29	48	94	77	97	5
90	45	68	68	2	3	38	58	43	21	28	32	24	99	5	5	29	86	4	86
72	44	45	6	59	72	70	84	53	14	33	42	86	15	26	51	38	65	47	15
82	36	85	5	18	1	13	82	15	60	56	92	64	48	90	44	74	94	67	38
54	38	21	80	1	43	94	20	33	13	13	77	49	96	19	62	76	31	65	60
99	53	76	60	85	67	46	88	37	49	15	66	7	61	82	34	87	29	99	26
18	13	52	10	95	55	60	25	63	35	83	68	34	71	93	66	63	53	33	32
95	62	43	12	45	6	54	69	44	58	19	56	84	54	99	24	68	67	22	62
33	4	84	55	63	81	98	77	38	76	93	31	27	79	32	77	69	8	26	71
46	59	42	84	95	10	48	23	41	65	59	69	59	71	56	21	39	76	31	54
43	9	40	37	20	65	97	19	15	19	99	73	37	11	34	16	83	21	42	35
39	58	33	19	53	87	4	24	26	60	60	17	18	64	92	3	53	79	5	57
71	25	2	78	19	7	16	58	50	20	24	51	47	76	74	48	1	85	50	57
84	24	88	44	38	80	45	29	12	71	73	17	46	36	48	52	3	24	32	30
63	67	22	17	54	95	50	94	23	43	64	81	30	39	11	30	98	37	4	28
50	6	8	81	48	52	37	75	3	61	20	31	77	99	4	77	25	54	35	30
33	75	22	24	42	12	74	33	27	43	45	29	30	13	20	42	13	47	89	85
74	49	47	10	43	62	69	55	76	13	97	74	13	2	32	75	44	81	44	32
50	61	21	53	76	13	19	10	98	92	45	90	13	25	88	57	64	93	9	16
52	75	22	92	46	91	60	26	37	72	74	15	60	48	72	35	54	28	62	54
26	10	2	80	4	68	35	25	72	36	85	52	49	74	51	48	80	11	89	40
87	42	32	13	48	29	67	39	31	16	66	94	70	18	65	92	39	29	58	3
47	69	30	90	75	31	44	67	69	48	98	82	39	54	58	71	61	77	55	24
55	83	23	62	13	33	44	44	90	48	72	62	63	87	20	46	89	49	21	89
33	10	38	91	19	4	45	5	18	90	57	78	14	47	21	2	64	54	12	83
85	17	99	25	48	60	39	72	21	59	37	55	45	91	42	15	82	70	19	89
66	23	4	52	24	25	20	54	5	69	82	49	52	94	53	93	39	30	65	39
15	31	71	48	91	62	19	4	6	61	79	81	32	6	41	27	29	9	57	41
13	87	75	31	34	6	65	64	38	62	68	88	42	38	24	48	13	39	46	44
49	87	22	18	84	95	58	64	16	49	20	11	77	78	55	48	90	99	52	56
84	49	77	55	57	50	35	69	35	3	99	4	80	74	28	44	52	15	83	17
66	16	31	28	12	35	29	74	31	70	48	35	98	63	14	3	77	50	38	73
15	76	10	14	13	5	71	91	1	69	70	3	7	42	92	5	95	87	70	70
99	13	60	69	74	23	39	24	45	98	31	11	19	84	88	62	78	25	93	42
54	72	79	72	66	19	49	42	30	7	14	17	15	21	7	78	76	84	46	28
5	35	89	14	61	2	66	76	62	44	21	90	51	63	59	3	77	30	53	59
66	88	48	23	75	90	33	39	53	38	53	68	76	68	66	26	41	62	78	67
34	70	35	31	60	75	3	31	23	68	17	14	23	29	56	52	66	73	1	18
16	93	96	55	64	53	80	13	58	58	50	44	16	19	62	97	1	18	32	26
96	8	68	3	71	84	97	95	39	84	90	6	71	65	64	49	85	70	92	38
62	16	35	32	94	21	56	31	45	44	84	39	99	16	84	81	44	85	16	24
41	76	37	19	23	34	61	59	35	35	37	65	19	93	78	34	14	33	55	62
78	86	47	20	46	95	52	48	47	1	82	8	71	14	38	96	24	10	99	89
2	37	3	25	56	25	21	27	3	32	71	91	99	7	57	88	99	49	42	10
42	54	48	51	25	58	94	40	72	62	97	16	53	95	96	6	66	40	79	32
52	38	25	83	54	75	69	14	53	60	10	8	1	83	43	22	1	45	34	56
15	79	43	89	58	26	68	11	26	28	73	99	68	47	77	27	43	93	4	97

12	2	19	17	13	20	6	7	7	4	20	20	10	12	18	12	12	19	12	5
12	13	4	8	20	6	20	7	4	18	17	18	17	6	7	12	17	11	17	7
20	3	20	4	2	8	20	8	9	15	7	9	18	1	7	18	15	16	18	8
3	10	2	10	20	16	10	6	14	12	7	2	1	3	9	2	8	12	2	5
14	12	19	7	10	11	5	9	10	9	13	9	4	11	6	8	4	2	5	11
14	13	11	6	20	8	19	6	9	14	13	20	6	12	17	18	11	11	14	7
14	9	5	8	12	10	8	12	8	20	18	3	11	5	20	5	9	20	9	17
19	9	11	4	5	7	15	16	12	9	9	17	4	3	15	2	15	6	3	6
20	15	15	8	8	14	11	9	1	11	10	2	8	1	15	1	12	16	4	9
16	4	2	4	1	7	7	13	7	17	12	6	8	8	11	15	5	10	20	5
1	3	12	15	18	2	20	1	18	11	6	10	14	5	16	13	9	9	17	4
6	14	16	2	20	10	19	2	19	18	6	5	7	11	19	6	3	13	10	7
6	3	9	16	18	14	6	13	12	7	12	15	6	6	7	1	5	5	10	7
9	19	3	20	5	6	16	14	17	7	3	13	10	4	6	15	10	5	5	19
10	19	1	2	10	11	3	9	1	5	20	2	1	5	7	10	4	12	14	10
7	3	8	16	10	9	2	3	20	1	3	18	1	2	13	3	6	10	12	15
16	5	4	4	15	17	2	18	12	4	11	10	15	4	16	8	9	1	5	18
4	4	14	2	7	19	7	3	3	16	7	1	14	1	14	1	16	15	6	9
10	18	2	1	12	1	14	12	7	11	11	10	15	2	4	19	13	2	7	1
15	13	11	19	6	12	7	13	3	16	20	5	17	13	18	4	11	5	6	3
13	9	1	1	3	1	20	15	20	17	3	20	18	9	3	8	13	5	18	11
4	6	16	2	10	19	19	11	10	5	5	11	15	14	20	19	12	17	3	8
18	10	20	18	7	9	20	8	11	13	16	9	6	8	4	2	13	9	2	10
16	8	10	14	4	19	14	11	19	5	8	14	17	14	14	12	6	12	11	9
5	1	13	17	8	16	13	2	9	9	12	10	14	18	18	13	7	2	4	9
14	18	2	18	3	19	13	7	4	2	16	5	2	11	8	4	8	11	6	17
6	3	1	16	18	8	6	4	20	5	19	4	13	8	1	17	15	18	4	12
1	9	8	15	11	7	11	3	5	9	7	13	13	3	17	12	1	9	2	18
12	4	3	19	12	2	11	8	4	19	4	7	9	5	6	2	14	4	19	2
2	3	14	18	20	12	13	9	5	19	19	18	16	5	16	15	8	17	11	4
4	3	6	9	16	8	18	12	20	5	5	2	2	2	20	6	11	2	19	14
9	6	3	7	13	4	2	12	9	9	19	12	1	2	12	8	10	8	1	4
18	16	7	19	2	13	7	20	4	18	14	4	19	6	1	18	16	6	14	14
12	7	6	5	19	13	4	12	18	16	9	8	3	17	7	4	18	2	8	9
16	2	18	15	19	2	15	4	1	11	5	11	3	13	14	2	13	9	10	12
14	4	10	2	6	2	9	5	14	17	15	18	15	8	16	18	7	15	12	12
6	4	10	3	7	7	18	4	19	1	9	18	15	19	11	10	11	6	12	1
12	8	17	14	9	18	8	12	13	9	11	13	17	20	8	6	2	10	15	11
4	4	12	12	4	18	13	1	20	9	16	4	4	6	15	3	13	16	7	3
5	12	4	3	9	20	11	4	5	19	16	11	17	13	8	5	17	2	20	6
19	18	14	4	5	20	3	6	5	11	13	8	4	16	5	12	19	6	1	17
4	17	12	2	3	15	4	15	1	6	16	11	10	17	6	17	17	17	12	4
20	17	13	13	12	15	19	14	18	18	10	17	5	6	12	13	11	14	19	5
4	14	9	3	17	17	18	3	7	1	20	2	4	11	10	9	12	16	15	14
8	8	15	5	13	8	9	1	12	9	11	7	2	1	8	5	16	6	5	15
19	8	1	9	6	13	13	3	13	16	16	19	2	10	15	16	9	5	1	10
2	4	7	6	14	5	5	20	4	14	10	19	20	6	5	7	17	16	3	18
8	19	10	3	10	6	13	2	16	7	6	12	7	6	6	16	13	19	19	15
5	19	12	14	3	6	16	6	7	4	11	12	16	1	8	15	12	6	12	4
17	10	18	19	10	6	20	14	1	12	11	14	10	12	19	2	13	4	3	8


2	1	2	1	2	2	2	1	1	2	1	2	2	1	2	2	1	1	1	2
5	1	2	2	3	4	3	5	2	2	5	5	5	2	1	2	3	5	5	1