50	6	20

1	1.3	1.55	1.75	2.1
4	6.76	9.61	12.25	17.64

2	70	25	45	36	90	75	71	32	46	57	74	68	77	66	31	99	22	46	23
91	61	42	54	39	16	44	90	48	64	19	34	10	59	79	33	99	50	24	69
81	69	92	40	42	98	32	55	87	66	15	66	97	41	21	67	53	15	35	97
76	86	86	70	80	26	13	82	17	16	76	12	1	17	73	8	10	55	94	98
14	96	27	38	89	5	48	53	42	79	27	56	35	18	22	19	65	33	60	51
63	40	56	68	56	83	9	38	81	70	31	15	87	92	12	15	1	4	94	26
87	38	21	75	41	37	27	35	74	44	99	82	88	31	85	97	87	94	71	25
11	16	74	61	39	76	7	54	56	97	86	73	96	50	55	98	93	83	6	57
4	11	78	51	60	81	44	20	59	84	80	97	69	25	21	58	21	48	70	64
54	8	54	38	76	55	66	32	65	61	17	99	93	39	62	38	94	29	80	61
76	97	18	84	9	25	70	10	92	54	39	81	71	71	29	49	40	49	20	99
19	21	46	77	36	95	4	27	96	84	84	33	51	14	11	26	80	97	87	98
72	67	24	86	29	39	72	8	82	62	80	48	47	19	31	78	33	70	20	6
42	6	46	24	45	98	57	7	89	12	50	58	54	8	44	36	89	46	49	93
20	41	94	21	6	57	79	87	74	52	99	84	88	16	98	92	26	88	62	27
72	27	43	41	77	26	92	93	31	11	92	49	50	23	49	82	87	44	69	22
26	53	43	73	88	13	52	72	62	25	53	9	4	87	82	52	87	64	72	23
7	35	36	13	85	24	76	87	64	41	6	4	96	68	81	79	59	18	18	90
92	67	24	10	81	62	91	47	92	9	29	62	82	5	31	32	11	23	21	88
40	66	99	66	57	6	8	99	99	32	54	70	6	75	96	61	98	78	49	32
10	81	14	87	29	11	18	73	44	77	14	60	91	37	19	83	49	99	94	28
1	38	65	45	90	68	68	96	47	23	30	57	66	5	17	42	32	70	32	54
54	94	38	67	34	12	80	69	2	84	95	65	16	70	92	70	51	18	83	50
38	44	89	27	77	86	38	24	17	59	82	66	99	83	45	27	95	41	37	2
17	88	80	10	59	37	17	44	35	28	85	48	15	31	20	74	69	37	83	16
86	65	49	22	44	6	11	14	29	5	14	94	81	1	7	6	68	80	7	81
41	22	31	42	28	11	86	24	25	50	28	58	55	11	42	88	50	22	4	68
30	20	42	73	73	29	9	4	38	37	44	97	31	66	84	59	51	71	44	40
54	68	14	66	6	18	64	65	54	37	34	15	98	72	31	50	47	30	9	84
8	81	37	34	2	16	9	84	63	28	40	56	74	38	22	87	36	79	11	53
14	23	22	45	18	79	20	50	2	82	13	68	64	75	30	69	84	67	96	97
2	81	34	58	43	66	36	94	66	87	88	3	73	31	89	78	41	64	18	42
93	34	74	44	79	58	56	73	35	9	2	98	68	82	87	17	18	56	82	69
64	64	2	44	5	6	23	28	44	61	6	47	38	6	75	86	84	43	21	44
61	60	54	65	75	52	93	67	87	67	21	26	78	82	68	99	7	31	88	69
9	19	20	29	80	28	12	97	79	57	32	86	21	44	62	72	19	80	54	87
74	6	81	86	40	32	69	1	11	38	10	41	29	51	75	77	44	32	80	38
15	91	11	44	35	13	80	45	98	39	42	17	53	52	75	46	20	97	22	25
30	32	58	3	13	20	5	13	38	73	21	78	22	28	78	20	90	82	38	69
31	3	36	77	14	93	35	14	6	14	82	36	93	17	80	81	67	81	96	6
21	95	60	28	21	82	67	90	45	39	38	64	46	88	44	58	60	2	27	98
25	18	4	36	43	44	53	37	23	77	26	37	73	44	3	18	9	68	98	97
70	79	94	43	17	28	78	88	58	97	99	54	80	77	78	27	67	62	26	65
89	6	48	68	8	59	61	68	70	72	53	90	80	80	52	86	27	75	59	98
63	12	30	76	51	54	87	8	38	93	17	59	14	82	59	34	77	95	28	43
39	15	95	58	65	44	21	87	58	88	66	62	26	69	6	17	6	41	76	42
57	58	32	86	52	63	48	68	23	3	66	68	45	33	39	72	91	60	48	83
54	37	1	63	5	39	95	37	28	28	67	5	23	19	12	40	27	86	73	87
75	73	90	76	43	24	86	93	84	13	60	90	83	82	90	11	54	17	69	85
91	66	9	25	97	74	3	56	37	21	14	72	95	86	83	1	13	4	28	47

6	1	2	4	19	16	16	8	10	2	17	2	9	17	17	18	1	10	16	13
18	9	14	8	8	5	2	7	15	9	18	7	8	16	3	16	2	10	4	9
20	14	11	11	4	9	7	13	12	16	18	2	13	15	13	9	3	20	11	7
17	20	6	14	6	20	9	14	4	13	6	4	4	6	16	18	17	17	10	10
9	9	4	17	8	17	18	19	15	3	5	14	8	11	20	5	15	19	20	14
5	17	2	17	15	16	6	18	4	11	11	1	18	1	1	5	15	4	3	17
10	17	17	7	6	19	1	9	14	8	4	6	6	13	14	5	7	18	7	2
15	12	9	5	3	7	19	15	15	4	10	3	12	8	8	17	4	10	11	7
16	5	2	10	9	2	14	20	11	7	10	7	14	4	9	11	20	9	7	19
10	15	9	11	15	20	5	14	11	11	5	5	7	15	18	12	5	6	17	11
20	18	4	5	13	15	17	9	2	14	1	17	14	12	9	10	20	7	10	17
8	14	2	4	8	3	16	8	7	6	11	16	15	3	13	20	2	8	12	2
8	1	6	20	14	15	16	19	14	12	5	20	19	20	16	4	9	13	16	17
8	6	19	15	7	6	11	19	14	3	3	4	16	13	9	16	1	14	11	20
6	18	17	10	15	6	15	6	4	8	10	1	13	9	14	16	14	19	3	3
20	3	19	17	7	15	8	20	5	2	2	4	20	15	7	19	1	19	12	16
12	1	19	3	9	9	10	2	10	20	2	19	17	20	19	10	13	17	14	6
3	10	6	2	6	1	10	3	7	10	3	17	9	9	15	7	20	9	15	17
9	15	6	11	8	3	19	4	14	11	17	20	11	10	7	1	10	3	18	13
6	14	11	3	14	17	6	19	11	13	17	5	10	10	15	19	9	12	4	2
18	17	9	19	15	18	20	8	3	16	6	12	5	16	13	15	10	4	3	13
9	10	15	9	19	4	2	18	9	18	10	2	5	2	17	5	7	19	8	10
3	16	4	16	1	9	12	13	1	13	1	12	6	15	13	20	5	9	14	17
14	11	13	16	9	7	3	2	10	8	7	6	8	20	4	18	3	5	11	10
7	14	19	17	12	15	2	4	19	8	8	1	17	12	15	6	3	2	8	4
4	16	11	12	15	2	1	10	9	13	18	19	20	11	6	6	2	16	18	17
8	16	8	4	16	3	6	15	4	12	7	12	8	12	9	9	12	14	19	14
9	8	7	3	11	17	20	6	14	17	4	3	2	20	16	18	20	13	5	15
20	6	19	14	3	19	1	10	14	16	14	2	17	9	15	16	8	6	18	1
9	4	3	17	13	8	15	8	15	1	11	1	10	7	1	3	16	13	1	3
2	6	8	9	10	18	10	10	17	1	9	1	19	15	8	15	20	20	14	8
5	17	16	4	3	3	14	5	12	14	3	15	19	11	9	11	15	13	13	5
11	14	17	18	17	19	5	19	5	12	7	17	5	15	12	17	19	12	12	2
1	18	20	15	16	10	12	19	7	20	14	3	11	16	16	9	5	1	16	6
8	2	18	13	20	1	6	17	7	5	3	19	17	5	3	20	16	9	1	19
20	18	10	12	6	17	18	16	15	5	12	18	3	20	17	20	20	18	18	10
10	8	19	15	12	2	9	10	15	20	13	2	3	20	12	20	4	6	3	16
1	18	19	16	8	11	12	6	2	10	20	7	9	8	18	3	16	6	3	10
13	4	12	11	3	6	13	4	18	4	10	5	7	15	16	4	10	19	15	18
2	11	11	18	5	14	14	17	1	2	6	6	3	10	7	12	14	14	13	9
1	6	11	3	19	20	20	18	4	10	1	17	16	2	5	19	4	14	4	12
3	4	10	16	16	9	8	2	14	10	10	13	14	17	14	18	1	6	2	11
18	7	7	13	5	3	20	13	11	2	17	11	6	7	19	16	19	6	16	15
8	5	16	5	10	15	1	12	19	3	3	16	3	2	8	3	16	7	4	4
2	4	8	20	18	6	10	1	6	2	9	19	7	15	19	12	14	15	13	2
20	13	19	14	14	1	7	14	6	8	15	13	15	20	11	5	7	5	11	13
3	13	19	13	19	19	20	4	20	17	2	13	4	8	7	15	19	10	14	17
13	9	2	6	18	9	6	11	13	18	18	18	2	12	3	20	5	1	8	4
7	6	14	16	3	4	18	2	4	13	10	4	13	2	20	4	8	11	2	4
5	19	17	11	6	5	20	10	14	17	9	8	6	18	20	10	14	12	6	13


1	2	2	1	1	1	2	2	1	1	2	2	1	1	1	2	2	2	2	2
3	3	4	1	2	1	5	2	5	1	4	3	3	1	2	1	1	1	1	2