100	5	10

1	1.3	1.55	1.75	2.1
4	6.76	9.61	12.25	17.64

5	11	86	68	85	24	51	64	51	2
70	44	42	61	80	58	45	4	17	65
79	39	80	17	54	2	80	62	31	55
54	44	51	41	66	42	31	83	76	84
40	9	59	82	56	73	89	85	19	37
35	85	36	77	64	17	30	13	19	58
67	57	20	28	53	12	25	86	18	98
76	70	76	4	37	26	33	60	91	26
85	13	9	93	89	34	63	99	17	73
75	70	45	41	80	21	16	96	50	30
11	45	57	65	62	43	55	28	66	29
41	67	16	11	97	70	4	90	94	75
29	9	73	47	81	20	51	41	83	86
19	77	17	15	46	48	15	66	78	79
69	44	13	47	29	50	55	82	78	93
96	90	51	77	57	69	42	18	82	58
89	42	79	22	89	91	48	58	10	12
88	3	7	60	40	96	3	20	21	52
77	35	27	56	88	38	92	4	25	56
73	78	36	10	29	43	86	36	37	37
13	75	53	83	92	74	29	74	76	60
27	95	30	24	89	58	69	63	14	82
95	5	3	22	39	29	97	39	8	21
83	87	91	42	33	40	73	92	43	49
46	76	70	64	71	68	27	28	66	74
89	1	11	23	53	27	1	12	44	71
96	55	27	37	3	68	1	66	77	55
47	51	34	80	28	72	26	2	27	90
91	24	33	94	73	6	91	77	29	27
19	77	89	66	28	40	82	35	43	68
53	48	16	78	40	15	42	96	36	73
78	81	4	66	54	18	74	50	91	82
31	10	67	52	42	71	99	47	72	18
93	2	72	18	88	52	98	66	89	70
47	51	35	80	26	91	37	52	23	30
50	86	79	82	7	62	78	45	54	15
72	73	14	76	50	17	9	2	8	95
34	45	91	94	91	66	64	1	19	55
97	45	47	70	76	11	76	98	78	8
54	58	54	69	5	13	53	15	53	73
18	20	27	51	94	67	5	52	42	7
83	74	10	65	4	88	38	52	75	39
19	27	16	8	8	21	60	11	33	54
26	80	39	1	3	67	51	75	30	60
18	23	39	66	66	12	84	48	5	86
60	21	51	96	14	23	85	61	6	73
30	45	94	53	28	55	51	39	45	43
45	16	56	30	57	97	46	17	96	15
72	47	78	14	68	87	97	93	20	43
58	22	95	67	1	46	69	24	52	47
16	48	84	57	1	59	98	19	27	65
12	10	90	41	48	34	3	13	38	86
13	68	82	33	81	65	72	89	53	46
64	60	10	16	80	14	87	17	62	71
99	11	43	11	72	29	60	99	38	48
74	41	97	95	83	83	97	48	76	6
85	13	96	84	95	14	81	98	37	40
5	89	41	18	54	7	60	59	75	38
10	52	50	46	58	95	90	51	55	85
99	92	95	62	4	20	27	58	25	52
38	15	45	70	55	2	74	85	28	40
12	6	36	78	29	51	22	70	77	20
80	94	71	73	54	30	13	75	76	42
81	79	32	51	66	31	83	5	39	63
43	70	67	67	70	25	8	83	57	57
81	20	22	2	84	64	88	85	18	92
83	35	13	7	43	63	22	26	94	85
67	92	35	10	51	99	34	67	50	66
35	70	3	61	67	39	24	35	21	86
48	10	44	93	78	72	27	25	12	40
77	83	9	34	76	74	99	26	5	56
89	13	51	46	24	6	82	79	50	22
48	38	15	36	99	78	43	36	98	89
95	4	61	53	97	7	84	53	94	13
89	76	10	20	1	11	92	89	43	29
90	25	29	29	3	70	89	53	44	80
74	76	59	20	72	90	84	79	51	82
91	37	26	6	41	21	77	2	50	94
26	31	51	72	21	56	59	44	26	12
92	7	62	7	71	1	30	59	9	94
25	38	13	68	82	91	6	88	98	11
36	63	89	52	17	12	49	56	65	70
26	63	43	97	92	36	58	97	59	79
72	22	51	83	3	98	73	62	35	44
56	50	59	13	18	63	46	26	44	31
26	19	66	87	76	92	23	24	21	58
68	86	52	84	84	70	87	57	61	48
18	32	31	34	65	28	37	7	40	45
8	5	39	21	39	14	42	42	89	16
42	20	33	87	78	13	62	6	97	77
29	61	98	90	3	20	70	83	95	55
63	57	13	82	89	19	73	18	24	82
63	89	41	91	24	75	81	76	50	96
49	53	89	71	50	81	45	97	22	29
97	52	81	23	70	19	70	58	4	76
43	1	71	60	64	27	43	3	77	89
21	47	97	5	25	59	13	5	59	35
57	22	38	54	77	84	17	42	96	59
45	46	26	39	2	73	64	42	54	44
68	35	25	23	5	57	46	98	59	32

3	18	8	4	11	11	14	20	7	15
2	6	6	14	7	20	1	9	14	8
1	12	13	9	20	8	10	4	4	3
1	9	5	3	14	5	2	18	8	20
5	1	14	19	14	5	16	13	11	16
10	15	7	17	18	12	3	8	11	11
18	19	17	11	18	2	8	20	10	1
16	15	8	15	19	14	17	19	14	14
15	2	10	17	20	3	3	12	9	1
11	5	17	12	11	7	18	15	9	20
2	2	9	1	15	12	19	12	1	11
3	10	12	7	1	3	20	10	13	9
5	9	2	11	3	20	1	19	12	15
1	15	5	11	14	19	3	16	2	1
16	12	13	10	6	9	14	15	13	2
17	17	15	12	6	2	3	12	18	18
2	4	6	17	2	4	4	8	16	11
7	9	20	13	2	20	10	6	7	19
18	3	12	6	17	3	6	2	8	4
10	19	11	19	20	9	6	13	17	2
6	3	13	15	16	5	13	5	9	8
9	18	14	19	1	8	17	5	1	8
6	13	2	9	3	19	15	5	10	8
15	11	2	18	13	7	1	3	3	15
1	19	13	17	2	4	6	8	19	2
19	4	16	14	2	6	6	9	11	7
7	12	4	19	6	7	10	8	2	13
18	4	15	20	13	13	10	11	19	19
19	19	18	2	11	16	13	17	4	8
12	2	19	4	20	8	16	7	18	1
19	6	16	9	4	12	4	9	2	7
14	4	16	16	3	9	12	18	1	11
5	2	5	18	3	18	15	8	8	9
13	19	13	19	18	1	8	4	1	7
12	17	4	11	17	19	12	5	17	1
11	5	5	18	9	12	20	16	6	19
14	13	14	12	17	6	8	8	16	17
11	13	4	20	6	13	1	20	12	16
6	19	17	2	12	10	16	4	6	10
20	10	15	16	6	15	3	12	17	13
9	15	1	4	13	1	4	6	8	19
7	11	4	2	3	17	1	3	16	12
7	10	7	6	3	1	1	19	15	14
11	4	16	4	6	10	6	14	2	1
19	20	12	6	13	2	11	8	8	2
4	9	11	5	5	11	6	17	5	7
20	5	19	3	3	2	8	8	11	13
10	16	1	10	8	19	2	18	5	18
10	18	14	7	20	20	16	8	1	3
18	10	6	14	18	8	10	6	18	8
20	2	16	9	5	11	13	10	1	11
15	14	17	20	19	17	8	19	18	20
9	15	13	18	10	5	1	4	13	16
6	16	14	13	15	5	13	10	16	1
14	7	18	19	14	15	12	15	15	2
16	10	1	4	18	1	6	2	18	11
8	14	5	7	14	3	14	5	15	4
1	8	14	16	13	14	15	19	9	9
8	11	2	12	17	9	14	17	15	19
1	10	12	1	14	1	2	16	10	11
2	8	18	2	11	11	19	20	18	16
1	8	9	7	8	11	7	6	1	2
8	19	11	20	17	20	20	11	13	6
8	8	11	14	6	12	16	5	13	9
5	7	8	12	17	15	13	19	18	11
16	8	11	14	13	9	11	11	12	14
2	5	15	19	14	11	18	6	11	3
3	4	8	2	3	16	4	19	12	18
18	18	19	20	19	6	19	7	1	20
5	11	18	1	4	10	13	15	15	18
8	18	18	16	5	12	6	3	13	12
8	8	10	5	3	1	14	9	10	11
15	9	5	4	6	9	4	19	17	7
8	19	19	15	15	15	1	8	15	13
10	15	17	4	7	2	16	12	14	3
5	10	20	6	4	20	17	18	13	13
10	7	17	16	18	15	15	15	9	19
9	4	3	15	14	16	20	11	6	8
4	19	13	16	16	19	15	17	20	11
19	3	20	4	4	13	12	3	18	19
5	17	9	10	4	19	9	13	12	20
3	12	6	9	14	17	10	6	3	13
17	4	15	9	9	14	12	5	3	14
6	4	13	19	15	9	11	1	20	11
15	15	18	7	3	9	6	17	3	13
2	11	5	3	15	20	16	4	19	19
11	3	4	13	1	19	8	2	4	13
1	10	5	1	14	10	5	10	6	14
9	2	9	12	4	16	20	20	12	3
2	1	15	3	4	15	2	5	5	13
14	1	4	5	14	8	17	1	7	1
1	19	1	12	18	2	17	2	9	7
1	5	8	3	4	14	11	15	5	2
7	11	7	12	6	19	2	3	15	7
12	6	17	1	5	11	11	17	19	18
14	13	3	17	19	4	17	7	3	5
10	9	1	3	6	10	4	4	5	14
8	6	10	3	12	7	11	16	11	14
19	13	19	10	11	8	5	10	16	10
10	19	1	6	5	9	6	13	11	15


1	2	2	2	1	2	1	1	1	2
4	1	3	4	5	1	1	2	2	2